# If this file contains data that relates to a time no more than 48 hours ago,
# BY USING IT YOU AGREE TO THE LEGALLY BINDING TERMS OF USE FOUND AT
#   https://storage.googleapis.com/weathernext-public/terms-of-use.pdf
# Any data that relates to a time more than 48 hours ago is licensed under the
# Creative Commons Attribution International License, Version 4.0 (CC BY 4.0).
# BEGIN DATA
init_time,track_id,sample,valid_time,lead_time,lead_time_hours,lat,lon,minimum_sea_level_pressure_hpa,maximum_sustained_wind_speed_knots,radius_of_maximum_winds_km,radius_34_knot_winds_ne_km,radius_34_knot_winds_se_km,radius_34_knot_winds_sw_km,radius_34_knot_winds_nw_km,radius_50_knot_winds_ne_km,radius_50_knot_winds_se_km,radius_50_knot_winds_sw_km,radius_50_knot_winds_nw_km,radius_64_knot_winds_ne_km,radius_64_knot_winds_se_km,radius_64_knot_winds_sw_km,radius_64_knot_winds_nw_km
2026-09-28 06:00:00,10,0,2026-10-05 12:00:00,7 days 06:00:00,174,9.65,164.45,1005.0,21.9,118.42588465397002,0.0,0.0,0.0,0.0,0.0,0.0,0.0,0.0,0.0,0.0,0.0,0.0
2026-09-28 06:00:00,10,0,2026-10-05 18:00:00,7 days 12:00:00,180,10.35,164.28,1003.6,23.4,128.78900049016363,0.0,0.0,0.0,0.0,0.0,0.0,0.0,0.0,0.0,0.0,0.0,0.0
2026-09-28 06:00:00,10,0,2026-10-06 00:00:00,7 days 18:00:00,186,11.96,164.28,1005.4,17.9,84.12244449119899,0.0,0.0,0.0,0.0,0.0,0.0,0.0,0.0,0.0,0.0,0.0,0.0
2026-09-28 06:00:00,10,0,2026-10-06 06:00:00,8 days 00:00:00,192,12.02,163.64,1006.0,21.4,82.06518287639986,0.0,0.0,0.0,0.0,0.0,0.0,0.0,0.0,0.0,0.0,0.0,0.0
2026-09-28 06:00:00,10,0,2026-10-06 12:00:00,8 days 06:00:00,198,13.4,162.59,1007.0,20.1,112.2203469972142,0.0,0.0,0.0,0.0,0.0,0.0,0.0,0.0,0.0,0.0,0.0,0.0
2026-09-28 06:00:00,10,0,2026-10-06 18:00:00,8 days 12:00:00,204,14.65,161.16,999.6,36.2,90.5292026434654,90.5292026434654,9.60581599025545,2.695029222774337,12.926663949662723,0.0,0.0,0.0,0.0,0.0,0.0,0.0,0.0
2026-09-28 06:00:00,10,0,2026-10-07 00:00:00,8 days 18:00:00,210,15.66,159.96,994.8,40.4,61.93388062961106,61.93388062961106,13.161052988522666,14.490129556080522,16.99089891148936,0.0,0.0,0.0,0.0,0.0,0.0,0.0,0.0
2026-09-28 06:00:00,10,0,2026-10-07 06:00:00,9 days 00:00:00,216,16.37,158.57,995.1,39.0,37.51649913161325,72.36293153245504,57.9295999972823,54.70537682327845,63.65461509777623,0.0,0.0,0.0,0.0,0.0,0.0,0.0,0.0
2026-09-28 06:00:00,10,0,2026-10-07 12:00:00,9 days 06:00:00,222,17.08,157.62,985.5,49.8,49.31270450054603,212.45063199823068,195.5354103280731,165.89181754725553,195.12074156881025,0.0,0.0,0.0,0.0,0.0,0.0,0.0,0.0
2026-09-28 06:00:00,10,0,2026-10-07 18:00:00,9 days 12:00:00,228,17.56,156.4,996.1,44.5,59.59627880473828,233.8013927413001,197.28621693025852,171.95161775391588,196.66772836432855,0.0,0.0,0.0,0.0,0.0,0.0,0.0,0.0
2026-09-28 06:00:00,10,0,2026-10-08 00:00:00,9 days 18:00:00,234,18.32,155.32,990.2,52.6,74.89111568666596,156.3032579825678,135.40171534446455,135.34167777957677,142.3557523179249,0.0,0.0,0.0803290056794772,74.89111568666596,0.0,0.0,0.0,0.0
2026-09-28 06:00:00,10,0,2026-10-08 06:00:00,10 days 00:00:00,240,18.48,154.58,993.4,53.2,51.622845129527136,178.99616014879774,159.1456807818964,138.22571570939118,150.3875867046336,9.200449909656026,8.422502558001195,7.346424433743189,51.622845129527136,0.0,0.0,0.0,0.0
2026-09-28 06:00:00,10,0,2026-10-08 12:00:00,10 days 06:00:00,246,18.85,153.38,998.9,39.6,38.23919411314483,0.0,0.0,38.23919411314483,1.1553651963199345,0.0,0.0,0.0,0.0,0.0,0.0,0.0,0.0
2026-09-28 06:00:00,10,0,2026-10-08 18:00:00,10 days 12:00:00,252,19.14,152.8,1000.8,32.9,123.01727012648938,0.0,0.0,0.0,0.0,0.0,0.0,0.0,0.0,0.0,0.0,0.0,0.0
2026-09-28 06:00:00,10,0,2026-10-09 00:00:00,10 days 18:00:00,258,19.82,151.65,1001.9,34.0,22.349486474613578,0.0,0.0,0.0,0.0,0.0,0.0,0.0,0.0,0.0,0.0,0.0,0.0
2026-09-28 06:00:00,10,0,2026-10-09 06:00:00,11 days 00:00:00,264,20.25,150.57,1000.1,35.8,57.36819759646238,57.36819759646238,22.829322501951992,20.38751884862026,25.225043671569157,0.0,0.0,0.0,0.0,0.0,0.0,0.0,0.0
2026-09-28 06:00:00,10,0,2026-10-09 12:00:00,11 days 06:00:00,270,21.16,149.77,998.4,33.3,106.88336550319508,0.0,0.0,0.0,0.0,0.0,0.0,0.0,0.0,0.0,0.0,0.0,0.0
2026-09-28 06:00:00,10,0,2026-10-09 18:00:00,11 days 12:00:00,276,21.81,147.94,1001.9,27.4,86.87169857892972,0.0,0.0,0.0,0.0,0.0,0.0,0.0,0.0,0.0,0.0,0.0,0.0
2026-09-28 06:00:00,10,0,2026-10-10 00:00:00,11 days 18:00:00,282,22.02,146.25,1004.4,27.9,27.406093650596357,0.0,0.0,0.0,0.0,0.0,0.0,0.0,0.0,0.0,0.0,0.0,0.0
2026-09-28 06:00:00,10,0,2026-10-10 06:00:00,12 days 00:00:00,288,22.28,144.69,1001.1,34.9,56.40967234975454,56.40967234975454,3.113249881816353,3.085338121711363,4.012330508089375,0.0,0.0,0.0,0.0,0.0,0.0,0.0,0.0
2026-09-28 06:00:00,10,0,2026-10-10 12:00:00,12 days 06:00:00,294,22.37,143.73,997.7,29.7,40.97765914532624,0.0,0.0,0.0,0.0,0.0,0.0,0.0,0.0,0.0,0.0,0.0,0.0
2026-09-28 06:00:00,10,0,2026-10-10 18:00:00,12 days 12:00:00,300,22.23,141.97,999.7,32.9,50.46479620367994,0.0,0.0,0.0,0.0,0.0,0.0,0.0,0.0,0.0,0.0,0.0,0.0
2026-09-28 06:00:00,10,0,2026-10-11 00:00:00,12 days 18:00:00,306,22.33,140.5,998.5,44.5,95.11181897420592,112.43681143913912,93.03665225042378,73.66964454393528,89.22953711041546,0.0,0.0,0.0,0.0,0.0,0.0,0.0,0.0
2026-09-28 06:00:00,10,0,2026-10-11 06:00:00,13 days 00:00:00,312,22.46,139.4,1002.2,31.2,74.56483881000177,0.0,0.0,0.0,0.0,0.0,0.0,0.0,0.0,0.0,0.0,0.0,0.0
2026-09-28 06:00:00,10,0,2026-10-11 12:00:00,13 days 06:00:00,318,22.12,138.41,1000.7,29.6,75.50546594513436,0.0,0.0,0.0,0.0,0.0,0.0,0.0,0.0,0.0,0.0,0.0,0.0
2026-09-28 06:00:00,10,0,2026-10-11 18:00:00,13 days 12:00:00,324,21.37,136.7,1003.6,26.5,82.50816809580527,0.0,0.0,0.0,0.0,0.0,0.0,0.0,0.0,0.0,0.0,0.0,0.0
2026-09-28 06:00:00,10,0,2026-10-12 00:00:00,13 days 18:00:00,330,21.83,137.02,1001.9,30.4,77.97054603149444,0.0,0.0,0.0,0.0,0.0,0.0,0.0,0.0,0.0,0.0,0.0,0.0
2026-09-28 06:00:00,10,0,2026-10-12 06:00:00,14 days 00:00:00,336,21.9,136.17,1006.3,23.4,87.58255373427566,0.0,0.0,0.0,0.0,0.0,0.0,0.0,0.0,0.0,0.0,0.0,0.0
2026-09-28 06:00:00,10,0,2026-10-12 12:00:00,14 days 06:00:00,342,22.35,136.82,997.6,31.5,101.75974676811788,0.0,0.0,0.0,0.0,0.0,0.0,0.0,0.0,0.0,0.0,0.0,0.0
2026-09-28 06:00:00,10,0,2026-10-12 18:00:00,14 days 12:00:00,348,21.95,136.86,997.8,27.4,74.29214744628749,0.0,0.0,0.0,0.0,0.0,0.0,0.0,0.0,0.0,0.0,0.0,0.0
2026-09-28 06:00:00,10,0,2026-10-13 00:00:00,14 days 18:00:00,354,22.45,136.63,1000.5,22.1,134.94763086892414,0.0,0.0,0.0,0.0,0.0,0.0,0.0,0.0,0.0,0.0,0.0,0.0
2026-09-28 06:00:00,10,0,2026-10-13 06:00:00,15 days 00:00:00,360,22.74,138.39,997.4,32.8,75.78266342273938,0.0,0.0,0.0,0.0,0.0,0.0,0.0,0.0,0.0,0.0,0.0,0.0
2026-09-28 06:00:00,13,0,2026-10-07 12:00:00,9 days 06:00:00,222,14.02,-102.36,1003.3,31.0,89.25627249815001,0.0,0.0,0.0,0.0,0.0,0.0,0.0,0.0,0.0,0.0,0.0,0.0
2026-09-28 06:00:00,13,0,2026-10-07 18:00:00,9 days 12:00:00,228,14.16,-102.82,1004.0,26.9,65.19156377866697,0.0,0.0,0.0,0.0,0.0,0.0,0.0,0.0,0.0,0.0,0.0,0.0
2026-09-28 06:00:00,13,0,2026-10-08 00:00:00,9 days 18:00:00,234,13.81,-103.35,1002.7,33.6,85.06442610838042,0.0,0.0,0.0,0.0,0.0,0.0,0.0,0.0,0.0,0.0,0.0,0.0
2026-09-28 06:00:00,13,0,2026-10-08 06:00:00,10 days 00:00:00,240,14.09,-103.54,1001.5,34.6,70.03680722366673,70.03680722366673,2.9003080194568405,1.4640769140134324,0.0,0.0,0.0,0.0,0.0,0.0,0.0,0.0,0.0
2026-09-28 06:00:00,13,0,2026-10-08 12:00:00,10 days 06:00:00,246,14.32,-104.07,1003.2,35.2,52.89730811323024,52.89730811323024,0.3435825314236211,0.4766972918733643,1.4133901096813304,0.0,0.0,0.0,0.0,0.0,0.0,0.0,0.0
2026-09-28 06:00:00,13,0,2026-10-08 18:00:00,10 days 12:00:00,252,14.1,-104.87,1002.9,39.5,79.36119654283391,79.36119654283391,44.93259675061887,38.942329572046695,50.14424335350088,0.0,0.0,0.0,0.0,0.0,0.0,0.0,0.0
2026-09-28 06:00:00,13,0,2026-10-09 00:00:00,10 days 18:00:00,258,14.09,-105.24,1002.5,35.7,49.59202764815021,63.83595179181778,52.2323514608602,46.584675193487016,58.44248413366097,0.0,0.0,0.0,0.0,0.0,0.0,0.0,0.0
2026-09-28 06:00:00,13,0,2026-10-09 06:00:00,11 days 00:00:00,264,13.99,-106.05,994.1,55.1,44.9464136754636,127.58326739307564,104.9184200794176,85.8627625706205,120.98685122857566,5.93493522277169,2.9662036988387186,2.2851776426784087,44.9464136754636,0.0,0.0,0.0,0.0
2026-09-28 06:00:00,13,0,2026-10-09 12:00:00,11 days 06:00:00,270,13.71,-106.53,971.8,87.0,9.485209331525398,123.2908969855818,108.92865637306076,125.29040202926728,146.01636905721068,69.19530747541863,64.36149742073135,55.16857311052824,65.3448894143477,36.30188669269821,32.030844183178615,26.336096357300647,30.68561224038354
2026-09-28 06:00:00,13,0,2026-10-09 18:00:00,11 days 12:00:00,276,13.76,-106.49,972.4,85.5,29.9870295221176,123.97558460240676,135.46697328810893,135.7634728656388,125.24493684197712,74.14905237792942,69.22717657314658,60.50632866824244,66.31685457499295,37.82695567877489,35.33574309544943,29.21418637579126,33.041616520300835
2026-09-28 06:00:00,13,0,2026-10-10 00:00:00,11 days 18:00:00,282,13.97,-107.21,987.7,60.8,35.19990108260714,121.58757610188133,102.4094077054769,88.67831334256209,103.16249643634428,41.14401110383898,35.16476624331463,25.98529393975764,34.13668306622152,0.0,0.0,0.0,0.0
2026-09-28 06:00:00,13,0,2026-10-10 06:00:00,12 days 00:00:00,288,14.02,-107.33,997.0,43.3,39.89586125188941,98.22541704167948,84.20602575634001,66.03029795139057,76.41451967983559,0.0,0.0,0.0,0.0,0.0,0.0,0.0,0.0
2026-09-28 06:00:00,13,0,2026-10-10 12:00:00,12 days 06:00:00,294,14.2,-107.33,993.4,50.4,39.27100481299729,111.29046579664085,101.80470501779487,79.67564473412673,87.80391732034317,39.27100481299729,0.5437496568828237,0.0,0.6759716172527455,0.0,0.0,0.0,0.0
2026-09-28 06:00:00,13,0,2026-10-10 18:00:00,12 days 12:00:00,300,14.22,-107.82,987.6,62.3,35.80063096516031,74.18190015879118,58.55934904082727,39.40446041148468,62.68045281266867,35.80063096516031,16.181656685617007,7.87876218903908,17.85946310039761,0.0,0.0,0.0,0.0
2026-09-28 06:00:00,13,0,2026-10-11 00:00:00,12 days 18:00:00,306,14.5,-108.3,986.4,60.4,32.604058770340785,73.42230484486174,60.53604733991369,42.658769654918544,68.46102774840793,32.604058770340785,3.0868493832551493,2.0637798111685823,5.925488565550363,0.0,0.0,0.0,0.0
2026-09-28 06:00:00,13,0,2026-10-11 06:00:00,13 days 00:00:00,312,14.77,-108.8,987.8,64.6,27.723743031272814,173.1626748387481,131.80069336863704,94.38222720622517,151.51241881287595,82.3679617343482,65.33670609387028,45.52964708564582,68.81459815003495,35.28244073363045,29.4928390528015,21.179937260332743,28.865755556001357
2026-09-28 06:00:00,13,0,2026-10-11 12:00:00,13 days 06:00:00,318,15.2,-109.49,985.4,64.1,41.44797592025731,174.561800578345,152.13647703463556,115.01501938395528,144.0005981786349,41.44797592025731,3.389306050813298,0.3249812721525646,3.704422421168095,41.44797592025731,0.0425143900520454,0.0,0.2198816542833497
2026-09-28 06:00:00,13,0,2026-10-11 18:00:00,13 days 12:00:00,324,15.71,-110.47,981.5,74.2,16.07735210375699,159.5005826810782,116.8477536166128,83.53229909649615,125.96100511200332,58.63292095609788,44.7578076272964,28.73405789909877,48.809742966908296,23.71958187937819,18.36075372317656,11.423575028231229,18.471829021421208
2026-09-28 06:00:00,13,0,2026-10-12 00:00:00,13 days 18:00:00,330,15.97,-111.47,954.5,103.4,17.577091945742897,162.98383914275934,137.41460926916457,117.41467239649668,147.93453046263477,84.61239172496977,70.79948280793263,56.66870672506811,74.87050836902523,43.674376525903504,37.17864443117551,29.706656350322813,37.26898389958029
2026-09-28 06:00:00,13,0,2026-10-12 06:00:00,14 days 00:00:00,336,16.76,-112.45,965.3,96.1,32.19595999697219,156.5538478302422,135.32266986862993,94.68339820616389,133.40966622229644,72.97212353103978,55.3362712745739,36.900113719776485,59.76172848070351,33.047378235012545,26.780330190991734,19.926064009004264,27.992447339548967
2026-09-28 06:00:00,13,0,2026-10-12 12:00:00,14 days 06:00:00,342,17.21,-113.2,941.2,116.0,5.953842727768121,119.6178798571919,87.0715071258738,52.20182558008578,108.56866270360942,31.937080641485924,16.47820074515563,3.4934683348648603,27.199549389670423,14.27270796917745,7.574780142361033,3.4934683348648603,11.687525158670155
2026-09-28 06:00:00,13,0,2026-10-12 18:00:00,14 days 12:00:00,348,17.64,-113.52,942.5,113.6,12.281002231858944,193.12669496736072,180.9427290469182,117.92095393760802,157.01875060479298,88.56472005708541,70.43873102123183,49.18488424079927,75.16087153011227,44.542814019372926,37.2920284285788,28.856225128561945,37.80838968518651
2026-09-28 06:00:00,13,0,2026-10-13 00:00:00,14 days 18:00:00,354,19.0,-114.16,927.2,128.1,3.255406995591528,203.6108872051134,198.3102872561023,143.421505966551,167.80065276921297,3.255406995591528,1.089134997401736,0.0,0.5766084942413405,3.255406995591528,0.5056775892048093,0.0,0.5766084942413405
2026-09-28 06:00:00,13,0,2026-10-13 06:00:00,15 days 00:00:00,360,20.04,-114.5,957.3,103.3,20.26285534163717,181.80991799056275,165.46900102457127,112.1690810110872,143.81662639400275,87.79529996427502,78.92046860315574,63.026330777994986,75.43868293992021,49.69049701541188,44.469097823863294,37.73629749967047,44.2429609267942
2026-09-28 06:00:00,3,0,2026-09-29 00:00:00,0 days 18:00:00,18,15.0,154.51,1000.9,27.4,62.42813857955497,0.0,0.0,0.0,0.0,0.0,0.0,0.0,0.0,0.0,0.0,0.0,0.0
2026-09-28 06:00:00,3,0,2026-09-29 06:00:00,1 days 00:00:00,24,15.33,154.51,1006.4,23.4,70.78281271704512,0.0,0.0,0.0,0.0,0.0,0.0,0.0,0.0,0.0,0.0,0.0,0.0
2026-09-28 06:00:00,3,0,2026-09-29 12:00:00,1 days 06:00:00,30,15.34,154.12,1005.7,23.7,106.9775901844147,0.0,0.0,0.0,0.0,0.0,0.0,0.0,0.0,0.0,0.0,0.0,0.0
2026-09-28 06:00:00,3,0,2026-09-29 18:00:00,1 days 12:00:00,36,15.72,153.41,1004.9,25.3,79.35568659721606,0.0,0.0,0.0,0.0,0.0,0.0,0.0,0.0,0.0,0.0,0.0,0.0
2026-09-28 06:00:00,3,0,2026-09-30 00:00:00,1 days 18:00:00,42,15.29,152.37,1003.3,28.3,131.87445147555587,0.0,0.0,0.0,0.0,0.0,0.0,0.0,0.0,0.0,0.0,0.0,0.0
2026-09-28 06:00:00,3,0,2026-09-30 06:00:00,2 days 00:00:00,48,16.11,151.84,999.8,33.9,64.64986238127298,0.0,0.0,0.0,0.0,0.0,0.0,0.0,0.0,0.0,0.0,0.0,0.0
2026-09-28 06:00:00,3,0,2026-09-30 12:00:00,2 days 06:00:00,54,16.28,149.92,990.6,54.1,41.13944672212232,153.57243567284678,146.9340184472049,135.41506140532744,142.97138741283132,41.13944672212232,32.231351222494084,31.143734849958136,30.647487401550777,0.0,0.0,0.0,0.0
2026-09-28 06:00:00,3,0,2026-09-30 18:00:00,2 days 12:00:00,60,16.49,148.61,991.8,49.1,64.92998798875024,64.92998798875024,35.906116085738546,38.2652965457866,54.47271973997511,0.0,0.0,0.0,0.0,0.0,0.0,0.0,0.0
2026-09-28 06:00:00,3,0,2026-10-01 00:00:00,2 days 18:00:00,66,17.07,147.52,986.5,59.9,54.1210551919194,214.70693342345976,195.0006580835552,173.9243281222732,194.64605098208176,54.1210551919194,9.734964828162155,7.0401787483667775,8.560934933396968,0.0,0.0,0.0,0.0
2026-09-28 06:00:00,3,0,2026-10-01 06:00:00,3 days 00:00:00,72,17.33,146.62,989.3,55.0,65.1889244935085,163.1008153976756,142.70714973047666,112.69910323544362,136.42096777097498,65.1889244935085,0.0,0.0,1.0480631706573478,0.0,0.0,0.0,0.0
2026-09-28 06:00:00,3,0,2026-10-01 12:00:00,3 days 06:00:00,78,17.53,145.85,985.3,62.0,39.77727367555771,173.48837463907654,163.22580639555596,128.3784695923317,148.7523099882019,64.90134102205727,60.23867228911649,51.386106803038,54.02949963764173,0.0,0.0,0.0,0.0
2026-09-28 06:00:00,3,0,2026-10-01 18:00:00,3 days 12:00:00,84,17.88,144.96,978.3,66.7,41.75353286126387,214.89156129616495,172.01884251554714,143.82091771560405,185.2021206787204,108.09566506249054,94.89551690163952,70.6833141980081,91.06338602652242,50.64670192906917,44.77231438757212,34.228947893642896,42.81069242250104
2026-09-28 06:00:00,3,0,2026-10-02 00:00:00,3 days 18:00:00,90,18.22,144.24,972.9,76.1,26.12344030737369,186.45084019606463,160.08250166006854,130.82381002170288,166.79196036839164,95.46901841817017,80.75536196371829,63.28352615019492,80.5654163081858,45.60732061118468,39.474492872428,30.76109767578661,38.99631435894317
2026-09-28 06:00:00,3,0,2026-10-02 06:00:00,4 days 00:00:00,96,18.66,143.54,955.1,90.8,10.579715892127872,243.4935357230621,213.8061416499628,188.3483582339713,218.06436896409184,96.31348920569988,85.26561018322174,69.14420089818293,84.71868617347886,48.71785902395011,43.24077655425731,34.690796837403674,41.58415865956235
2026-09-28 06:00:00,3,0,2026-10-02 12:00:00,4 days 06:00:00,102,19.05,143.25,935.6,116.3,27.737530503144228,348.1453571515289,300.4294347274387,274.9196248092412,313.7056196787594,191.9767844634169,176.29303698216097,154.6523640238811,172.5644402760827,104.89066466938914,97.25587259098252,82.90613684646674,92.68341055041144
2026-09-28 06:00:00,3,0,2026-10-02 18:00:00,4 days 12:00:00,108,19.35,142.8,960.8,89.2,19.886831111691865,275.5241273429249,247.2018739958488,216.08090486743004,243.6927051267885,155.17232509057055,143.9204485022825,117.07205112683651,135.51546814272035,78.87731263293261,73.18316853888984,60.0777203923908,68.5686863988613
2026-09-28 06:00:00,3,0,2026-10-03 00:00:00,4 days 18:00:00,114,19.74,142.81,923.2,125.4,8.754142377822738,241.15813905420575,239.36041966257807,217.83397071971143,210.0516315208012,58.806296255507206,56.41647277967597,49.398319456405474,52.60249127835457,32.61622133590525,30.88715329252242,26.10310355602847,27.8833022960398
2026-09-28 06:00:00,3,0,2026-10-03 06:00:00,5 days 00:00:00,120,20.48,142.62,966.0,78.2,82.0261475492588,535.3529661011122,553.9583456544394,464.4615596475918,460.2610311755742,90.57219527366884,88.29331029290769,64.61693271041524,74.29186708921114,82.0261475492588,41.396450983858855,31.22261659669861,36.15702231594011
2026-09-28 06:00:00,3,0,2026-10-03 12:00:00,5 days 06:00:00,126,20.99,143.19,966.7,74.8,106.65138071954698,523.9144633621951,526.4493582116024,458.2121331965831,461.1057442879341,135.46067085244005,135.3894643110295,112.08733286574136,116.35603289861234,106.65138071954698,19.60025671305408,14.21594501253575,16.668324419268483
2026-09-28 06:00:00,3,0,2026-10-03 18:00:00,5 days 12:00:00,132,21.6,143.11,954.9,84.2,82.59834360260763,435.279012032273,426.288451510531,367.1199179958269,386.12643964524455,235.41317379467,231.22327739423457,197.06520591770237,208.61737565029847,127.3472506549442,123.6631505943161,103.95007005115473,111.29877353433378
2026-09-28 06:00:00,3,0,2026-10-04 00:00:00,5 days 18:00:00,138,21.94,142.86,953.3,86.5,53.0120658691155,362.358441169692,345.5786498133859,319.11697496403303,338.7047820181996,190.76073509821128,182.90503818019616,161.27218767766755,170.27148852937506,102.07053613130654,98.85907940547288,84.00071580011897,90.13253559282718
2026-09-28 06:00:00,3,0,2026-10-04 06:00:00,6 days 00:00:00,144,22.44,143.06,960.1,76.1,147.70875704224454,686.976216184863,723.5148141811078,645.2724897171865,622.8867570361908,2.976269229494733,147.70875704224454,3.7780484228175055,1.9820070052975325,0.0,147.70875704224454,0.0,0.0
2026-09-28 06:00:00,3,0,2026-10-04 12:00:00,6 days 06:00:00,150,22.97,143.83,954.4,91.8,59.519842349177296,295.9739465485129,302.5251212003544,255.83426167217291,256.0384008177923,122.22185720156006,121.43846959901632,101.66600507600862,107.15327550183004,65.03504760255323,63.321536107905686,52.81484005862601,57.1492184001248
2026-09-28 06:00:00,3,0,2026-10-04 18:00:00,6 days 12:00:00,156,23.73,143.38,963.3,68.1,48.33827816926479,410.2681268286538,400.1779788427135,335.53610023128226,361.4628033311193,253.7793778529417,243.37414208496725,209.080026479594,222.3797059681067,134.85405198343585,130.5885496235638,110.3597830225206,118.11189429392536
2026-09-28 06:00:00,3,0,2026-10-05 00:00:00,6 days 18:00:00,162,24.48,142.58,948.6,90.8,69.35922960169557,348.2101068038821,315.5176432628489,283.4448317733769,300.4535900619482,69.35922960169557,60.4326792094092,50.639059272726925,59.96379137633741,69.35922960169557,31.096036132729008,24.992592726667603,29.747002671010016
2026-09-28 06:00:00,3,0,2026-10-05 06:00:00,7 days 00:00:00,168,25.57,142.33,968.4,67.7,75.9516305921008,515.9268713712954,504.2994251669784,431.1589552605267,441.5065017828088,203.6248789942246,195.8158085813468,161.79677559561657,176.50672924815058,106.47656943851334,101.62078827871132,83.81298370329701,91.13334482461418
2026-09-28 06:00:00,3,0,2026-10-05 12:00:00,7 days 06:00:00,174,27.21,142.3,952.6,84.3,104.7887887785742,493.7483562330808,495.822229751019,443.992577679723,434.9621746367974,104.7887887785742,104.7887887785742,39.855116054337934,39.2310600003196,104.7887887785742,0.0,0.253588493495834,0.0058913066596648
2026-09-28 06:00:00,3,0,2026-10-05 18:00:00,7 days 12:00:00,180,28.71,142.5,966.1,67.0,113.73993385120704,464.8385041833619,483.8142165984799,401.058119012942,395.1114939152617,182.00239732304527,183.991795036714,154.40902969673533,158.32333346029714,113.73993385120704,97.71001267916098,81.90198294636483,85.64479099928211
2026-09-28 06:00:00,3,0,2026-10-06 00:00:00,7 days 18:00:00,186,30.49,143.42,957.2,79.3,34.49190112107725,299.74725476628663,332.06263603251347,259.9068556384141,252.2247404982279,12.214213109614953,34.49190112107725,9.37713145163394,6.594757879178772,0.0,34.49190112107725,0.2661661660342322,0.0
2026-09-28 06:00:00,3,0,2026-10-06 06:00:00,8 days 00:00:00,192,32.42,144.58,968.8,61.4,50.73701516306849,333.30397760412404,383.823034921866,326.478903331016,276.04742294330333,170.5052753932605,181.07551925716336,150.08777011873468,141.8498083282766,0.0,0.0,0.0,0.0
2026-09-28 06:00:00,3,0,2026-10-06 12:00:00,8 days 06:00:00,198,35.78,146.8,971.1,58.4,65.2279892558276,352.604242682944,400.2267454037647,347.5779957989844,280.8414939547174,212.89880786125377,219.8757199989329,186.8621575231521,178.1640059511276,0.0,0.0,0.0,0.0
2026-09-28 06:00:00,3,0,2026-10-06 18:00:00,8 days 12:00:00,204,39.17,149.61,977.5,56.5,122.12322421680057,426.3095275072973,476.04699567352304,411.0858268555534,362.545604056416,110.74150745441808,123.99500944935548,102.89844600039328,93.04103233418589,0.0,0.0,0.0,0.0
2026-09-28 06:00:00,3,0,2026-10-07 00:00:00,8 days 18:00:00,210,42.97,154.46,976.8,49.7,112.36459590420634,21.12489983189957,112.36459590420634,25.70716175470031,0.0,0.0,0.0,0.0,0.0,0.0,0.0,0.0,0.0
2026-09-28 06:00:00,3,0,2026-10-07 06:00:00,9 days 00:00:00,216,47.87,159.17,976.4,50.7,216.18089871213988,296.6371327260258,350.4295021081061,301.8431765912592,268.60818520432247,0.0,216.18089871213988,4.915178419464364,1.5660871055347263,0.0,0.0,0.0,0.0
2026-09-28 06:00:00,3,0,2026-10-07 12:00:00,9 days 06:00:00,222,52.0,166.08,972.9,45.5,206.81680245743317,0.0,18.267241645202944,206.81680245743317,2.45771035561296,0.0,0.0,0.0,0.0,0.0,0.0,0.0,0.0
2026-09-28 06:00:00,AL062026,0,2026-09-28 06:00:00,0 days 00:00:00,0,28.3,-43.8,1012.0,25.0,56.0,0.0,0.0,0.0,0.0,0.0,0.0,0.0,0.0,0.0,0.0,0.0,0.0
2026-09-28 06:00:00,AL062026,0,2026-09-28 12:00:00,0 days 06:00:00,6,28.18,-45.59,1010.7,29.4,125.97785675125527,0.0,0.0,0.0,0.0,0.0,0.0,0.0,0.0,0.0,0.0,0.0,0.0
2026-09-28 06:00:00,AL062026,0,2026-09-28 18:00:00,0 days 12:00:00,12,27.08,-44.75,1013.6,20.4,129.02698593601576,0.0,0.0,0.0,0.0,0.0,0.0,0.0,0.0,0.0,0.0,0.0,0.0
2026-09-28 06:00:00,AL912026(2),0,2026-09-28 06:00:00,0 days 00:00:00,0,36.3,-53.1,1013.0,29.0,148.0,0.0,0.0,0.0,0.0,0.0,0.0,0.0,0.0,0.0,0.0,0.0,0.0
2026-09-28 06:00:00,AL912026(2),0,2026-09-28 12:00:00,0 days 06:00:00,6,36.63,-51.56,1009.0,34.3,137.06310268832112,0.0,137.06310268832112,0.0,0.0,0.0,0.0,0.0,0.0,0.0,0.0,0.0,0.0
2026-09-28 06:00:00,AL912026(2),0,2026-09-28 18:00:00,0 days 12:00:00,12,36.4,-49.45,1010.0,31.4,160.36528989834005,0.0,0.0,0.0,0.0,0.0,0.0,0.0,0.0,0.0,0.0,0.0,0.0
2026-09-28 06:00:00,AL912026(2),0,2026-09-29 00:00:00,0 days 18:00:00,18,35.59,-47.02,1004.9,41.4,62.25859139823573,2.8051914777524303,62.25859139823573,0.0,2.2556987135860425,0.0,0.0,0.0,0.0,0.0,0.0,0.0,0.0
2026-09-28 06:00:00,AL912026(2),0,2026-09-29 06:00:00,1 days 00:00:00,24,35.08,-45.75,1005.8,32.2,82.13314795409615,0.0,0.0,0.0,0.0,0.0,0.0,0.0,0.0,0.0,0.0,0.0,0.0
2026-09-28 06:00:00,AL912026(2),0,2026-09-29 12:00:00,1 days 06:00:00,30,34.08,-44.34,1008.9,27.8,185.8860792170817,0.0,0.0,0.0,0.0,0.0,0.0,0.0,0.0,0.0,0.0,0.0,0.0
2026-09-28 06:00:00,AL912026(2),0,2026-09-29 18:00:00,1 days 12:00:00,36,34.05,-43.69,1002.1,36.2,51.76427975437275,101.2156433601524,87.59471915132667,66.75477293679296,80.39002500292054,0.0,0.0,0.0,0.0,0.0,0.0,0.0,0.0
2026-09-28 06:00:00,AL912026(2),0,2026-09-30 00:00:00,1 days 18:00:00,42,33.16,-42.71,1008.5,32.6,112.56904669721098,0.0,0.0,0.0,0.0,0.0,0.0,0.0,0.0,0.0,0.0,0.0,0.0
2026-09-28 06:00:00,AL912026(2),0,2026-09-30 06:00:00,2 days 00:00:00,48,33.51,-42.54,1005.1,33.6,66.88125464112082,0.0,0.0,0.0,0.0,0.0,0.0,0.0,0.0,0.0,0.0,0.0,0.0
2026-09-28 06:00:00,AL912026(2),0,2026-09-30 12:00:00,2 days 06:00:00,54,33.66,-41.75,1005.8,32.0,60.13803969168709,0.0,0.0,0.0,0.0,0.0,0.0,0.0,0.0,0.0,0.0,0.0,0.0
2026-09-28 06:00:00,AL912026(2),0,2026-09-30 18:00:00,2 days 12:00:00,60,33.89,-41.65,1010.1,29.5,127.2518002760528,0.0,0.0,0.0,0.0,0.0,0.0,0.0,0.0,0.0,0.0,0.0,0.0
2026-09-28 06:00:00,AL912026(2),0,2026-10-01 00:00:00,2 days 18:00:00,66,34.16,-40.94,1005.2,40.2,65.48185338668439,2.3343304455699894,65.48185338668439,0.0,0.6747828745316298,0.0,0.0,0.0,0.0,0.0,0.0,0.0,0.0
2026-09-28 06:00:00,AL912026(2),0,2026-10-01 06:00:00,3 days 00:00:00,72,34.57,-39.97,1005.6,37.3,62.26652257388412,100.07436260143844,83.59540373725577,65.4361914749079,73.72200031378156,0.0,0.0,0.0,0.0,0.0,0.0,0.0,0.0
2026-09-28 06:00:00,AL912026(2),0,2026-10-01 12:00:00,3 days 06:00:00,78,35.24,-38.62,1005.0,36.8,44.23939475872976,118.96148674078722,101.15778707472782,74.56172542686545,83.91705490676031,0.0,0.0,0.0,0.0,0.0,0.0,0.0,0.0
2026-09-28 06:00:00,AL912026(2),0,2026-10-01 18:00:00,3 days 12:00:00,84,35.71,-37.54,1003.4,38.8,79.82075380925937,3.619968769308912,4.435811816850148,5.076238134575426,79.82075380925937,0.0,0.0,0.0,0.0,0.0,0.0,0.0,0.0
2026-09-28 06:00:00,AL912026(2),0,2026-10-02 00:00:00,3 days 18:00:00,90,35.97,-36.4,1007.7,33.7,58.34370086477588,0.0,0.0,0.0,0.0,0.0,0.0,0.0,0.0,0.0,0.0,0.0,0.0
2026-09-28 06:00:00,AL912026(2),0,2026-10-02 06:00:00,4 days 00:00:00,96,36.27,-34.63,1005.9,33.0,71.79890177172817,0.0,0.0,0.0,0.0,0.0,0.0,0.0,0.0,0.0,0.0,0.0,0.0
2026-09-28 06:00:00,AL912026(2),0,2026-10-02 12:00:00,4 days 06:00:00,102,37.18,-33.23,1009.5,22.0,100.30317492099812,0.0,0.0,0.0,0.0,0.0,0.0,0.0,0.0,0.0,0.0,0.0,0.0
2026-09-28 06:00:00,AL912026(2),0,2026-10-02 18:00:00,4 days 12:00:00,108,37.54,-30.14,1012.2,30.0,79.28948302708146,0.0,0.0,0.0,0.0,0.0,0.0,0.0,0.0,0.0,0.0,0.0,0.0
2026-09-28 06:00:00,EP152026(2),0,2026-09-28 06:00:00,0 days 00:00:00,0,16.4,-160.8,929.0,134.0,28.0,241.0,185.0,148.0,204.0,93.0,74.0,74.0,93.0,56.0,46.0,37.0,46.0
2026-09-28 06:00:00,EP152026(2),0,2026-09-28 12:00:00,0 days 06:00:00,6,16.97,-161.72,944.0,115.4,8.247464473434292,148.88899417902758,105.7313707377698,83.34283302657639,140.51940501582976,52.28232146776351,31.85057108153156,19.808883727537022,45.569223635436586,25.42383404537708,17.731003733919863,13.899283646144887,22.687109343196312
2026-09-28 06:00:00,EP152026(2),0,2026-09-28 18:00:00,0 days 12:00:00,12,17.42,-162.59,950.8,115.1,0.0,198.94346487783696,181.3849760010944,131.18032328242134,170.28807599924767,106.1030116149741,90.46963247861868,69.11703733435479,88.38173873887035,54.53177284353569,48.27586543489679,38.77525972752778,47.58914226221032
2026-09-28 06:00:00,EP152026(2),0,2026-09-29 00:00:00,0 days 18:00:00,18,18.1,-163.05,933.2,125.1,19.27336075657536,181.40400036565,151.67528546689826,87.4342194495192,143.57481317431763,69.64154720474723,53.49001389228767,36.48321284422501,58.00280675071109,36.795108868724,30.40104569783566,25.28568273599112,32.71939803779288
2026-09-28 06:00:00,EP152026(2),0,2026-09-29 06:00:00,1 days 00:00:00,24,19.11,-163.51,954.6,103.6,3.7816937002654463,196.0884672524817,161.55209925728445,97.12505780294536,152.21354314569103,86.34805863445932,68.90856102127886,46.86785755445399,69.100162226806,41.48822041026544,34.477354659941,27.21612288042901,35.632772708990004
2026-09-28 06:00:00,EP152026(2),0,2026-09-29 12:00:00,1 days 06:00:00,30,19.75,-163.8,969.9,86.8,5.291931247175235,62.14630193457569,55.89491067824135,34.2687235428978,28.88556444177579,5.291931247175235,0.1854382962994023,0.0,0.0,5.291931247175235,0.1559407217679287,0.0,0.0
2026-09-28 06:00:00,EP152026(2),0,2026-09-29 18:00:00,1 days 12:00:00,36,20.82,-163.89,985.9,69.4,29.06103540780373,162.06606878761704,136.14967737134157,81.71217055420402,126.78812739357954,72.59116938915486,61.41872532829211,41.009228598841446,60.67900983989375,29.06103540780373,22.291493042511604,16.098981636255758,21.475357115729423
2026-09-28 06:00:00,EP152026(2),0,2026-09-30 00:00:00,1 days 18:00:00,42,21.3,-163.55,985.0,65.8,76.1190624359971,276.4190962633237,257.1284450539006,215.37641386348508,240.33912412602209,76.1190624359971,45.13154658412036,76.1190624359971,38.04183478740684,0.0,0.0,76.1190624359971,0.0
2026-09-28 06:00:00,EP152026(2),0,2026-09-30 06:00:00,2 days 00:00:00,48,22.18,-163.42,986.4,55.0,59.72833165741213,271.6617947100444,257.94402779297303,205.76678389147787,226.25393801124687,0.0746199522495274,59.72833165741213,0.3554472430965063,0.0,0.0,0.0,0.0,0.0
2026-09-28 06:00:00,EP152026(2),0,2026-09-30 12:00:00,2 days 06:00:00,54,22.64,-163.22,991.3,50.3,44.76026527754505,59.14742020884178,46.05532585171398,22.17393301632756,40.89229254978149,44.76026527754505,0.9495582027792048,0.1727619400684377,1.0016048847083183,0.0,0.0,0.0,0.0
2026-09-28 06:00:00,EP152026(2),0,2026-09-30 18:00:00,2 days 12:00:00,60,22.47,-163.6,994.4,44.2,98.803993665648,98.803993665648,51.25731678599537,39.66546921955074,50.20100445103407,0.0,0.0,0.0,0.0,0.0,0.0,0.0,0.0
2026-09-28 06:00:00,EP152026(2),0,2026-10-01 00:00:00,2 days 18:00:00,66,22.42,-163.64,992.5,44.1,54.57868073229508,54.57868073229508,2.5323287383595243,0.0,9.869466084183358,0.0,0.0,0.0,0.0,0.0,0.0,0.0,0.0
2026-09-28 06:00:00,EP152026(2),0,2026-10-01 06:00:00,3 days 00:00:00,72,22.62,-164.26,994.2,44.8,119.88850765502715,119.88850765502715,0.7405595207832345,0.0,3.815238774392359,0.0,0.0,0.0,0.0,0.0,0.0,0.0,0.0
2026-09-28 06:00:00,EP152026(2),0,2026-10-01 12:00:00,3 days 06:00:00,78,22.67,-165.14,994.5,41.5,71.29523036246792,71.29523036246792,0.2083309063318648,2.105027934493572,16.695283600802483,0.0,0.0,0.0,0.0,0.0,0.0,0.0,0.0
2026-09-28 06:00:00,EP152026(2),0,2026-10-01 18:00:00,3 days 12:00:00,84,22.98,-166.6,993.0,52.4,81.44165727445997,183.251962809738,154.10229875401143,123.18683740003152,154.36998633943034,81.44165727445997,0.3023560862662222,0.0,2.1028608717185424,0.0,0.0,0.0,0.0
2026-09-28 06:00:00,EP152026(2),0,2026-10-02 00:00:00,3 days 18:00:00,90,23.46,-167.46,988.6,54.4,54.43497820460912,155.3370999287542,127.0847988330436,88.74697329184718,126.0435758332255,54.43497820460912,0.2600187070235167,0.0,0.5142174846812102,0.0,0.0,0.0,0.0
2026-09-28 06:00:00,EP152026(2),0,2026-10-02 06:00:00,4 days 00:00:00,96,23.68,-167.63,985.3,53.3,48.69706143416701,127.99677795653989,108.95583178964384,88.47676425488433,104.91199681389652,1.096167970099108,48.69706143416701,0.5111046022693353,0.7501536304782057,0.0,0.0,0.0,0.0
2026-09-28 06:00:00,EP152026(2),0,2026-10-02 12:00:00,4 days 06:00:00,102,24.1,-168.07,984.6,57.4,69.66740308195637,234.4901220003614,204.4138212498545,164.9688251069414,201.6227699676967,69.66740308195637,4.018010546179902,0.7104761189154409,4.077599037344855,0.0,0.0,0.0,0.0
2026-09-28 06:00:00,EP152026(2),0,2026-10-02 18:00:00,4 days 12:00:00,108,24.53,-168.52,986.6,53.7,63.00714619478026,232.21713898768397,205.1689442712343,164.02116523585187,182.16657608095693,63.00714619478026,2.327256925698805,0.3301062804471968,1.2881181728397024,0.0,0.0,0.0,0.0
2026-09-28 06:00:00,EP152026(2),0,2026-10-03 00:00:00,4 days 18:00:00,114,24.9,-169.07,988.1,55.1,84.62189799217182,125.1085795096824,95.32944314223651,67.8843372338672,94.26886466283416,84.62189799217182,0.0,0.0,0.9897879037838626,0.0,0.0,0.0,0.0
2026-09-28 06:00:00,EP152026(2),0,2026-10-03 06:00:00,5 days 00:00:00,120,24.73,-169.99,990.2,53.1,77.00577738915452,281.9342050376431,259.1599431655755,214.0195690114853,253.83514556964428,77.00577738915452,30.411875394235487,23.68256870480278,29.89380783212883,0.0,0.0,0.0,0.0
2026-09-28 06:00:00,EP152026(2),0,2026-10-03 12:00:00,5 days 06:00:00,126,24.28,-170.67,984.7,62.0,44.0786248993962,107.55894458821206,74.50281627722036,62.20191440359776,87.51793858978883,2.2697796619063872,0.3467117763331035,0.4965719182619654,44.0786248993962,0.0,0.0,0.0,0.0
2026-09-28 06:00:00,EP152026(2),0,2026-10-03 18:00:00,5 days 12:00:00,132,24.53,-171.88,985.9,64.2,56.8334882924224,192.6084648836405,153.7700765353569,117.50828424468168,168.97406357312937,56.8334882924224,25.22302727970082,11.788486574796911,27.5726747059161,56.8334882924224,8.627518624038764,4.3078546443311865,9.93349976473058
2026-09-28 06:00:00,EP152026(2),0,2026-10-04 00:00:00,5 days 18:00:00,138,24.61,-173.99,984.2,67.1,15.26881184832428,156.86125140244062,120.70092992402476,91.69842503910296,138.85963119045428,15.26881184832428,0.0,0.0,15.26881184832428,0.0365725190221086,0.0,0.0,15.26881184832428
2026-09-28 06:00:00,EP152026(2),0,2026-10-04 06:00:00,6 days 00:00:00,144,24.9,-175.14,985.5,65.7,22.00568632395305,146.1852162301831,126.06553101993836,79.28132199635053,109.78152475228198,30.918759272753945,22.06214179325928,9.763643569626115,20.673701708601577,22.00568632395305,6.484092583591036,2.377679228453222,7.218760910149811
2026-09-28 06:00:00,EP152026(2),0,2026-10-04 12:00:00,6 days 06:00:00,150,25.38,-177.3,966.1,84.9,23.85659908036554,225.1701601423777,181.58432855055327,146.96195361964084,184.4634083543048,23.85659908036554,0.0,0.0,1.9644992791283968,23.85659908036554,0.0,0.0,0.4074546317333052
2026-09-28 06:00:00,EP152026(2),0,2026-10-04 18:00:00,6 days 12:00:00,156,25.93,-178.96,967.5,83.8,3.869932879923013,161.4669521759339,123.66481185778018,85.241828749406,138.21921833859113,4.8124853406156864,0.0065060710137752,0.0,3.869932879923013,0.4083694267880959,0.0,0.0,3.869932879923013
2026-09-28 06:00:00,EP152026(2),0,2026-10-05 00:00:00,6 days 18:00:00,162,25.98,179.38,970.4,76.1,34.93849032807637,282.0452718793081,245.26371044356165,202.88769110401472,248.84921484044455,34.93849032807637,0.0857599927970866,0.0,34.93849032807637,0.4475268454690209,0.0,0.0,34.93849032807637
2026-09-28 06:00:00,EP152026(2),0,2026-10-05 06:00:00,7 days 00:00:00,168,26.42,177.96,980.3,71.7,30.11857638023613,198.0818890745907,155.26386050880222,123.6827572634024,177.26878103341744,96.50471150628913,79.82624089222816,58.41711266005388,81.25394567121555,44.15133619510125,37.074629106496495,27.49135294099177,36.41134954042755
2026-09-28 06:00:00,EP152026(2),0,2026-10-05 12:00:00,7 days 06:00:00,174,26.39,176.52,973.7,72.4,27.48038677144885,159.6262379039805,121.77033102437406,103.14048958600677,127.73313207405708,27.48038677144885,0.0,0.0,27.48038677144885,0.0520707713495998,0.0,0.0,27.48038677144885
2026-09-28 06:00:00,EP152026(2),0,2026-10-05 18:00:00,7 days 12:00:00,180,26.38,175.27,986.2,61.2,22.708649916430087,149.31035128543363,110.82764389827366,85.63164913311445,125.2108438469618,22.708649916430087,13.793491027560044,3.084619545483019,16.14348196512072,0.0,0.0,0.0,0.0
2026-09-28 06:00:00,EP152026(2),0,2026-10-06 00:00:00,7 days 18:00:00,186,26.2,174.09,991.8,52.2,22.975348228517056,174.62565447800023,149.83159430788078,129.61145868765917,166.86727608605028,2.791616638835683,0.0,0.0,22.975348228517056,0.0,0.0,0.0,0.0
2026-09-28 06:00:00,EP152026(2),0,2026-10-06 06:00:00,8 days 00:00:00,192,25.89,172.31,996.3,48.6,38.18492033576409,191.11586585352345,159.86323407870813,141.07709541092805,179.8353268052457,0.0,0.0,0.0,0.0,0.0,0.0,0.0,0.0
2026-09-28 06:00:00,EP152026(2),0,2026-10-06 12:00:00,8 days 06:00:00,198,25.53,170.39,1000.0,41.4,40.72612158782249,6.516919873341976,0.0,0.0,40.72612158782249,0.0,0.0,0.0,0.0,0.0,0.0,0.0,0.0
2026-09-28 06:00:00,EP152026(2),0,2026-10-06 18:00:00,8 days 12:00:00,204,25.58,168.61,1002.8,35.3,111.4076561217563,10.666626106129703,0.0,1.5322478384321698,111.4076561217563,0.0,0.0,0.0,0.0,0.0,0.0,0.0,0.0
2026-09-28 06:00:00,EP152026(2),0,2026-10-07 00:00:00,8 days 18:00:00,210,25.97,166.76,1004.0,32.7,116.85713259455056,0.0,0.0,0.0,0.0,0.0,0.0,0.0,0.0,0.0,0.0,0.0,0.0
2026-09-28 06:00:00,EP152026(2),0,2026-10-07 06:00:00,9 days 00:00:00,216,26.49,164.92,1005.1,32.5,108.6262083935544,0.0,0.0,0.0,0.0,0.0,0.0,0.0,0.0,0.0,0.0,0.0,0.0
2026-09-28 06:00:00,EP152026(2),0,2026-10-07 12:00:00,9 days 06:00:00,222,27.13,162.83,1006.0,30.4,96.920108585725,0.0,0.0,0.0,0.0,0.0,0.0,0.0,0.0,0.0,0.0,0.0,0.0
2026-09-28 06:00:00,EP172026,0,2026-09-28 06:00:00,0 days 00:00:00,0,23.2,-114.0,955.0,105.0,28.0,167.0,148.0,148.0,148.0,102.0,93.0,83.0,83.0,65.0,65.0,65.0,65.0
2026-09-28 06:00:00,EP172026,0,2026-09-28 12:00:00,0 days 06:00:00,6,24.16,-113.82,968.5,87.7,33.13345428834615,101.42739212262222,112.46238904865322,65.60181400048032,70.40085587095395,41.80062683393702,44.51635824807746,33.12962790920813,32.400994196563616,33.13345428834615,21.447722724461386,17.309920820062715,18.708448304625527
2026-09-28 06:00:00,EP172026,0,2026-09-28 18:00:00,0 days 12:00:00,12,24.76,-113.34,967.5,80.9,15.915839432672357,143.34180253225753,185.73956315184455,121.66128346802812,104.04563913425324,78.97176539983107,87.46649984629218,69.00593407245844,61.67905387628785,41.1168463880553,42.75174181936997,36.149409712506014,35.449705293880555
2026-09-28 06:00:00,EP172026,0,2026-09-29 00:00:00,0 days 18:00:00,18,25.56,-112.79,964.2,89.3,8.312604178495244,90.5811189070776,142.231739630395,84.23817463105573,58.79847704399207,45.90306265194869,52.57225599428046,36.11129746834614,33.8243264941202,22.88101579318068,24.543247201006903,20.168707026081343,19.247929030608944
2026-09-28 06:00:00,EP172026,0,2026-09-29 06:00:00,1 days 00:00:00,24,26.27,-112.58,990.6,49.0,27.02853239728692,182.25720841964392,189.5121038166353,124.74307381373612,129.51500736043988,0.0,0.0,0.0,0.0,0.0,0.0,0.0,0.0
2026-09-28 06:00:00,EP172026,0,2026-09-29 12:00:00,1 days 06:00:00,30,27.25,-111.73,995.2,41.8,136.5978120478198,136.5978120478198,22.895494420366667,10.308558777016366,14.5023980608986,0.0,0.0,0.0,0.0,0.0,0.0,0.0,0.0
2026-09-28 06:00:00,EP172026,0,2026-09-29 18:00:00,1 days 12:00:00,36,28.99,-109.72,998.7,34.5,0.0,0.0868909319396316,16.115796491745684,3.4773600993086404,0.0,0.0,0.0,0.0,0.0,0.0,0.0,0.0,0.0
2026-09-28 06:00:00,EP182026,0,2026-09-28 06:00:00,0 days 00:00:00,0,13.2,-100.0,1001.0,41.0,93.0,222.0,185.0,148.0,222.0,0.0,0.0,0.0,0.0,0.0,0.0,0.0,0.0
2026-09-28 06:00:00,EP182026,0,2026-09-28 12:00:00,0 days 06:00:00,6,13.46,-100.46,994.3,47.4,102.09425277832956,198.5456671597788,176.51177577536296,154.58372588097097,168.78149125698798,0.0,0.0,0.0,0.0,0.0,0.0,0.0,0.0
2026-09-28 06:00:00,EP182026,0,2026-09-28 18:00:00,0 days 12:00:00,12,13.76,-101.33,993.9,57.9,49.09312871719186,111.35078193519536,86.11518608582782,59.55990763934895,91.44343626757563,49.09312871719186,37.6754810892686,29.43693774738246,34.45334395060334,0.0,0.0,0.0,0.0
2026-09-28 06:00:00,EP182026,0,2026-09-29 00:00:00,0 days 18:00:00,18,14.35,-102.21,989.8,59.2,17.903485991677787,133.10523223499575,104.75502960356768,75.33798252161736,106.2256597743494,58.30299143252164,46.90240561799537,31.09758183400892,45.59455486747935,0.0,0.0,0.0,0.0
2026-09-28 06:00:00,EP182026,0,2026-09-29 06:00:00,1 days 00:00:00,24,15.0,-103.47,995.2,46.3,57.3824864805766,122.72625420882868,99.7010383363872,81.6464191313652,96.46811389207303,0.0,0.0,0.0,0.0,0.0,0.0,0.0,0.0
2026-09-28 06:00:00,EP182026,0,2026-09-29 12:00:00,1 days 06:00:00,30,15.66,-104.13,999.5,46.0,87.46856361256778,125.54948486971163,94.94041468650155,74.86014278912883,93.33045686206054,0.0,0.0,0.0,0.0,0.0,0.0,0.0,0.0
2026-09-28 06:00:00,EP182026,0,2026-09-29 18:00:00,1 days 12:00:00,36,16.35,-105.19,990.7,57.1,40.613786724912494,188.8782115987932,168.11964673836948,141.8986785133543,160.55691090890122,43.69973266244942,41.79673882133207,35.6872989654057,38.741070656424,0.0,0.0,0.0,0.0
2026-09-28 06:00:00,EP182026,0,2026-09-30 00:00:00,1 days 18:00:00,42,17.04,-105.96,983.4,69.2,27.987040195145056,167.42336730016217,136.68682179120776,96.68022998989088,124.99241596018628,69.062433147354,58.02325699911978,39.080486678917865,53.99737078341265,29.45032291099006,24.2395998824993,16.938617105710858,23.252730848688174
2026-09-28 06:00:00,EP182026,0,2026-09-30 06:00:00,2 days 00:00:00,48,17.81,-106.99,990.1,60.9,37.35426756672637,156.494576972697,137.67274576241462,96.23519378512356,121.56181672594184,75.84257566955318,67.94826373639106,54.59316408787022,60.53449758564063,0.0,0.0,0.0,0.0
2026-09-28 06:00:00,EP182026,0,2026-09-30 12:00:00,2 days 06:00:00,54,18.24,-107.39,985.1,70.6,23.369324395062144,157.8982851097305,128.66387820969442,88.1185533155061,130.04539606705328,69.48215363077549,54.72301791813403,36.24855488816901,55.05340575598056,29.238519341532356,22.91232094748157,16.289430662439706,23.44933317069715
2026-09-28 06:00:00,EP182026,0,2026-09-30 18:00:00,2 days 12:00:00,60,19.02,-108.07,983.1,71.4,54.9653248171694,201.16919272203813,170.82241145897387,124.0885446324346,161.12634322514168,97.16408003375182,81.03581813068013,58.05554812002174,80.30362108697955,54.9653248171694,37.97436908108784,29.045749499867952,37.58820476970186
2026-09-28 06:00:00,EP182026,0,2026-10-01 00:00:00,2 days 18:00:00,66,19.55,-108.6,961.8,98.6,0.0,174.00192673908143,153.5939418410935,128.01454615662624,139.04229958367557,59.53136470611082,51.82065099662475,37.492083365600365,49.3021884018608,28.836129698852574,24.33512213025415,17.69942502242705,23.469503412593696
2026-09-28 06:00:00,EP182026,0,2026-10-01 06:00:00,3 days 00:00:00,72,19.63,-109.1,968.5,81.3,29.33122566068659,150.53204794965063,123.75348170721249,117.44924304529997,140.7457864686947,64.89404723498316,56.03944377373513,45.55470142157998,58.294693744326295,31.420720037734984,27.875632621699086,22.155717188429332,26.32402089756222
2026-09-28 06:00:00,EP182026,0,2026-10-01 12:00:00,3 days 06:00:00,78,19.32,-109.43,985.7,71.0,23.12287927784192,167.73757783744705,144.56719052927212,144.80986730383302,170.9155963735989,88.45689124523787,79.9125925151421,65.27777663882617,80.76221233394587,45.05468416352468,39.90662771295149,34.06559022350408,39.31456825207161
2026-09-28 06:00:00,EP182026,0,2026-10-01 18:00:00,3 days 12:00:00,84,19.43,-109.43,970.7,92.0,40.74607064388212,175.19505132302072,154.92678126874523,138.09618289082334,164.1600158178877,96.8434523351545,87.26586616691549,75.57817573247166,88.12491163917039,51.98056075031698,48.25141205821765,41.301793245293226,46.82556524948117
2026-09-28 06:00:00,EP182026,0,2026-10-02 00:00:00,3 days 18:00:00,90,19.38,-109.5,976.8,72.9,9.625441881428811,186.27593285025975,177.22198798620713,159.621289330491,164.7111384843538,79.2525250267145,76.36007519057668,61.72509607054351,66.52424253440184,38.34511411019662,36.87953800205077,30.352279983981923,32.705829896330584
2026-09-28 06:00:00,EP182026,0,2026-10-02 06:00:00,4 days 00:00:00,96,19.24,-109.65,989.8,52.3,42.95072464979657,170.5287898910994,156.96406016426334,150.3244019144142,155.4023700583474,164.4997171132237,156.96406016426334,133.39798816128894,138.25944386724564,0.0,0.0,0.0,0.0
2026-09-28 06:00:00,EP182026,0,2026-10-02 12:00:00,4 days 06:00:00,102,19.33,-110.1,987.2,63.4,25.421414507778877,147.82441634881627,124.01900233812488,111.21552804483726,140.49782787236126,77.11124322536898,67.2835211759629,51.85755332215807,64.67482905630413,0.0,0.0,0.0,0.0
2026-09-28 06:00:00,EP182026,0,2026-10-02 18:00:00,4 days 12:00:00,108,19.18,-110.62,987.1,60.1,33.13848103888621,141.12975915673553,118.87500949017004,95.1160306503914,128.19356686600102,54.318432288438,46.11169259818091,34.39394279340186,44.65789452319563,0.0,0.0,0.0,0.0
2026-09-28 06:00:00,EP182026,0,2026-10-03 00:00:00,4 days 18:00:00,114,19.58,-111.18,982.6,64.7,57.026574837493726,187.13092327684487,151.22998086013294,139.59104457544788,169.29391521164715,93.99982482209452,81.37068309021578,62.74189655837522,80.26161937830267,57.026574837493726,38.015443017281456,28.949103697937936,36.274241404534855
2026-09-28 06:00:00,EP182026,0,2026-10-03 06:00:00,5 days 00:00:00,120,19.16,-111.6,982.6,65.4,9.551013393429963,119.82237858446456,113.51749242261916,112.90767707095306,122.6350820438378,48.375693869948414,42.76814503339681,35.703816016293594,44.4772209949689,13.956476513425308,12.35713498105115,10.84745134501252,11.783039736690917
2026-09-28 06:00:00,EP182026,0,2026-10-03 12:00:00,5 days 06:00:00,126,19.08,-112.01,974.9,81.0,45.82763724144481,160.97833027460845,126.79880845622466,112.55515178108126,150.75044905545178,72.668897414733,61.242739970167264,45.9886723286636,64.87096402382335,45.82763724144481,27.187550559978305,19.692523381201735,26.933559430571236
2026-09-28 06:00:00,EP182026,0,2026-10-03 18:00:00,5 days 12:00:00,132,18.97,-112.8,974.2,76.5,26.213302398378687,142.6818184635698,117.24557720399912,117.1617631885274,142.1832828284688,76.13320533767808,64.76926909398878,51.77497131963702,68.09199038911424,36.82903343993616,31.60194037432649,25.49476785615508,30.676099776937008
2026-09-28 06:00:00,EP182026,0,2026-10-04 00:00:00,5 days 18:00:00,138,18.96,-113.09,980.3,66.9,30.642622707252457,153.8501820800185,137.50168361989233,118.84071916700526,143.28560158227492,78.61181522286984,69.34951299988734,54.08394694845802,66.97538443076394,36.629285649290495,32.662739761270814,25.79782150448088,30.882162970819067
2026-09-28 06:00:00,EP182026,0,2026-10-04 06:00:00,6 days 00:00:00,144,19.12,-113.26,986.4,58.8,45.93816591948136,359.34474976099017,352.4067762552004,296.523992591387,329.1772103371877,45.93816591948136,3.3425173025217543,0.0,9.08177650648352,0.0,0.0,0.0,0.0
2026-09-28 06:00:00,EP182026,0,2026-10-04 12:00:00,6 days 06:00:00,150,19.05,-113.67,979.7,69.4,30.103920031702003,177.9841288894309,135.8827022130904,124.85072355573186,149.3196581588386,79.20416314495527,70.15031251072193,58.04803479024383,67.78093510082356,39.37868223866219,35.76416708297435,29.108132615346666,33.12337159923035
2026-09-28 06:00:00,EP182026,0,2026-10-04 18:00:00,6 days 12:00:00,156,19.04,-114.25,985.7,65.5,25.377086620918508,147.16292676674632,117.2198476509754,98.13420323602344,135.80909750698183,66.26998290743147,53.222860851785946,37.78604600476801,56.57452516247678,29.1415139327484,24.100340761144952,17.68774287793671,24.12958351530349
2026-09-28 06:00:00,EP182026,0,2026-10-05 00:00:00,6 days 18:00:00,162,19.13,-114.73,975.8,81.1,9.502669045342104,124.23115876010776,104.975688970302,94.36254736554557,116.5056473753383,65.51436848282601,55.33241394694501,43.444549589161,57.61233964357416,31.609037468456776,27.495234266724893,22.209550947445678,26.91303212319238
2026-09-28 06:00:00,EP182026,0,2026-10-05 06:00:00,7 days 00:00:00,168,19.21,-115.36,986.8,66.7,13.302105430094064,138.94888305613762,107.53686645779617,101.01783677843537,133.23011156583513,65.49294474685463,52.734491630102525,40.78770387917941,57.45818054118182,29.971882496277107,24.89000342581745,18.784216914759423,24.9189871107851
2026-09-28 06:00:00,EP182026,0,2026-10-05 12:00:00,7 days 06:00:00,174,19.22,-115.94,966.5,84.6,11.429087233509106,102.09831530686785,79.123630411698,91.31169248569432,112.7818426002274,53.70756602584648,45.18767297676279,36.11043772580216,48.93094441377114,25.973130435010347,22.49508563648788,17.64307963932616,21.84662678584596
2026-09-28 06:00:00,EP182026,0,2026-10-05 18:00:00,7 days 12:00:00,180,18.91,-116.4,960.3,94.0,17.057878591843146,86.032128316188,74.78211471333007,92.2602971858428,112.56727110578304,33.15705238405399,24.22440871820597,26.58528355251272,33.12653895070699,18.45729593231882,16.587628861027273,15.326811607284508,17.542902219642833
2026-09-28 06:00:00,EP182026,0,2026-10-06 00:00:00,7 days 18:00:00,186,19.18,-117.19,970.4,86.2,6.277587633804387,129.69219421090247,109.14096550659542,96.7819120477543,133.47510747682554,60.99927461930224,47.12989193195199,31.474246956869592,52.31607443576877,27.087308259343672,20.91040855304584,14.614685086919224,21.51917232626215
2026-09-28 06:00:00,EP182026,0,2026-10-06 06:00:00,8 days 00:00:00,192,18.84,-117.81,948.9,115.2,1.111888546917701,184.84919388562,143.13569881488496,122.16438044677597,180.7447731609903,100.043482602471,82.01961943772257,68.60781763263273,89.86052432093206,52.60898348816562,44.98047742851364,38.55365962181413,46.96622826939572
2026-09-28 06:00:00,EP182026,0,2026-10-06 12:00:00,8 days 06:00:00,198,19.21,-118.67,953.4,111.1,31.766887586104104,144.88286944741208,102.36066387735112,99.21103208895532,139.89463042184855,81.81734483233612,62.77092477018069,53.13106796177041,74.0949275970646,45.588413804052905,37.17521420491038,32.65121334137115,41.40123038745993
2026-09-28 06:00:00,EP182026,0,2026-10-06 18:00:00,8 days 12:00:00,204,19.08,-119.16,940.7,125.5,4.295995982748556,85.37832101047404,54.17525137279264,68.59939840059937,90.6687714618206,4.103349762251181,0.7498893799300286,1.5190994163072704,10.936826914901392,4.066894444800544,0.7498893799300286,1.5190994163072704,4.3994353800323935
2026-09-28 06:00:00,EP182026,0,2026-10-07 00:00:00,8 days 18:00:00,210,18.98,-119.5,937.5,121.8,3.5025985112023346,208.5674848752122,177.80128994228397,155.43540431083636,192.4356685547695,102.12138549126864,81.87709597732479,70.04380248432619,93.01223002513863,57.09715873817375,48.90041688196488,40.483693621507086,50.80709314876031
2026-09-28 06:00:00,EP182026,0,2026-10-07 06:00:00,9 days 00:00:00,216,19.49,-120.22,946.6,119.2,8.684653307119106,127.21478340044212,84.29730747663325,71.65513366042057,127.16302247829584,68.35239447819214,45.970197494025456,36.99004337815174,62.42905423261908,36.935736069409415,29.11010017809639,25.422312117195705,34.4718889375782
2026-09-28 06:00:00,EP182026,0,2026-10-07 12:00:00,9 days 06:00:00,222,19.59,-120.91,951.0,106.5,10.49952289837423,137.928498617487,121.69019613729714,116.05194369091129,134.532283383232,70.84142191486114,59.29968978864656,50.9815376708136,65.18930608617266,38.53332457181321,33.80920911281635,27.82530715856899,34.06464967646222
2026-09-28 06:00:00,EP182026,0,2026-10-07 18:00:00,9 days 12:00:00,228,19.83,-121.6,956.3,97.6,20.70806937437583,132.51177465771383,117.73247401308176,113.43493171546572,130.1922303168938,71.60154081381229,58.58154304681237,52.64532259795226,67.82202898641836,40.193491042107055,34.522114955253,29.8313433561765,35.804218759978866
2026-09-28 06:00:00,EP182026,0,2026-10-08 00:00:00,9 days 18:00:00,234,20.14,-122.44,941.6,119.6,22.34689830739947,126.48260920918054,94.79808090331152,77.11784557487385,113.92515115835248,22.34689830739947,0.5155423964282146,0.4644537514766025,22.34689830739947,3.7388572367790993,0.4173128139634743,0.4644537514766025,22.34689830739947
2026-09-28 06:00:00,EP182026,0,2026-10-08 06:00:00,10 days 00:00:00,240,20.07,-123.09,960.5,99.7,6.557242724751683,211.20202886138745,156.19136632992107,141.79479273701548,195.43520503883295,106.1422442805808,88.88511611592753,76.48315691747791,95.57613729039193,57.16939993548839,48.395268545232426,40.243590278267085,50.66114583420824
2026-09-28 06:00:00,EP182026,0,2026-10-08 12:00:00,10 days 06:00:00,246,20.29,-123.95,961.0,102.3,0.0,132.27058617696775,121.2149068996564,107.04913633189835,140.1690970848631,73.23526838036196,59.51104471946155,50.01144186342822,64.16733021932896,37.37246494281544,32.14574951298596,26.011228602940605,32.728305614934186
2026-09-28 06:00:00,EP182026,0,2026-10-08 18:00:00,10 days 12:00:00,252,20.34,-124.52,969.6,91.5,10.649739207784528,97.48967643553031,77.46232404881935,68.30071628224542,102.50176007619592,46.81487282776942,33.9386389782494,27.119827158665736,44.6099813977123,23.51720830678634,18.22097297874737,14.718606550180098,19.784161542372303
2026-09-28 06:00:00,EP182026,0,2026-10-09 00:00:00,10 days 18:00:00,258,20.35,-124.77,968.5,89.0,0.1357254257438214,145.44666664396374,136.01480643597705,115.32098697294548,122.09146082081963,73.0626705772464,66.8919291414419,54.04167040830635,62.90183092062673,37.0371299172475,34.25125295857707,28.129776781564612,31.709787118566588
2026-09-28 06:00:00,EP182026,0,2026-10-09 06:00:00,11 days 00:00:00,264,20.58,-125.01,978.7,74.3,25.368544306135448,177.7516998313675,155.82133596656593,112.69425581725449,150.39871926233167,96.41930906221596,84.70564735683394,65.72252911351876,80.58429702730072,46.12149036717585,41.055827577638894,33.54511475847124,39.12454316988576
2026-09-28 06:00:00,EP182026,0,2026-10-09 12:00:00,11 days 06:00:00,270,21.11,-125.17,980.1,63.4,20.06416967270063,132.80207838897556,120.43282247270602,106.51740671479033,123.4089112780415,72.97018511543119,68.33369398689442,54.19140111455504,62.20460416389511,0.0,0.0,0.0,0.0
2026-09-28 06:00:00,EP182026,0,2026-10-09 18:00:00,11 days 12:00:00,276,21.75,-125.33,985.7,63.3,27.32810930440983,167.37010486284802,169.34114075959602,113.38441911994224,129.19330345639355,84.39823748751279,73.9501672942207,51.18374311667434,62.99398979191839,0.0,0.0,0.0,0.0
2026-09-28 06:00:00,EP182026,0,2026-10-10 00:00:00,11 days 18:00:00,282,21.72,-125.26,991.9,49.2,35.86137405437442,114.13728243169388,122.9817602430521,89.01584804149616,96.42082816676324,0.0,0.0,0.0,0.0,0.0,0.0,0.0,0.0
2026-09-28 06:00:00,EP182026,0,2026-10-10 06:00:00,12 days 00:00:00,288,22.05,-125.2,992.4,46.7,40.20967476897067,183.62694425749575,182.29738381215063,140.65734930193685,148.19834003431333,0.0,0.0,0.0,0.0,0.0,0.0,0.0,0.0
2026-09-28 06:00:00,EP182026,0,2026-10-10 12:00:00,12 days 06:00:00,294,22.34,-125.04,1001.6,34.8,44.66178071566776,68.14848366163648,62.09444677003248,39.13488242501663,44.08542328603824,0.0,0.0,0.0,0.0,0.0,0.0,0.0,0.0
2026-09-28 06:00:00,EP182026,0,2026-10-10 18:00:00,12 days 12:00:00,300,22.42,-125.06,1001.3,31.0,42.31444840127301,0.0,0.0,0.0,0.0,0.0,0.0,0.0,0.0,0.0,0.0,0.0,0.0
2026-09-28 06:00:00,EP182026,0,2026-10-11 00:00:00,12 days 18:00:00,306,22.72,-124.9,1004.1,26.5,117.3700157185174,0.0,0.0,0.0,0.0,0.0,0.0,0.0,0.0,0.0,0.0,0.0,0.0
2026-09-28 06:00:00,EP182026,0,2026-10-11 06:00:00,13 days 00:00:00,312,22.63,-125.57,1001.6,26.1,60.54071397630833,0.0,0.0,0.0,0.0,0.0,0.0,0.0,0.0,0.0,0.0,0.0,0.0
2026-09-28 06:00:00,EP182026,0,2026-10-11 12:00:00,13 days 06:00:00,318,23.04,-126.05,1002.8,23.9,84.26859870140413,0.0,0.0,0.0,0.0,0.0,0.0,0.0,0.0,0.0,0.0,0.0,0.0
2026-09-28 06:00:00,EP182026,0,2026-10-11 18:00:00,13 days 12:00:00,324,23.06,-126.76,1004.2,25.7,104.29571591088768,0.0,0.0,0.0,0.0,0.0,0.0,0.0,0.0,0.0,0.0,0.0,0.0
2026-09-28 06:00:00,EP182026,0,2026-10-12 00:00:00,13 days 18:00:00,330,23.07,-127.65,1004.3,21.9,59.94857190123435,0.0,0.0,0.0,0.0,0.0,0.0,0.0,0.0,0.0,0.0,0.0,0.0
2026-09-28 06:00:00,EP182026,0,2026-10-12 06:00:00,14 days 00:00:00,336,23.36,-128.68,1004.6,25.3,69.46494652023163,0.0,0.0,0.0,0.0,0.0,0.0,0.0,0.0,0.0,0.0,0.0,0.0
2026-09-28 06:00:00,EP182026,0,2026-10-12 12:00:00,14 days 06:00:00,342,23.83,-129.93,1008.1,21.7,127.72475553193516,0.0,0.0,0.0,0.0,0.0,0.0,0.0,0.0,0.0,0.0,0.0,0.0
2026-09-28 06:00:00,EP182026,0,2026-10-12 18:00:00,14 days 12:00:00,348,24.97,-130.83,1009.0,17.6,64.50633942557829,0.0,0.0,0.0,0.0,0.0,0.0,0.0,0.0,0.0,0.0,0.0,0.0
2026-09-28 06:00:00,EP912026(3),0,2026-09-28 06:00:00,0 days 00:00:00,0,12.7,-136.6,1005.0,29.0,93.0,0.0,0.0,0.0,0.0,0.0,0.0,0.0,0.0,0.0,0.0,0.0,0.0
2026-09-28 06:00:00,WP252026,0,2026-09-28 06:00:00,0 days 00:00:00,0,27.5,131.6,954.0,99.0,9.0,148.0,158.0,148.0,121.0,,,,,,,,
2026-09-28 06:00:00,WP252026,0,2026-09-28 12:00:00,0 days 06:00:00,6,27.76,132.5,981.7,57.3,33.20974854228837,180.9828939454796,219.23819840482383,175.377553630473,151.36304524076658,66.67227985583159,74.97800869963496,57.46613033900937,51.100869016486,0.0,0.0,0.0,0.0
2026-09-28 06:00:00,WP252026,0,2026-09-28 18:00:00,0 days 12:00:00,12,28.19,133.15,982.3,56.2,68.41596159100229,118.46456755023146,127.19715297690152,96.62943066303666,82.87418970234805,0.0209656603807815,68.41596159100229,0.6832230966780966,0.0,0.0,0.0,0.0,0.0
2026-09-28 06:00:00,WP252026,0,2026-09-29 00:00:00,0 days 18:00:00,18,28.34,134.01,988.9,56.5,26.27499368255668,183.16703983491237,193.3154942868568,155.35982078894506,157.32160592496703,9.071322817685012,26.27499368255668,7.642471523132457,5.2610577369357845,0.0,0.0,0.0,0.0
2026-09-28 06:00:00,WP252026,0,2026-09-29 06:00:00,1 days 00:00:00,24,28.61,134.99,992.7,45.0,57.46997314359504,173.89761178419656,184.36344697093443,152.8251678407621,146.41031316826945,0.0,0.0,0.0,0.0,0.0,0.0,0.0,0.0
2026-09-28 06:00:00,WP252026,0,2026-09-29 12:00:00,1 days 06:00:00,30,28.74,135.74,998.7,39.4,123.71165730763732,123.71165730763732,72.03592457753905,60.96347328232929,58.92482307728996,0.0,0.0,0.0,0.0,0.0,0.0,0.0,0.0
2026-09-28 06:00:00,WP252026,0,2026-09-29 18:00:00,1 days 12:00:00,36,29.65,136.51,994.8,38.2,36.03437717868569,37.05920382476013,36.202388129138086,20.295181286120243,20.39589707526944,0.0,0.0,0.0,0.0,0.0,0.0,0.0,0.0
2026-09-28 06:00:00,WP252026,0,2026-09-30 00:00:00,1 days 18:00:00,42,30.08,137.63,1000.7,32.2,109.09991779097942,0.0,0.0,0.0,0.0,0.0,0.0,0.0,0.0,0.0,0.0,0.0,0.0
2026-09-28 06:00:00,WP252026,0,2026-09-30 06:00:00,2 days 00:00:00,48,30.63,138.47,999.3,36.9,50.89348050811083,1.4030339117076664,50.89348050811083,0.3399943830802385,0.0,0.0,0.0,0.0,0.0,0.0,0.0,0.0,0.0
2026-09-28 06:00:00,WP252026,0,2026-09-30 12:00:00,2 days 06:00:00,54,31.48,139.13,998.9,28.0,68.34523362596497,0.0,0.0,0.0,0.0,0.0,0.0,0.0,0.0,0.0,0.0,0.0,0.0
2026-09-28 06:00:00,WP252026,0,2026-09-30 18:00:00,2 days 12:00:00,60,32.29,139.23,1000.7,33.9,149.85405757728873,0.0,0.0,0.0,0.0,0.0,0.0,0.0,0.0,0.0,0.0,0.0,0.0
2026-09-28 06:00:00,WP252026,0,2026-10-01 00:00:00,2 days 18:00:00,66,33.33,140.49,1000.2,33.6,115.83975810252358,0.0,0.0,0.0,0.0,0.0,0.0,0.0,0.0,0.0,0.0,0.0,0.0
2026-09-28 06:00:00,WP252026,0,2026-10-01 06:00:00,3 days 00:00:00,72,34.47,141.58,999.4,32.6,123.66918719736807,0.0,0.0,0.0,0.0,0.0,0.0,0.0,0.0,0.0,0.0,0.0,0.0
2026-09-28 06:00:00,WP252026,0,2026-10-01 12:00:00,3 days 06:00:00,78,35.69,144.31,1001.1,29.5,76.9282609461986,0.0,0.0,0.0,0.0,0.0,0.0,0.0,0.0,0.0,0.0,0.0,0.0
2026-09-28 06:00:00,WP922026(4),0,2026-09-28 06:00:00,0 days 00:00:00,0,16.4,97.6,1001.0,29.0,64.0,0.0,0.0,0.0,0.0,0.0,0.0,0.0,0.0,0.0,0.0,0.0,0.0
2026-09-28 06:00:00,WP922026(4),0,2026-09-28 12:00:00,0 days 06:00:00,6,17.57,97.44,1005.0,26.8,94.38018041916683,0.0,0.0,0.0,0.0,0.0,0.0,0.0,0.0,0.0,0.0,0.0,0.0
2026-09-28 06:00:00,WP922026(4),0,2026-09-28 18:00:00,0 days 12:00:00,12,18.8,96.7,1004.8,24.3,70.24138338529518,0.0,0.0,0.0,0.0,0.0,0.0,0.0,0.0,0.0,0.0,0.0,0.0
2026-09-28 06:00:00,WP922026(4),0,2026-09-29 00:00:00,0 days 18:00:00,18,20.4,95.47,1004.3,18.2,55.67438701883478,0.0,0.0,0.0,0.0,0.0,0.0,0.0,0.0,0.0,0.0,0.0,0.0
2026-09-28 06:00:00,17,1,2026-10-06 00:00:00,7 days 18:00:00,186,9.15,166.11,999.5,28.5,55.57650471163227,0.0,0.0,0.0,0.0,0.0,0.0,0.0,0.0,0.0,0.0,0.0,0.0
2026-09-28 06:00:00,17,1,2026-10-06 06:00:00,8 days 00:00:00,192,10.13,166.57,1007.4,18.6,99.88145417086572,0.0,0.0,0.0,0.0,0.0,0.0,0.0,0.0,0.0,0.0,0.0,0.0
2026-09-28 06:00:00,17,1,2026-10-06 12:00:00,8 days 06:00:00,198,12.35,164.88,1002.7,31.4,182.13497546616756,0.0,0.0,0.0,0.0,0.0,0.0,0.0,0.0,0.0,0.0,0.0,0.0
2026-09-28 06:00:00,17,1,2026-10-06 18:00:00,8 days 12:00:00,204,13.76,164.32,1003.0,33.0,153.08029172932976,0.0,0.0,0.0,0.0,0.0,0.0,0.0,0.0,0.0,0.0,0.0,0.0
2026-09-28 06:00:00,17,1,2026-10-07 00:00:00,8 days 18:00:00,210,14.87,162.93,991.4,47.0,58.11457323099856,200.4472519251295,167.73659542735928,134.20872275096988,160.41244678468405,0.0,0.0,0.0,0.0,0.0,0.0,0.0,0.0
2026-09-28 06:00:00,17,1,2026-10-07 06:00:00,9 days 00:00:00,216,15.95,161.32,995.3,42.6,70.43352983809314,190.98491860984828,158.5076161312719,124.02826946045856,157.12399298059398,0.0,0.0,0.0,0.0,0.0,0.0,0.0,0.0
2026-09-28 06:00:00,17,1,2026-10-07 12:00:00,9 days 06:00:00,222,16.62,159.83,990.8,54.6,28.262421203141542,224.9479958874425,184.15687701630543,132.41623550654705,187.7400333000628,49.789807929092206,37.115547226447234,22.11553599960874,36.97894915032063,0.0,0.0,0.0,0.0
2026-09-28 06:00:00,17,1,2026-10-07 18:00:00,9 days 12:00:00,228,17.52,157.82,994.0,54.2,53.09940592434328,245.95515354606792,203.29338558671128,149.69492366080902,206.3130773111247,53.09940592434328,38.443344212418666,24.620819920626968,38.18670501216311,0.0,0.0,0.0,0.0
2026-09-28 06:00:00,17,1,2026-10-08 00:00:00,9 days 18:00:00,234,18.52,155.92,992.5,57.0,54.66682813803595,170.92050749864728,142.22103146541275,109.00573032931236,142.79926075553084,54.66682813803595,9.996134086753214,5.006111535482788,12.277895970194574,0.0,0.0,0.0,0.0
2026-09-28 06:00:00,17,1,2026-10-08 06:00:00,10 days 00:00:00,240,18.75,154.01,992.4,50.5,79.30733598562304,176.43487745468488,149.3966047656553,117.87520895223967,147.74342841735677,79.30733598562304,32.583532277090306,18.10907251783188,33.13146492877313,0.0,0.0,0.0,0.0
2026-09-28 06:00:00,17,1,2026-10-08 12:00:00,10 days 06:00:00,246,19.26,151.84,989.2,53.9,33.52288112477004,256.6707703187808,217.68272362896369,183.0675208779562,225.7354461991772,57.59439849164062,41.030509354997776,27.669100469176783,46.08518051792919,0.0,0.0,0.0,0.0
2026-09-28 06:00:00,17,1,2026-10-08 18:00:00,10 days 12:00:00,252,19.43,150.73,987.1,64.3,67.9044777046934,362.22140795997234,318.1930292158946,251.06863356075155,298.240498209699,93.00084840660116,74.16406684379072,48.60690410841583,69.6716491231771,67.9044777046934,0.0,0.0,0.0
2026-09-28 06:00:00,17,1,2026-10-09 00:00:00,10 days 18:00:00,258,20.03,149.41,984.7,62.9,70.73922137321841,257.66949799387174,215.96618562530412,152.44719050892746,205.3069751897996,70.73922137321841,34.079135771174336,19.013941679122468,35.98400607613276,0.0,0.0,0.0,0.0
2026-09-28 06:00:00,17,1,2026-10-09 06:00:00,11 days 00:00:00,264,20.22,148.24,982.6,65.5,34.208727946785935,286.74352000012084,238.7797503248167,191.342739250896,236.82312241040924,90.73224745541528,69.89714426650453,51.448781415378335,71.37251960357196,34.208727946785935,12.620937801841436,9.030583236133523,13.140898419027042
2026-09-28 06:00:00,17,1,2026-10-09 12:00:00,11 days 06:00:00,270,20.75,146.79,977.0,79.4,28.83448451743644,238.03102804973173,182.6881024307129,126.54081650894136,187.6631552830977,66.74626950182113,45.117955396442994,28.189339175869407,51.35300280616684,28.83448451743644,11.53759865171594,7.712240983315201,13.55107859156628
2026-09-28 06:00:00,17,1,2026-10-09 18:00:00,11 days 12:00:00,276,21.37,145.79,973.1,74.2,40.80677234701375,255.73802971357784,190.8130092272613,135.53563450657566,216.19681314968875,111.37454828065712,83.39611797211683,62.185227665044295,92.17348147735402,44.958762857756255,36.06708536234214,27.989455741538336,39.24781584880202
2026-09-28 06:00:00,17,1,2026-10-10 00:00:00,11 days 18:00:00,282,22.0,144.5,968.2,78.6,40.54293561582739,305.1464824331397,241.4596513670612,175.87283803507196,240.8221657717387,105.1235968860291,82.01934265232565,55.90625966023212,81.35147040751576,40.54293561582739,24.778648530469507,17.455861245394175,25.989763940626624
2026-09-28 06:00:00,17,1,2026-10-10 06:00:00,12 days 00:00:00,288,22.97,143.4,947.1,105.9,16.876096894743796,281.12327880470195,236.77230023564977,150.73556696323806,221.154411615745,48.48118488544381,30.214498712372823,8.7521875872383,31.39006891853448,16.876096894743796,1.367971633705474,0.0,5.072930559314187
2026-09-28 06:00:00,17,1,2026-10-10 12:00:00,12 days 06:00:00,294,23.8,142.54,940.7,115.5,10.159479352437558,323.7595623033253,284.13080449691074,212.44775246902395,266.49766155661314,87.14620676223149,67.39955911961204,44.19672662261684,69.90846301312291,36.93745128101358,28.744424120451555,20.73615761464302,31.209152590650945
2026-09-28 06:00:00,17,1,2026-10-10 18:00:00,12 days 12:00:00,300,24.48,142.0,944.9,101.7,13.556096204740236,289.1325952542932,265.3692186859107,175.59715523024047,226.2782307977076,90.4103621348124,71.95775952183597,41.59634048375091,66.43040020320461,33.513685327554256,27.06111742906375,19.138593141577275,28.626962041238716
2026-09-28 06:00:00,17,1,2026-10-11 00:00:00,12 days 18:00:00,306,25.53,141.87,951.9,94.1,14.007971199745018,250.23164062371703,229.4342204049008,150.12626013876894,183.6118703920376,129.95039265363442,121.3933564421211,86.57834437793865,100.86656691892073,80.25318554704545,73.70374586599455,57.87297453542596,65.47280056053883
2026-09-28 06:00:00,17,1,2026-10-11 06:00:00,13 days 00:00:00,312,26.77,142.55,953.9,97.1,0.644337268120097,229.4130806692375,249.1586763761084,164.3380485217915,169.1961884232078,75.51014745396742,77.92359000506372,45.85283668156498,50.69446770367762,37.68568784192343,34.681014156928654,26.796006867115125,29.14701516228249
2026-09-28 06:00:00,17,1,2026-10-11 12:00:00,13 days 06:00:00,318,28.35,143.11,966.4,82.6,27.206143225479597,265.8039595585305,276.0822293489928,203.65444839059592,200.7683735424298,92.48841138186911,99.31380554971088,69.47556151512748,69.34886645981976,32.73971417009312,32.472107512386515,23.81114988937404,25.738368074811405
2026-09-28 06:00:00,17,1,2026-10-11 18:00:00,13 days 12:00:00,324,30.06,144.14,968.2,76.1,53.89008532170432,303.2645980003489,327.1137527299004,241.54770641215583,221.31351588433387,71.58672405920876,80.70397811732758,50.629636484951455,46.883126108357935,9.715052660025734,53.89008532170432,7.406591734073872,5.295217400118521
2026-09-28 06:00:00,17,1,2026-10-12 00:00:00,13 days 18:00:00,330,31.55,146.13,973.7,67.6,23.164037063153224,113.68470726096793,142.81796787557616,103.91009304913906,70.51174655249689,23.164037063153224,23.164037063153224,5.313887403505035,0.0,23.164037063153224,0.1070404283413966,0.0,0.0
2026-09-28 06:00:00,17,1,2026-10-12 06:00:00,14 days 00:00:00,336,33.41,148.59,980.9,55.6,40.7317063586586,78.87973682040635,100.4137495611903,57.05374599575176,39.626859594512425,0.992553028912778,40.7317063586586,2.4877165510619803,0.0,0.0,0.0,0.0,0.0
2026-09-28 06:00:00,17,1,2026-10-12 12:00:00,14 days 06:00:00,342,35.55,153.35,982.3,53.3,51.19312033213437,230.1737527474041,259.54010681492366,201.6793518918018,181.68308529796624,40.41717166426794,51.19312033213437,30.91728653488929,27.23192440780844,0.0,0.0,0.0,0.0
2026-09-28 06:00:00,17,1,2026-10-12 18:00:00,14 days 12:00:00,348,37.92,158.08,983.8,52.7,86.57260974576761,219.60338597036892,257.1780343667353,194.9290950944711,177.15914207419496,34.29990460099131,86.57260974576761,31.84570620625881,26.734645128611746,0.0,0.0,0.0,0.0
2026-09-28 06:00:00,20,1,2026-10-08 18:00:00,10 days 12:00:00,252,12.71,-97.66,1001.8,28.1,105.90004936449012,0.0,0.0,0.0,0.0,0.0,0.0,0.0,0.0,0.0,0.0,0.0,0.0
2026-09-28 06:00:00,20,1,2026-10-09 00:00:00,10 days 18:00:00,258,12.44,-99.07,1006.3,23.2,118.12272737016104,0.0,0.0,0.0,0.0,0.0,0.0,0.0,0.0,0.0,0.0,0.0,0.0
2026-09-28 06:00:00,20,1,2026-10-09 06:00:00,11 days 00:00:00,264,12.75,-99.05,1005.1,23.2,79.74407862983162,0.0,0.0,0.0,0.0,0.0,0.0,0.0,0.0,0.0,0.0,0.0,0.0
2026-09-28 06:00:00,20,1,2026-10-09 12:00:00,11 days 06:00:00,270,13.09,-99.74,1003.6,25.2,112.13529686824296,0.0,0.0,0.0,0.0,0.0,0.0,0.0,0.0,0.0,0.0,0.0,0.0
2026-09-28 06:00:00,20,1,2026-10-09 18:00:00,11 days 12:00:00,276,12.94,-98.9,1004.2,20.0,109.34632212085975,0.0,0.0,0.0,0.0,0.0,0.0,0.0,0.0,0.0,0.0,0.0,0.0
2026-09-28 06:00:00,20,1,2026-10-10 00:00:00,11 days 18:00:00,282,13.15,-99.02,1001.9,31.8,128.6435651591447,0.0,0.0,0.0,0.0,0.0,0.0,0.0,0.0,0.0,0.0,0.0,0.0
2026-09-28 06:00:00,20,1,2026-10-10 06:00:00,12 days 00:00:00,288,13.6,-99.09,1004.8,27.7,112.24736165063244,0.0,0.0,0.0,0.0,0.0,0.0,0.0,0.0,0.0,0.0,0.0,0.0
2026-09-28 06:00:00,20,1,2026-10-10 12:00:00,12 days 06:00:00,294,13.97,-98.81,1003.1,31.2,109.8485240631411,0.0,0.0,0.0,0.0,0.0,0.0,0.0,0.0,0.0,0.0,0.0,0.0
2026-09-28 06:00:00,20,1,2026-10-10 18:00:00,12 days 12:00:00,300,14.04,-99.49,1004.2,31.6,105.07921319898814,0.0,0.0,0.0,0.0,0.0,0.0,0.0,0.0,0.0,0.0,0.0,0.0
2026-09-28 06:00:00,20,1,2026-10-11 00:00:00,12 days 18:00:00,306,14.29,-99.81,1001.5,32.6,137.2588040885776,0.0,0.0,0.0,0.0,0.0,0.0,0.0,0.0,0.0,0.0,0.0,0.0
2026-09-28 06:00:00,20,1,2026-10-11 06:00:00,13 days 00:00:00,312,14.6,-100.69,1000.6,34.6,125.5664000262629,125.5664000262629,0.0,0.0,0.0,0.0,0.0,0.0,0.0,0.0,0.0,0.0,0.0
2026-09-28 06:00:00,20,1,2026-10-11 12:00:00,13 days 06:00:00,318,14.77,-101.02,999.1,39.2,76.50572276790462,76.50572276790462,1.3672420507102565,1.0854527957466935,1.7022998084857974,0.0,0.0,0.0,0.0,0.0,0.0,0.0,0.0
2026-09-28 06:00:00,20,1,2026-10-11 18:00:00,13 days 12:00:00,324,15.25,-101.74,996.9,45.1,41.830422306559,62.247764603459615,44.0144674091286,27.57750281272676,50.800163895036405,0.0,0.0,0.0,0.0,0.0,0.0,0.0,0.0
2026-09-28 06:00:00,20,1,2026-10-12 00:00:00,13 days 18:00:00,330,15.8,-102.84,999.2,47.0,36.83168348706749,88.22883994067502,65.52497185485072,41.00500479951791,64.64125709656173,0.0,0.0,0.0,0.0,0.0,0.0,0.0,0.0
2026-09-28 06:00:00,20,1,2026-10-12 06:00:00,14 days 00:00:00,336,16.5,-103.52,992.7,50.8,33.03818247837475,115.69189185083212,87.99654018262356,70.22758485400425,98.9097468400986,33.03818247837475,6.216084103746635,2.608621523702311,8.874829495129113,0.0,0.0,0.0,0.0
2026-09-28 06:00:00,20,1,2026-10-12 12:00:00,14 days 06:00:00,342,17.27,-104.39,985.8,73.7,10.841967154654585,147.20342798256434,122.0406867988243,97.10059364695176,132.16077161186354,59.35291687164556,45.95090682704902,32.40632748711485,47.25650724803847,20.448054987676954,15.84102224067222,11.876895500374738,17.508194085415933
2026-09-28 06:00:00,20,1,2026-10-12 18:00:00,14 days 12:00:00,348,18.23,-105.34,980.7,73.6,56.79016936122021,147.37701681190265,124.52808638344628,101.57143244945256,138.29970298619787,56.79016936122021,38.49967148251194,30.212531279086395,39.44483836326416,56.79016936122021,14.834978298884408,11.030779784674287,15.399137127657117
2026-09-28 06:00:00,20,1,2026-10-13 00:00:00,14 days 18:00:00,354,19.45,-106.07,981.8,83.7,30.81113116272753,135.09271746347432,96.27837959862056,67.85385820554924,107.13898071876112,66.45186345411325,51.51078995810346,39.39990966028154,54.39417993794183,31.326898262029783,26.29273433384391,20.20131827111146,26.87615230016354
2026-09-28 06:00:00,20,1,2026-10-13 06:00:00,15 days 00:00:00,360,20.7,-106.39,982.6,77.1,62.83260645497756,106.22925754879388,96.82539298545854,53.12388700227682,85.35896249046664,62.83260645497756,0.8998027813542127,0.0,0.4891878555911915,62.83260645497756,0.0,0.0,0.0
2026-09-28 06:00:00,21,1,2026-10-08 18:00:00,10 days 12:00:00,252,12.26,113.16,1004.0,24.8,122.58124689236242,0.0,0.0,0.0,0.0,0.0,0.0,0.0,0.0,0.0,0.0,0.0,0.0
2026-09-28 06:00:00,21,1,2026-10-09 00:00:00,10 days 18:00:00,258,12.48,113.27,1006.9,26.2,171.8744533621247,0.0,0.0,0.0,0.0,0.0,0.0,0.0,0.0,0.0,0.0,0.0,0.0
2026-09-28 06:00:00,21,1,2026-10-09 06:00:00,11 days 00:00:00,264,12.47,111.9,1002.5,24.5,87.63312131805637,0.0,0.0,0.0,0.0,0.0,0.0,0.0,0.0,0.0,0.0,0.0,0.0
2026-09-28 06:00:00,21,1,2026-10-09 12:00:00,11 days 06:00:00,270,12.16,111.76,1005.0,23.8,96.7704869594184,0.0,0.0,0.0,0.0,0.0,0.0,0.0,0.0,0.0,0.0,0.0,0.0
2026-09-28 06:00:00,21,1,2026-10-09 18:00:00,11 days 12:00:00,276,12.46,111.11,1002.7,24.9,97.71762467552136,0.0,0.0,0.0,0.0,0.0,0.0,0.0,0.0,0.0,0.0,0.0,0.0
2026-09-28 06:00:00,21,1,2026-10-10 00:00:00,11 days 18:00:00,282,13.28,110.47,1001.4,29.8,129.4023313455308,0.0,0.0,0.0,0.0,0.0,0.0,0.0,0.0,0.0,0.0,0.0,0.0
2026-09-28 06:00:00,21,1,2026-10-10 06:00:00,12 days 00:00:00,288,13.7,109.8,1002.4,24.2,149.4252741804076,0.0,0.0,0.0,0.0,0.0,0.0,0.0,0.0,0.0,0.0,0.0,0.0
2026-09-28 06:00:00,21,1,2026-10-10 12:00:00,12 days 06:00:00,294,13.32,108.86,997.7,34.1,96.99460126577635,11.334456899330885,96.99460126577635,5.814529646150682,0.0,0.0,0.0,0.0,0.0,0.0,0.0,0.0,0.0
2026-09-28 06:00:00,21,1,2026-10-10 18:00:00,12 days 12:00:00,300,13.69,110.01,998.6,23.2,74.89986985918283,0.0,0.0,0.0,0.0,0.0,0.0,0.0,0.0,0.0,0.0,0.0,0.0
2026-09-28 06:00:00,21,1,2026-10-11 00:00:00,12 days 18:00:00,306,14.02,110.96,1006.1,18.2,152.33316056022795,0.0,0.0,0.0,0.0,0.0,0.0,0.0,0.0,0.0,0.0,0.0,0.0
2026-09-28 06:00:00,21,1,2026-10-11 06:00:00,13 days 00:00:00,312,13.56,109.04,1001.7,25.5,118.59944269592532,0.0,0.0,0.0,0.0,0.0,0.0,0.0,0.0,0.0,0.0,0.0,0.0
2026-09-28 06:00:00,21,1,2026-10-11 12:00:00,13 days 06:00:00,318,14.49,109.77,1004.7,19.9,110.7734546476214,0.0,0.0,0.0,0.0,0.0,0.0,0.0,0.0,0.0,0.0,0.0,0.0
2026-09-28 06:00:00,5,1,2026-09-29 00:00:00,0 days 18:00:00,18,16.02,154.4,1002.7,26.4,72.22023784119915,0.0,0.0,0.0,0.0,0.0,0.0,0.0,0.0,0.0,0.0,0.0,0.0
2026-09-28 06:00:00,5,1,2026-09-29 06:00:00,1 days 00:00:00,24,16.09,153.72,1004.6,26.8,59.87676317776382,0.0,0.0,0.0,0.0,0.0,0.0,0.0,0.0,0.0,0.0,0.0,0.0
2026-09-28 06:00:00,5,1,2026-09-29 12:00:00,1 days 06:00:00,30,16.63,153.05,1004.3,27.9,103.32521632417976,0.0,0.0,0.0,0.0,0.0,0.0,0.0,0.0,0.0,0.0,0.0,0.0
2026-09-28 06:00:00,5,1,2026-09-29 18:00:00,1 days 12:00:00,36,16.01,151.9,1001.1,27.4,87.82235798303196,0.0,0.0,0.0,0.0,0.0,0.0,0.0,0.0,0.0,0.0,0.0,0.0
2026-09-28 06:00:00,5,1,2026-09-30 00:00:00,1 days 18:00:00,42,16.03,151.45,1003.1,21.6,126.97714385559006,0.0,0.0,0.0,0.0,0.0,0.0,0.0,0.0,0.0,0.0,0.0,0.0
2026-09-28 06:00:00,5,1,2026-09-30 06:00:00,2 days 00:00:00,48,16.45,150.34,1002.5,27.2,79.14692739272935,0.0,0.0,0.0,0.0,0.0,0.0,0.0,0.0,0.0,0.0,0.0,0.0
2026-09-28 06:00:00,5,1,2026-09-30 12:00:00,2 days 06:00:00,54,16.62,149.44,997.8,32.8,61.09914166600018,0.0,0.0,0.0,0.0,0.0,0.0,0.0,0.0,0.0,0.0,0.0,0.0
2026-09-28 06:00:00,5,1,2026-09-30 18:00:00,2 days 12:00:00,60,16.67,148.59,990.9,50.5,49.27202372765078,86.7885877493412,69.97213739026036,59.69075630225306,74.13519277987547,49.27202372765078,0.041176628160414,0.0,2.2832426303914226,0.0,0.0,0.0,0.0
2026-09-28 06:00:00,5,1,2026-10-01 00:00:00,2 days 18:00:00,66,16.85,147.85,990.6,52.5,57.103224174642776,57.103224174642776,21.810857905568604,16.145700664596685,23.783446854096177,57.103224174642776,0.0,0.0,0.0,0.0,0.0,0.0,0.0
2026-09-28 06:00:00,5,1,2026-10-01 06:00:00,3 days 00:00:00,72,16.8,146.75,994.2,49.4,58.865959514883095,218.390574589045,188.78431237274168,158.5584974288861,193.21038566458907,0.0,0.0,0.0,0.0,0.0,0.0,0.0,0.0
2026-09-28 06:00:00,5,1,2026-10-01 12:00:00,3 days 06:00:00,78,16.58,145.86,983.4,62.7,67.99116252148025,94.72332369737876,77.92498599711831,68.48000277756978,81.2871740019691,0.0,0.0,0.0,67.99116252148025,0.0,0.0,0.0,0.0
2026-09-28 06:00:00,5,1,2026-10-01 18:00:00,3 days 12:00:00,84,16.55,145.14,976.6,67.4,51.30666804000165,403.8591362288422,366.4687529435786,325.4883237143006,368.9603884406976,147.4133114194588,125.70681428224056,96.47786486810264,120.28540443340732,51.30666804000165,13.342553436969386,8.328187745093796,14.336838331625575
2026-09-28 06:00:00,5,1,2026-10-02 00:00:00,3 days 18:00:00,90,16.84,144.82,965.9,82.5,21.68030665508371,276.61981781259897,269.8021542588443,215.56126668963952,228.36955425433095,100.7583516675607,91.24812013509168,69.3873618144323,82.0297037498031,25.922815382276283,23.72630526437493,18.64932230643987,22.204977954701786
2026-09-28 06:00:00,5,1,2026-10-02 06:00:00,4 days 00:00:00,96,17.02,144.7,949.7,95.7,22.761992667146696,241.0252848076272,217.0798523943725,168.82749062408914,191.0619878342406,83.70252534818678,70.81027829608806,53.52435286158298,67.84749234710392,32.74443162384097,28.27970057745536,22.110890359186584,28.10111926346061
2026-09-28 06:00:00,5,1,2026-10-02 12:00:00,4 days 06:00:00,102,17.5,144.79,935.9,108.7,42.48559739461705,324.06400057433166,314.2121165640871,266.20822822560865,261.92240409850353,165.4828579457639,161.5679227968619,135.26008213877586,142.90040019791087,82.09952222074466,78.34981406636336,65.08731406475695,69.24123320305257
2026-09-28 06:00:00,5,1,2026-10-02 18:00:00,4 days 12:00:00,108,18.05,144.63,944.3,118.3,11.034133099141386,323.73997544149427,319.84921528646043,235.74550221287927,256.60996208995505,167.70281992280235,160.88006464927145,130.51614761897315,141.60404074497075,100.55364382891143,95.11771751539194,78.84721029901479,85.89920582283449
2026-09-28 06:00:00,5,1,2026-10-03 00:00:00,4 days 18:00:00,114,18.85,144.61,933.2,115.8,31.061435477571774,321.42219106631376,322.6794787047513,270.09750344755025,253.24127697503516,60.89609739570129,61.55747034405678,48.96123275819575,46.85330732377267,22.454283798574973,31.061435477571774,19.50433835349038,18.801879904721
2026-09-28 06:00:00,5,1,2026-10-03 06:00:00,5 days 00:00:00,120,19.59,144.89,937.1,109.9,30.159522368475976,290.01263886881367,322.0245147796067,250.21614662767357,225.02119296422612,103.04680360941234,111.33944169285856,95.2827584749588,85.11765407129786,56.356174658925816,58.47291366329578,50.43813748497646,48.85422605723468
2026-09-28 06:00:00,5,1,2026-10-03 12:00:00,5 days 06:00:00,126,20.29,145.17,945.7,104.8,41.58430302835757,291.67847911749186,298.42310252016705,229.70626554960427,219.86783660280295,92.68626729332686,91.41040410222912,67.611756001858,70.36004272753576,38.34018806364054,41.58430302835757,31.09342047373616,30.962731447447965
2026-09-28 06:00:00,5,1,2026-10-03 18:00:00,5 days 12:00:00,132,20.96,145.63,935.1,107.7,22.019517939928352,294.3777671258315,345.65685921553074,269.254514449025,234.09284831278148,77.76784161655688,86.62378712206042,64.99694055469405,55.41520457461706,36.83227414110149,41.95506993432884,36.2587179259573,31.6416765057381
2026-09-28 06:00:00,5,1,2026-10-04 00:00:00,5 days 18:00:00,138,21.36,145.48,942.0,112.0,60.016135872232255,383.23791963671215,378.23997414723806,291.5349851525221,312.0704242541417,176.5443329814501,170.02941653897392,141.68575008684394,152.5826008871255,96.60347608000046,93.0236588309296,77.8443126108603,82.48674326895201
2026-09-28 06:00:00,5,1,2026-10-04 06:00:00,6 days 00:00:00,144,22.12,145.94,931.2,114.5,81.41420608725667,433.9459208166364,432.8952167718637,346.8051816390034,341.6546854511576,148.06767355702362,145.91575175358045,114.12548426477272,118.99173071992006,81.41420608725667,67.36667817262568,57.46894380365531,57.46852068071188
2026-09-28 06:00:00,5,1,2026-10-04 12:00:00,6 days 06:00:00,150,22.7,145.91,937.0,106.7,19.46557219907225,404.31145242299294,397.7436306375664,311.405614906885,334.85158982985865,214.04231991085797,215.11290654233187,185.405977364846,184.97238152666225,127.76985306030883,129.33550501130952,109.32459869113852,111.59418783975934
2026-09-28 06:00:00,5,1,2026-10-04 18:00:00,6 days 12:00:00,156,23.32,146.02,937.1,107.5,57.85513981502902,465.1762225834723,448.18069750739096,375.9084982010008,394.2155904875108,245.86512487074287,234.39539660650465,194.32583086680097,209.62244579520305,111.62165390895656,107.6874367505286,89.22089135785188,95.18281558910871
2026-09-28 06:00:00,5,1,2026-10-05 00:00:00,6 days 18:00:00,162,23.76,146.05,939.9,104.0,49.47543821585584,367.986123447164,368.2524342825029,295.40460598449255,286.97928505631853,188.5633936520324,195.29064672831376,166.84836833122728,168.3156334643192,102.69298828268964,99.15267937864618,84.08363727938665,87.36686988602777
2026-09-28 06:00:00,5,1,2026-10-05 06:00:00,7 days 00:00:00,168,24.5,146.28,940.3,102.2,39.04002589229086,488.04760182658543,518.9428111902696,446.6235603906083,429.25588971463617,292.78639624881487,317.4473358627073,283.20402240848153,260.82656424927654,157.5896098803877,168.09585871145117,144.75807810371998,138.82515792858663
2026-09-28 06:00:00,5,1,2026-10-05 12:00:00,7 days 06:00:00,174,25.3,146.47,943.7,95.2,72.43647870736075,367.958601417246,388.1306032664348,324.1835117887731,296.4294483979393,188.6159457146641,194.66647607316503,160.99243850509097,159.7933622700354,99.33929523168104,99.82419509790076,86.3012438705417,85.13206350113592
2026-09-28 06:00:00,5,1,2026-10-05 18:00:00,7 days 12:00:00,180,26.09,146.22,950.0,90.1,13.579738163562771,354.1433142440751,382.8852731517799,299.7950430331346,295.0209310106975,217.5126499573989,222.48548495038452,186.0973415712064,184.04811212788871,130.75175233188176,132.72485709936498,113.42081125027988,113.19571089174237
2026-09-28 06:00:00,5,1,2026-10-06 00:00:00,7 days 18:00:00,186,26.89,146.17,947.5,89.2,24.3138781573664,418.69984272784,422.51078356696246,337.89812608224355,358.0009350222327,200.5136711378718,196.5225612848565,166.44269652939886,169.86853458850803,103.160106023116,105.73287694293286,89.05234505330907,90.6596140247181
2026-09-28 06:00:00,5,1,2026-10-06 06:00:00,8 days 00:00:00,192,28.51,146.39,930.7,113.3,8.067844609908889,336.5588129830976,381.92577046403767,298.1366768128228,266.0076537334771,179.16033278306213,193.83819158597043,162.166684732269,153.00084358800814,114.39866017083295,115.68968377005694,99.4015795634648,97.9499625638332
2026-09-28 06:00:00,5,1,2026-10-06 12:00:00,8 days 06:00:00,198,29.93,146.63,933.5,108.1,47.52186731729081,291.27098884396344,317.57513057961023,233.55124837322188,205.98775187668105,100.26664004224416,103.20362535680842,75.38903882621099,74.64616946792339,49.37722470494033,48.40756466415248,38.5532821395866,39.74672712203147
2026-09-28 06:00:00,5,1,2026-10-06 18:00:00,8 days 12:00:00,204,31.96,147.11,943.8,101.8,43.3433323377987,363.2485025663112,415.0030672132237,317.0447687991772,289.29616008389564,194.62522542311643,211.44819650381447,173.09951675206335,161.64539697668323,105.16568198190151,109.4033988216248,91.0661904301064,89.50408092328965
2026-09-28 06:00:00,5,1,2026-10-07 00:00:00,8 days 18:00:00,210,34.49,148.09,962.4,77.4,8.498662565198572,274.51787220397483,330.2301729135572,234.0782894867069,195.45823857526744,48.63776822416341,59.438792874343605,32.80995061648432,26.1643674666502,1.7157899955192906,8.498662565198572,0.0,0.0
2026-09-28 06:00:00,5,1,2026-10-07 06:00:00,9 days 00:00:00,216,37.73,149.96,970.5,69.7,20.65503663078018,423.6706696950928,486.8307808101806,380.64467661712376,327.07850621739874,144.52560172778578,165.07843567652978,125.17984352499153,108.57569804100146,28.261442533246413,37.40926867405494,29.525563003819293,22.720708562478016
2026-09-28 06:00:00,5,1,2026-10-07 12:00:00,9 days 06:00:00,222,40.98,152.0,975.4,53.4,42.47262295668384,488.9164117046503,555.4782720881412,451.1311331781344,392.6338708669828,146.318595021668,175.7110831150335,139.8597163446966,113.7594875663426,0.0,0.0,0.0,0.0
2026-09-28 06:00:00,5,1,2026-10-07 18:00:00,9 days 12:00:00,228,44.32,154.96,977.0,54.4,160.95465444671544,154.95253989721266,190.85751396483963,133.65944985837,94.45633382341016,15.052196219733226,160.95465444671544,17.381128372779855,4.8315353976784206,0.0,0.0,0.0,0.0
2026-09-28 06:00:00,5,1,2026-10-08 00:00:00,9 days 18:00:00,234,46.89,156.99,978.3,46.7,224.4535704541507,17.54914999182394,224.4535704541507,5.661554592224734,4.328062073267805,0.0,0.0,0.0,0.0,0.0,0.0,0.0,0.0
2026-09-28 06:00:00,AL062026,1,2026-09-28 06:00:00,0 days 00:00:00,0,28.3,-43.8,1012.0,25.0,56.0,0.0,0.0,0.0,0.0,0.0,0.0,0.0,0.0,0.0,0.0,0.0,0.0
2026-09-28 06:00:00,AL912026(2),1,2026-09-28 06:00:00,0 days 00:00:00,0,36.3,-53.1,1013.0,29.0,148.0,0.0,0.0,0.0,0.0,0.0,0.0,0.0,0.0,0.0,0.0,0.0,0.0
2026-09-28 06:00:00,AL912026(2),1,2026-09-28 12:00:00,0 days 06:00:00,6,37.09,-51.0,1006.8,33.2,136.54345335123003,0.0,0.0,0.0,0.0,0.0,0.0,0.0,0.0,0.0,0.0,0.0,0.0
2026-09-28 06:00:00,AL912026(2),1,2026-09-28 18:00:00,0 days 12:00:00,12,37.54,-50.23,1006.8,34.5,148.89858918777907,148.89858918777907,0.0,0.0,0.0,0.0,0.0,0.0,0.0,0.0,0.0,0.0,0.0
2026-09-28 06:00:00,AL912026(2),1,2026-09-29 00:00:00,0 days 18:00:00,18,36.17,-46.72,1009.0,36.1,54.74165945429846,5.89334450476203,54.74165945429846,0.0,0.0,0.0,0.0,0.0,0.0,0.0,0.0,0.0,0.0
2026-09-28 06:00:00,AL912026(2),1,2026-09-29 06:00:00,1 days 00:00:00,24,34.95,-45.2,1005.4,39.0,63.91989491391823,63.91989491391823,7.540297212980576,3.246728489971545,0.0,0.0,0.0,0.0,0.0,0.0,0.0,0.0,0.0
2026-09-28 06:00:00,EP152026(2),1,2026-09-28 06:00:00,0 days 00:00:00,0,16.4,-160.8,929.0,134.0,28.0,241.0,185.0,148.0,204.0,93.0,74.0,74.0,93.0,56.0,46.0,37.0,46.0
2026-09-28 06:00:00,EP152026(2),1,2026-09-28 12:00:00,0 days 06:00:00,6,16.59,-161.72,946.1,119.8,31.18861344038342,216.29599669568316,150.06936924979095,108.15289487080469,187.20245271943,74.22495592634664,43.058754829175314,27.466713803766908,62.95873184444287,43.90252970492682,33.34557932925452,24.423716748303008,38.29720429108767
2026-09-28 06:00:00,EP152026(2),1,2026-09-28 18:00:00,0 days 12:00:00,12,17.49,-162.7,952.1,110.4,17.05123839450698,175.15187037126583,135.41638530050756,69.25245028926052,141.2010163387323,55.63384465181672,33.32125730579344,20.198470254925585,41.50227423137368,37.41341154083419,28.73449441898976,20.198470254925585,31.898600164216404
2026-09-28 06:00:00,EP152026(2),1,2026-09-29 00:00:00,0 days 18:00:00,18,18.31,-163.41,944.6,120.1,18.464864937494383,227.11165958851237,189.6245162283192,108.32550203520282,176.3893038983374,88.25520732233122,67.50198054367638,41.313375403086525,67.25461587198265,56.24626734954256,46.470083274213096,35.00738210989613,46.35165314993964
2026-09-28 06:00:00,EP152026(2),1,2026-09-29 06:00:00,1 days 00:00:00,24,19.32,-163.65,957.6,110.9,34.223091651391755,240.3141862102248,210.5580604389635,133.85979975542563,179.21947377087128,89.7321302422137,73.48380142486715,44.89654926876166,66.06495488346303,49.5920958306659,41.62240391169374,31.84345712574688,40.08974460766338
2026-09-28 06:00:00,EP152026(2),1,2026-09-29 12:00:00,1 days 06:00:00,30,20.39,-163.79,962.1,103.6,40.36349574526372,145.81399884722555,126.94476353207553,83.87807029767487,115.43254153926114,46.83038476776068,37.673060720732,20.52443027936249,35.04968647785739,40.36349574526372,23.185908481686795,17.436755653018608,23.58541937784676
2026-09-28 06:00:00,EP152026(2),1,2026-09-29 18:00:00,1 days 12:00:00,36,21.25,-163.56,964.8,95.1,52.45428199915116,172.54406975521198,164.241370663454,109.97066411601212,140.0931664052847,87.65045305340728,77.77271533996435,57.93757716909566,69.04861988228006,52.45428199915116,44.41412442027317,36.62350559877876,41.26031591016356
2026-09-28 06:00:00,EP152026(2),1,2026-09-30 00:00:00,1 days 18:00:00,42,22.14,-163.19,974.6,83.8,52.62673848241344,244.44722757554015,227.27213882555395,152.27667903484502,181.32437985910968,114.82598482618064,104.99131518691571,74.0427215869311,89.31841075807785,52.62673848241344,44.23649163246901,34.85764107906823,40.49964498979096
2026-09-28 06:00:00,EP152026(2),1,2026-09-30 06:00:00,2 days 00:00:00,48,22.95,-163.02,978.4,77.3,41.09925261990076,251.6225172831051,267.85935416008425,198.5905064646885,199.1950104081549,75.97687561191998,76.28488507974085,54.5691827623388,57.54502748284074,41.09925261990076,19.89225333286715,14.834437895791378,16.588617683145433
2026-09-28 06:00:00,EP152026(2),1,2026-09-30 12:00:00,2 days 06:00:00,54,23.29,-162.86,979.8,67.5,33.53211027820415,226.5203559953777,212.29834964202115,154.9838019219153,177.15453437120732,33.53211027820415,20.75505743047639,9.368966538669913,16.430546893711437,33.53211027820415,0.0,0.0,0.0
2026-09-28 06:00:00,EP152026(2),1,2026-09-30 18:00:00,2 days 12:00:00,60,23.45,-163.09,989.6,57.6,117.37326940538868,117.37326940538868,72.32017948777667,51.63588997575896,70.16324164890935,117.37326940538868,0.0,0.0,0.0,0.0,0.0,0.0,0.0
2026-09-28 06:00:00,EP152026(2),1,2026-10-01 00:00:00,2 days 18:00:00,66,23.59,-163.56,992.3,51.8,156.73293309690695,156.73293309690695,120.30449269232868,92.2757718453061,110.92105091224784,156.73293309690695,0.0,0.0,0.0,0.0,0.0,0.0,0.0
2026-09-28 06:00:00,EP152026(2),1,2026-10-01 06:00:00,3 days 00:00:00,72,23.86,-164.24,995.0,51.0,112.3635412127398,112.3635412127398,30.66581166519254,17.04841721593511,36.144647773150986,112.3635412127398,0.0,0.0,0.0,0.0,0.0,0.0,0.0
2026-09-28 06:00:00,EP152026(2),1,2026-10-01 12:00:00,3 days 06:00:00,78,24.14,-165.53,992.7,55.2,89.59668935122136,146.93622377139872,124.21899130250404,96.98786160206063,123.15006675873832,89.59668935122136,3.2676267701412662,0.0,4.27466930838771,0.0,0.0,0.0,0.0
2026-09-28 06:00:00,EP152026(2),1,2026-10-01 18:00:00,3 days 12:00:00,84,23.58,-165.81,988.4,52.8,114.77501622737468,263.2378559152099,237.2097293563025,202.8988550125945,226.04811642548327,114.77501622737468,46.07936513956027,33.421961207252124,43.900152076566044,0.0,0.0,0.0,0.0
2026-09-28 06:00:00,EP152026(2),1,2026-10-02 00:00:00,3 days 18:00:00,90,23.92,-166.11,986.2,53.7,142.9206881817484,289.366139074352,241.61063577619728,195.2170991826721,227.9881588017209,142.9206881817484,2.14374712346199,0.0,2.3001244507185823,0.0,0.0,0.0,0.0
2026-09-28 06:00:00,EP152026(2),1,2026-10-02 06:00:00,4 days 00:00:00,96,23.97,-166.27,993.7,45.3,113.87355325717624,113.87355325717624,3.0978430113582043,3.7757310513166544,1.0713590038351732,0.0,0.0,0.0,0.0,0.0,0.0,0.0,0.0
2026-09-28 06:00:00,EP152026(2),1,2026-10-02 12:00:00,4 days 06:00:00,102,24.2,-166.27,990.5,43.5,72.03943822221092,116.15302627731629,97.86348444135628,70.81452000171322,85.53186032839093,0.0,0.0,0.0,0.0,0.0,0.0,0.0,0.0
2026-09-28 06:00:00,EP152026(2),1,2026-10-02 18:00:00,4 days 12:00:00,108,24.27,-166.86,994.4,42.4,88.40523347038061,287.4538606166485,259.32077755517435,211.82095749700204,245.3487623307676,0.0,0.0,0.0,0.0,0.0,0.0,0.0,0.0
2026-09-28 06:00:00,EP152026(2),1,2026-10-03 00:00:00,4 days 18:00:00,114,24.54,-167.24,994.4,44.4,112.94708630117331,112.94708630117331,19.320823832530145,10.971309729304464,21.10161098148529,0.0,0.0,0.0,0.0,0.0,0.0,0.0,0.0
2026-09-28 06:00:00,EP152026(2),1,2026-10-03 06:00:00,5 days 00:00:00,120,24.43,-168.57,991.4,50.5,86.67093464514485,234.5502296510383,199.39226756010856,167.91704229585832,201.4761009047977,86.67093464514485,20.21241349950388,13.874918059661104,23.09093027932817,0.0,0.0,0.0,0.0
2026-09-28 06:00:00,EP152026(2),1,2026-10-03 12:00:00,5 days 06:00:00,126,24.27,-169.97,992.9,51.1,73.0265462495388,73.0265462495388,34.06162306110241,20.406619723164766,38.02353114253083,73.0265462495388,0.0,0.0,0.0,0.0,0.0,0.0,0.0
2026-09-28 06:00:00,EP152026(2),1,2026-10-03 18:00:00,5 days 12:00:00,132,24.36,-171.56,996.6,48.5,70.25752743333481,87.17879577047277,71.48055801570419,49.25527442790607,68.8628969933022,0.0,0.0,0.0,0.0,0.0,0.0,0.0,0.0
2026-09-28 06:00:00,EP152026(2),1,2026-10-04 00:00:00,5 days 18:00:00,138,24.45,-173.11,992.6,54.6,55.172623348047466,64.11811408189529,38.67522439157027,22.898882048044342,47.38792026849026,55.172623348047466,0.0,0.0,0.936157974288153,0.0,0.0,0.0,0.0
2026-09-28 06:00:00,EP152026(2),1,2026-10-04 06:00:00,6 days 00:00:00,144,24.81,-174.61,992.7,51.2,79.85883826507856,162.3818039695068,123.5131174834539,97.44930801883991,127.46962585642792,79.85883826507856,1.9808607858339409,0.0102444115629882,4.89545415173258,0.0,0.0,0.0,0.0
2026-09-28 06:00:00,EP152026(2),1,2026-10-04 12:00:00,6 days 06:00:00,150,25.41,-175.78,990.4,54.2,72.15619297433969,205.6766381005712,164.69579946675222,104.9560154418255,154.86632551711125,72.15619297433969,12.398298534974217,2.7315855476142445,12.419638671964076,0.0,0.0,0.0,0.0
2026-09-28 06:00:00,EP152026(2),1,2026-10-04 18:00:00,6 days 12:00:00,156,25.97,-176.51,996.5,45.1,53.28138104502685,53.28138104502685,8.069337666876478,0.0,9.450390507334845,0.0,0.0,0.0,0.0,0.0,0.0,0.0,0.0
2026-09-28 06:00:00,EP152026(2),1,2026-10-05 00:00:00,6 days 18:00:00,162,26.59,-177.64,998.2,47.1,101.43719803153768,115.87162591360998,80.28749370022621,49.67553638451115,79.64962380189925,0.0,0.0,0.0,0.0,0.0,0.0,0.0,0.0
2026-09-28 06:00:00,EP152026(2),1,2026-10-05 06:00:00,7 days 00:00:00,168,27.92,-178.42,991.6,48.3,75.47355247164825,189.91197470490533,158.28664673299556,111.41767221570024,145.19544284523602,0.0,0.0,0.0,0.0,0.0,0.0,0.0,0.0
2026-09-28 06:00:00,EP152026(2),1,2026-10-05 12:00:00,7 days 06:00:00,174,28.38,-178.74,992.1,46.2,26.721418710702157,206.0144183316495,161.6852553360618,121.81961359096827,146.31511967660322,0.0,0.0,0.0,0.0,0.0,0.0,0.0,0.0
2026-09-28 06:00:00,EP152026(2),1,2026-10-05 18:00:00,7 days 12:00:00,180,29.02,-178.83,984.7,56.5,36.029238455117365,186.8437271280229,177.081357414148,122.68300290913714,134.69554940615967,36.029238455117365,19.06813500526303,9.120158415391003,12.396590879289,0.0,0.0,0.0,0.0
2026-09-28 06:00:00,EP152026(2),1,2026-10-06 00:00:00,7 days 18:00:00,186,29.85,-178.61,989.4,58.8,47.70030469399769,118.06904404156344,119.71974522092486,75.39955214968376,72.7113886474745,47.70030469399769,3.15534311185168,0.1623922450075516,0.0,0.0,0.0,0.0,0.0
2026-09-28 06:00:00,EP152026(2),1,2026-10-06 06:00:00,8 days 00:00:00,192,30.29,-178.18,994.5,46.6,69.57430369769746,290.094279232752,304.48040858407785,229.94802775890923,230.1208661990204,0.0,0.0,0.0,0.0,0.0,0.0,0.0,0.0
2026-09-28 06:00:00,EP152026(2),1,2026-10-06 12:00:00,8 days 06:00:00,198,30.97,-177.16,992.8,53.8,53.35631142603853,208.5061451036247,201.69077612469232,139.27780540313734,142.64334031579529,23.40622115515626,53.35631142603853,13.459256693577402,15.809791423953214,0.0,0.0,0.0,0.0
2026-09-28 06:00:00,EP152026(2),1,2026-10-06 18:00:00,8 days 12:00:00,204,30.96,-175.46,992.2,60.5,84.8623574300644,291.6524568549347,311.67433450017404,257.56185556408394,230.04478249136184,85.26407668078451,89.60961436016876,66.06910802585313,64.80060169159677,0.0,0.0,0.0,0.0
2026-09-28 06:00:00,EP152026(2),1,2026-10-07 00:00:00,8 days 18:00:00,210,31.61,-173.54,990.1,54.9,64.77392693101486,38.714381221818506,70.508427167374,57.6368907834118,26.01278654398037,0.4756860728132386,64.77392693101486,5.207417321991917,0.0,0.0,0.0,0.0,0.0
2026-09-28 06:00:00,EP152026(2),1,2026-10-07 06:00:00,9 days 00:00:00,216,31.32,-170.53,996.7,42.5,70.52117756338482,6.68663074065975,70.52117756338482,30.67157205410653,0.8445702407625522,0.0,0.0,0.0,0.0,0.0,0.0,0.0,0.0
2026-09-28 06:00:00,EP152026(2),1,2026-10-07 12:00:00,9 days 06:00:00,222,33.55,-167.5,979.0,71.9,87.08058789749744,21.23839565008987,87.08058789749744,38.2994158111683,19.131079683349025,0.0,87.08058789749744,0.0,0.0,0.0,87.08058789749744,0.0,0.0
2026-09-28 06:00:00,EP172026,1,2026-09-28 06:00:00,0 days 00:00:00,0,23.2,-114.0,955.0,105.0,28.0,167.0,148.0,148.0,148.0,102.0,93.0,83.0,83.0,65.0,65.0,65.0,65.0
2026-09-28 06:00:00,EP172026,1,2026-09-28 12:00:00,0 days 06:00:00,6,23.91,-113.69,952.4,105.3,14.55861297017048,186.9018864771844,244.8621803761143,153.4440742010849,126.676152815935,45.635560940729086,53.28795515768198,27.17752855201405,25.59498901328221,22.53085016975909,21.24674301047708,14.068762782799844,16.1000245863371
2026-09-28 06:00:00,EP172026,1,2026-09-28 18:00:00,0 days 12:00:00,12,24.77,-113.14,966.9,83.5,28.42285490436349,155.30061268255506,171.95795669821567,114.42200982502668,112.33700094828056,59.69778370903228,57.64433509013553,40.82178583417519,45.086026362603846,28.42285490436349,25.42775601028734,19.57990313043236,22.523577284927843
2026-09-28 06:00:00,EP172026,1,2026-09-29 00:00:00,0 days 18:00:00,18,25.38,-112.66,976.7,72.4,0.0,66.40586582875045,92.73125522689652,49.11191637767462,30.41610228593234,44.75772656360826,43.90360986929723,30.70452775359626,28.83062960785036,32.61081950131473,29.975979687819923,23.77419975830147,25.612706486686736
2026-09-28 06:00:00,EP172026,1,2026-09-29 06:00:00,1 days 00:00:00,24,26.09,-111.89,978.8,73.9,45.34280525828552,145.2343160123586,136.29416629339636,94.98598373881278,112.1663371061362,57.93478409536701,50.91599632427576,35.6621553284718,41.78003294575314,45.34280525828552,23.88072671709803,19.76617561989679,23.02834514938836
2026-09-28 06:00:00,EP172026,1,2026-09-29 12:00:00,1 days 06:00:00,30,26.33,-111.3,986.7,58.4,53.93397932700002,223.556460132828,216.9395748570693,154.34974707218538,157.98697174266528,55.57613110794077,50.487111457600285,30.71613343705628,38.12216324595767,0.0,0.0,0.0,0.0
2026-09-28 06:00:00,EP172026,1,2026-09-29 18:00:00,1 days 12:00:00,36,28.41,-109.97,993.4,45.1,40.22053097799065,82.42482417266126,85.35183699836895,42.75388539676912,51.75996752602204,0.0,0.0,0.0,0.0,0.0,0.0,0.0,0.0
2026-09-28 06:00:00,EP182026,1,2026-09-28 06:00:00,0 days 00:00:00,0,13.2,-100.0,1001.0,41.0,93.0,222.0,185.0,148.0,222.0,0.0,0.0,0.0,0.0,0.0,0.0,0.0,0.0
2026-09-28 06:00:00,EP182026,1,2026-09-28 12:00:00,0 days 06:00:00,6,13.24,-100.76,994.7,52.6,73.0135409772221,87.10351954005434,86.54716937587988,50.69232802493981,63.87369310837883,73.0135409772221,1.7738447740935186,0.0,0.0118112753127199,0.0,0.0,0.0,0.0
2026-09-28 06:00:00,EP182026,1,2026-09-28 18:00:00,0 days 12:00:00,12,13.69,-101.97,995.6,51.9,51.22408614722485,51.22408614722485,17.076560980021775,12.33182728403419,21.901558190095777,51.22408614722485,0.0,0.0,0.0,0.0,0.0,0.0,0.0
2026-09-28 06:00:00,EP182026,1,2026-09-29 00:00:00,0 days 18:00:00,18,14.14,-103.0,997.7,41.6,88.72448355663762,88.72448355663762,0.3359146369042136,0.8374918459796206,6.8519947151842615,0.0,0.0,0.0,0.0,0.0,0.0,0.0,0.0
2026-09-28 06:00:00,EP182026,1,2026-09-29 06:00:00,1 days 00:00:00,24,14.58,-104.01,998.1,49.6,79.65870556667718,79.65870556667718,19.88635861810809,3.7813397493822567,15.596503720472551,0.0,0.0,0.0,0.0,0.0,0.0,0.0,0.0
2026-09-28 06:00:00,EP182026,1,2026-09-29 12:00:00,1 days 06:00:00,30,15.05,-104.73,996.0,47.4,112.82789471248104,135.6486045507857,115.2358079389228,86.59496189430115,106.54310922718088,0.0,0.0,0.0,0.0,0.0,0.0,0.0,0.0
2026-09-28 06:00:00,EP182026,1,2026-09-29 18:00:00,1 days 12:00:00,36,15.81,-105.53,992.4,47.5,92.21298236043502,205.58806085100835,179.34954822527786,124.8399981124729,160.5795828167435,0.0,0.0,0.0,0.0,0.0,0.0,0.0,0.0
2026-09-28 06:00:00,EP182026,1,2026-09-30 00:00:00,1 days 18:00:00,42,16.8,-106.31,997.2,43.8,127.46161980036246,127.46161980036246,9.623159152527464,2.302357450356368,3.5714417326512304,0.0,0.0,0.0,0.0,0.0,0.0,0.0,0.0
2026-09-28 06:00:00,EP182026,1,2026-09-30 06:00:00,2 days 00:00:00,48,17.76,-107.3,992.0,51.0,36.321074917132606,197.5574850245044,168.0621555418748,117.18279312504193,149.3512157468872,36.321074917132606,13.181077224281564,6.182513933534457,11.553054646480009,0.0,0.0,0.0,0.0
2026-09-28 06:00:00,EP182026,1,2026-09-30 12:00:00,2 days 06:00:00,54,18.08,-107.78,986.4,59.6,55.70539054032365,324.25053524608205,289.2229249656412,220.41594457670308,253.0618611506876,83.0249247919246,70.45889761579383,45.884908727439296,59.79985680364624,0.0,0.0,0.0,0.0
2026-09-28 06:00:00,EP182026,1,2026-09-30 18:00:00,2 days 12:00:00,60,18.62,-108.28,985.6,62.4,39.96893107452624,300.8164330745775,264.0963362065153,200.82663216971025,250.48770127032788,77.32624135721784,57.41942112036247,35.05661879108395,56.34226168755501,0.0,0.0,0.0,0.0
2026-09-28 06:00:00,EP182026,1,2026-10-01 00:00:00,2 days 18:00:00,66,19.06,-108.76,978.5,71.3,17.908716827561225,214.37773259198724,187.68728615674317,132.94359164074956,174.35829356548652,89.61820229453237,71.49578021298183,50.07922821330283,68.95442133121986,31.097673705220952,26.07712516723614,19.54506885052011,26.282571980427683
2026-09-28 06:00:00,EP182026,1,2026-10-01 06:00:00,3 days 00:00:00,72,19.33,-108.94,979.1,77.1,46.11923429399637,227.67930800815347,199.3619511412336,163.67764580096446,191.0055568704625,70.63032008362465,57.52859640644641,41.67177874675824,57.48412545120736,46.11923429399637,15.230113550250485,11.443400379791749,15.713776586864595
2026-09-28 06:00:00,EP182026,1,2026-10-01 12:00:00,3 days 06:00:00,78,19.62,-109.26,968.1,85.9,7.690636597234548,189.23962159888893,171.20004099502466,136.70922708878868,157.4254595872693,107.54248558800226,94.22728680027814,73.78840418513002,91.1108125798872,53.92485508513116,47.555580619028696,37.46285985153479,46.11269689523889
2026-09-28 06:00:00,EP182026,1,2026-10-01 18:00:00,3 days 12:00:00,84,19.9,-109.49,957.6,107.5,26.81192526375509,259.5093962325268,239.1057816703708,186.4490595512605,205.4882990110093,136.80640272815128,126.67089302453525,102.3960008884481,112.0231263677095,78.58148821476391,73.84233910648322,61.3868694064758,67.9403902510802
2026-09-28 06:00:00,EP182026,1,2026-10-02 00:00:00,3 days 18:00:00,90,20.37,-109.66,971.6,77.7,45.69607255434676,179.98171674387595,161.4039724263239,135.29329253426386,152.2836188852143,106.06513135623754,93.71671775205368,77.09042823814116,90.02050614073642,48.68322017418154,44.33263604448712,35.834152936030705,42.26866964624514
2026-09-28 06:00:00,EP182026,1,2026-10-02 06:00:00,4 days 00:00:00,96,20.12,-109.65,983.2,65.6,52.07026721366435,185.8957469207901,188.3057957537477,164.1685518485175,175.86996799178905,98.49536273226636,89.34904161160244,72.98971839034749,84.21405065820767,52.07026721366435,34.72189655519412,28.40583309144911,33.40274556212114
2026-09-28 06:00:00,EP182026,1,2026-10-02 12:00:00,4 days 06:00:00,102,20.76,-109.32,982.6,58.8,37.9302158969702,187.34246421738945,183.24280801074872,144.567666070296,148.7997813288747,112.90091159188523,109.0127997732065,86.35497706274049,92.7689034174457,0.0,0.0,0.0,0.0
2026-09-28 06:00:00,EP182026,1,2026-10-02 18:00:00,4 days 12:00:00,108,20.89,-109.57,982.6,65.0,43.69303730354318,159.3495205899652,162.2969325816424,144.8818053984454,140.12782908352403,112.5911461120936,104.20998413654434,87.47447805038422,97.5383150916615,58.53754484368216,52.60006591472509,43.37911681255801,49.7350510038591
2026-09-28 06:00:00,EP182026,1,2026-10-03 00:00:00,4 days 18:00:00,114,21.14,-109.41,972.3,71.8,33.66953986211939,251.02726098474312,243.6683413007564,200.4305498757343,207.7767630584985,66.36838722827952,59.129661191166335,39.36196598984438,47.35366297127666,33.66953986211939,5.375033788748896,3.497318608848185,4.099506566994865
2026-09-28 06:00:00,EP182026,1,2026-10-03 06:00:00,5 days 00:00:00,120,21.25,-109.56,965.9,94.2,25.03496695322696,190.44947473447053,190.636379123246,157.17843251588465,149.9058961944158,56.41379768710982,48.83220818774987,37.344676899097706,44.94728273329893,25.03496695322696,18.27715236439975,14.24354681896381,17.132760171277322
2026-09-28 06:00:00,EP182026,1,2026-10-03 12:00:00,5 days 06:00:00,126,21.15,-109.71,965.0,82.3,24.409239604216538,168.42280566562238,151.48891831357423,125.68796423714446,153.59260302375583,90.08928216896096,77.31501849172582,62.31920579374196,79.7224003472088,46.2159366887893,40.06926903702493,32.679269698154414,39.65038614927238
2026-09-28 06:00:00,EP182026,1,2026-10-03 18:00:00,5 days 12:00:00,132,21.57,-109.92,961.6,92.4,22.661431848672976,182.3940472297752,189.288344362512,144.34903110489438,163.87048860063885,72.49429465566027,65.70618154019746,53.51907309375105,64.57757082697577,40.26022366524529,35.22824423949697,28.860164259441262,34.205523033113835
2026-09-28 06:00:00,EP182026,1,2026-10-04 00:00:00,5 days 18:00:00,138,21.83,-110.35,965.6,83.9,41.24452351904014,175.0083344104603,151.093807541293,118.09662100292384,149.90940750492234,63.99910993930898,53.18022914774261,39.763795026878576,55.21063818671487,41.24452351904014,27.28898119998557,22.435545420647912,27.2204378794043
2026-09-28 06:00:00,EP182026,1,2026-10-04 06:00:00,6 days 00:00:00,144,21.71,-111.28,965.4,81.0,34.293101074641584,200.8967539560394,157.18630880338517,134.7335109083545,184.90214571826505,102.17635893153532,81.61711020141233,66.60566693475421,92.73738749908732,49.51172780872348,42.06827247058194,33.93236588739845,42.45036096608999
2026-09-28 06:00:00,EP182026,1,2026-10-04 12:00:00,6 days 06:00:00,150,21.82,-111.43,976.1,76.3,44.454524830667786,145.85256325398993,120.49426953725096,94.08956840311794,133.2543267675697,93.66498317337756,78.71837362446809,63.77160870648375,81.64662436334316,53.069630270168375,46.27026903296424,37.19079832853203,45.298729422533526
2026-09-28 06:00:00,EP182026,1,2026-10-04 18:00:00,6 days 12:00:00,156,21.19,-112.06,987.0,62.0,55.43206841766687,181.4963091451259,158.05420999675232,122.20100030417136,153.4670186237779,55.43206841766687,27.248678510068142,18.324216352973124,26.83845095191317,0.0,0.0,0.0,0.0
2026-09-28 06:00:00,EP182026,1,2026-10-05 00:00:00,6 days 18:00:00,162,21.65,-112.66,984.8,60.0,53.80256905649328,191.26429021369904,161.53886412931567,119.3642103787099,154.6741208889679,53.80256905649328,10.10411303385786,4.295835922491151,11.02479900486248,0.0,0.0,0.0,0.0
2026-09-28 06:00:00,EP182026,1,2026-10-05 06:00:00,7 days 00:00:00,168,21.64,-113.47,983.8,59.4,27.24034913189608,169.61585813231915,145.63996626250378,119.67476239655458,145.542581096936,27.24034913189608,20.37305381264351,12.12700675260616,19.70223758033558,0.0,0.0,0.0,0.0
2026-09-28 06:00:00,EP182026,1,2026-10-05 12:00:00,7 days 06:00:00,174,21.44,-113.69,987.5,53.5,58.99569650595198,128.23948159362365,109.4231894851248,76.51092709117985,93.96397752506756,7.139196914772691,58.99569650595198,2.443937193251997,3.3769669638058684,0.0,0.0,0.0,0.0
2026-09-28 06:00:00,EP182026,1,2026-10-05 18:00:00,7 days 12:00:00,180,21.46,-114.93,985.0,59.5,27.14052930780241,155.9408089519718,122.70348364016444,109.65692891544404,144.40777301798337,60.85078054422394,45.55491533659165,34.59665989308246,50.03798457655376,0.0,0.0,0.0,0.0
2026-09-28 06:00:00,EP182026,1,2026-10-06 00:00:00,7 days 18:00:00,186,21.43,-115.98,993.5,51.8,45.10268146767032,148.64737931165155,126.00331350596306,100.09712350192072,127.42040733139652,45.10268146767032,18.084588206896917,10.126019084785826,18.33097815832007,0.0,0.0,0.0,0.0
2026-09-28 06:00:00,EP182026,1,2026-10-06 06:00:00,8 days 00:00:00,192,21.31,-116.88,990.1,52.6,56.94762531934612,156.57905323482555,125.82189986682351,110.6186983861262,138.89012938387168,56.94762531934612,33.65796040227633,24.930876002584228,36.500033509722925,0.0,0.0,0.0,0.0
2026-09-28 06:00:00,EP182026,1,2026-10-06 12:00:00,8 days 06:00:00,198,21.29,-117.61,979.3,66.8,35.34496260401436,127.39985213544335,106.17373527210673,79.39482565228629,109.19963689121758,35.34496260401436,0.0548756055797063,0.0,3.381162398889522,35.34496260401436,0.0,0.0,0.0
2026-09-28 06:00:00,EP182026,1,2026-10-06 18:00:00,8 days 12:00:00,204,21.32,-118.65,991.1,54.6,51.93935591128383,225.43865896453485,185.5531028797559,138.9584181316677,179.68982825077092,51.93935591128383,25.345717117083552,14.09890706689488,25.454409924400665,0.0,0.0,0.0,0.0
2026-09-28 06:00:00,EP182026,1,2026-10-07 00:00:00,8 days 18:00:00,210,21.35,-119.67,989.3,53.1,25.9801504835724,207.42317957030696,162.17138558897898,127.36554039348324,174.545127362868,32.89650536244467,20.16754662366824,12.029424200714828,24.416669798955983,0.0,0.0,0.0,0.0
2026-09-28 06:00:00,EP182026,1,2026-10-07 06:00:00,9 days 00:00:00,216,21.49,-120.62,994.2,52.9,44.634646877135886,186.3153220077434,151.7688665712209,119.06203841178036,156.85286146753725,44.634646877135886,18.82120467863452,9.748996424709334,20.29555387381592,0.0,0.0,0.0,0.0
2026-09-28 06:00:00,EP182026,1,2026-10-07 12:00:00,9 days 06:00:00,222,21.83,-121.54,985.8,64.0,28.468603426631145,190.2102762587991,159.14136387889454,120.88463249611124,169.55509651870173,62.44364599592888,45.87754323815248,28.318879015550475,49.31691963485664,0.0,0.0,0.0,0.0
2026-09-28 06:00:00,EP182026,1,2026-10-07 18:00:00,9 days 12:00:00,228,21.95,-122.46,982.8,68.4,51.13297992099128,156.3377560192803,110.80335584716562,90.62836641651242,136.27590665065875,87.47709842792412,69.10168138043676,55.13873935400712,74.94736472808059,51.13297992099128,34.065127425927216,27.125086163938903,33.83049097996444
2026-09-28 06:00:00,EP182026,1,2026-10-08 00:00:00,9 days 18:00:00,234,21.92,-123.85,989.3,54.4,32.12545800159527,205.3628307865933,170.00105249023264,125.38825138791135,162.16035615128868,35.08778238603529,27.849658871835164,15.797800003790972,24.359311927411994,0.0,0.0,0.0,0.0
2026-09-28 06:00:00,EP182026,1,2026-10-08 06:00:00,10 days 00:00:00,240,22.07,-125.17,1001.0,41.9,97.11094695842498,97.11094695842498,0.2193717554891581,0.0,15.918896690908063,0.0,0.0,0.0,0.0,0.0,0.0,0.0,0.0
2026-09-28 06:00:00,EP182026,1,2026-10-08 12:00:00,10 days 06:00:00,246,22.02,-125.74,1000.5,41.2,33.71832463764482,144.51680609082078,116.42874373300285,85.58674424093746,116.25410460447208,0.0,0.0,0.0,0.0,0.0,0.0,0.0,0.0
2026-09-28 06:00:00,EP182026,1,2026-10-08 18:00:00,10 days 12:00:00,252,21.86,-126.86,1000.3,32.9,94.49224659818266,0.0,0.0,0.0,0.0,0.0,0.0,0.0,0.0,0.0,0.0,0.0,0.0
2026-09-28 06:00:00,EP182026,1,2026-10-09 00:00:00,10 days 18:00:00,258,21.61,-127.76,1002.0,37.6,73.83639153463287,73.83639153463287,18.66480574315656,6.612467987693282,35.12786988487951,0.0,0.0,0.0,0.0,0.0,0.0,0.0,0.0
2026-09-28 06:00:00,EP182026,1,2026-10-09 06:00:00,11 days 00:00:00,264,21.49,-128.37,1003.1,35.9,63.76743110608432,63.76743110608432,38.64790200405532,27.221345368546466,42.21665040729455,0.0,0.0,0.0,0.0,0.0,0.0,0.0,0.0
2026-09-28 06:00:00,EP182026,1,2026-10-09 12:00:00,11 days 06:00:00,270,21.51,-129.44,1001.0,39.7,88.92495157899377,88.92495157899377,31.957382142550408,13.412596536329817,41.472768301489126,0.0,0.0,0.0,0.0,0.0,0.0,0.0,0.0
2026-09-28 06:00:00,EP182026,1,2026-10-09 18:00:00,11 days 12:00:00,276,21.74,-130.19,1001.5,32.8,88.15284028006845,0.0,0.0,0.0,0.0,0.0,0.0,0.0,0.0,0.0,0.0,0.0,0.0
2026-09-28 06:00:00,EP182026,1,2026-10-10 00:00:00,11 days 18:00:00,282,21.89,-130.9,1004.7,28.6,170.5401548158124,0.0,0.0,0.0,0.0,0.0,0.0,0.0,0.0,0.0,0.0,0.0,0.0
2026-09-28 06:00:00,EP182026,1,2026-10-10 06:00:00,12 days 00:00:00,288,22.36,-131.81,1000.5,33.4,81.32799050685705,0.0,0.0,0.0,0.0,0.0,0.0,0.0,0.0,0.0,0.0,0.0,0.0
2026-09-28 06:00:00,EP182026,1,2026-10-10 12:00:00,12 days 06:00:00,294,22.75,-132.17,1001.8,29.6,120.33000565625808,0.0,0.0,0.0,0.0,0.0,0.0,0.0,0.0,0.0,0.0,0.0,0.0
2026-09-28 06:00:00,EP182026,1,2026-10-10 18:00:00,12 days 12:00:00,300,23.66,-132.55,1000.4,30.3,108.60294863263972,0.0,0.0,0.0,0.0,0.0,0.0,0.0,0.0,0.0,0.0,0.0,0.0
2026-09-28 06:00:00,EP182026,1,2026-10-11 00:00:00,12 days 18:00:00,306,24.42,-133.03,1005.8,28.6,138.69177049870143,0.0,0.0,0.0,0.0,0.0,0.0,0.0,0.0,0.0,0.0,0.0,0.0
2026-09-28 06:00:00,EP182026,1,2026-10-11 06:00:00,13 days 00:00:00,312,25.04,-133.1,1001.8,32.0,149.43924334764506,0.0,0.0,0.0,0.0,0.0,0.0,0.0,0.0,0.0,0.0,0.0,0.0
2026-09-28 06:00:00,EP182026,1,2026-10-11 12:00:00,13 days 06:00:00,318,25.49,-133.2,1004.3,25.9,95.10331666725511,0.0,0.0,0.0,0.0,0.0,0.0,0.0,0.0,0.0,0.0,0.0,0.0
2026-09-28 06:00:00,EP182026,1,2026-10-11 18:00:00,13 days 12:00:00,324,25.62,-133.06,1002.0,27.2,102.13908867997674,0.0,0.0,0.0,0.0,0.0,0.0,0.0,0.0,0.0,0.0,0.0,0.0
2026-09-28 06:00:00,EP182026,1,2026-10-12 00:00:00,13 days 18:00:00,330,25.83,-133.3,1004.3,16.8,116.7371824044709,0.0,0.0,0.0,0.0,0.0,0.0,0.0,0.0,0.0,0.0,0.0,0.0
2026-09-28 06:00:00,EP182026,1,2026-10-12 06:00:00,14 days 00:00:00,336,24.94,-132.93,1004.9,24.1,56.72785033324769,0.0,0.0,0.0,0.0,0.0,0.0,0.0,0.0,0.0,0.0,0.0,0.0
2026-09-28 06:00:00,EP182026,1,2026-10-12 12:00:00,14 days 06:00:00,342,24.69,-133.04,1008.2,23.1,76.33677318448991,0.0,0.0,0.0,0.0,0.0,0.0,0.0,0.0,0.0,0.0,0.0,0.0
2026-09-28 06:00:00,EP182026,1,2026-10-12 18:00:00,14 days 12:00:00,348,24.56,-133.03,1008.0,24.2,68.47196919558564,0.0,0.0,0.0,0.0,0.0,0.0,0.0,0.0,0.0,0.0,0.0,0.0
2026-09-28 06:00:00,EP182026,1,2026-10-13 00:00:00,14 days 18:00:00,354,23.62,-133.42,1007.8,20.9,136.8449789413453,0.0,0.0,0.0,0.0,0.0,0.0,0.0,0.0,0.0,0.0,0.0,0.0
2026-09-28 06:00:00,EP182026,1,2026-10-13 06:00:00,15 days 00:00:00,360,23.11,-133.0,1007.5,28.7,69.84551188192768,0.0,0.0,0.0,0.0,0.0,0.0,0.0,0.0,0.0,0.0,0.0,0.0
2026-09-28 06:00:00,EP912026(3),1,2026-09-28 06:00:00,0 days 00:00:00,0,12.7,-136.6,1005.0,29.0,93.0,0.0,0.0,0.0,0.0,0.0,0.0,0.0,0.0,0.0,0.0,0.0,0.0
2026-09-28 06:00:00,WP252026,1,2026-09-28 06:00:00,0 days 00:00:00,0,27.5,131.6,954.0,99.0,9.0,148.0,158.0,148.0,121.0,,,,,,,,
2026-09-28 06:00:00,WP252026,1,2026-09-28 12:00:00,0 days 06:00:00,6,27.42,132.7,975.3,68.0,40.00869169044231,158.3410574928817,183.526188557541,152.91750110196136,125.27228625998046,9.86623232159197,40.00869169044231,8.08748017684424,4.71395570431959,0.0,40.00869169044231,0.0,0.0
2026-09-28 06:00:00,WP252026,1,2026-09-28 18:00:00,0 days 12:00:00,12,27.92,133.05,987.5,59.1,89.33727106106669,132.405962579603,131.91209535146177,98.05144077125972,89.78612481269346,2.4015591451569147,89.33727106106669,3.0684967865367843,0.4681251184422708,0.0,0.0,0.0,0.0
2026-09-28 06:00:00,WP252026,1,2026-09-29 00:00:00,0 days 18:00:00,18,28.49,133.89,994.4,44.2,36.64007791905004,181.3187774998736,180.658884175768,145.38583041758437,147.41962472147503,0.0,0.0,0.0,0.0,0.0,0.0,0.0,0.0
2026-09-28 06:00:00,WP252026,1,2026-09-29 06:00:00,1 days 00:00:00,24,29.01,134.82,998.2,43.4,35.99476838902454,47.70978742428628,58.60710146066087,39.87559356810414,29.991840339468336,0.0,0.0,0.0,0.0,0.0,0.0,0.0,0.0
2026-09-28 06:00:00,WP252026,1,2026-09-29 12:00:00,1 days 06:00:00,30,29.66,136.22,1001.0,36.8,131.466020558068,9.311496881092168,131.466020558068,8.953930120743603,0.4806102925216962,0.0,0.0,0.0,0.0,0.0,0.0,0.0,0.0
2026-09-28 06:00:00,WP252026,1,2026-09-29 18:00:00,1 days 12:00:00,36,30.34,137.17,1000.7,37.9,80.39691859035287,13.673055910427577,80.39691859035287,5.569110165813192,1.2068033378793732,0.0,0.0,0.0,0.0,0.0,0.0,0.0,0.0
2026-09-28 06:00:00,WP252026,1,2026-09-30 00:00:00,1 days 18:00:00,42,31.48,138.03,998.8,37.9,122.49158581359042,122.49158581359042,23.349631002540185,8.032663918069552,10.090580439934506,0.0,0.0,0.0,0.0,0.0,0.0,0.0,0.0
2026-09-28 06:00:00,WP252026,1,2026-09-30 06:00:00,2 days 00:00:00,48,32.9,140.04,988.3,54.7,63.61869668215326,67.40314339160784,69.55857954143141,39.334157953049214,35.53039049773983,0.0,63.61869668215326,0.983537396254718,0.0,0.0,0.0,0.0,0.0
2026-09-28 06:00:00,WP252026,1,2026-09-30 12:00:00,2 days 06:00:00,54,33.28,140.94,994.9,54.1,27.4369578743977,103.73147686663285,111.81368818310656,75.40805704768438,81.31575515110922,0.0,27.4369578743977,1.018824949471642,0.0,0.0,0.0,0.0,0.0
2026-09-28 06:00:00,WP252026,1,2026-09-30 18:00:00,2 days 12:00:00,60,34.26,142.65,994.8,38.9,106.85708592861134,21.24461510731831,106.85708592861134,8.89525494967608,1.5110159681543465,0.0,0.0,0.0,0.0,0.0,0.0,0.0,0.0
2026-09-28 06:00:00,WP252026,1,2026-10-01 00:00:00,2 days 18:00:00,66,35.77,144.5,995.2,39.2,171.60555779681178,171.60555779681178,15.50909552864033,1.878238684025801,3.7617508404527946,0.0,0.0,0.0,0.0,0.0,0.0,0.0,0.0
2026-09-28 06:00:00,WP252026,1,2026-10-01 06:00:00,3 days 00:00:00,72,37.16,146.29,995.2,36.8,125.76553748307867,10.708237328804898,125.76553748307867,0.0,0.0,0.0,0.0,0.0,0.0,0.0,0.0,0.0,0.0
2026-09-28 06:00:00,WP252026,1,2026-10-01 12:00:00,3 days 06:00:00,78,38.52,149.13,998.9,32.9,220.45640205480865,0.0,0.0,0.0,0.0,0.0,0.0,0.0,0.0,0.0,0.0,0.0,0.0
2026-09-28 06:00:00,WP252026,1,2026-10-01 18:00:00,3 days 12:00:00,84,40.91,152.86,993.4,35.2,146.20449615320894,2.1553524653062013,146.20449615320894,3.3413751018175297,0.0,0.0,0.0,0.0,0.0,0.0,0.0,0.0,0.0
2026-09-28 06:00:00,WP922026(4),1,2026-09-28 06:00:00,0 days 00:00:00,0,16.4,97.6,1001.0,29.0,64.0,0.0,0.0,0.0,0.0,0.0,0.0,0.0,0.0,0.0,0.0,0.0,0.0
2026-09-28 06:00:00,WP922026(4),1,2026-09-28 12:00:00,0 days 06:00:00,6,17.43,97.14,1007.3,21.9,96.58250702316482,0.0,0.0,0.0,0.0,0.0,0.0,0.0,0.0,0.0,0.0,0.0,0.0
2026-09-28 06:00:00,WP922026(4),1,2026-09-28 18:00:00,0 days 12:00:00,12,18.92,96.45,1006.7,16.9,108.1818288130242,0.0,0.0,0.0,0.0,0.0,0.0,0.0,0.0,0.0,0.0,0.0,0.0
2026-09-28 06:00:00,20,10,2026-10-08 00:00:00,9 days 18:00:00,234,-3.49,170.78,1007.0,20.3,143.31023185978114,0.0,0.0,0.0,0.0,0.0,0.0,0.0,0.0,0.0,0.0,0.0,0.0
2026-09-28 06:00:00,20,10,2026-10-08 06:00:00,10 days 00:00:00,240,-3.93,170.35,1006.1,18.7,74.49836321261046,0.0,0.0,0.0,0.0,0.0,0.0,0.0,0.0,0.0,0.0,0.0,0.0
2026-09-28 06:00:00,20,10,2026-10-08 12:00:00,10 days 06:00:00,246,-3.94,169.81,1003.9,24.7,65.81354350234677,0.0,0.0,0.0,0.0,0.0,0.0,0.0,0.0,0.0,0.0,0.0,0.0
2026-09-28 06:00:00,20,10,2026-10-08 18:00:00,10 days 12:00:00,252,-3.91,169.53,998.6,24.4,93.23822189986107,0.0,0.0,0.0,0.0,0.0,0.0,0.0,0.0,0.0,0.0,0.0,0.0
2026-09-28 06:00:00,20,10,2026-10-09 00:00:00,10 days 18:00:00,258,-4.46,169.54,1001.0,27.5,53.73609273776616,0.0,0.0,0.0,0.0,0.0,0.0,0.0,0.0,0.0,0.0,0.0,0.0
2026-09-28 06:00:00,20,10,2026-10-09 06:00:00,11 days 00:00:00,264,-4.67,169.5,999.7,29.3,44.1901245762086,0.0,0.0,0.0,0.0,0.0,0.0,0.0,0.0,0.0,0.0,0.0,0.0
2026-09-28 06:00:00,20,10,2026-10-09 12:00:00,11 days 06:00:00,270,-5.08,169.5,999.0,40.4,82.52140653501971,82.52140653501971,0.0,0.0,0.0,0.0,0.0,0.0,0.0,0.0,0.0,0.0,0.0
2026-09-28 06:00:00,20,10,2026-10-09 18:00:00,11 days 12:00:00,276,-5.7,169.2,993.3,45.9,75.5722251141785,132.65201147993315,126.19813694899872,107.62878075533592,107.628594309791,0.0,0.0,0.0,0.0,0.0,0.0,0.0,0.0
2026-09-28 06:00:00,20,10,2026-10-10 00:00:00,11 days 18:00:00,282,-6.09,168.78,988.6,53.8,48.68305330314232,85.96091171411459,88.55603072238269,79.3340365522212,76.64411450000463,48.68305330314232,0.0,0.0,0.0,0.0,0.0,0.0,0.0
2026-09-28 06:00:00,20,10,2026-10-10 06:00:00,12 days 00:00:00,288,-6.77,169.16,989.9,55.3,50.297396357701736,116.33091827680384,113.95919210647602,97.73845931727944,84.9120389258331,0.0,0.0,50.297396357701736,0.0,0.0,0.0,0.0,0.0
2026-09-28 06:00:00,20,10,2026-10-10 12:00:00,12 days 06:00:00,294,-7.09,168.78,986.3,63.4,16.441396962935016,70.45052207602907,95.06491052314163,89.00848569840377,72.30039038488894,3.1439363309793578,16.441396962935016,5.261593013362855,0.7189932548403704,0.0,0.0,0.0,0.0
2026-09-28 06:00:00,20,10,2026-10-10 18:00:00,12 days 12:00:00,300,-7.26,168.69,975.4,79.8,27.53869672660493,165.3766852960701,204.8332442925748,180.25598323962345,144.8027513436222,0.0789771766475428,27.53869672660493,27.53869672660493,0.0,0.0,0.6185376976321477,27.53869672660493,0.0
2026-09-28 06:00:00,20,10,2026-10-11 00:00:00,12 days 18:00:00,306,-7.41,168.58,980.4,61.2,36.47869832118562,113.87411885972456,141.7968411708426,164.92862460831003,124.6197808730038,10.727701173032616,36.47869832118562,18.122267067834397,10.297874287103223,0.0,0.0,0.0,0.0
2026-09-28 06:00:00,20,10,2026-10-11 06:00:00,13 days 00:00:00,312,-7.45,167.85,973.8,76.2,29.275022473190564,102.96738540225644,140.25188302281367,152.10763932282788,110.96149489083598,51.01821918527051,58.61158055352854,55.43027319535243,47.66928740957138,24.808091523328574,29.275022473190564,26.062502406558757,22.4307510700593
2026-09-28 06:00:00,20,10,2026-10-11 12:00:00,13 days 06:00:00,318,-7.27,168.4,970.6,89.3,13.382267997994242,121.57816536461893,124.28187451034712,152.40168949344377,125.1530696188594,78.38671649656294,78.94008721283336,78.61317143027397,77.53599725688363,43.14676752839554,43.92244760840998,40.40734010680968,40.31093729351132
2026-09-28 06:00:00,20,10,2026-10-11 18:00:00,13 days 12:00:00,324,-7.32,168.28,976.5,74.4,29.045299579811445,142.00725522686332,179.19214386675714,176.45828781724208,133.08239128601136,82.89475257380097,87.66794544599635,79.8922411594964,71.92545871295094,30.24289559889172,33.662780121408815,29.774074170221333,27.5479937868767
2026-09-28 06:00:00,20,10,2026-10-12 00:00:00,13 days 18:00:00,330,-7.19,167.6,981.9,69.5,29.830125665308277,62.2930517520937,100.04581361636356,98.00760313806693,69.16028582953773,1.5517815190073716,2.1934928167008048,29.830125665308277,0.0,0.0,0.0,29.830125665308277,0.0
2026-09-28 06:00:00,20,10,2026-10-12 06:00:00,14 days 00:00:00,336,-6.65,167.24,967.1,84.5,30.18519758329609,98.439564542548,140.7675854105286,141.15801524321847,101.62794886888224,53.572393605154375,63.51785087511575,69.35998573958388,56.56337655309199,41.79012542201852,45.22522758818868,42.71422039914357,38.98017011499327
2026-09-28 06:00:00,20,10,2026-10-12 12:00:00,14 days 06:00:00,342,-6.62,166.98,976.0,85.1,32.30955662512885,39.44099695565076,63.74676732447102,89.34754971924768,69.68961955039563,1.374071155256507,3.665450477419313,32.30955662512885,2.397709750523199,1.374071155256507,3.665450477419313,32.30955662512885,2.397709750523199
2026-09-28 06:00:00,20,10,2026-10-12 18:00:00,14 days 12:00:00,348,-6.39,166.91,979.0,79.9,19.344207165047116,50.47160900558044,83.54417460577982,89.81973126588801,57.0799622019944,22.23126439298404,27.574573592183253,25.61884232065238,16.404638308406128,1.752751225542944,4.493515879819393,19.344207165047116,1.5699362247569533
2026-09-28 06:00:00,20,10,2026-10-13 00:00:00,14 days 18:00:00,354,-6.44,166.99,965.2,99.2,8.641973645478387,134.78322252501044,165.01345719461114,187.8835119933796,145.67491921994522,53.163154693144726,59.981025645576665,60.65937131668038,50.78173941842878,25.016488563308087,26.78995752514921,26.52316551431568,23.89191410387208
2026-09-28 06:00:00,20,10,2026-10-13 06:00:00,15 days 00:00:00,360,-6.56,166.62,963.3,87.6,58.55041554120773,149.13842617801697,174.9916159623055,152.82675806607244,151.2306019835122,60.95984381493108,62.25239718087582,57.74325532478264,47.2899003527522,23.151654417650654,58.55041554120773,22.301184595078468,20.899614518173383
2026-09-28 06:00:00,23,10,2026-10-09 06:00:00,11 days 00:00:00,264,13.98,127.67,1006.3,17.7,74.04322366490359,0.0,0.0,0.0,0.0,0.0,0.0,0.0,0.0,0.0,0.0,0.0,0.0
2026-09-28 06:00:00,23,10,2026-10-09 12:00:00,11 days 06:00:00,270,14.56,125.88,1003.9,23.1,86.28332557928141,0.0,0.0,0.0,0.0,0.0,0.0,0.0,0.0,0.0,0.0,0.0,0.0
2026-09-28 06:00:00,23,10,2026-10-09 18:00:00,11 days 12:00:00,276,15.4,125.08,1005.6,22.0,98.82365767086634,0.0,0.0,0.0,0.0,0.0,0.0,0.0,0.0,0.0,0.0,0.0,0.0
2026-09-28 06:00:00,23,10,2026-10-10 00:00:00,11 days 18:00:00,282,15.89,123.57,997.8,31.5,164.50905856665295,0.0,0.0,0.0,0.0,0.0,0.0,0.0,0.0,0.0,0.0,0.0,0.0
2026-09-28 06:00:00,23,10,2026-10-10 06:00:00,12 days 00:00:00,288,17.92,121.84,993.9,27.6,68.87687529860423,0.0,0.0,0.0,0.0,0.0,0.0,0.0,0.0,0.0,0.0,0.0,0.0
2026-09-28 06:00:00,23,10,2026-10-10 12:00:00,12 days 06:00:00,294,17.81,120.04,990.4,38.2,66.5332530246961,24.46453750905972,14.56715604128012,9.723408689750796,66.5332530246961,0.0,0.0,0.0,0.0,0.0,0.0,0.0,0.0
2026-09-28 06:00:00,23,10,2026-10-10 18:00:00,12 days 12:00:00,300,17.26,116.01,994.3,30.7,107.57049703619252,0.0,0.0,0.0,0.0,0.0,0.0,0.0,0.0,0.0,0.0,0.0,0.0
2026-09-28 06:00:00,23,10,2026-10-11 00:00:00,12 days 18:00:00,306,17.31,114.75,1001.2,29.1,78.37729272471543,0.0,0.0,0.0,0.0,0.0,0.0,0.0,0.0,0.0,0.0,0.0,0.0
2026-09-28 06:00:00,23,10,2026-10-11 06:00:00,13 days 00:00:00,312,17.5,112.19,991.7,39.4,74.90255417638616,74.90255417638616,25.50541073198091,28.06556500751242,32.309272391132225,0.0,0.0,0.0,0.0,0.0,0.0,0.0,0.0
2026-09-28 06:00:00,23,10,2026-10-11 12:00:00,13 days 06:00:00,318,18.2,111.43,987.1,52.5,108.48901216182622,147.09738990110503,115.42222502305845,96.28340642564662,126.0855460340861,108.48901216182622,1.9811880149831491,1.9270328590659416,5.541619452448289,0.0,0.0,0.0,0.0
2026-09-28 06:00:00,23,10,2026-10-11 18:00:00,13 days 12:00:00,324,18.98,110.84,991.5,38.6,54.20040872873616,128.33510215450858,127.68172031021932,112.06141917072446,122.90374751301906,0.0,0.0,0.0,0.0,0.0,0.0,0.0,0.0
2026-09-28 06:00:00,23,10,2026-10-12 00:00:00,13 days 18:00:00,330,19.34,110.02,998.1,39.2,150.64336136863906,208.41912244172465,195.97594196755435,153.05459019783726,164.81929550583556,0.0,0.0,0.0,0.0,0.0,0.0,0.0,0.0
2026-09-28 06:00:00,23,10,2026-10-12 06:00:00,14 days 00:00:00,336,19.87,109.96,996.5,35.9,120.64938990054948,120.64938990054948,0.0,0.0,6.684065182207216,0.0,0.0,0.0,0.0,0.0,0.0,0.0,0.0
2026-09-28 06:00:00,23,10,2026-10-12 12:00:00,14 days 06:00:00,342,19.83,109.2,991.3,48.0,42.456625657604576,222.33723777145732,212.58279219494565,182.69602410535225,190.8642307027451,0.0,0.0,0.0,0.0,0.0,0.0,0.0,0.0
2026-09-28 06:00:00,23,10,2026-10-12 18:00:00,14 days 12:00:00,348,21.31,108.73,997.9,26.0,53.46857223102113,0.0,0.0,0.0,0.0,0.0,0.0,0.0,0.0,0.0,0.0,0.0,0.0
2026-09-28 06:00:00,23,10,2026-10-13 00:00:00,14 days 18:00:00,354,21.85,108.67,1001.4,22.2,60.45568081231842,0.0,0.0,0.0,0.0,0.0,0.0,0.0,0.0,0.0,0.0,0.0,0.0
2026-09-28 06:00:00,23,10,2026-10-13 06:00:00,15 days 00:00:00,360,22.06,108.57,1006.0,21.9,63.08420239773543,0.0,0.0,0.0,0.0,0.0,0.0,0.0,0.0,0.0,0.0,0.0,0.0
2026-09-28 06:00:00,6,10,2026-09-29 12:00:00,1 days 06:00:00,30,16.33,153.76,1007.2,20.5,136.71301455674595,0.0,0.0,0.0,0.0,0.0,0.0,0.0,0.0,0.0,0.0,0.0,0.0
2026-09-28 06:00:00,6,10,2026-09-29 18:00:00,1 days 12:00:00,36,16.33,152.45,1004.1,22.6,136.34788802564356,0.0,0.0,0.0,0.0,0.0,0.0,0.0,0.0,0.0,0.0,0.0,0.0
2026-09-28 06:00:00,6,10,2026-09-30 00:00:00,1 days 18:00:00,42,16.69,151.62,1005.6,20.9,112.001681054351,0.0,0.0,0.0,0.0,0.0,0.0,0.0,0.0,0.0,0.0,0.0,0.0
2026-09-28 06:00:00,6,10,2026-09-30 06:00:00,2 days 00:00:00,48,16.82,150.49,1004.5,26.0,59.62261566686425,0.0,0.0,0.0,0.0,0.0,0.0,0.0,0.0,0.0,0.0,0.0,0.0
2026-09-28 06:00:00,6,10,2026-09-30 12:00:00,2 days 06:00:00,54,16.83,150.08,1001.8,26.8,104.66410712323132,0.0,0.0,0.0,0.0,0.0,0.0,0.0,0.0,0.0,0.0,0.0,0.0
2026-09-28 06:00:00,6,10,2026-09-30 18:00:00,2 days 12:00:00,60,16.81,149.07,1000.9,30.0,106.06991707308433,0.0,0.0,0.0,0.0,0.0,0.0,0.0,0.0,0.0,0.0,0.0,0.0
2026-09-28 06:00:00,6,10,2026-10-01 00:00:00,2 days 18:00:00,66,17.17,147.99,1002.2,30.0,67.8119023900586,0.0,0.0,0.0,0.0,0.0,0.0,0.0,0.0,0.0,0.0,0.0,0.0
2026-09-28 06:00:00,6,10,2026-10-01 06:00:00,3 days 00:00:00,72,17.44,147.32,999.1,36.4,125.42707438994444,125.42707438994444,0.5904879161320764,0.0,3.511684565894996,0.0,0.0,0.0,0.0,0.0,0.0,0.0,0.0
2026-09-28 06:00:00,6,10,2026-10-01 12:00:00,3 days 06:00:00,78,17.15,146.33,998.1,40.0,73.53408360001228,8.144877858863012,73.53408360001228,0.0,3.3529789994511816,0.0,0.0,0.0,0.0,0.0,0.0,0.0,0.0
2026-09-28 06:00:00,6,10,2026-10-01 18:00:00,3 days 12:00:00,84,16.9,146.26,997.1,36.3,99.17465010608372,99.17465010608372,61.24550760481226,49.27699167114311,54.65419886566498,0.0,0.0,0.0,0.0,0.0,0.0,0.0,0.0
2026-09-28 06:00:00,6,10,2026-10-02 00:00:00,3 days 18:00:00,90,17.05,145.57,993.9,45.5,77.62678842827032,203.3992926820111,192.08741418611203,163.57710637668742,173.42709164530618,0.0,0.0,0.0,0.0,0.0,0.0,0.0,0.0
2026-09-28 06:00:00,6,10,2026-10-02 06:00:00,4 days 00:00:00,96,17.0,145.51,991.6,49.9,62.47829864662393,201.2354248496829,181.55735003032305,147.017684543641,168.3653545843706,0.0,0.0,0.0,0.0,0.0,0.0,0.0,0.0
2026-09-28 06:00:00,6,10,2026-10-02 12:00:00,4 days 06:00:00,102,17.26,145.25,990.2,46.2,131.3886315861121,246.7702616167572,245.82895518472407,200.90264870487675,201.4949887062923,0.0,0.0,0.0,0.0,0.0,0.0,0.0,0.0
2026-09-28 06:00:00,6,10,2026-10-02 18:00:00,4 days 12:00:00,108,17.54,145.48,984.0,55.8,88.86292650687936,183.4198095991582,168.25709688500143,130.18831748920064,144.41214726209824,88.86292650687936,6.980200308859335,1.5584117047173551,4.409026149537632,0.0,0.0,0.0,0.0
2026-09-28 06:00:00,6,10,2026-10-03 00:00:00,4 days 18:00:00,114,17.76,145.69,972.9,74.1,42.93438077406336,155.7452846241144,168.23983939637168,139.98155580372622,128.06367546799163,54.98840567883704,53.68565687205645,39.8015533500811,43.66139050449537,5.686533419579956,42.93438077406336,5.188286866298801,4.052618599966989
2026-09-28 06:00:00,6,10,2026-10-03 06:00:00,5 days 00:00:00,120,18.23,146.22,970.5,78.3,13.625101464097384,241.675117752907,268.6072193230507,233.14382261499983,193.38282973495325,76.7555734679396,78.60022178093311,59.42739441121341,60.80855018683587,3.5751190372998494,13.625101464097384,4.836956364878663,2.69600976527396
2026-09-28 06:00:00,6,10,2026-10-03 12:00:00,5 days 06:00:00,126,19.09,147.24,946.6,104.5,17.062747455113666,246.0083701059035,281.8025375014616,257.26512922899167,217.09263960456167,125.07332239102423,131.39750732510484,120.45901573367856,112.90693170011866,60.56813839701864,63.51630169230306,56.81105029011678,54.56857500660149
2026-09-28 06:00:00,6,10,2026-10-03 18:00:00,5 days 12:00:00,132,19.84,147.76,950.3,100.9,16.180567221837126,366.3739172873588,392.1422814419084,326.4042734342391,303.21791158472075,191.654641456781,202.7107834670398,169.7182040157222,163.7701731838943,94.71658998869732,95.42389063878372,80.66890439030487,82.5459622305313
2026-09-28 06:00:00,6,10,2026-10-04 00:00:00,5 days 18:00:00,138,21.09,148.71,916.4,139.2,21.30468459763173,346.60574652867814,366.257761405237,311.182955405038,290.9707524676966,182.54477687635776,183.9695239690469,158.36414076830846,158.16579819543404,110.67021840058295,107.45130984603207,91.76348027576798,97.20704632831432
2026-09-28 06:00:00,6,10,2026-10-04 06:00:00,6 days 00:00:00,144,22.33,148.65,926.5,131.7,0.0,385.23392818803626,388.57021979219417,299.2786566184963,306.14784043271595,165.7496324421183,167.77921849013126,135.21029640898217,139.43647254982136,87.30797217037403,85.6071610932205,71.20733387994417,75.62886707753199
2026-09-28 06:00:00,6,10,2026-10-04 12:00:00,6 days 06:00:00,150,23.17,148.67,914.3,128.1,32.425232258504934,385.8495902650483,389.8056066379048,302.5300746963577,320.85282341544746,195.88650843085247,188.8732140020274,154.77134791897652,165.6108592446118,106.40775001167528,101.40280400356755,83.92710706619323,91.5855380855964
2026-09-28 06:00:00,6,10,2026-10-04 18:00:00,6 days 12:00:00,156,23.86,148.41,920.6,131.1,0.0,356.38086085521206,359.2453994757544,285.13723848154734,291.19126903110174,153.3739319469076,145.28711648614467,116.43676368911996,128.3439187915615,76.21439906647191,71.49383747320023,60.18644065324776,64.69693733388615
2026-09-28 06:00:00,6,10,2026-10-05 00:00:00,6 days 18:00:00,162,24.84,147.63,906.1,144.2,9.759747872103574,475.3317087707751,446.2868976910492,390.70736088817,425.0797840471381,222.0237930031231,209.2822002105933,179.768337558987,192.90207693053668,111.20826423422616,104.59241564248114,89.21371852343628,97.81323694127964
2026-09-28 06:00:00,6,10,2026-10-05 06:00:00,7 days 00:00:00,168,25.64,147.45,917.0,129.2,0.0,351.50816445587805,333.77413530143474,264.90785693638804,295.5776446516819,169.8920601752827,159.4180611767232,129.5178858273082,142.39414775718149,84.31892428665543,80.06400489550336,66.15890937015499,72.11274120856191
2026-09-28 06:00:00,6,10,2026-10-05 12:00:00,7 days 06:00:00,174,26.53,147.06,918.4,132.3,2.380575058359625,434.7683582668253,404.26889381910553,340.72480050994875,372.9325408769829,215.99712567286585,201.074898487944,167.9980081055948,189.33819673028472,120.53675643625184,112.52574374695683,94.65325910235126,104.69227663627127
2026-09-28 06:00:00,6,10,2026-10-05 18:00:00,7 days 12:00:00,180,27.33,146.66,922.7,118.0,32.44344935195906,354.35837147431084,334.4144069425344,279.0994973237205,295.4480444336443,200.05805289990155,187.2131949170716,150.40310324350472,168.00729597194874,89.12671218282128,85.171864239195,69.65832762140036,77.34150674837451
2026-09-28 06:00:00,6,10,2026-10-06 00:00:00,7 days 18:00:00,186,28.4,146.56,920.9,124.4,11.61934026349121,361.3742644620247,373.215726906993,305.2791390357629,315.9765779294121,163.4971584283412,154.2041892348816,127.1610948023308,136.988551597718,78.05941471550352,75.11011148059464,61.30635652547198,67.53514529346455
2026-09-28 06:00:00,6,10,2026-10-06 06:00:00,8 days 00:00:00,192,30.37,146.49,941.6,104.1,18.288369731259134,339.85291369445315,346.5253461913516,264.79280743289587,270.998813645033,157.8995384656311,154.56944253202522,124.43293493544328,133.33890923445108,73.57992304382273,71.51541696516261,58.54852914062526,62.217733074220405
2026-09-28 06:00:00,6,10,2026-10-06 12:00:00,8 days 06:00:00,198,32.22,147.23,953.6,88.6,39.29860010953099,283.51654188596484,310.53842235208504,218.2870926629104,203.7062581551928,103.20437614053736,106.61978549810848,76.41008305663502,78.9425221483768,18.59934978242805,39.29860010953099,14.043092649568576,13.992834183799408
2026-09-28 06:00:00,6,10,2026-10-06 18:00:00,8 days 12:00:00,204,34.68,148.55,947.0,94.9,30.73514258759032,383.6350400899468,448.1621771498088,367.2907806985671,324.7635405304087,203.3228103138943,232.36883887701453,203.1933189457347,179.10320300323963,108.48654214288186,117.66899458305002,98.25045252130738,96.26295993875816
2026-09-28 06:00:00,6,10,2026-10-07 00:00:00,8 days 18:00:00,210,37.75,151.16,961.0,73.1,64.07559049133354,297.66259781366625,344.72768508471404,262.32252219314887,233.0699719492244,100.66797681956793,119.10978469792585,89.5269016779107,77.18468800313602,4.768875206624327,64.07559049133354,8.094734822346414,1.4751679941021942
2026-09-28 06:00:00,6,10,2026-10-07 06:00:00,9 days 00:00:00,216,40.78,155.07,965.4,67.4,121.63004189008008,307.81247181236245,396.7967315776828,313.8466140767937,251.1556237109692,122.77228341586886,146.38292474518653,120.75390865534928,99.75166553469172,8.430171005421865,121.63004189008008,13.939701943296685,7.048506858324732
2026-09-28 06:00:00,6,10,2026-10-07 12:00:00,9 days 06:00:00,222,43.46,160.01,974.7,49.8,58.38568591658751,11.268249031891344,84.07260595124569,64.68678215037528,6.928750395094909,0.0,0.0,0.0,0.0,0.0,0.0,0.0,0.0
2026-09-28 06:00:00,6,10,2026-10-07 18:00:00,9 days 12:00:00,228,46.52,164.97,979.2,43.8,77.42804687910598,0.0,77.42804687910598,51.07943543893509,0.0,0.0,0.0,0.0,0.0,0.0,0.0,0.0,0.0
2026-09-28 06:00:00,6,10,2026-10-08 00:00:00,9 days 18:00:00,234,50.78,166.1,977.9,30.5,207.98667358749816,0.0,0.0,0.0,0.0,0.0,0.0,0.0,0.0,0.0,0.0,0.0,0.0
2026-09-28 06:00:00,6,10,2026-10-08 06:00:00,10 days 00:00:00,240,52.3,171.26,966.3,42.9,65.86322260306574,7.158061474803269,65.86322260306574,18.635811763134164,22.57237696560841,0.0,0.0,0.0,0.0,0.0,0.0,0.0,0.0
2026-09-28 06:00:00,AL062026,10,2026-09-28 06:00:00,0 days 00:00:00,0,28.3,-43.8,1012.0,25.0,56.0,0.0,0.0,0.0,0.0,0.0,0.0,0.0,0.0,0.0,0.0,0.0,0.0
2026-09-28 06:00:00,AL062026,10,2026-09-28 12:00:00,0 days 06:00:00,6,27.61,-44.26,1007.9,30.0,79.32519754152891,0.0,0.0,0.0,0.0,0.0,0.0,0.0,0.0,0.0,0.0,0.0,0.0
2026-09-28 06:00:00,AL062026,10,2026-09-28 18:00:00,0 days 12:00:00,12,26.94,-44.75,1009.2,27.5,60.188461410075575,0.0,0.0,0.0,0.0,0.0,0.0,0.0,0.0,0.0,0.0,0.0,0.0
2026-09-28 06:00:00,AL062026,10,2026-09-29 00:00:00,0 days 18:00:00,18,25.97,-45.44,1007.4,32.1,70.38882798352257,0.0,0.0,0.0,0.0,0.0,0.0,0.0,0.0,0.0,0.0,0.0,0.0
2026-09-28 06:00:00,AL062026,10,2026-09-29 06:00:00,1 days 00:00:00,24,25.27,-46.13,1009.0,34.9,90.1609026253372,90.1609026253372,24.94109915560568,16.53877251770664,31.636868704273965,0.0,0.0,0.0,0.0,0.0,0.0,0.0,0.0
2026-09-28 06:00:00,AL062026,10,2026-09-29 12:00:00,1 days 06:00:00,30,24.91,-47.24,1009.7,27.6,104.09862519892113,0.0,0.0,0.0,0.0,0.0,0.0,0.0,0.0,0.0,0.0,0.0,0.0
2026-09-28 06:00:00,AL062026,10,2026-09-29 18:00:00,1 days 12:00:00,36,24.17,-48.04,1009.9,26.9,102.22058151301326,0.0,0.0,0.0,0.0,0.0,0.0,0.0,0.0,0.0,0.0,0.0,0.0
2026-09-28 06:00:00,AL062026,10,2026-09-30 00:00:00,1 days 18:00:00,42,23.9,-49.58,1010.3,28.4,97.92259225701966,0.0,0.0,0.0,0.0,0.0,0.0,0.0,0.0,0.0,0.0,0.0,0.0
2026-09-28 06:00:00,AL062026,10,2026-09-30 06:00:00,2 days 00:00:00,48,23.54,-50.94,1010.0,31.0,54.29273596038186,0.0,0.0,0.0,0.0,0.0,0.0,0.0,0.0,0.0,0.0,0.0,0.0
2026-09-28 06:00:00,AL062026,10,2026-09-30 12:00:00,2 days 06:00:00,54,23.53,-52.06,1009.7,27.4,78.0065507660803,0.0,0.0,0.0,0.0,0.0,0.0,0.0,0.0,0.0,0.0,0.0,0.0
2026-09-28 06:00:00,AL062026,10,2026-09-30 18:00:00,2 days 12:00:00,60,23.32,-52.75,1012.8,17.6,104.56785378561749,0.0,0.0,0.0,0.0,0.0,0.0,0.0,0.0,0.0,0.0,0.0,0.0
2026-09-28 06:00:00,AL912026(2),10,2026-09-28 06:00:00,0 days 00:00:00,0,36.3,-53.1,1013.0,29.0,148.0,0.0,0.0,0.0,0.0,0.0,0.0,0.0,0.0,0.0,0.0,0.0,0.0
2026-09-28 06:00:00,EP152026(2),10,2026-09-28 06:00:00,0 days 00:00:00,0,16.4,-160.8,929.0,134.0,28.0,241.0,185.0,148.0,204.0,93.0,74.0,74.0,93.0,56.0,46.0,37.0,46.0
2026-09-28 06:00:00,EP152026(2),10,2026-09-28 12:00:00,0 days 06:00:00,6,16.87,-161.83,940.4,118.9,29.294579055006903,200.68143603314135,149.6295906942023,99.37086871298575,180.09590046204232,96.76109747526158,73.13932320525939,52.44578727651975,83.68388769071714,50.179292381597264,39.58607162560786,30.998970077912677,42.1143650592513
2026-09-28 06:00:00,EP152026(2),10,2026-09-28 18:00:00,0 days 12:00:00,12,17.29,-162.42,957.8,105.7,4.669914324110213,216.56824402324943,184.60873831728435,129.5375672291085,189.6057466614492,109.57879038403652,89.68550001813475,64.86450609657587,91.78633008798248,56.55503593104612,47.845896137588,37.35539160514139,48.27764179658966
2026-09-28 06:00:00,EP152026(2),10,2026-09-29 00:00:00,0 days 18:00:00,18,18.18,-163.03,953.8,106.2,0.0,182.08082283877584,146.69414655317388,99.34577362999158,164.24089334142363,115.27576466069482,96.38905109115602,72.25410110979306,96.20844855225974,51.86088355113934,44.82532988528702,36.37891659372635,43.41016049317931
2026-09-28 06:00:00,EP152026(2),10,2026-09-29 06:00:00,1 days 00:00:00,24,19.24,-163.54,946.9,122.9,19.072861306285237,251.46073205901249,226.06294325687773,145.6866710916645,208.0801345498427,103.06414388738771,85.41754610733543,63.97587469556174,88.81459886566995,60.966781027048505,52.95435383621579,43.02245503850627,52.808443320132085
2026-09-28 06:00:00,EP152026(2),10,2026-09-29 12:00:00,1 days 06:00:00,30,20.31,-163.82,958.8,101.0,0.0,190.57753809720444,193.41309972770617,114.7486012396006,148.28454625673112,65.82911369028159,57.62511196606319,37.32287063224518,47.4084414106711,30.00543054235414,28.18283929034392,19.92545134136293,24.31337838656577
2026-09-28 06:00:00,EP152026(2),10,2026-09-29 18:00:00,1 days 12:00:00,36,21.4,-163.56,963.1,94.8,35.13928611489297,174.06307850806678,177.31930470518506,96.76766833738714,121.38049216779024,35.13928611489297,14.97199762658941,3.4765030298452064,9.32090283655877,35.13928611489297,2.230881956708721,0.2451279705025182,1.4498503047234783
2026-09-28 06:00:00,EP152026(2),10,2026-09-30 00:00:00,1 days 18:00:00,42,22.3,-163.34,971.8,93.1,30.42839277847925,175.47707449251453,175.71810170961243,101.08534241010334,131.61203096744833,58.7905421130884,53.571226434893575,37.48948861711542,45.63202628273596,30.42839277847925,15.38997057326692,11.265339320002411,12.89446086784391
2026-09-28 06:00:00,EP152026(2),10,2026-09-30 06:00:00,2 days 00:00:00,48,23.07,-162.93,985.7,69.3,57.44116230979443,254.7571136583722,257.08058757552857,194.325217303413,198.25581043527455,128.16871299651515,124.48708363787796,102.02331468891366,110.3190762032212,65.94508645866195,65.52540349886965,54.05378763702662,57.14204712713858
2026-09-28 06:00:00,EP152026(2),10,2026-09-30 12:00:00,2 days 06:00:00,54,23.26,-162.98,978.6,76.6,81.84125523396101,294.89670342277884,286.95528663780794,233.92514354056175,244.5896282822621,81.84125523396101,69.01532946349295,81.84125523396101,60.247822996109214,0.2113656858938823,0.5050854720816069,81.84125523396101,0.0
2026-09-28 06:00:00,EP152026(2),10,2026-09-30 18:00:00,2 days 12:00:00,60,23.77,-162.63,985.5,63.5,81.39416547111148,303.77067380915946,276.19199952606823,205.40357683733623,231.7873653783588,99.27451965500916,89.39457285940853,65.79839484847537,79.58165379400305,0.0,0.0,0.0,0.0
2026-09-28 06:00:00,EP152026(2),10,2026-10-01 00:00:00,2 days 18:00:00,66,23.66,-162.32,986.3,55.9,54.43938574182298,239.49898935417008,246.5861136940384,212.0227305082385,205.29136346096527,54.43938574182298,24.63712487785465,18.79486184909875,19.391439973438068,0.0,0.0,0.0,0.0
2026-09-28 06:00:00,EP152026(2),10,2026-10-01 06:00:00,3 days 00:00:00,72,23.76,-162.4,989.3,56.9,89.94252867404057,211.6279982557919,202.4429386147624,159.92229342249823,177.80191580775605,89.94252867404057,31.0810033871788,21.552307396884213,25.38053343534152,0.0,0.0,0.0,0.0
2026-09-28 06:00:00,EP152026(2),10,2026-10-01 12:00:00,3 days 06:00:00,78,24.07,-163.1,994.1,52.1,49.74702351880977,271.8580165379658,223.5410685225884,170.08518626994731,224.7476534804998,89.30809951720943,75.35254831805773,51.47181031441876,70.8185520692511,0.0,0.0,0.0,0.0
2026-09-28 06:00:00,EP152026(2),10,2026-10-01 18:00:00,3 days 12:00:00,84,24.39,-163.81,986.8,58.3,90.06042036080771,233.54191422651863,188.9450287914201,162.0234295821624,200.00533068277943,90.06042036080771,47.23709797569131,35.55272140572629,47.64387145743683,0.0,0.0,0.0,0.0
2026-09-28 06:00:00,EP152026(2),10,2026-10-02 00:00:00,3 days 18:00:00,90,24.63,-163.92,987.0,60.4,34.58368481110495,269.62357390284444,231.16535209629976,177.44768125596056,214.9754296735842,83.60720106962947,75.37093935658474,52.868898284640046,66.74587746206487,0.0,0.0,0.0,0.0
2026-09-28 06:00:00,EP152026(2),10,2026-10-02 06:00:00,4 days 00:00:00,96,25.29,-164.46,986.6,57.6,37.75558822181218,162.1869429713287,141.7390815856814,92.14542567184527,132.67461870244978,37.75558822181218,23.841309055921258,19.14600541484462,25.61397852952631,0.0,0.0,0.0,0.0
2026-09-28 06:00:00,EP152026(2),10,2026-10-02 12:00:00,4 days 06:00:00,102,25.66,-164.3,980.0,64.5,43.44989975667924,267.734373465954,230.04665647130636,164.4953274723904,206.60631769866197,128.35392623829088,114.62039454610782,81.13044363746278,103.90847917094848,43.44989975667924,7.03455381340397,3.4483019166078672,5.701142154329246
2026-09-28 06:00:00,EP152026(2),10,2026-10-02 18:00:00,4 days 12:00:00,108,26.38,-164.09,977.4,69.8,42.36454251408941,257.5579047051433,258.4078109004768,186.0487467783096,199.75817757562615,42.36454251408941,42.36454251408941,24.68201408480945,30.4020616532398,0.7608919971644355,42.36454251408941,0.0,0.4330856359922563
2026-09-28 06:00:00,EP152026(2),10,2026-10-03 00:00:00,4 days 18:00:00,114,27.08,-163.88,977.5,60.2,49.99771348443956,213.0513141913811,211.06663129889876,150.57921370995837,160.92664409243906,49.99771348443956,45.02143582548305,30.21535383258763,37.78626259126838,0.0,0.0,0.0,0.0
2026-09-28 06:00:00,EP152026(2),10,2026-10-03 06:00:00,5 days 00:00:00,120,27.9,-163.34,979.1,66.1,37.03120546726666,175.22866494240589,164.1876126182192,103.20753816779938,119.72668608601134,96.58741976584406,86.89641759222673,63.78227908021586,77.91768641182148,37.03120546726666,12.9340960509453,9.837304700492467,11.484663552437326
2026-09-28 06:00:00,EP152026(2),10,2026-10-03 12:00:00,5 days 06:00:00,126,28.76,-163.23,978.7,64.2,58.8795095064436,228.50202734890053,208.3632311084167,156.62119610067074,161.1618206290369,58.8795095064436,58.8795095064436,34.883758651285945,38.36933954605728,1.0748070142817017,58.8795095064436,1.056650627636575,0.0
2026-09-28 06:00:00,EP152026(2),10,2026-10-03 18:00:00,5 days 12:00:00,132,28.97,-163.22,989.7,59.3,39.16494457998293,123.16819619362816,125.35592626140948,99.09610366669295,92.85919086051928,23.42820358723592,39.16494457998293,15.525424414114887,16.101086394446206,0.0,0.0,0.0,0.0
2026-09-28 06:00:00,EP152026(2),10,2026-10-04 00:00:00,5 days 18:00:00,138,28.78,-163.24,988.1,55.5,43.22596308680668,200.0805301412459,188.54444327314425,166.64511958476663,175.32435908580953,43.22596308680668,35.85882404026362,23.317885485602787,28.183347570724056,0.0,0.0,0.0,0.0
2026-09-28 06:00:00,EP152026(2),10,2026-10-04 06:00:00,6 days 00:00:00,144,29.03,-163.8,989.0,53.7,52.28522951377688,223.8347230097132,184.93299773879943,161.03283592229224,207.0698411012007,75.22366844895477,65.81847856452427,48.43504512813997,64.46293144939557,0.0,0.0,0.0,0.0
2026-09-28 06:00:00,EP152026(2),10,2026-10-04 12:00:00,6 days 06:00:00,150,29.12,-164.51,996.0,46.2,80.86560079616562,80.86560079616562,21.7281437428204,10.653393212854702,34.99960507812449,0.0,0.0,0.0,0.0,0.0,0.0,0.0,0.0
2026-09-28 06:00:00,EP152026(2),10,2026-10-04 18:00:00,6 days 12:00:00,156,29.59,-165.45,990.4,48.9,46.21108469555397,211.30062129583067,179.29967875500162,136.29853654965447,180.24750833618907,0.0,0.0,0.0,0.0,0.0,0.0,0.0,0.0
2026-09-28 06:00:00,EP152026(2),10,2026-10-05 00:00:00,6 days 18:00:00,162,29.84,-166.24,994.7,49.4,37.48571453616242,100.33452589417725,67.95159912060427,46.58286810357741,85.88897732221075,0.0,0.0,0.0,0.0,0.0,0.0,0.0,0.0
2026-09-28 06:00:00,EP152026(2),10,2026-10-05 06:00:00,7 days 00:00:00,168,30.5,-167.24,991.7,55.7,49.70930291481278,197.74459257128436,137.8680557947639,82.9524596958222,158.3023845197065,73.38489660543144,58.01395711380553,35.73707573015196,57.588107668315615,0.0,0.0,0.0,0.0
2026-09-28 06:00:00,EP152026(2),10,2026-10-05 12:00:00,7 days 06:00:00,174,30.99,-168.53,995.2,50.6,40.05166893241692,249.5646698039075,173.97362643431669,108.94561455273497,204.57684664474823,118.85260117572196,97.41108566693472,65.94038866624295,94.846596711031,0.0,0.0,0.0,0.0
2026-09-28 06:00:00,EP152026(2),10,2026-10-05 18:00:00,7 days 12:00:00,180,31.36,-169.2,990.5,59.4,49.59491140181999,150.50858927452887,111.41121375675333,67.94532342410967,117.00638510095126,49.59491140181999,14.316962957183849,3.844612088651581,15.341490223222811,0.0,0.0,0.0,0.0
2026-09-28 06:00:00,EP152026(2),10,2026-10-06 00:00:00,7 days 18:00:00,186,31.84,-169.87,996.8,52.4,63.14558474769001,249.310897849442,222.36186492821437,154.11972797666385,203.9438458968361,63.14558474769001,16.52572704116392,7.020192255502025,15.102385284110824,0.0,0.0,0.0,0.0
2026-09-28 06:00:00,EP152026(2),10,2026-10-06 06:00:00,8 days 00:00:00,192,31.83,-169.66,996.6,51.7,97.3200453750488,169.693054481214,167.3108154550961,134.15234095232233,145.23612571585835,0.0,0.2098905912835693,0.0,97.3200453750488,0.0,0.0,0.0,0.0
2026-09-28 06:00:00,EP152026(2),10,2026-10-06 12:00:00,8 days 06:00:00,198,32.25,-169.19,994.3,52.5,68.66682973204252,94.74152555576411,106.75222162044248,87.92814723797744,70.2543275962444,0.0,68.66682973204252,0.0,0.0,0.0,0.0,0.0,0.0
2026-09-28 06:00:00,EP152026(2),10,2026-10-06 18:00:00,8 days 12:00:00,204,32.11,-168.11,987.8,55.0,51.55293218990697,139.88915170712573,152.85736123139876,127.86706375136372,114.8186633622782,0.0,51.55293218990697,1.167961364573021,0.0231026171510606,0.0,0.0,0.0,0.0
2026-09-28 06:00:00,EP152026(2),10,2026-10-07 00:00:00,8 days 18:00:00,210,32.33,-166.29,987.5,55.2,47.03475909644612,112.8147627728191,125.04005597882218,91.388514553937,79.37309134303293,0.0593722927297299,47.03475909644612,0.0,0.0,0.0,0.0,0.0,0.0
2026-09-28 06:00:00,EP152026(2),10,2026-10-07 06:00:00,9 days 00:00:00,216,32.66,-163.63,980.6,61.9,61.47905749138212,153.24498862552096,173.09367418835987,124.5805921823647,116.87354090763552,23.71670784029965,61.47905749138212,19.19733655737582,15.437433682900808,0.0,0.0,0.0,0.0
2026-09-28 06:00:00,EP172026,10,2026-09-28 06:00:00,0 days 00:00:00,0,23.2,-114.0,955.0,105.0,28.0,167.0,148.0,148.0,148.0,102.0,93.0,83.0,83.0,65.0,65.0,65.0,65.0
2026-09-28 06:00:00,EP172026,10,2026-09-28 12:00:00,0 days 06:00:00,6,23.83,-113.83,966.8,87.0,25.149883297047182,129.52165674318985,161.81553173042195,95.13653810939608,82.54952509623729,73.66816360920691,72.27565218202196,51.66620055048252,55.63936425955166,40.02908614462784,37.89324586371767,29.47747292140005,32.59245386175893
2026-09-28 06:00:00,EP172026,10,2026-09-28 18:00:00,0 days 12:00:00,12,24.59,-113.29,971.6,81.6,29.01728151409383,137.36986237468952,176.65324704601016,133.554287018374,105.23460386604548,79.33503441015918,85.4190713777,73.62362083562155,65.41171292408858,40.97561662644379,41.8661968550089,35.54370886586304,34.794825705540646
2026-09-28 06:00:00,EP172026,10,2026-09-29 00:00:00,0 days 18:00:00,18,25.21,-112.96,968.8,81.4,26.889868705700792,149.70609183803785,165.1174556993833,112.727750089318,108.39321240825592,63.674516765613504,62.66613503860728,46.490037290602274,46.23477585323079,21.60938044543117,26.889868705700792,17.00500301436216,17.08842356567985
2026-09-28 06:00:00,EP172026,10,2026-09-29 06:00:00,1 days 00:00:00,24,25.29,-112.17,979.4,65.4,48.05992926004186,137.89199806205016,116.51179195435084,76.36295596912437,95.00062119508962,68.49318402993612,63.51893017801641,46.23098695743895,55.32047487675615,48.05992926004186,22.48781471456593,16.324378684070236,20.511447785167064
2026-09-28 06:00:00,EP172026,10,2026-09-29 12:00:00,1 days 06:00:00,30,26.52,-111.56,992.4,48.4,51.6239421295605,37.48726043208072,59.650343796896514,39.14262107852534,26.09695367540704,0.0,0.0,0.0,0.0,0.0,0.0,0.0,0.0
2026-09-28 06:00:00,EP172026,10,2026-09-29 18:00:00,1 days 12:00:00,36,27.66,-110.17,983.0,59.7,33.52283171045235,92.62413308173478,101.98969301260696,70.09633620361791,73.3621369625888,33.52283171045235,29.287979077482305,22.23829048876037,21.960303714262366,0.0,0.0,0.0,0.0
2026-09-28 06:00:00,EP172026,10,2026-09-30 00:00:00,1 days 18:00:00,42,30.53,-107.61,999.7,36.3,34.65303011052699,34.65303011052699,13.06544955180783,0.0,0.0,0.0,0.0,0.0,0.0,0.0,0.0,0.0,0.0
2026-09-28 06:00:00,EP182026,10,2026-09-28 06:00:00,0 days 00:00:00,0,13.2,-100.0,1001.0,41.0,93.0,222.0,185.0,148.0,222.0,0.0,0.0,0.0,0.0,0.0,0.0,0.0,0.0
2026-09-28 06:00:00,EP182026,10,2026-09-28 12:00:00,0 days 06:00:00,6,13.41,-100.57,992.0,54.8,91.94377455238612,142.8089882623588,136.32812803951643,108.31711194423715,124.86189896702734,91.94377455238612,0.0,0.0,0.0,0.0,0.0,0.0,0.0
2026-09-28 06:00:00,EP182026,10,2026-09-28 18:00:00,0 days 12:00:00,12,13.83,-101.67,983.1,66.8,24.47138858612677,203.9739864340125,169.7624976951941,140.1819199185745,180.49206807678095,40.5747278866765,32.819409562020724,26.842789360013104,34.742797667481895,0.8446074449951082,0.6232470007467283,0.9058487672016288,24.47138858612677
2026-09-28 06:00:00,EP182026,10,2026-09-29 00:00:00,0 days 18:00:00,18,14.07,-102.55,991.7,55.1,44.14295326310584,191.46922410175668,156.0282872913641,120.82506311441192,157.6039119935172,44.14295326310584,15.515494409271282,8.128867843570838,14.80252888561187,0.0,0.0,0.0,0.0
2026-09-28 06:00:00,EP182026,10,2026-09-29 06:00:00,1 days 00:00:00,24,14.54,-103.76,992.5,63.9,84.29534723370361,277.6854748024742,259.90553550853656,209.28240459828967,228.5867404936477,84.29534723370361,0.0,0.0,0.0,0.0,0.0,0.0,0.0
2026-09-28 06:00:00,EP182026,10,2026-09-29 12:00:00,1 days 06:00:00,30,15.32,-104.34,989.0,60.3,60.2816761315236,169.43725263284318,151.4236889021114,98.8736164320377,133.86610985283494,61.77950640221248,52.54598278224687,35.9547643756774,47.47339693673429,0.0,0.0,0.0,0.0
2026-09-28 06:00:00,EP182026,10,2026-09-29 18:00:00,1 days 12:00:00,36,16.11,-105.2,987.1,59.8,51.757313908781526,205.39594395246297,163.79384580946538,104.2347353603774,153.91802537565513,70.8353229939382,58.43989648130113,40.03510629967752,55.91772721446279,0.0,0.0,0.0,0.0
2026-09-28 06:00:00,EP182026,10,2026-09-30 00:00:00,1 days 18:00:00,42,17.3,-106.21,983.6,71.8,21.953737993457796,201.1360250523433,176.06935230978803,120.15370001401214,152.35996508372654,67.7420171739688,54.0080787026956,32.82475760724867,50.50181996837827,21.953737993457796,0.0025632134143087,0.0,1.2209062191575857
2026-09-28 06:00:00,EP182026,10,2026-09-30 06:00:00,2 days 00:00:00,48,17.61,-106.75,968.5,89.2,24.26392790871465,157.76514383624954,155.4647725955088,127.34546528998104,139.521631194378,85.21834023568263,75.91738243603913,62.59431846473933,71.96926293539826,36.93732936691576,33.93903374063215,28.678023649262848,32.93497655348676
2026-09-28 06:00:00,EP182026,10,2026-09-30 12:00:00,2 days 06:00:00,54,18.44,-107.06,968.3,89.0,15.694501867540634,193.2078662412227,165.62991022454145,115.87173642001532,150.39314583901478,75.17568335858837,64.69040452439856,48.788358728283285,61.895827991836725,40.31646804994251,35.970905259324965,28.88512259293112,34.190285833710014
2026-09-28 06:00:00,EP182026,10,2026-09-30 18:00:00,2 days 12:00:00,60,18.39,-107.49,964.7,94.2,47.53939715117585,175.7241722985292,147.13033908007742,123.23792913963256,143.31328149798537,86.3959503370603,72.76547470887095,57.57390210552242,73.96767401182171,48.014485794397785,42.25050949749087,34.51545769674563,41.83074330117103
2026-09-28 06:00:00,EP182026,10,2026-10-01 00:00:00,2 days 18:00:00,66,18.82,-107.96,964.2,99.1,21.714851997088708,229.2469678709872,190.826071924979,139.65082030719617,186.04901468065785,109.23931108387669,91.8588194317236,74.77062236640134,92.77064653437454,59.24767703340475,53.36809598366005,43.80026747698661,52.84582122595371
2026-09-28 06:00:00,EP182026,10,2026-10-01 06:00:00,3 days 00:00:00,72,18.77,-107.97,948.1,113.1,39.54936502002435,214.80105990551465,210.8628950577397,159.9547065795695,201.2604533708069,120.07481376166754,122.3149740229538,106.37834569861676,106.5637090192226,43.08331862391209,42.5886117315744,38.027379488288304,39.34114126090377
2026-09-28 06:00:00,EP182026,10,2026-10-01 12:00:00,3 days 06:00:00,78,18.74,-108.15,967.0,85.1,29.29432073773607,142.00124185170068,137.1144836223791,126.10739934738125,137.5372005737504,91.06386496334385,91.68456258193544,83.70208342189635,84.25429947344965,56.68124841221029,56.38007519363893,49.322782938553566,50.29099755125248
2026-09-28 06:00:00,EP182026,10,2026-10-01 18:00:00,3 days 12:00:00,84,19.04,-108.03,977.1,79.5,21.17076809146516,171.51702007225805,166.90833966349177,152.7422214784127,147.4214354464208,89.67522397464502,86.45751806882296,73.88075181057847,78.8118602300253,43.76609894515987,42.38615465693059,36.82933508930971,38.86235354532538
2026-09-28 06:00:00,EP182026,10,2026-10-02 00:00:00,3 days 18:00:00,90,19.05,-108.09,979.0,73.0,30.115073902523505,91.41082600079064,101.82542937737858,111.66743126460456,95.26864251032728,45.000636019210106,48.40836791033297,48.95117824762397,43.92784929662639,17.842627349941345,30.115073902523505,18.911279506301646,16.71556241361126
2026-09-28 06:00:00,EP182026,10,2026-10-02 06:00:00,4 days 00:00:00,96,18.96,-107.92,986.7,65.2,9.64808400734728,141.14573276844862,157.2120522926607,159.20505165506165,141.18152014320845,50.59934817941701,51.66492546194638,42.18361215297512,42.66876310324943,0.0802079617023352,0.6272869272485977,9.64808400734728,0.0
2026-09-28 06:00:00,EP182026,10,2026-10-02 12:00:00,4 days 06:00:00,102,18.83,-107.67,975.4,80.0,30.084225511140147,132.34143495613478,144.99749279074646,134.2357094213835,124.16601779893963,62.014445397375866,63.3811719772406,57.63914750060523,56.81613320141665,33.55001934528087,33.982850500253704,29.906154722606917,29.998352546181238
2026-09-28 06:00:00,EP182026,10,2026-10-02 18:00:00,4 days 12:00:00,108,18.72,-107.67,982.5,72.8,37.08466837755306,187.28757508270235,170.69899526907813,145.87817647520058,168.43005576025297,77.65627117261062,72.71849865880748,58.4041345853215,68.08763409017564,37.08466837755306,16.656014303249375,14.372847043646871,15.347072461911656
2026-09-28 06:00:00,EP182026,10,2026-10-03 00:00:00,4 days 18:00:00,114,18.99,-107.69,982.4,67.6,26.051341819027733,141.51201066044354,119.6765656550642,92.63387556968304,117.473683868353,69.12497851240747,60.25061402688729,47.062423671599454,58.67406365529928,26.051341819027733,21.94144070213111,17.65732025067626,21.11541400384326
2026-09-28 06:00:00,EP182026,10,2026-10-03 06:00:00,5 days 00:00:00,120,19.01,-107.75,986.1,65.7,28.21503445198065,168.56750498090457,158.52588030861546,140.10373404926096,139.68499136796976,89.65976138302088,87.24730017591656,72.36187070993218,78.1409086909768,32.21809083978499,31.5167820414852,26.87663906033409,27.634939412784863
2026-09-28 06:00:00,EP182026,10,2026-10-03 12:00:00,5 days 06:00:00,126,19.44,-107.69,969.8,85.6,19.963650093641533,122.90315862636382,133.2865153276548,106.25639340845451,107.10718802889129,78.43943300242984,76.30092766550098,66.10994669585953,69.11179213761596,45.02086106886888,43.789836246497,36.91858301223669,39.41219118939631
2026-09-28 06:00:00,EP182026,10,2026-10-03 18:00:00,5 days 12:00:00,132,19.39,-107.88,975.4,76.2,4.729610407160116,135.18212690085034,115.8203358037328,95.53832869811993,125.47528551708908,85.39215197972572,77.03464451707322,64.53451006006236,75.01444505419656,37.69975219480353,33.97344512372162,27.95501005346136,32.609720105345964
2026-09-28 06:00:00,EP182026,10,2026-10-04 00:00:00,5 days 18:00:00,138,19.65,-107.98,981.2,77.6,19.4713785740243,120.20907895935208,115.30392021755006,80.4990080489505,95.72428225103974,62.43925683931468,56.77699856698069,41.86381437329891,51.84680809672818,20.2364142248748,17.743910852796862,13.489849231551013,16.261623671138903
2026-09-28 06:00:00,EP182026,10,2026-10-04 06:00:00,6 days 00:00:00,144,19.85,-108.1,991.4,53.5,31.36902652992746,138.19043237225392,122.58685484736708,85.54580081126181,107.94826527016852,76.41067559963518,66.48064933121299,46.32674169672576,62.295634110354655,0.0,0.0,0.0,0.0
2026-09-28 06:00:00,EP182026,10,2026-10-04 12:00:00,6 days 06:00:00,150,20.1,-108.19,982.4,66.8,25.31184667037678,119.83584742365906,102.85645601885984,75.43516122204903,95.81715648501654,39.06073597952184,31.81374166575017,20.56211345045033,30.170600330236997,25.31184667037678,0.3601791441544684,0.0,0.7814894833761592
2026-09-28 06:00:00,EP182026,10,2026-10-04 18:00:00,6 days 12:00:00,156,20.43,-108.64,992.3,51.2,23.210194655460747,100.79678826174394,87.46628795603019,59.67498734359596,83.52553840216095,23.210194655460747,0.7527727236522654,0.0,0.2169252158624353,0.0,0.0,0.0,0.0
2026-09-28 06:00:00,EP182026,10,2026-10-05 00:00:00,6 days 18:00:00,162,20.95,-108.85,989.6,55.9,18.29846385907851,128.6007414363653,109.59592198211864,75.51836340731289,97.83829645032122,40.51927300976422,35.62286321467481,21.964104930263463,29.72718571075153,0.0,0.0,0.0,0.0
2026-09-28 06:00:00,EP182026,10,2026-10-05 06:00:00,7 days 00:00:00,168,21.11,-109.36,986.1,56.6,35.81544558268812,96.3270956056736,66.09252862215686,53.485658153308144,84.50081397966852,45.10771114631895,35.65807048871517,26.74697484317313,37.40707144380772,0.0,0.0,0.0,0.0
2026-09-28 06:00:00,EP182026,10,2026-10-05 12:00:00,7 days 06:00:00,174,21.65,-109.76,992.2,56.4,24.84524904621276,115.85958391812449,95.56159664367785,58.79578917312733,95.295809408006,24.84524904621276,10.042854236728516,5.884562662235666,10.16510213042885,0.0,0.0,0.0,0.0
2026-09-28 06:00:00,EP182026,10,2026-10-05 18:00:00,7 days 12:00:00,180,22.1,-110.34,993.0,44.0,32.58307202271756,122.67841576083276,98.04355721361009,67.37434132767874,97.3882999646772,0.0,0.0,0.0,0.0,0.0,0.0,0.0,0.0
2026-09-28 06:00:00,EP182026,10,2026-10-06 00:00:00,7 days 18:00:00,186,22.64,-111.28,992.6,50.7,24.76725334822656,137.52807490978878,107.2913184207078,86.31197896159063,126.99929021825956,24.76725334822656,10.140157949671574,8.557402904094339,12.821227644932089,0.0,0.0,0.0,0.0
2026-09-28 06:00:00,EP182026,10,2026-10-06 06:00:00,8 days 00:00:00,192,22.53,-111.83,1001.2,42.0,60.11782293779767,60.11782293779767,44.019557257774906,37.06885846665408,55.5719744512604,0.0,0.0,0.0,0.0,0.0,0.0,0.0,0.0
2026-09-28 06:00:00,EP182026,10,2026-10-06 12:00:00,8 days 06:00:00,198,22.43,-112.77,996.4,49.2,48.0576412492847,81.19321663458773,68.08005951081437,59.66886648914098,78.95043365205636,0.0,0.0,0.0,0.0,0.0,0.0,0.0,0.0
2026-09-28 06:00:00,EP182026,10,2026-10-06 18:00:00,8 days 12:00:00,204,22.21,-113.68,1003.5,29.5,36.314732697736105,0.0,0.0,0.0,0.0,0.0,0.0,0.0,0.0,0.0,0.0,0.0,0.0
2026-09-28 06:00:00,EP182026,10,2026-10-07 00:00:00,8 days 18:00:00,210,21.87,-114.46,1000.4,36.0,60.92850118334911,58.30329236678732,45.299258212854326,42.14662526344903,60.92850118334911,0.0,0.0,0.0,0.0,0.0,0.0,0.0,0.0
2026-09-28 06:00:00,EP182026,10,2026-10-07 06:00:00,9 days 00:00:00,216,21.36,-114.91,1004.0,25.8,45.878375539249305,0.0,0.0,0.0,0.0,0.0,0.0,0.0,0.0,0.0,0.0,0.0,0.0
2026-09-28 06:00:00,EP182026,10,2026-10-07 12:00:00,9 days 06:00:00,222,21.13,-115.62,1002.6,29.0,55.07596357483318,0.0,0.0,0.0,0.0,0.0,0.0,0.0,0.0,0.0,0.0,0.0,0.0
2026-09-28 06:00:00,EP182026,10,2026-10-07 18:00:00,9 days 12:00:00,228,20.28,-115.89,1002.2,36.8,47.05246309059046,47.05246309059046,37.72561056756732,30.515064987979475,40.57131156422014,0.0,0.0,0.0,0.0,0.0,0.0,0.0,0.0
2026-09-28 06:00:00,EP182026,10,2026-10-08 00:00:00,9 days 18:00:00,234,20.08,-116.46,1000.4,33.3,59.66252515235063,0.0,0.0,0.0,0.0,0.0,0.0,0.0,0.0,0.0,0.0,0.0,0.0
2026-09-28 06:00:00,EP182026,10,2026-10-08 06:00:00,10 days 00:00:00,240,19.47,-116.71,1003.2,35.2,36.40498935074192,39.52122783075379,37.59078379305603,30.031733906823888,33.53719781869057,0.0,0.0,0.0,0.0,0.0,0.0,0.0,0.0
2026-09-28 06:00:00,EP182026,10,2026-10-08 12:00:00,10 days 06:00:00,246,19.25,-116.88,1000.8,33.8,29.300718331555917,0.0,0.0,0.0,0.0,0.0,0.0,0.0,0.0,0.0,0.0,0.0,0.0
2026-09-28 06:00:00,EP182026,10,2026-10-08 18:00:00,10 days 12:00:00,252,18.96,-116.85,1001.5,34.9,91.38519389748028,91.38519389748028,39.74282074190652,34.446026263592046,39.55101123237162,0.0,0.0,0.0,0.0,0.0,0.0,0.0,0.0
2026-09-28 06:00:00,EP182026,10,2026-10-09 00:00:00,10 days 18:00:00,258,19.1,-116.66,1001.8,33.8,50.60304684625369,0.0,0.0,0.0,0.0,0.0,0.0,0.0,0.0,0.0,0.0,0.0,0.0
2026-09-28 06:00:00,EP182026,10,2026-10-09 06:00:00,11 days 00:00:00,264,19.38,-116.82,1001.8,33.2,50.41577635172544,0.0,0.0,0.0,0.0,0.0,0.0,0.0,0.0,0.0,0.0,0.0,0.0
2026-09-28 06:00:00,EP182026,10,2026-10-09 12:00:00,11 days 06:00:00,270,19.6,-116.95,1000.2,41.5,46.61028269579828,113.98147009664092,100.26995680845926,77.1163684638509,97.5994537773289,0.0,0.0,0.0,0.0,0.0,0.0,0.0,0.0
2026-09-28 06:00:00,EP182026,10,2026-10-09 18:00:00,11 days 12:00:00,276,19.34,-117.01,999.6,38.1,45.63970714900205,81.03480478646748,74.89640658054222,59.989575284265854,70.38421096524851,0.0,0.0,0.0,0.0,0.0,0.0,0.0,0.0
2026-09-28 06:00:00,EP182026,10,2026-10-10 00:00:00,11 days 18:00:00,282,19.37,-116.81,998.6,42.3,47.45126727239291,60.04613233521122,58.23209834760689,44.18562912018544,46.0488912225677,0.0,0.0,0.0,0.0,0.0,0.0,0.0,0.0
2026-09-28 06:00:00,EP182026,10,2026-10-10 06:00:00,12 days 00:00:00,288,19.66,-116.73,998.6,30.2,47.047632685554696,0.0,0.0,0.0,0.0,0.0,0.0,0.0,0.0,0.0,0.0,0.0,0.0
2026-09-28 06:00:00,EP182026,10,2026-10-10 12:00:00,12 days 06:00:00,294,20.0,-116.25,1001.5,32.3,48.50469906217152,0.0,0.0,0.0,0.0,0.0,0.0,0.0,0.0,0.0,0.0,0.0,0.0
2026-09-28 06:00:00,EP182026,10,2026-10-10 18:00:00,12 days 12:00:00,300,19.96,-115.94,1000.4,30.0,66.57229041888165,0.0,0.0,0.0,0.0,0.0,0.0,0.0,0.0,0.0,0.0,0.0,0.0
2026-09-28 06:00:00,EP182026,10,2026-10-11 00:00:00,12 days 18:00:00,306,20.36,-115.36,1002.7,26.6,57.00068639290882,0.0,0.0,0.0,0.0,0.0,0.0,0.0,0.0,0.0,0.0,0.0,0.0
2026-09-28 06:00:00,EP182026,10,2026-10-11 06:00:00,13 days 00:00:00,312,21.06,-114.59,1001.7,29.1,79.22307351775768,0.0,0.0,0.0,0.0,0.0,0.0,0.0,0.0,0.0,0.0,0.0,0.0
2026-09-28 06:00:00,EP182026,10,2026-10-11 12:00:00,13 days 06:00:00,318,21.53,-114.1,1003.7,25.4,60.61430112886984,0.0,0.0,0.0,0.0,0.0,0.0,0.0,0.0,0.0,0.0,0.0,0.0
2026-09-28 06:00:00,EP182026,10,2026-10-11 18:00:00,13 days 12:00:00,324,21.79,-113.33,1003.8,24.4,49.01054547968634,0.0,0.0,0.0,0.0,0.0,0.0,0.0,0.0,0.0,0.0,0.0,0.0
2026-09-28 06:00:00,EP182026,10,2026-10-12 00:00:00,13 days 18:00:00,330,22.54,-112.85,1003.7,23.8,94.44232637440246,0.0,0.0,0.0,0.0,0.0,0.0,0.0,0.0,0.0,0.0,0.0,0.0
2026-09-28 06:00:00,EP182026,10,2026-10-12 06:00:00,14 days 00:00:00,336,23.25,-112.96,1007.3,23.8,109.31583071861402,0.0,0.0,0.0,0.0,0.0,0.0,0.0,0.0,0.0,0.0,0.0,0.0
2026-09-28 06:00:00,EP182026,10,2026-10-12 12:00:00,14 days 06:00:00,342,23.3,-112.92,1006.6,22.5,75.1428556012477,0.0,0.0,0.0,0.0,0.0,0.0,0.0,0.0,0.0,0.0,0.0,0.0
2026-09-28 06:00:00,EP182026,10,2026-10-12 18:00:00,14 days 12:00:00,348,23.71,-113.19,1006.5,18.8,48.92573710534239,0.0,0.0,0.0,0.0,0.0,0.0,0.0,0.0,0.0,0.0,0.0,0.0
2026-09-28 06:00:00,EP182026,10,2026-10-13 00:00:00,14 days 18:00:00,354,24.07,-113.36,1008.1,16.0,63.76232266510851,0.0,0.0,0.0,0.0,0.0,0.0,0.0,0.0,0.0,0.0,0.0,0.0
2026-09-28 06:00:00,EP912026(3),10,2026-09-28 06:00:00,0 days 00:00:00,0,12.7,-136.6,1005.0,29.0,93.0,0.0,0.0,0.0,0.0,0.0,0.0,0.0,0.0,0.0,0.0,0.0,0.0
2026-09-28 06:00:00,WP252026,10,2026-09-28 06:00:00,0 days 00:00:00,0,27.5,131.6,954.0,99.0,9.0,148.0,158.0,148.0,121.0,,,,,,,,
2026-09-28 06:00:00,WP252026,10,2026-09-28 12:00:00,0 days 06:00:00,6,27.48,132.55,980.0,68.5,47.39247144722724,152.6624060321194,189.00038880779888,167.88752756989413,127.780225341952,58.12316998402879,64.03261987567728,55.93324932172809,47.84972634072847,15.942322712529757,47.39247144722724,17.107946066844153,13.976412881590608
2026-09-28 06:00:00,WP252026,10,2026-09-28 18:00:00,0 days 12:00:00,12,27.88,133.34,984.7,62.7,18.483556875577577,107.64283106695312,142.081068282945,120.01824246408805,84.48418329260274,11.031109954650184,18.483556875577577,12.443106149995137,4.957709247919414,0.0,0.0,0.0,0.0
2026-09-28 06:00:00,WP252026,10,2026-09-29 00:00:00,0 days 18:00:00,18,28.01,134.23,992.8,47.5,89.87343235523508,105.92964572075448,124.06176946297342,107.89105650586724,83.43651100745319,0.0,0.0,0.0,0.0,0.0,0.0,0.0,0.0
2026-09-28 06:00:00,WP252026,10,2026-09-29 06:00:00,1 days 00:00:00,24,28.4,135.08,989.8,54.8,93.89187857518482,95.25835731907928,128.23496583125075,102.69393797241318,85.92823450903592,17.36558288072043,93.89187857518482,11.58114985356078,10.422923078400808,0.0,0.0,0.0,0.0
2026-09-28 06:00:00,WP252026,10,2026-09-29 12:00:00,1 days 06:00:00,30,28.44,136.21,992.5,43.7,50.598206963257326,41.14422133190601,53.58619983056815,48.22939757833774,38.016179897145776,0.0,0.0,0.0,0.0,0.0,0.0,0.0,0.0
2026-09-28 06:00:00,WP252026,10,2026-09-29 18:00:00,1 days 12:00:00,36,28.9,136.73,985.4,46.4,108.94275970347758,179.30086052357706,201.07835655151848,172.96766708968607,156.83756097512082,0.0,0.0,0.0,0.0,0.0,0.0,0.0,0.0
2026-09-28 06:00:00,WP252026,10,2026-09-30 00:00:00,1 days 18:00:00,42,29.43,138.11,997.0,55.1,45.65154440220783,82.03385245438585,92.41373410346375,67.11961830730729,58.75736344504435,72.63642913162732,68.82611125410608,49.83614061361493,58.75736344504435,0.0,0.0,0.0,0.0
2026-09-28 06:00:00,WP252026,10,2026-09-30 06:00:00,2 days 00:00:00,48,29.72,138.38,992.9,52.0,31.42466620432164,112.31079905478327,107.8430471641231,76.07907936115612,83.8145541343539,66.19051309684356,59.08123413143409,40.57391129209768,50.10306408701152,0.0,0.0,0.0,0.0
2026-09-28 06:00:00,WP252026,10,2026-09-30 12:00:00,2 days 06:00:00,54,30.35,139.17,992.6,45.8,57.93980798260898,134.88451846702657,126.64498405544634,86.10449429067705,103.91599946564912,0.0,0.0,0.0,0.0,0.0,0.0,0.0,0.0
2026-09-28 06:00:00,WP252026,10,2026-09-30 18:00:00,2 days 12:00:00,60,31.17,139.61,988.9,46.5,70.86317822782557,139.64738024649975,144.03316223547102,116.28012456265176,113.06732558701066,0.0,0.0,0.0,0.0,0.0,0.0,0.0,0.0
2026-09-28 06:00:00,WP252026,10,2026-10-01 00:00:00,2 days 18:00:00,66,31.78,139.9,998.8,34.1,66.29253489892193,77.25045841048615,73.74626514094962,55.72838130689853,65.11148495376598,0.0,0.0,0.0,0.0,0.0,0.0,0.0,0.0
2026-09-28 06:00:00,WP252026,10,2026-10-01 06:00:00,3 days 00:00:00,72,32.64,140.99,998.1,35.5,122.04212822527344,24.67612448968974,122.04212822527344,12.32799697826814,15.206353101386068,0.0,0.0,0.0,0.0,0.0,0.0,0.0,0.0
2026-09-28 06:00:00,WP252026,10,2026-10-01 12:00:00,3 days 06:00:00,78,33.85,142.32,999.7,32.6,79.2614074698073,0.0,0.0,0.0,0.0,0.0,0.0,0.0,0.0,0.0,0.0,0.0,0.0
2026-09-28 06:00:00,WP252026,10,2026-10-01 18:00:00,3 days 12:00:00,84,35.01,144.71,998.3,31.1,109.07114577720829,0.0,0.0,0.0,0.0,0.0,0.0,0.0,0.0,0.0,0.0,0.0,0.0
2026-09-28 06:00:00,WP252026,10,2026-10-02 00:00:00,3 days 18:00:00,90,36.66,148.9,999.5,31.3,81.66662083046724,0.0,0.0,0.0,0.0,0.0,0.0,0.0,0.0,0.0,0.0,0.0,0.0
2026-09-28 06:00:00,WP252026,10,2026-10-02 06:00:00,4 days 00:00:00,96,39.76,154.02,996.2,29.4,42.54660003792348,0.0,0.0,0.0,0.0,0.0,0.0,0.0,0.0,0.0,0.0,0.0,0.0
2026-09-28 06:00:00,WP252026,10,2026-10-02 12:00:00,4 days 06:00:00,102,43.05,160.12,987.7,33.9,126.40262297625397,0.0,0.0,0.0,0.0,0.0,0.0,0.0,0.0,0.0,0.0,0.0,0.0
2026-09-28 06:00:00,WP922026(4),10,2026-09-28 06:00:00,0 days 00:00:00,0,16.4,97.6,1001.0,29.0,64.0,0.0,0.0,0.0,0.0,0.0,0.0,0.0,0.0,0.0,0.0,0.0,0.0
2026-09-28 06:00:00,WP922026(4),10,2026-09-28 12:00:00,0 days 06:00:00,6,17.46,97.08,1004.6,22.6,80.81790094695126,0.0,0.0,0.0,0.0,0.0,0.0,0.0,0.0,0.0,0.0,0.0,0.0
2026-09-28 06:00:00,2,11,2026-09-28 18:00:00,0 days 12:00:00,12,15.05,154.78,1007.1,20.1,89.56474499882194,0.0,0.0,0.0,0.0,0.0,0.0,0.0,0.0,0.0,0.0,0.0,0.0
2026-09-28 06:00:00,2,11,2026-09-29 00:00:00,0 days 18:00:00,18,15.81,154.93,1005.8,24.7,116.40650824561988,0.0,0.0,0.0,0.0,0.0,0.0,0.0,0.0,0.0,0.0,0.0,0.0
2026-09-28 06:00:00,2,11,2026-09-29 06:00:00,1 days 00:00:00,24,16.0,154.67,1007.3,24.0,127.0628708885644,0.0,0.0,0.0,0.0,0.0,0.0,0.0,0.0,0.0,0.0,0.0,0.0
2026-09-28 06:00:00,2,11,2026-09-29 12:00:00,1 days 06:00:00,30,15.77,154.31,1005.3,21.1,96.434932021648,0.0,0.0,0.0,0.0,0.0,0.0,0.0,0.0,0.0,0.0,0.0,0.0
2026-09-28 06:00:00,2,11,2026-09-29 18:00:00,1 days 12:00:00,36,15.52,153.06,1004.4,23.3,94.07860505016104,0.0,0.0,0.0,0.0,0.0,0.0,0.0,0.0,0.0,0.0,0.0,0.0
2026-09-28 06:00:00,2,11,2026-09-30 00:00:00,1 days 18:00:00,42,16.17,152.76,1001.7,30.3,59.39038981904912,0.0,0.0,0.0,0.0,0.0,0.0,0.0,0.0,0.0,0.0,0.0,0.0
2026-09-28 06:00:00,2,11,2026-09-30 06:00:00,2 days 00:00:00,48,16.17,151.22,1002.4,28.5,79.76730884445698,0.0,0.0,0.0,0.0,0.0,0.0,0.0,0.0,0.0,0.0,0.0,0.0
2026-09-28 06:00:00,2,11,2026-09-30 12:00:00,2 days 06:00:00,54,16.32,150.04,998.1,34.8,84.23081311993681,0.0,0.0,84.23081311993681,3.181011509328517,0.0,0.0,0.0,0.0,0.0,0.0,0.0,0.0
2026-09-28 06:00:00,2,11,2026-09-30 18:00:00,2 days 12:00:00,60,16.63,148.88,997.3,43.6,77.61065093840877,158.2373926629833,131.10598095625434,99.60910983697404,131.27091363222104,0.0,0.0,0.0,0.0,0.0,0.0,0.0,0.0
2026-09-28 06:00:00,2,11,2026-10-01 00:00:00,2 days 18:00:00,66,16.38,147.48,990.7,52.5,40.29602626459853,96.65296862453252,95.01744945980538,78.06547472407681,81.04882962803904,40.29602626459853,1.108489099830217,0.2791505842091291,1.061136028528307,0.0,0.0,0.0,0.0
2026-09-28 06:00:00,2,11,2026-10-01 06:00:00,3 days 00:00:00,72,16.79,147.16,982.1,58.2,55.93390574431515,148.25670955305154,127.64501015899012,118.32512254302958,138.3190499353058,60.59015194483548,50.37847044979081,37.45339367066164,46.96995676642847,0.0,0.0,0.0,0.0
2026-09-28 06:00:00,2,11,2026-10-01 12:00:00,3 days 06:00:00,78,16.93,146.41,984.6,61.2,71.53626554485724,192.0439566944732,156.25847064233318,133.20335975021666,165.28665486321472,71.53626554485724,20.982464658971324,14.806695534274436,20.431343334408453,0.0,0.0,0.0,0.0
2026-09-28 06:00:00,2,11,2026-10-01 18:00:00,3 days 12:00:00,84,17.4,145.55,972.3,79.7,20.96522104896409,346.12006105122214,320.55617012830794,255.488710434812,295.32097210700334,153.02070010652602,138.0605444584806,108.80194462639034,124.14802948030486,34.85499593483914,31.15564628420468,25.104392432642392,28.997113598399416
2026-09-28 06:00:00,2,11,2026-10-02 00:00:00,3 days 18:00:00,90,17.69,144.89,935.7,128.8,18.579663528129046,238.59737716226715,204.991628271398,155.22025568627123,206.93136851464385,112.9484602434191,93.12194036357032,66.28728206816793,85.3533094884879,39.42429374031306,31.53814205078932,24.6563126739037,34.27812686212205
2026-09-28 06:00:00,2,11,2026-10-02 06:00:00,4 days 00:00:00,96,18.15,144.22,940.5,116.0,8.427456453029569,250.1060004440867,211.9188374495788,195.3924476642968,225.3246156647572,120.09782851851264,103.65600319237376,83.61195207579303,100.76159260261048,68.98788216860193,61.45564865675617,50.44945368413477,59.53836665818287
2026-09-28 06:00:00,2,11,2026-10-02 12:00:00,4 days 06:00:00,102,18.62,144.16,937.3,119.6,1.9119668774475684,255.24841778106992,254.0365283571096,228.03732533790395,232.94001610711143,84.0776052692815,79.41097351300988,62.19730445917258,70.94204180238508,26.145918881772083,24.234695067502077,18.53207382343862,21.944668412249303
2026-09-28 06:00:00,2,11,2026-10-02 18:00:00,4 days 12:00:00,108,19.14,144.04,928.3,126.8,54.78332363882861,382.5703763332625,393.88017049005447,301.8890693985878,301.25396772957896,158.56068319439655,165.7154791968832,135.98453495842358,136.22763043759244,87.05106502192433,83.31311255238528,68.72666689985044,73.75766388754224
2026-09-28 06:00:00,2,11,2026-10-03 00:00:00,4 days 18:00:00,114,20.04,144.43,909.3,144.3,13.659166286704192,453.06709775389845,448.2778230428148,372.24103298142586,377.0573454550984,189.4449351610109,197.0464302133809,160.83584532343536,160.87667955195127,92.5264275913238,89.72476765701282,75.71910762047196,80.2696381730895
2026-09-28 06:00:00,2,11,2026-10-03 06:00:00,5 days 00:00:00,120,20.53,144.65,924.0,128.9,8.333299919417165,365.8417275868618,388.83378390597153,336.04690730989864,319.7715643348308,172.4363462095879,186.2810008101562,153.684689870346,142.79771144625954,79.44432857473501,79.43727095050109,67.75690091967152,69.61845119874226
2026-09-28 06:00:00,2,11,2026-10-03 12:00:00,5 days 06:00:00,126,21.37,145.12,919.5,144.5,25.99650954324558,346.39173806255747,401.5702317061071,371.012103674574,315.236144685918,106.8812627846172,128.2933028006397,106.54863825124563,91.78975941899594,46.24777835825894,49.19933329799893,41.88718999991235,39.61329916521208
2026-09-28 06:00:00,2,11,2026-10-03 18:00:00,5 days 12:00:00,132,22.55,145.29,923.4,130.1,1.7742233538546088,357.06818851767366,390.7462512635857,339.5285768008589,301.6331789116712,187.3078970222928,199.25538922307123,166.94060572029684,160.4279528291736,104.5962252363413,102.07714353819642,86.81314245710132,91.05607255499012
2026-09-28 06:00:00,2,11,2026-10-04 00:00:00,5 days 18:00:00,138,23.08,145.47,922.1,130.2,24.20489062136687,379.8017958621567,405.2249499995801,331.15959523030006,322.85400500272,182.4243934703365,188.02284846992708,150.23631008410507,152.46639382713045,92.18207437265804,89.64380576385805,74.47147691728998,78.82830590489039
2026-09-28 06:00:00,2,11,2026-10-04 06:00:00,6 days 00:00:00,144,23.58,145.6,930.4,123.4,39.82187794643068,360.6381710995538,405.92715858576094,317.9402849495996,284.2761539417925,124.2870301185053,148.2011827336919,120.38184273312004,108.25436070310047,73.98406126034331,74.99867363893668,62.48585174283875,62.79769522210847
2026-09-28 06:00:00,2,11,2026-10-04 12:00:00,6 days 06:00:00,150,25.16,145.77,918.9,134.1,44.0606352818051,545.78601715219,538.649226226158,482.6833366240656,496.8220234223469,310.34205209435675,316.5335704344984,272.1123021171187,277.971856931007,170.36027407292943,171.94739882106103,146.24280470653508,150.53916326691473
2026-09-28 06:00:00,2,11,2026-10-04 18:00:00,6 days 12:00:00,156,26.08,145.59,932.5,105.2,48.74225109636626,492.9329158111809,474.9866105569223,389.73833631628463,423.2137907918842,244.13871100863088,241.25407524819843,199.69242461131304,210.83383391485057,115.95145896589456,111.90207299217622,92.4944755908561,100.87776151823104
2026-09-28 06:00:00,2,11,2026-10-05 00:00:00,6 days 18:00:00,162,26.71,145.14,940.0,103.2,35.22938221655387,470.8177681868361,442.5273768210683,355.0788037599063,420.01085497110233,271.70927421418173,257.168367314479,213.64100827040724,234.7324363357739,153.64316610142066,145.87235218963232,120.8371214167157,132.73103498503508
2026-09-28 06:00:00,2,11,2026-10-05 06:00:00,7 days 00:00:00,168,27.43,144.75,946.9,84.8,46.024928230383296,431.3218526722694,411.0423101729225,349.86043414897176,374.1203784941986,222.4566809486439,213.9218578187172,173.47320552020028,186.0050441259405,102.65822772305172,96.40127402121686,78.53521007566576,88.78690007821888
2026-09-28 06:00:00,2,11,2026-10-05 12:00:00,7 days 06:00:00,174,28.11,144.79,939.3,96.9,66.29251795033373,514.4269478801308,509.7840902315878,434.5769228372187,459.101059259134,294.9079782228489,300.62442185238444,255.22314336390295,248.84375700592116,136.63562069974267,134.11746699687484,115.98414220103685,119.71627216816108
2026-09-28 06:00:00,2,11,2026-10-05 18:00:00,7 days 12:00:00,180,29.75,144.86,952.8,78.7,80.10514259063939,484.4549623101775,496.2595464715432,383.1617382566974,385.9902979339568,238.46328038764975,240.0371136010181,189.83440796299053,191.8842360423414,80.10514259063939,58.47895236245097,47.45423580067313,52.70652376317821
2026-09-28 06:00:00,2,11,2026-10-06 00:00:00,7 days 18:00:00,186,31.37,144.89,960.9,73.7,29.627783530484532,366.7106073275298,394.1941938728141,326.1684107059761,300.5149719362714,162.0050126972625,160.21333791847383,123.06725037265105,123.00724307360954,2.079256076871517,29.627783530484532,0.0,0.376383755777844
2026-09-28 06:00:00,2,11,2026-10-06 06:00:00,8 days 00:00:00,192,33.21,145.14,970.0,68.8,42.53910025986987,436.1857393263085,424.05924790770257,348.9042442121058,349.9012444007397,218.510386365537,219.14666563620864,173.14867119103977,171.72745260071983,28.041704129608743,42.53910025986987,22.89849744641589,23.75512114337302
2026-09-28 06:00:00,2,11,2026-10-06 12:00:00,8 days 06:00:00,198,34.86,146.24,964.8,72.1,84.93327700663826,501.473305797414,519.8755155339314,418.1322281253383,411.2408735454861,274.85816317646913,281.7800851159511,233.4330360249197,221.21465470108097,37.99417965068564,84.93327700663826,35.19204881184945,33.87797594097351
2026-09-28 06:00:00,2,11,2026-10-06 18:00:00,8 days 12:00:00,204,37.18,147.66,969.6,60.7,58.52396548724187,353.0754724159543,387.4523801371773,339.58196873834606,277.2020720679035,117.2032389522729,122.75115052371518,94.33994871025394,85.68161529357349,0.0,0.0,0.0,0.0
2026-09-28 06:00:00,2,11,2026-10-07 00:00:00,8 days 18:00:00,210,40.18,150.6,975.6,50.3,148.13001044105278,328.8368925135644,384.7026356120733,304.6635160059976,248.4138615217128,37.98793255746104,148.13001044105278,32.35862930496003,27.14487413805576,0.0,0.0,0.0,0.0
2026-09-28 06:00:00,2,11,2026-10-07 06:00:00,9 days 00:00:00,216,42.77,154.09,975.6,51.0,184.42714766021595,333.8272999087147,393.7003778487373,292.31573743274095,239.00463693148072,52.77606587637327,184.42714766021595,47.29828006473474,34.25155183770254,0.0,0.0,0.0,0.0
2026-09-28 06:00:00,2,11,2026-10-07 12:00:00,9 days 06:00:00,222,44.42,156.89,965.1,52.9,119.81167930993097,64.15608497175725,119.81167930993097,67.17292625222157,47.11720722087108,18.52598974423072,119.81167930993097,14.191980450030137,13.88225051600128,0.0,0.0,0.0,0.0
2026-09-28 06:00:00,2,11,2026-10-07 18:00:00,9 days 12:00:00,228,47.65,158.66,973.5,40.1,134.05974228212028,0.0,134.05974228212028,0.0,0.0,0.0,0.0,0.0,0.0,0.0,0.0,0.0,0.0
2026-09-28 06:00:00,2,11,2026-10-08 00:00:00,9 days 18:00:00,234,49.68,160.73,975.3,43.4,141.67234638148352,0.0,141.67234638148352,0.0,0.0,0.0,0.0,0.0,0.0,0.0,0.0,0.0,0.0
2026-09-28 06:00:00,2,11,2026-10-08 06:00:00,10 days 00:00:00,240,49.71,164.82,967.1,43.3,209.30804268440352,21.826473273591617,11.567357428149023,24.58094015873128,209.30804268440352,0.0,0.0,0.0,0.0,0.0,0.0,0.0,0.0
2026-09-28 06:00:00,21,11,2026-10-08 06:00:00,10 days 00:00:00,240,14.74,154.49,1004.7,26.2,179.17392303095696,0.0,0.0,0.0,0.0,0.0,0.0,0.0,0.0,0.0,0.0,0.0,0.0
2026-09-28 06:00:00,21,11,2026-10-08 12:00:00,10 days 06:00:00,246,15.44,153.46,1001.8,27.9,68.3300101198188,0.0,0.0,0.0,0.0,0.0,0.0,0.0,0.0,0.0,0.0,0.0,0.0
2026-09-28 06:00:00,21,11,2026-10-08 18:00:00,10 days 12:00:00,252,15.38,152.23,1001.9,30.4,64.60801519175939,0.0,0.0,0.0,0.0,0.0,0.0,0.0,0.0,0.0,0.0,0.0,0.0
2026-09-28 06:00:00,21,11,2026-10-09 00:00:00,10 days 18:00:00,258,16.57,151.02,1000.5,29.6,158.6479747323065,0.0,0.0,0.0,0.0,0.0,0.0,0.0,0.0,0.0,0.0,0.0,0.0
2026-09-28 06:00:00,21,11,2026-10-09 06:00:00,11 days 00:00:00,264,16.98,149.11,988.0,43.1,114.87207703190307,239.8491175736294,213.70679309118168,174.62433383896143,209.90393090653788,0.0,0.0,0.0,0.0,0.0,0.0,0.0,0.0
2026-09-28 06:00:00,21,11,2026-10-09 12:00:00,11 days 06:00:00,270,17.67,149.0,995.7,41.9,1.6113146909992864,15.86808870640218,12.217273219518006,12.092694994451724,5.4989467393112506,0.0,0.0,0.0,0.0,0.0,0.0,0.0,0.0
2026-09-28 06:00:00,21,11,2026-10-09 18:00:00,11 days 12:00:00,276,18.14,148.1,999.5,26.0,48.38677986858512,0.0,0.0,0.0,0.0,0.0,0.0,0.0,0.0,0.0,0.0,0.0,0.0
2026-09-28 06:00:00,21,11,2026-10-10 00:00:00,11 days 18:00:00,282,18.76,147.1,993.5,37.9,0.0,8.331986707855872,4.090081871349792,15.733776663990364,5.207364062503514,0.0,0.0,0.0,0.0,0.0,0.0,0.0,0.0
2026-09-28 06:00:00,21,11,2026-10-10 06:00:00,12 days 00:00:00,288,19.16,145.78,996.8,28.5,62.35285313055044,0.0,0.0,0.0,0.0,0.0,0.0,0.0,0.0,0.0,0.0,0.0,0.0
2026-09-28 06:00:00,21,11,2026-10-10 12:00:00,12 days 06:00:00,294,19.71,145.08,998.6,26.2,69.49555633768352,0.0,0.0,0.0,0.0,0.0,0.0,0.0,0.0,0.0,0.0,0.0,0.0
2026-09-28 06:00:00,21,11,2026-10-10 18:00:00,12 days 12:00:00,300,19.89,144.31,1000.2,27.4,109.08346650856028,0.0,0.0,0.0,0.0,0.0,0.0,0.0,0.0,0.0,0.0,0.0,0.0
2026-09-28 06:00:00,21,11,2026-10-11 00:00:00,12 days 18:00:00,306,20.51,143.83,997.1,29.1,146.63456367045129,0.0,0.0,0.0,0.0,0.0,0.0,0.0,0.0,0.0,0.0,0.0,0.0
2026-09-28 06:00:00,21,11,2026-10-11 06:00:00,13 days 00:00:00,312,20.78,143.29,994.4,44.7,64.81836710034216,174.85450562179136,166.53712445731233,133.91066139631818,143.21204495739337,0.0,0.0,0.0,0.0,0.0,0.0,0.0,0.0
2026-09-28 06:00:00,21,11,2026-10-11 12:00:00,13 days 06:00:00,318,20.97,143.68,988.8,43.3,112.69617195823524,191.0509378416092,170.95559257475327,134.90040015899484,148.84359207115472,0.0,0.0,0.0,0.0,0.0,0.0,0.0,0.0
2026-09-28 06:00:00,21,11,2026-10-11 18:00:00,13 days 12:00:00,324,21.67,143.84,994.6,47.3,78.2201203157287,167.82671784950537,168.334398863337,129.93767381087926,134.5520997283757,0.0,0.0,0.0,0.0,0.0,0.0,0.0,0.0
2026-09-28 06:00:00,21,11,2026-10-12 00:00:00,13 days 18:00:00,330,22.42,143.95,987.7,51.5,39.91149634057641,209.9807766822713,210.74394391917312,171.53022949972024,177.31021842362873,0.0,39.91149634057641,0.0,0.0,0.0,0.0,0.0,0.0
2026-09-28 06:00:00,21,11,2026-10-12 06:00:00,14 days 00:00:00,336,23.21,144.15,983.9,56.2,49.53680715057117,201.4756424867644,210.1664003218764,158.73540707097777,158.8881812750638,0.5967167209877555,49.53680715057117,0.0,0.0,0.0,0.0,0.0,0.0
2026-09-28 06:00:00,21,11,2026-10-12 12:00:00,14 days 06:00:00,342,24.39,144.57,974.5,73.1,42.80604332282624,310.7301763828026,301.9432505160358,226.5439681428168,249.4576157444914,166.85149324118532,159.215919443654,128.8680214957207,136.3965600571492,62.45481329323776,59.52904559506726,49.73016648224535,52.626947600299935
2026-09-28 06:00:00,21,11,2026-10-12 18:00:00,14 days 12:00:00,348,25.17,144.39,970.0,79.1,18.187939529304305,291.1909704778403,259.2030073353938,194.563278938255,233.02785128970729,161.20999765615605,156.51371641544156,126.59744169479126,136.8123531771351,80.42606940861258,75.24078730161486,64.41397669255981,68.80129470606316
2026-09-28 06:00:00,21,11,2026-10-13 00:00:00,14 days 18:00:00,354,25.64,144.74,966.7,79.4,2.80656120241855,246.726659174708,240.6032753281256,216.6671838412164,214.72488406808145,105.64424956712504,101.73140295926444,78.45747765760845,85.37187763199981,10.663835698119534,10.341157376701837,6.052309977237892,7.614497669056217
2026-09-28 06:00:00,21,11,2026-10-13 06:00:00,15 days 00:00:00,360,25.87,145.11,970.7,77.0,29.728394263395188,279.862697893142,291.61624832525115,248.8516391160828,216.2416674641328,143.12665835853787,153.7578156975703,131.61837373774682,124.37283423062132,83.82023542555298,84.05970621065296,70.99132414082452,72.45317628995039
2026-09-28 06:00:00,AL062026,11,2026-09-28 06:00:00,0 days 00:00:00,0,28.3,-43.8,1012.0,25.0,56.0,0.0,0.0,0.0,0.0,0.0,0.0,0.0,0.0,0.0,0.0,0.0,0.0
2026-09-28 06:00:00,AL062026,11,2026-09-28 12:00:00,0 days 06:00:00,6,27.12,-44.6,1007.5,29.4,54.61637087471399,0.0,0.0,0.0,0.0,0.0,0.0,0.0,0.0,0.0,0.0,0.0,0.0
2026-09-28 06:00:00,AL062026,11,2026-09-28 18:00:00,0 days 12:00:00,12,26.96,-44.78,1004.6,31.5,98.3093963333495,0.0,0.0,0.0,0.0,0.0,0.0,0.0,0.0,0.0,0.0,0.0,0.0
2026-09-28 06:00:00,AL062026,11,2026-09-29 00:00:00,0 days 18:00:00,18,25.98,-45.76,1008.3,36.5,61.59916182284077,5.975109625024345,1.687632226058156,1.6153495025381233,61.59916182284077,0.0,0.0,0.0,0.0,0.0,0.0,0.0,0.0
2026-09-28 06:00:00,AL062026,11,2026-09-29 06:00:00,1 days 00:00:00,24,25.11,-46.47,1010.1,36.8,114.80131986853884,4.980420440083563,0.0,0.0,114.80131986853884,0.0,0.0,0.0,0.0,0.0,0.0,0.0,0.0
2026-09-28 06:00:00,AL062026,11,2026-09-29 12:00:00,1 days 06:00:00,30,24.4,-47.61,1010.6,31.2,90.59406974700396,0.0,0.0,0.0,0.0,0.0,0.0,0.0,0.0,0.0,0.0,0.0,0.0
2026-09-28 06:00:00,AL062026,11,2026-09-29 18:00:00,1 days 12:00:00,36,23.7,-48.66,1010.8,27.4,125.56654480775478,0.0,0.0,0.0,0.0,0.0,0.0,0.0,0.0,0.0,0.0,0.0,0.0
2026-09-28 06:00:00,AL062026,11,2026-09-30 00:00:00,1 days 18:00:00,42,23.43,-49.77,1010.6,26.9,81.13261920065645,0.0,0.0,0.0,0.0,0.0,0.0,0.0,0.0,0.0,0.0,0.0,0.0
2026-09-28 06:00:00,AL062026,11,2026-09-30 06:00:00,2 days 00:00:00,48,22.94,-51.17,1008.9,31.7,45.94698908896053,0.0,0.0,0.0,0.0,0.0,0.0,0.0,0.0,0.0,0.0,0.0,0.0
2026-09-28 06:00:00,AL062026,11,2026-09-30 12:00:00,2 days 06:00:00,54,22.5,-52.61,1008.0,29.1,91.07070461267335,0.0,0.0,0.0,0.0,0.0,0.0,0.0,0.0,0.0,0.0,0.0,0.0
2026-09-28 06:00:00,AL062026,11,2026-09-30 18:00:00,2 days 12:00:00,60,22.1,-53.92,1006.8,35.3,90.70089893058493,90.70089893058493,0.0,0.0,3.665982738603873,0.0,0.0,0.0,0.0,0.0,0.0,0.0,0.0
2026-09-28 06:00:00,AL062026,11,2026-10-01 00:00:00,2 days 18:00:00,66,22.03,-55.01,1013.5,27.2,53.494935076911815,0.0,0.0,0.0,0.0,0.0,0.0,0.0,0.0,0.0,0.0,0.0,0.0
2026-09-28 06:00:00,AL912026(2),11,2026-09-28 06:00:00,0 days 00:00:00,0,36.3,-53.1,1013.0,29.0,148.0,0.0,0.0,0.0,0.0,0.0,0.0,0.0,0.0,0.0,0.0,0.0,0.0
2026-09-28 06:00:00,AL912026(2),11,2026-09-28 12:00:00,0 days 06:00:00,6,36.57,-51.38,1007.1,35.2,41.891670615063774,0.0,41.891670615063774,1.699596201348058,0.0,0.0,0.0,0.0,0.0,0.0,0.0,0.0,0.0
2026-09-28 06:00:00,AL912026(2),11,2026-09-28 18:00:00,0 days 12:00:00,12,36.27,-49.7,1005.8,31.2,121.09996192837308,0.0,0.0,0.0,0.0,0.0,0.0,0.0,0.0,0.0,0.0,0.0,0.0
2026-09-28 06:00:00,AL912026(2),11,2026-09-29 00:00:00,0 days 18:00:00,18,35.65,-47.7,1007.6,36.2,166.15080608163453,166.15080608163453,37.60675671601132,28.16231206754333,31.35348038348019,0.0,0.0,0.0,0.0,0.0,0.0,0.0,0.0
2026-09-28 06:00:00,AL912026(2),11,2026-09-29 06:00:00,1 days 00:00:00,24,34.62,-45.93,1002.6,26.4,161.64286544698132,0.0,0.0,0.0,0.0,0.0,0.0,0.0,0.0,0.0,0.0,0.0,0.0
2026-09-28 06:00:00,EP152026(2),11,2026-09-28 06:00:00,0 days 00:00:00,0,16.4,-160.8,929.0,134.0,28.0,241.0,185.0,148.0,204.0,93.0,74.0,74.0,93.0,56.0,46.0,37.0,46.0
2026-09-28 06:00:00,EP152026(2),11,2026-09-28 12:00:00,0 days 06:00:00,6,16.99,-161.8,955.3,110.1,18.473854713983307,180.90379397267665,135.74364402202374,128.3004198826412,168.58597864824975,107.60095809953424,90.08844479177012,77.18094631501015,98.08183984204292,76.21640027713696,66.9743183899904,55.93264362663729,67.7463397818563
2026-09-28 06:00:00,EP152026(2),11,2026-09-28 18:00:00,0 days 12:00:00,12,17.0,-162.49,973.0,86.4,9.899855248852347,136.0139516028475,117.80254567640466,127.65450953743373,135.74278620439566,58.57850931476933,47.70275365001402,35.04994752916521,42.78909429588861,9.899855248852347,2.426195378274436,1.6058857251369432,4.414603649480655
2026-09-28 06:00:00,EP152026(2),11,2026-09-29 00:00:00,0 days 18:00:00,18,18.02,-162.96,982.4,67.3,43.46484900656969,310.4310825754237,289.17757285392673,192.62633054129105,245.97952645915225,134.266836291405,127.77437522226796,97.2994696286276,106.64438429564088,43.46484900656969,33.981475287391135,27.336730732391366,29.82867060762642
2026-09-28 06:00:00,EP152026(2),11,2026-09-29 06:00:00,1 days 00:00:00,24,19.2,-163.36,970.2,89.9,46.51990976259691,333.6388366639752,302.30049467337875,192.30033814532064,244.5149662440367,161.7610345296655,142.68231029234113,103.70995278018952,129.1720230970163,81.0960183656566,75.23995757658881,59.13357774880157,69.58931919353628
2026-09-28 06:00:00,EP152026(2),11,2026-09-29 12:00:00,1 days 06:00:00,30,20.09,-163.43,967.9,87.8,32.3181721386578,243.8962543957354,224.56817975324327,158.53334632682942,196.507984471166,129.63766644292753,110.57549945424093,78.20105565336667,103.16002388694022,60.84426402661977,54.99980299730447,45.47118470837472,52.66363975996831
2026-09-28 06:00:00,EP152026(2),11,2026-09-29 18:00:00,1 days 12:00:00,36,21.59,-163.32,975.1,79.3,43.55092601695869,262.5792580575201,247.08482053153085,158.55322892775246,200.04808675562265,142.78571889897415,117.2331259473687,81.12545861710697,107.33311211955584,50.7769770712868,43.92611049752186,32.83396709123019,41.59931227128191
2026-09-28 06:00:00,EP152026(2),11,2026-09-30 00:00:00,1 days 18:00:00,42,22.34,-163.25,978.1,70.3,16.92534190320042,236.0946636719172,216.8711646163901,152.72235293617103,211.98301392734092,152.50871152439555,136.0972846217701,102.5101406242964,126.23892133495708,69.15786213439749,62.84354204023498,51.22499156463154,60.15241252447322
2026-09-28 06:00:00,EP152026(2),11,2026-09-30 06:00:00,2 days 00:00:00,48,23.43,-163.04,975.9,73.3,55.530190263262966,198.2480322087108,187.87847282671328,147.7144778794452,165.0589100553966,55.530190263262966,55.530190263262966,25.795684016450025,40.19983831475133,1.9037680836900392,55.530190263262966,0.0,0.8241793466998075
2026-09-28 06:00:00,EP152026(2),11,2026-09-30 12:00:00,2 days 06:00:00,54,23.45,-163.29,981.1,62.3,38.74941500533857,273.92736180339307,230.50387761253668,178.876192095118,223.40482915268055,134.18903711986758,119.05899492320962,88.01855819619297,105.1310943562629,0.0,0.0,0.0,0.0
2026-09-28 06:00:00,EP152026(2),11,2026-09-30 18:00:00,2 days 12:00:00,60,23.59,-163.33,989.2,52.1,99.98552424297084,248.76887652835663,232.66168338679188,197.49484523281933,221.32885946946385,99.98552424297084,0.0,0.0,0.0,0.0,0.0,0.0,0.0
2026-09-28 06:00:00,EP152026(2),11,2026-10-01 00:00:00,2 days 18:00:00,66,23.48,-163.96,990.7,33.8,71.93754551702105,0.0,0.0,0.0,0.0,0.0,0.0,0.0,0.0,0.0,0.0,0.0,0.0
2026-09-28 06:00:00,EP152026(2),11,2026-10-01 06:00:00,3 days 00:00:00,72,23.52,-164.19,987.2,46.4,222.1851657522544,502.0629183584147,447.69125767693487,385.8138062157275,446.06949553787314,0.0,0.0,0.0,0.0,0.0,0.0,0.0,0.0
2026-09-28 06:00:00,EP152026(2),11,2026-10-01 12:00:00,3 days 06:00:00,78,23.55,-164.83,991.8,43.4,111.8940028512584,146.2888518203289,125.49387904405692,93.82768844806286,126.41877847009302,0.0,0.0,0.0,0.0,0.0,0.0,0.0,0.0
2026-09-28 06:00:00,EP152026(2),11,2026-10-01 18:00:00,3 days 12:00:00,84,23.62,-165.68,992.1,49.6,56.883697488488295,193.62096850849224,169.20280299684828,139.287834546728,171.4797806145845,0.0,0.0,0.0,0.0,0.0,0.0,0.0,0.0
2026-09-28 06:00:00,EP152026(2),11,2026-10-02 00:00:00,3 days 18:00:00,90,23.86,-165.96,987.1,52.9,62.33100063878908,235.88334198933376,209.5278541714938,159.7897823678611,195.2286577080677,62.33100063878908,0.0,0.0,0.0,0.0,0.0,0.0,0.0
2026-09-28 06:00:00,EP152026(2),11,2026-10-02 06:00:00,4 days 00:00:00,96,24.08,-166.51,983.8,59.1,52.12994948670725,226.96638573300743,204.99609591601143,151.47751689635408,179.76026385737003,52.12994948670725,0.0,0.0,0.0,0.0,0.0,0.0,0.0
2026-09-28 06:00:00,EP152026(2),11,2026-10-02 12:00:00,4 days 06:00:00,102,24.3,-167.07,987.1,53.9,48.24803591344914,207.6439628078682,167.91180743596018,130.96617746153063,174.64505773327545,48.24803591344914,17.418280167729144,10.198815868449907,18.38676277622851,0.0,0.0,0.0,0.0
2026-09-28 06:00:00,EP152026(2),11,2026-10-02 18:00:00,4 days 12:00:00,108,24.51,-167.53,992.7,49.0,113.97722515165825,113.97722515165825,78.39541354307401,62.8053870071866,77.55839414692252,0.0,0.0,0.0,0.0,0.0,0.0,0.0,0.0
2026-09-28 06:00:00,EP152026(2),11,2026-10-03 00:00:00,4 days 18:00:00,114,24.16,-168.23,993.7,45.3,90.20560802676108,177.06819316123116,155.16088498494906,133.1366724221008,167.0971197153447,0.0,0.0,0.0,0.0,0.0,0.0,0.0,0.0
2026-09-28 06:00:00,EP152026(2),11,2026-10-03 06:00:00,5 days 00:00:00,120,24.06,-168.76,987.1,52.7,56.05145985626693,140.51185297330557,127.47383158614964,105.57150625385675,118.8736428885005,56.05145985626693,0.0,0.0,0.0,0.0,0.0,0.0,0.0
2026-09-28 06:00:00,EP152026(2),11,2026-10-03 12:00:00,5 days 06:00:00,126,23.44,-169.94,992.3,53.5,47.35669002741971,172.8448034308982,150.49906962877634,116.84962715782216,145.7959737622296,47.35669002741971,0.0,0.0,2.5291598091514045,0.0,0.0,0.0,0.0
2026-09-28 06:00:00,EP152026(2),11,2026-10-03 18:00:00,5 days 12:00:00,132,23.43,-171.36,993.2,48.7,115.49400268895316,192.5501508952641,152.12400241878117,123.04061562830816,163.73161159072674,0.0,0.0,0.0,0.0,0.0,0.0,0.0,0.0
2026-09-28 06:00:00,EP152026(2),11,2026-10-04 00:00:00,5 days 18:00:00,138,23.48,-172.69,989.2,63.6,48.29596252714164,202.59700040677137,154.50198884030067,127.00791755797368,163.85903752978675,2.7936087625494324,1.858702550496237,0.0,48.29596252714164,0.0,0.0,0.0,0.0
2026-09-28 06:00:00,EP152026(2),11,2026-10-04 06:00:00,6 days 00:00:00,144,23.64,-174.31,988.4,59.3,70.55381636177323,166.34097371484597,140.1534897686817,99.13038981163236,140.016775775342,70.55381636177323,4.652250673607184,0.3192359406252392,7.317954130644455,0.0,0.0,0.0,0.0
2026-09-28 06:00:00,EP152026(2),11,2026-10-04 12:00:00,6 days 06:00:00,150,24.05,-175.94,976.7,70.9,65.83198933727071,197.67691753815276,169.5753355738238,114.32369855581932,151.86583919037707,65.83198933727071,2.656114866714293,0.0,3.6536015847127103,65.83198933727071,0.3304615374879767,0.0,0.0
2026-09-28 06:00:00,EP152026(2),11,2026-10-04 18:00:00,6 days 12:00:00,156,24.37,-177.34,986.0,65.3,40.054339232398064,229.171493297222,175.86891549604417,112.91996806206024,177.0365802670365,92.51241444959405,72.72670905368685,47.60664541315467,72.4786166740185,40.054339232398064,15.153668291761862,10.29972936143675,15.41697502259991
2026-09-28 06:00:00,EP152026(2),11,2026-10-05 00:00:00,6 days 18:00:00,162,25.0,-178.57,973.5,79.3,18.89076724414365,214.5679015229595,173.5222791278762,115.91992190876896,164.2643938393701,75.25374012181508,55.66527005488343,32.39063687096474,55.64354420577695,18.89076724414365,5.540933560164596,2.071170971332829,7.483079971361752
2026-09-28 06:00:00,EP152026(2),11,2026-10-05 06:00:00,7 days 00:00:00,168,25.57,-179.94,969.2,87.1,16.339673694835426,186.56507748352527,156.26454490299685,116.44426124468674,161.71560303493072,83.90283211918958,65.89214641156076,48.666093739419104,69.78801019809985,41.875900771805135,36.407717167378806,30.29155230542682,35.90139493643947
2026-09-28 06:00:00,EP152026(2),11,2026-10-05 12:00:00,7 days 06:00:00,174,25.74,178.72,981.7,75.7,36.19415608277836,268.456021832204,204.9961111855041,156.6905296025834,248.0819992161196,127.3042395314992,99.58711595466411,71.9262145367743,101.43479422973996,36.19415608277836,24.55666275373096,21.122142155060143,27.142375108331294
2026-09-28 06:00:00,EP152026(2),11,2026-10-05 18:00:00,7 days 12:00:00,180,26.13,177.31,973.6,81.6,37.37605601837253,254.78428824089372,210.27942595052932,143.8298519854261,212.773102499334,121.57516728663524,97.72008633953948,71.68481171583912,98.18176140923612,37.37605601837253,19.83664243870015,14.879365977321536,21.535300572063072
2026-09-28 06:00:00,EP152026(2),11,2026-10-06 00:00:00,7 days 18:00:00,186,25.94,176.37,992.5,53.9,33.645839002561175,122.3563523879867,104.0486781218323,85.59931239465328,101.00154167725236,33.645839002561175,0.0,0.0,2.4869149204887706,0.0,0.0,0.0,0.0
2026-09-28 06:00:00,EP152026(2),11,2026-10-06 06:00:00,8 days 00:00:00,192,26.2,175.16,993.7,49.0,62.06936824347976,166.14759771862856,142.88149997561112,112.28807385499996,145.39156088348926,0.0,0.0,0.0,0.0,0.0,0.0,0.0,0.0
2026-09-28 06:00:00,EP152026(2),11,2026-10-06 12:00:00,8 days 06:00:00,198,26.06,173.54,996.5,41.4,112.02952984848253,238.71407075373827,195.2513363877697,139.52053222762697,201.2699615055717,0.0,0.0,0.0,0.0,0.0,0.0,0.0,0.0
2026-09-28 06:00:00,EP152026(2),11,2026-10-06 18:00:00,8 days 12:00:00,204,25.97,172.6,999.7,35.1,58.73343732841685,74.07912310505026,43.63583384598472,18.18399959761993,57.124793151805456,0.0,0.0,0.0,0.0,0.0,0.0,0.0,0.0
2026-09-28 06:00:00,EP152026(2),11,2026-10-07 00:00:00,8 days 18:00:00,210,25.85,171.01,1001.0,35.2,114.32135857530696,114.32135857530696,67.27144621845146,51.95435653508816,74.7974608915863,0.0,0.0,0.0,0.0,0.0,0.0,0.0,0.0
2026-09-28 06:00:00,EP152026(2),11,2026-10-07 06:00:00,9 days 00:00:00,216,25.44,169.59,1004.0,36.0,111.7847961251545,111.7847961251545,16.368840316528573,2.362507084362768,27.330528988467577,0.0,0.0,0.0,0.0,0.0,0.0,0.0,0.0
2026-09-28 06:00:00,EP152026(2),11,2026-10-07 12:00:00,9 days 06:00:00,222,25.34,167.58,1003.1,33.8,78.45004177473686,0.0,0.0,0.0,0.0,0.0,0.0,0.0,0.0,0.0,0.0,0.0,0.0
2026-09-28 06:00:00,EP152026(2),11,2026-10-07 18:00:00,9 days 12:00:00,228,25.43,165.91,1010.0,22.8,65.50285855803958,0.0,0.0,0.0,0.0,0.0,0.0,0.0,0.0,0.0,0.0,0.0,0.0
2026-09-28 06:00:00,EP172026,11,2026-09-28 06:00:00,0 days 00:00:00,0,23.2,-114.0,955.0,105.0,28.0,167.0,148.0,148.0,148.0,102.0,93.0,83.0,83.0,65.0,65.0,65.0,65.0
2026-09-28 06:00:00,EP172026,11,2026-09-28 12:00:00,0 days 06:00:00,6,24.36,-114.14,956.9,105.9,0.0,99.29115874667752,138.03749316322683,86.27010850574936,66.09057970182745,45.17833788492004,41.74462354544477,25.220121243288165,34.23649828333974,15.102307340664003,12.933174358780796,8.548771828487013,11.365425902641723
2026-09-28 06:00:00,EP172026,11,2026-09-28 18:00:00,0 days 12:00:00,12,25.04,-113.7,964.3,88.5,8.911454583336008,144.21653925677293,161.88933630242187,100.3232118558067,102.6903143070922,66.9455339204551,63.24800659913538,42.17641784487705,52.90175322524014,27.842609499727665,25.040716241460743,19.17191794500369,21.556157844826327
2026-09-28 06:00:00,EP172026,11,2026-09-29 00:00:00,0 days 18:00:00,18,25.63,-113.16,965.5,86.9,0.0,123.51544475068452,161.53392378390475,118.0262249987598,85.63984698357115,72.00622077277256,74.10994845321852,54.81600042974014,57.83811471914666,35.410578977349005,33.36071933687016,25.940696950574768,29.01739871903026
2026-09-28 06:00:00,EP172026,11,2026-09-29 06:00:00,1 days 00:00:00,24,26.28,-111.93,973.5,71.2,0.7679738731817451,157.4526192796062,182.89797987257705,111.50544721600494,101.86640932629996,47.057789269703534,50.82516314214122,33.70637909936886,38.15851668968304,13.00445213263465,12.674844246207122,9.794187364869702,9.802638968909362
2026-09-28 06:00:00,EP172026,11,2026-09-29 12:00:00,1 days 06:00:00,30,27.35,-110.65,988.2,54.0,43.51849510816136,180.19479983367145,181.99825156173927,99.04000598158908,129.81598934974565,94.97082836090624,85.20351470590239,59.95873110704758,75.35687612574011,0.0,0.0,0.0,0.0
2026-09-28 06:00:00,EP172026,11,2026-09-29 18:00:00,1 days 12:00:00,36,29.46,-108.74,997.1,31.9,63.91037146535416,0.0,0.0,0.0,0.0,0.0,0.0,0.0,0.0,0.0,0.0,0.0,0.0
2026-09-28 06:00:00,EP182026,11,2026-09-28 06:00:00,0 days 00:00:00,0,13.2,-100.0,1001.0,41.0,93.0,222.0,185.0,148.0,222.0,0.0,0.0,0.0,0.0,0.0,0.0,0.0,0.0
2026-09-28 06:00:00,EP182026,11,2026-09-28 12:00:00,0 days 06:00:00,6,13.31,-100.77,995.6,62.9,54.98354381150062,228.3196368254113,173.1252744309187,136.26936573250245,192.5658739511224,54.98354381150062,30.10688798160923,20.63550088331062,29.325171781958588,0.0,0.0,0.0,0.0
2026-09-28 06:00:00,EP182026,11,2026-09-28 18:00:00,0 days 12:00:00,12,14.17,-102.24,999.1,48.1,72.09935109563936,157.740634292929,128.54204109560237,105.30773500317808,151.7428145134665,0.0,0.0,0.0,0.0,0.0,0.0,0.0,0.0
2026-09-28 06:00:00,EP182026,11,2026-09-29 00:00:00,0 days 18:00:00,18,14.62,-102.76,999.9,51.1,64.96727551561787,162.7837685956656,147.51023624292247,108.7328305342678,135.2815615680479,64.96727551561787,18.47147411272499,11.305622957728929,16.6302168865586,0.0,0.0,0.0,0.0
2026-09-28 06:00:00,EP182026,11,2026-09-29 06:00:00,1 days 00:00:00,24,15.3,-103.82,997.2,43.8,96.0570248383782,174.1289900722233,149.00492523054552,113.0968505727092,141.30163756965766,0.0,0.0,0.0,0.0,0.0,0.0,0.0,0.0
2026-09-28 06:00:00,EP182026,11,2026-09-29 12:00:00,1 days 06:00:00,30,15.36,-104.66,987.2,54.2,58.071268471884025,208.8850335458648,156.03410988323336,107.98766606647963,189.56933722096323,98.37353530462708,74.26007326910393,53.01214895090584,72.02818513968475,0.0,0.0,0.0,0.0
2026-09-28 06:00:00,EP182026,11,2026-09-29 18:00:00,1 days 12:00:00,36,15.56,-105.74,994.4,55.8,101.90513022857117,315.656772820639,260.7369411539381,179.94680646232806,254.7559982657232,101.90513022857117,49.39996998024563,30.46779900998629,43.34175016775792,0.0,0.0,0.0,0.0
2026-09-28 06:00:00,EP182026,11,2026-09-30 00:00:00,1 days 18:00:00,42,16.25,-106.39,980.8,68.2,24.332128962446266,128.7336698487269,123.14002795205364,77.3638148540511,95.59669054474476,28.129916234777625,19.016885441265885,8.570726554909598,17.054608853346615,24.332128962446266,0.0,0.0,0.0309994868260439
2026-09-28 06:00:00,EP182026,11,2026-09-30 06:00:00,2 days 00:00:00,48,16.61,-106.89,978.0,82.5,28.83543006226122,170.29614849670588,169.58320009805038,121.53128734163444,129.70311762820245,80.0656667104643,71.80237158678707,52.066714767439294,65.45789554410135,33.72284378072369,31.058997282957083,23.698958681433503,27.872967633788203
2026-09-28 06:00:00,EP182026,11,2026-09-30 12:00:00,2 days 06:00:00,54,17.53,-107.34,979.7,65.3,48.38670941069872,230.00850464146345,216.82179517465156,169.5957735604419,182.284182677132,129.29020184823446,113.35429437023956,83.83086330148319,101.21137061026832,48.38670941069872,17.916167268904402,12.34638148089524,15.710661141290975
2026-09-28 06:00:00,EP182026,11,2026-09-30 18:00:00,2 days 12:00:00,60,17.87,-107.87,972.4,89.4,45.16726635960607,266.0307459357901,233.456430277972,175.44904666837675,229.8998432621645,83.23113684443061,62.160013351218815,39.93600668598758,65.20529365628119,45.16726635960607,2.249544088059667,0.3393167919602209,5.854747812468971
2026-09-28 06:00:00,EP182026,11,2026-10-01 00:00:00,2 days 18:00:00,66,18.29,-108.12,957.1,100.1,28.048456849753656,137.7998068407348,139.3179649733605,120.08660148859074,120.93621473942274,63.49179413726107,58.019683353821534,43.089248142542246,55.3436155206456,48.29423790235055,42.75604643929209,35.52548888208957,41.56082780441574
2026-09-28 06:00:00,EP182026,11,2026-10-01 06:00:00,3 days 00:00:00,72,18.58,-108.35,963.4,92.9,50.696866006524886,241.3203125682469,218.70003299928965,163.19176744064737,209.07807350319467,117.79298126185064,103.63994245185565,82.17182032354845,104.92463187294196,78.7508007249586,72.12838739969783,58.33137900477561,68.24354469912157
2026-09-28 06:00:00,EP182026,11,2026-10-01 12:00:00,3 days 06:00:00,78,18.8,-108.82,972.6,82.3,64.24500799821932,235.84849020079693,215.14607512824463,170.99761617234316,211.10366064004344,105.925929698672,93.66378328713029,74.35578153409988,100.0224312815566,64.27171478941212,58.470477891010646,48.10135406458372,56.75399659944566
2026-09-28 06:00:00,EP182026,11,2026-10-01 18:00:00,3 days 12:00:00,84,18.82,-109.24,968.2,85.3,0.0,207.72477750704277,187.67855344539015,162.69102540045088,188.28333386387885,101.07905941653176,82.06143248907019,61.302199547941896,85.40085774733352,54.4180721224233,47.046851904504095,37.92748783382921,45.76226831121242
2026-09-28 06:00:00,EP182026,11,2026-10-02 00:00:00,3 days 18:00:00,90,19.03,-109.31,972.5,77.8,43.71273064548515,220.83963682782596,209.15530184753905,180.49494229044316,185.964254284497,112.33347656401554,105.2868839201513,87.94354224057699,98.59482181045064,62.259853932043626,57.92592158259508,47.321825124039904,52.70407564233542
2026-09-28 06:00:00,EP182026,11,2026-10-02 06:00:00,4 days 00:00:00,96,19.1,-109.47,977.3,71.2,28.15871119578395,161.47218463251022,137.82706638383422,115.46860262426802,139.75548021469166,73.05070837535916,60.28532397775521,40.98557847363544,56.394870718779686,28.15871119578395,3.081089268700288,0.5291565610663724,4.132046492324967
2026-09-28 06:00:00,EP182026,11,2026-10-02 12:00:00,4 days 06:00:00,102,19.43,-109.65,974.8,71.2,37.80572747663267,146.83294117847356,136.9801351669609,123.88580965663022,122.49767051495137,57.44774796479728,54.5701461785678,43.974190923176735,50.48330509208963,37.80572747663267,27.984077548770955,22.128354858542444,24.034725628257995
2026-09-28 06:00:00,EP182026,11,2026-10-02 18:00:00,4 days 12:00:00,108,19.67,-109.78,984.6,65.3,19.48721606451964,143.99726548255234,142.5918613966985,110.30534992027728,125.48280680243268,65.8049886714182,57.37663576840895,38.43573411900839,54.14372915963279,19.48721606451964,12.372069272210066,7.825640832626242,10.124148017295994
2026-09-28 06:00:00,EP182026,11,2026-10-03 00:00:00,4 days 18:00:00,114,19.75,-110.01,982.9,70.5,29.133268350314573,108.17799700258786,93.06899048568977,79.3491057381968,96.76613549504252,59.502345505574525,48.47957727251202,35.72326041088459,48.356908717876806,29.133268350314573,13.089212476240869,9.592001127103195,12.700832900005745
2026-09-28 06:00:00,EP182026,11,2026-10-03 06:00:00,5 days 00:00:00,120,20.03,-110.68,986.2,64.1,36.54273489735806,170.45917659835868,149.4233492022131,120.97813114738436,155.75443039014408,77.94515324277268,63.00740920013232,43.95212176888572,63.13671404291836,36.54273489735806,8.317188005060771,4.889310276726889,7.982310585144106
2026-09-28 06:00:00,EP182026,11,2026-10-03 12:00:00,5 days 06:00:00,126,20.45,-110.8,977.1,75.1,22.90407864858557,145.83219351404065,135.8913503871115,90.48571994315978,119.91625941506835,83.0044828818927,68.98902753331085,48.46904850773269,67.92910697870063,35.11827513140206,30.63235800513872,24.27269914009624,29.426112501062747
2026-09-28 06:00:00,EP182026,11,2026-10-03 18:00:00,5 days 12:00:00,132,20.42,-111.31,985.0,61.9,39.26342686087233,190.24451197735937,152.7049333846166,127.32890627894184,173.14311878027513,101.10190232874147,80.7797412917282,61.21558992353175,86.81376369837946,0.0,0.0,0.0,0.0
2026-09-28 06:00:00,EP182026,11,2026-10-04 00:00:00,5 days 18:00:00,138,20.76,-111.7,978.2,77.5,25.883740400384703,184.19304132639004,166.23593615894518,133.58936532872613,153.2408723448016,102.50270358490464,89.5849833090612,70.63807923813026,88.27287568355256,49.64576838038343,45.43020037536879,36.75881941366379,42.1466721648048
2026-09-28 06:00:00,EP182026,11,2026-10-04 06:00:00,6 days 00:00:00,144,20.93,-112.12,988.2,56.0,60.47959115240661,168.90239593258718,133.7369590965924,116.9489971597009,169.5094677064692,60.47959115240661,30.19331439738491,23.38535480393724,30.74523325318478,0.0,0.0,0.0,0.0
2026-09-28 06:00:00,EP182026,11,2026-10-04 12:00:00,6 days 06:00:00,150,20.88,-112.6,984.6,64.6,63.99553972336823,208.3085028142732,189.52466338648333,132.62638991937064,179.34401030326163,80.22354768742716,67.04580397050901,47.55417198054219,61.740352699271234,63.99553972336823,0.0014082117732012,0.0,0.050159401721453
2026-09-28 06:00:00,EP182026,11,2026-10-04 18:00:00,6 days 12:00:00,156,20.84,-112.97,982.9,64.0,81.96497591350952,206.55293981687447,206.03825316021988,172.2117530571195,189.0102175258149,2.3477800341416715,0.3266989936672668,0.0,81.96497591350952,0.0,0.0,0.0,0.0
2026-09-28 06:00:00,EP182026,11,2026-10-05 00:00:00,6 days 18:00:00,162,21.03,-113.5,984.1,62.5,18.333516225614176,193.49295443959363,175.94746074393424,145.74375030425745,181.7926411419921,77.26660077925726,64.67704978132406,45.841861000901645,64.77740700872164,0.0,0.0,0.0,0.0
2026-09-28 06:00:00,EP182026,11,2026-10-05 06:00:00,7 days 00:00:00,168,20.8,-114.28,995.8,50.6,16.938097533174897,115.2805503544656,102.0588121520882,94.41932803909263,121.91187282940314,16.938097533174897,9.03470071712546,6.825365083635132,8.488720863437607,0.0,0.0,0.0,0.0
2026-09-28 06:00:00,EP182026,11,2026-10-05 12:00:00,7 days 06:00:00,174,20.67,-115.03,992.9,50.3,36.23841523682242,103.7837599603466,84.36698254981602,67.02104099179967,108.91770743455622,36.23841523682242,10.684300124753817,5.858816193339393,15.901752701066686,0.0,0.0,0.0,0.0
2026-09-28 06:00:00,EP182026,11,2026-10-05 18:00:00,7 days 12:00:00,180,20.5,-115.94,994.1,46.9,79.03378482574317,170.46849691196985,137.88707974403405,111.11584273649714,152.65065225399212,0.0,0.0,0.0,0.0,0.0,0.0,0.0,0.0
2026-09-28 06:00:00,EP182026,11,2026-10-06 00:00:00,7 days 18:00:00,186,20.77,-116.65,986.7,60.2,8.977957916290961,119.43585040121953,100.425775694104,74.97958820666747,120.4025630833304,53.7423409947049,36.046325998246616,21.584451464437464,42.70932311291688,0.0,0.0,0.0,0.0
2026-09-28 06:00:00,EP182026,11,2026-10-06 06:00:00,8 days 00:00:00,192,20.52,-118.0,979.3,75.7,16.28529160643926,151.83297930774023,126.97519329175638,106.52601802219002,141.37513510595818,73.24717842154598,57.63235303832814,45.52408647767298,61.19188551325446,30.018339445732657,25.632469795840773,21.473274173761556,25.089076547481824
2026-09-28 06:00:00,EP182026,11,2026-10-06 12:00:00,8 days 06:00:00,198,20.62,-119.09,973.8,84.4,33.4055123861442,160.70178766658483,135.70596282500057,107.3204680497524,135.77738674429003,75.27273911642045,58.20777948774408,47.3094228777487,65.10062078297489,50.38819119005916,43.90978108295742,37.36737248905231,44.25625044708229
2026-09-28 06:00:00,EP182026,11,2026-10-06 18:00:00,8 days 12:00:00,204,20.78,-120.32,974.7,81.7,23.691258114109644,191.4683558536748,150.74789638001187,124.38268577706523,179.83995060923382,99.21895119795904,77.27936692880422,58.770882914686496,85.00494888003888,50.83376704356036,42.91925844334216,35.85729895495892,44.49551235495632
2026-09-28 06:00:00,EP182026,11,2026-10-07 00:00:00,8 days 18:00:00,210,21.03,-121.19,977.3,75.2,25.642572594823186,161.08148493791188,141.6456448552824,118.35731348232568,154.32040470101782,86.88273136600702,65.93986572717924,50.19166777555905,70.47787438952084,35.50531630451982,29.000311871859918,24.267182340353735,30.9638887444342
2026-09-28 06:00:00,EP182026,11,2026-10-07 06:00:00,9 days 00:00:00,216,21.15,-122.22,977.9,81.1,24.50418707761844,144.65429961549262,115.40792977929186,109.55911419258848,146.78617606915805,73.68778025145468,56.87508232777782,47.67516063605416,70.45841278519367,44.8218400928248,38.48557176927181,32.406130441841185,39.05679624237962
2026-09-28 06:00:00,EP182026,11,2026-10-07 12:00:00,9 days 06:00:00,222,21.45,-123.27,978.2,77.7,37.815433218718304,81.33271228782274,71.57071520026999,83.60640408787177,84.86180437591042,37.815433218718304,21.8454165185604,18.40597799297824,37.815433218718304,37.815433218718304,21.8454165185604,18.40597799297824,23.948398326543
2026-09-28 06:00:00,EP182026,11,2026-10-07 18:00:00,9 days 12:00:00,228,21.64,-124.3,990.1,63.8,5.504210590780673,124.57972383038438,92.85174796669092,82.78253194273202,122.782354301162,44.24416698463979,28.78729716290147,17.597930539569376,37.53068396404927,0.0,0.0,0.0,0.0
2026-09-28 06:00:00,EP182026,11,2026-10-08 00:00:00,9 days 18:00:00,234,22.05,-125.14,992.0,57.9,6.117871892985821,132.11180735552983,104.76466324652247,75.39213351070578,118.87325230054743,61.57023119431342,45.6551923950438,26.83703312146689,43.21280157495215,0.0,0.0,0.0,0.0
2026-09-28 06:00:00,EP182026,11,2026-10-08 06:00:00,10 days 00:00:00,240,22.44,-126.07,996.2,54.4,32.02514116813165,137.4062558661616,119.0748336724934,99.83458484719904,131.1198847443241,55.6799340964708,42.68658104460552,30.07034017892402,44.9698833607185,0.0,0.0,0.0,0.0
2026-09-28 06:00:00,EP182026,11,2026-10-08 12:00:00,10 days 06:00:00,246,22.63,-126.36,994.7,52.2,31.930165089188613,137.01881016218698,111.17723912596796,84.61444794905728,123.98652003022264,46.91653404616463,31.7103725176442,15.67808880741152,34.69770877338615,0.0,0.0,0.0,0.0
2026-09-28 06:00:00,EP182026,11,2026-10-08 18:00:00,10 days 12:00:00,252,22.87,-127.2,1000.4,48.5,41.91960173733839,147.65523651167354,118.82539251324542,100.14400848053772,128.3372014086018,0.0,0.0,0.0,0.0,0.0,0.0,0.0,0.0
2026-09-28 06:00:00,EP182026,11,2026-10-09 00:00:00,10 days 18:00:00,258,23.2,-127.71,998.7,41.2,68.25698509427184,94.66899595186908,79.14929505796844,57.37925743807065,83.35138648782338,0.0,0.0,0.0,0.0,0.0,0.0,0.0,0.0
2026-09-28 06:00:00,EP182026,11,2026-10-09 06:00:00,11 days 00:00:00,264,23.5,-128.72,1001.7,44.5,64.71107260645442,64.71107260645442,33.64325047846877,6.293181672264409,26.360972756492032,0.0,0.0,0.0,0.0,0.0,0.0,0.0,0.0
2026-09-28 06:00:00,EP182026,11,2026-10-09 12:00:00,11 days 06:00:00,270,23.35,-129.37,1001.3,39.0,33.84068078433358,104.83051927968476,75.68095611436203,50.359609162020185,93.3539321523214,0.0,0.0,0.0,0.0,0.0,0.0,0.0,0.0
2026-09-28 06:00:00,EP182026,11,2026-10-09 18:00:00,11 days 12:00:00,276,23.07,-130.2,1003.3,33.4,50.09531885923912,0.0,0.0,0.0,0.0,0.0,0.0,0.0,0.0,0.0,0.0,0.0,0.0
2026-09-28 06:00:00,EP182026,11,2026-10-10 00:00:00,11 days 18:00:00,282,22.53,-131.21,1005.8,30.9,50.89660158696602,0.0,0.0,0.0,0.0,0.0,0.0,0.0,0.0,0.0,0.0,0.0,0.0
2026-09-28 06:00:00,EP182026,11,2026-10-10 06:00:00,12 days 00:00:00,288,21.81,-131.91,1004.0,26.4,76.80916549381215,0.0,0.0,0.0,0.0,0.0,0.0,0.0,0.0,0.0,0.0,0.0,0.0
2026-09-28 06:00:00,EP182026,11,2026-10-10 12:00:00,12 days 06:00:00,294,21.29,-132.63,1005.6,26.4,70.6017178768265,0.0,0.0,0.0,0.0,0.0,0.0,0.0,0.0,0.0,0.0,0.0,0.0
2026-09-28 06:00:00,EP182026,11,2026-10-10 18:00:00,12 days 12:00:00,300,20.5,-133.58,1005.3,28.7,109.48853898841182,0.0,0.0,0.0,0.0,0.0,0.0,0.0,0.0,0.0,0.0,0.0,0.0
2026-09-28 06:00:00,EP182026,11,2026-10-11 00:00:00,12 days 18:00:00,306,20.34,-133.98,1001.4,28.8,141.80862785225662,0.0,0.0,0.0,0.0,0.0,0.0,0.0,0.0,0.0,0.0,0.0,0.0
2026-09-28 06:00:00,EP182026,11,2026-10-11 06:00:00,13 days 00:00:00,312,20.01,-134.68,1002.5,30.1,59.24812312411427,0.0,0.0,0.0,0.0,0.0,0.0,0.0,0.0,0.0,0.0,0.0,0.0
2026-09-28 06:00:00,EP182026,11,2026-10-11 12:00:00,13 days 06:00:00,318,20.11,-134.97,1005.3,25.1,118.75045733294928,0.0,0.0,0.0,0.0,0.0,0.0,0.0,0.0,0.0,0.0,0.0,0.0
2026-09-28 06:00:00,EP182026,11,2026-10-11 18:00:00,13 days 12:00:00,324,19.67,-136.38,1003.3,28.8,92.44019794870276,0.0,0.0,0.0,0.0,0.0,0.0,0.0,0.0,0.0,0.0,0.0,0.0
2026-09-28 06:00:00,EP912026(3),11,2026-09-28 06:00:00,0 days 00:00:00,0,12.7,-136.6,1005.0,29.0,93.0,0.0,0.0,0.0,0.0,0.0,0.0,0.0,0.0,0.0,0.0,0.0,0.0
2026-09-28 06:00:00,WP252026,11,2026-09-28 06:00:00,0 days 00:00:00,0,27.5,131.6,954.0,99.0,9.0,148.0,158.0,148.0,121.0,,,,,,,,
2026-09-28 06:00:00,WP252026,11,2026-09-28 12:00:00,0 days 06:00:00,6,27.71,132.44,975.2,74.3,8.542230423477562,98.54337241282448,155.80084421149246,114.38525431007446,56.47000317183206,22.95414157784653,30.596984298951256,17.10265799214661,17.56850660012288,0.0,8.542230423477562,0.0,0.0
2026-09-28 06:00:00,WP252026,11,2026-09-28 18:00:00,0 days 12:00:00,12,28.18,133.13,992.3,54.5,65.43864803377859,152.40845332348133,177.2643284194026,139.09650013811455,120.09642175187945,8.966219350386766,65.43864803377859,6.465067147415703,5.187836741323602,0.0,0.0,0.0,0.0
2026-09-28 06:00:00,WP252026,11,2026-09-29 00:00:00,0 days 18:00:00,18,28.63,134.07,996.4,45.1,114.39827640445252,156.29784100690543,177.37363403853988,130.14461269711336,125.78303296913778,0.0,0.0,0.0,0.0,0.0,0.0,0.0,0.0
2026-09-28 06:00:00,WP252026,11,2026-09-29 06:00:00,1 days 00:00:00,24,28.99,134.86,997.0,40.1,115.97022781452948,125.46368082077838,162.20113963816237,117.56494793865444,113.1171193699784,0.0,0.0,0.0,0.0,0.0,0.0,0.0,0.0
2026-09-28 06:00:00,WP252026,11,2026-09-29 12:00:00,1 days 06:00:00,30,29.46,135.89,1000.6,38.5,98.47196282263133,4.697618367127319,98.47196282263133,2.8537859478069905,1.3287815144726238,0.0,0.0,0.0,0.0,0.0,0.0,0.0,0.0
2026-09-28 06:00:00,WP252026,11,2026-09-29 18:00:00,1 days 12:00:00,36,29.97,136.71,1001.4,34.1,130.48566099709808,1.0929053406823923,130.48566099709808,10.404887985859844,0.7619677627874353,0.0,0.0,0.0,0.0,0.0,0.0,0.0,0.0
2026-09-28 06:00:00,WP252026,11,2026-09-30 00:00:00,1 days 18:00:00,42,30.76,137.61,1003.1,31.8,59.74614633125227,0.0,0.0,0.0,0.0,0.0,0.0,0.0,0.0,0.0,0.0,0.0,0.0
2026-09-28 06:00:00,WP252026,11,2026-09-30 06:00:00,2 days 00:00:00,48,31.29,138.46,1003.4,35.0,71.39337991846605,0.0,71.39337991846605,0.4376132343053314,0.381691197704356,0.0,0.0,0.0,0.0,0.0,0.0,0.0,0.0
2026-09-28 06:00:00,WP252026,11,2026-09-30 12:00:00,2 days 06:00:00,54,31.95,139.5,997.7,33.2,116.26627114844608,0.0,0.0,0.0,0.0,0.0,0.0,0.0,0.0,0.0,0.0,0.0,0.0
2026-09-28 06:00:00,WP252026,11,2026-09-30 18:00:00,2 days 12:00:00,60,33.11,140.44,1000.2,27.0,145.3619980945021,0.0,0.0,0.0,0.0,0.0,0.0,0.0,0.0,0.0,0.0,0.0,0.0
2026-09-28 06:00:00,WP252026,11,2026-10-01 00:00:00,2 days 18:00:00,66,33.53,141.68,999.0,29.2,59.870875476028864,0.0,0.0,0.0,0.0,0.0,0.0,0.0,0.0,0.0,0.0,0.0,0.0
2026-09-28 06:00:00,WP252026,11,2026-10-01 06:00:00,3 days 00:00:00,72,34.68,142.79,999.7,26.3,97.44882722655608,0.0,0.0,0.0,0.0,0.0,0.0,0.0,0.0,0.0,0.0,0.0,0.0
2026-09-28 06:00:00,WP252026,11,2026-10-01 12:00:00,3 days 06:00:00,78,35.6,145.25,998.9,34.4,104.6480222457646,0.0,104.6480222457646,0.0,0.0,0.0,0.0,0.0,0.0,0.0,0.0,0.0,0.0
2026-09-28 06:00:00,WP922026(4),11,2026-09-28 06:00:00,0 days 00:00:00,0,16.4,97.6,1001.0,29.0,64.0,0.0,0.0,0.0,0.0,0.0,0.0,0.0,0.0,0.0,0.0,0.0,0.0
2026-09-28 06:00:00,WP922026(4),11,2026-09-28 12:00:00,0 days 06:00:00,6,17.04,96.9,1003.5,33.2,91.94317717157632,0.0,0.0,0.0,0.0,0.0,0.0,0.0,0.0,0.0,0.0,0.0,0.0
2026-09-28 06:00:00,WP922026(4),11,2026-09-28 18:00:00,0 days 12:00:00,12,17.42,96.28,1006.5,26.1,107.30179631469828,0.0,0.0,0.0,0.0,0.0,0.0,0.0,0.0,0.0,0.0,0.0,0.0
2026-09-28 06:00:00,WP922026(4),11,2026-09-29 00:00:00,0 days 18:00:00,18,18.92,95.31,1004.2,21.5,111.3903721126367,0.0,0.0,0.0,0.0,0.0,0.0,0.0,0.0,0.0,0.0,0.0,0.0
2026-09-28 06:00:00,WP922026(4),11,2026-09-29 06:00:00,1 days 00:00:00,24,19.16,95.61,1004.3,20.5,108.64671663065826,0.0,0.0,0.0,0.0,0.0,0.0,0.0,0.0,0.0,0.0,0.0,0.0
2026-09-28 06:00:00,WP922026(4),11,2026-09-29 12:00:00,1 days 06:00:00,30,20.12,94.66,1002.8,19.1,117.07088837805831,0.0,0.0,0.0,0.0,0.0,0.0,0.0,0.0,0.0,0.0,0.0,0.0
2026-09-28 06:00:00,WP922026(4),11,2026-09-29 18:00:00,1 days 12:00:00,36,20.67,94.31,1002.5,20.8,134.12297384261535,0.0,0.0,0.0,0.0,0.0,0.0,0.0,0.0,0.0,0.0,0.0,0.0
2026-09-28 06:00:00,11,12,2026-10-02 18:00:00,4 days 12:00:00,108,16.25,157.2,1008.2,17.6,141.1056581622482,0.0,0.0,0.0,0.0,0.0,0.0,0.0,0.0,0.0,0.0,0.0,0.0
2026-09-28 06:00:00,11,12,2026-10-03 00:00:00,4 days 18:00:00,114,15.77,157.37,1006.3,26.0,62.801383053013154,0.0,0.0,0.0,0.0,0.0,0.0,0.0,0.0,0.0,0.0,0.0,0.0
2026-09-28 06:00:00,11,12,2026-10-03 06:00:00,5 days 00:00:00,120,14.02,160.35,1007.5,21.8,103.31837795248404,0.0,0.0,0.0,0.0,0.0,0.0,0.0,0.0,0.0,0.0,0.0,0.0
2026-09-28 06:00:00,11,12,2026-10-03 12:00:00,5 days 06:00:00,126,13.72,162.66,1008.1,18.7,112.81030674532,0.0,0.0,0.0,0.0,0.0,0.0,0.0,0.0,0.0,0.0,0.0,0.0
2026-09-28 06:00:00,11,12,2026-10-03 18:00:00,5 days 12:00:00,132,14.0,162.22,1004.2,21.0,123.27961683831126,0.0,0.0,0.0,0.0,0.0,0.0,0.0,0.0,0.0,0.0,0.0,0.0
2026-09-28 06:00:00,11,12,2026-10-04 00:00:00,5 days 18:00:00,138,13.5,162.04,1001.7,23.6,80.7460265325529,0.0,0.0,0.0,0.0,0.0,0.0,0.0,0.0,0.0,0.0,0.0,0.0
2026-09-28 06:00:00,11,12,2026-10-04 06:00:00,6 days 00:00:00,144,13.0,162.03,1001.5,30.4,121.34780729390845,0.0,0.0,0.0,0.0,0.0,0.0,0.0,0.0,0.0,0.0,0.0,0.0
2026-09-28 06:00:00,11,12,2026-10-04 12:00:00,6 days 06:00:00,150,12.52,161.97,999.6,32.9,114.3694108523524,0.0,0.0,0.0,0.0,0.0,0.0,0.0,0.0,0.0,0.0,0.0,0.0
2026-09-28 06:00:00,11,12,2026-10-04 18:00:00,6 days 12:00:00,156,12.23,161.92,994.5,42.8,80.534095288513,165.3725697129698,148.4485838008963,123.10445386751474,137.51598682247726,0.0,0.0,0.0,0.0,0.0,0.0,0.0,0.0
2026-09-28 06:00:00,11,12,2026-10-05 00:00:00,6 days 18:00:00,162,12.31,161.21,991.4,49.7,92.36193139003252,175.79625118148425,161.8505970144465,133.17256358057523,146.79013640714226,0.0,0.0,0.0,0.0,0.0,0.0,0.0,0.0
2026-09-28 06:00:00,11,12,2026-10-05 06:00:00,7 days 00:00:00,168,12.31,161.2,992.5,43.4,89.9919424955541,89.9919424955541,75.25252042210599,62.840576451944685,70.36230747452024,0.0,0.0,0.0,0.0,0.0,0.0,0.0,0.0
2026-09-28 06:00:00,11,12,2026-10-05 12:00:00,7 days 06:00:00,174,12.5,159.98,950.8,106.0,32.57425607372247,272.2562424494104,248.7124327383458,230.41464635346875,253.24740697102777,32.57425607372247,0.0,0.0,32.57425607372247,32.57425607372247,0.0,0.0,0.0
2026-09-28 06:00:00,11,12,2026-10-05 18:00:00,7 days 12:00:00,180,12.27,159.99,983.4,59.7,44.743622948338114,239.8615317939183,224.7423573401419,194.94344078443635,215.77599291227395,44.743622948338114,27.348809486572765,23.38415552709584,26.415749267313306,0.0,0.0,0.0,0.0
2026-09-28 06:00:00,11,12,2026-10-06 00:00:00,7 days 18:00:00,186,12.68,159.51,981.0,62.5,46.69354352526932,247.97171452207917,243.28483239821335,205.44772061776567,220.1323425158144,46.69354352526932,31.0451403143782,24.41373961116085,27.56125237980684,0.0,0.0,0.0,0.0
2026-09-28 06:00:00,11,12,2026-10-06 06:00:00,8 days 00:00:00,192,12.93,158.68,980.2,63.2,100.92281461037112,353.9438213742874,333.54711777632747,305.9587392597128,324.9025271165533,100.92281461037112,96.74653474691831,84.50967924611194,88.57939133529146,0.0,0.0,0.0,0.0
2026-09-28 06:00:00,11,12,2026-10-06 12:00:00,8 days 06:00:00,198,13.44,158.5,965.0,82.2,46.11721182847124,205.8725046740292,190.0009509836114,172.0180690526214,179.65794289195873,0.0,46.11721182847124,46.11721182847124,0.0,0.0,46.11721182847124,0.0,0.0
2026-09-28 06:00:00,11,12,2026-10-06 18:00:00,8 days 12:00:00,204,14.15,157.75,972.2,79.9,26.702059275040657,212.1224591689876,187.83500902109031,168.27885272613258,191.56282858319133,104.29023544535566,89.59617046769498,71.34609449123661,92.50689426859576,52.085647407180666,45.45791120293249,34.80192147724876,43.81618735513735
2026-09-28 06:00:00,11,12,2026-10-07 00:00:00,8 days 18:00:00,210,14.55,156.83,962.2,91.2,27.544061012418226,177.2181003287255,141.84707668068393,126.0197775837184,142.37414322581398,62.454851730634914,51.51695086994917,39.68793641905099,57.63246316265066,31.901390676718417,26.82067673536688,19.387221638951807,27.165129600856066
2026-09-28 06:00:00,11,12,2026-10-07 06:00:00,9 days 00:00:00,216,15.28,155.76,955.9,91.3,41.81364834099656,278.8967815801283,244.5532619007915,214.78889908002432,240.77231206705247,132.02609052304774,118.31288751705716,98.35370674412044,117.11899390148756,70.77551305556739,63.43717318036266,52.93288791107752,62.02259810709464
2026-09-28 06:00:00,11,12,2026-10-07 12:00:00,9 days 06:00:00,222,15.64,154.49,942.2,108.5,27.58192417989735,225.4262256999316,188.74924515099252,159.92441318751213,203.6281572024276,109.08817351080056,93.87029482677512,75.21180657413208,98.16841028304556,58.2925857989372,50.49330339598094,40.96105256877998,51.31214294378008
2026-09-28 06:00:00,11,12,2026-10-07 18:00:00,9 days 12:00:00,228,16.13,153.35,923.5,130.7,16.235072514740388,315.29422045979334,283.9588340997637,272.05844625501663,297.6248766410108,152.85452825267163,140.20509143850018,124.44212484749148,140.04588628359,89.12054532257014,82.15786168000055,70.73860268149174,80.82334210141377
2026-09-28 06:00:00,11,12,2026-10-08 00:00:00,9 days 18:00:00,234,16.47,152.3,919.5,134.3,4.221126286868014,238.36257660330196,202.5121401816582,202.09655763010915,225.7455543862277,109.01349905320284,98.31423033090846,86.69230866850029,100.81904246019116,63.26795503612172,57.833949448091005,49.53468000060192,57.04281679427925
2026-09-28 06:00:00,11,12,2026-10-08 06:00:00,10 days 00:00:00,240,17.16,151.05,928.0,127.8,1.7672759619223657,293.9613308549078,264.4172190825491,221.23569883774556,264.7832027171396,135.67303797558202,121.89491107935127,98.63534185332036,120.30760885496068,76.8837574223372,68.23054451791643,57.16514168440105,68.56879851468454
2026-09-28 06:00:00,11,12,2026-10-08 12:00:00,10 days 06:00:00,246,17.58,149.93,924.9,122.9,43.77828618516443,497.3545403015768,464.7894051828613,416.9275996266248,443.0181403292802,45.27726604601087,40.88031088653396,28.889659036220312,41.64071274594454,43.77828618516443,21.70570806929092,17.118291143706895,22.51881905714781
2026-09-28 06:00:00,11,12,2026-10-08 18:00:00,10 days 12:00:00,252,18.23,149.1,923.5,129.3,41.81010453004289,347.3102637900588,320.9279045832419,272.73358056682434,299.6089603487857,191.05824113671235,179.41755285295312,153.46818894234605,170.79633114074352,107.91305443616724,101.83425958711832,85.64528267128483,96.08505565869316
2026-09-28 06:00:00,11,12,2026-10-09 00:00:00,10 days 18:00:00,258,19.08,147.99,929.6,123.6,40.8441492206284,349.3040609830356,314.93859814998814,275.4408931117779,318.1159762253966,197.62856815615737,184.7201778627132,156.98728537222024,179.34992588679313,112.0900422136306,104.51130871165572,86.82383190489134,99.52765094992498
2026-09-28 06:00:00,11,12,2026-10-09 06:00:00,11 days 00:00:00,264,19.72,146.41,938.5,119.9,7.960557503262436,365.4097760881077,330.4914452056221,274.57830311575503,322.12534009388287,205.51997676839608,185.54288563421076,154.92377563273067,179.5710901295297,112.84328419882456,104.29438018055896,88.21358485957103,100.20512195898648
2026-09-28 06:00:00,11,12,2026-10-09 12:00:00,11 days 06:00:00,270,20.6,145.75,936.9,118.6,31.10789081374236,288.86619217538737,250.1843614739041,213.09986180278383,264.0860068768957,146.54617467118965,131.25209979391866,108.91022268091332,128.4231854427419,77.95270234529448,71.95880841016401,59.11501272703202,69.10821729629777
2026-09-28 06:00:00,11,12,2026-10-09 18:00:00,11 days 12:00:00,276,21.22,144.61,939.0,115.1,17.7770958448512,311.2104301880015,280.1680386926279,261.7271631737955,294.92702731727627,180.63126155683975,163.12316261411428,142.7295793738682,164.60212370055012,99.9508049797451,91.79093445690388,75.55981517050093,87.75549902291496
2026-09-28 06:00:00,11,12,2026-10-10 00:00:00,11 days 18:00:00,282,21.58,143.32,944.9,106.0,31.867575461125853,322.2857171675714,291.93983674368974,250.1566520307024,291.7437030181227,187.8363351180451,173.4025659826566,148.08105994789366,166.61135682191707,103.06326812117868,96.42959722662908,81.3588394981416,92.26363668104112
2026-09-28 06:00:00,11,12,2026-10-10 06:00:00,12 days 00:00:00,288,22.19,142.72,940.5,105.6,36.26327253155194,355.12935473172524,321.128659175693,286.60532020417685,315.2465080641188,179.53226267791072,161.4739237589722,136.35097685047973,161.41922991547565,98.17318635028089,89.55417374328559,73.52868499537904,86.03633337413928
2026-09-28 06:00:00,11,12,2026-10-10 12:00:00,12 days 06:00:00,294,22.72,141.79,941.1,104.7,47.37882124567941,313.08802673795776,285.45324032949725,254.85099709209777,276.08228116507405,177.16866794547292,160.80078957320686,139.60561059342365,159.3386260747831,98.2452742937481,90.08669921027888,74.3609672670414,85.7791920618313
2026-09-28 06:00:00,11,12,2026-10-10 18:00:00,12 days 12:00:00,300,23.52,140.93,932.2,110.4,50.25107704261429,414.01423914780605,390.8770816348159,335.86787996182466,377.4936657128232,187.02510398371112,171.68764108636327,146.5549336843427,164.42135703902613,101.42287902392631,95.79838103406036,79.70303457880502,89.26474457920185
2026-09-28 06:00:00,11,12,2026-10-11 00:00:00,12 days 18:00:00,306,24.29,140.51,942.1,100.2,54.89342157699582,286.2651290143458,282.4553769234917,243.01264249591804,257.8128663114676,169.19435021248955,157.39370738960406,135.9619731110511,152.22064495032873,93.60140158674676,87.85672393398022,72.77093969147404,80.7970164895662
2026-09-28 06:00:00,11,12,2026-10-11 06:00:00,13 days 00:00:00,312,25.47,140.29,938.8,104.6,62.27034525389018,383.36518882214216,385.3400118934284,306.43298422070166,328.4121921136473,225.42712560749757,218.06641781913552,182.5052345390312,198.4191480494904,124.99199273715612,120.22587333615238,100.33803155182753,109.07522092081126
2026-09-28 06:00:00,11,12,2026-10-11 12:00:00,13 days 06:00:00,318,26.19,140.35,947.0,96.3,61.00430424345461,373.2771312785178,372.0153269768948,321.1227563566681,324.06306850143244,149.6944573084262,147.25822523832645,125.48629332715312,133.99507020654698,81.94578133217007,79.32863192033415,66.93153994337925,71.33698776771226
2026-09-28 06:00:00,11,12,2026-10-11 18:00:00,13 days 12:00:00,324,27.67,140.57,946.8,96.1,61.341960957623776,328.69164354476,343.3753012358092,285.59790125422063,283.2651239500335,177.51479312004892,182.2543093476173,153.35092889813595,156.94003261640933,99.95825593435632,98.02465438943725,82.86031312189138,87.06211407228294
2026-09-28 06:00:00,11,12,2026-10-12 00:00:00,13 days 18:00:00,330,28.31,141.46,964.5,77.3,122.0843152239798,306.14245272768534,342.04367817352664,266.3803945096712,240.67399717456271,117.20878270024994,126.72930357721398,105.600964930219,101.04695588632684,64.51817031944782,122.0843152239798,56.50125396834808,56.11804579267954
2026-09-28 06:00:00,11,12,2026-10-12 06:00:00,14 days 00:00:00,336,29.69,142.53,955.9,76.5,55.998690768096,275.0908640794538,316.19675801579297,248.8534886188903,208.7081749899953,145.94426194064386,158.93765234527336,130.0282063056924,128.03670783688193,82.71811035540517,82.78349233715042,69.8882070687061,71.16289178096775
2026-09-28 06:00:00,11,12,2026-10-12 12:00:00,14 days 06:00:00,342,31.33,144.01,956.5,86.4,88.23234253001698,479.8407135644256,503.9196869739525,428.5889629159069,412.69482970813806,200.48966622251947,211.5581935394276,178.44954479546584,178.05313337920694,111.17060393630187,111.52490567531086,93.59574809328636,96.82481941817096
2026-09-28 06:00:00,11,12,2026-10-12 18:00:00,14 days 12:00:00,348,33.48,145.98,965.5,68.1,60.37639994824912,492.59001961288135,498.5768823240029,399.5983858598422,411.5588343592901,217.9111865372282,217.54415853141867,175.79633984207155,187.9478844254332,114.79633106620136,111.05373502456293,92.10977967805871,99.36035527138004
2026-09-28 06:00:00,11,12,2026-10-13 00:00:00,14 days 18:00:00,354,35.92,147.45,956.2,66.7,133.0671363997467,663.9871632367394,689.3870734157172,581.1069248676467,559.2263078514516,272.0319426631286,279.02760674754427,230.54730658901008,232.1462999329351,133.0671363997467,67.36497031248791,56.73856046270089,60.24767969628897
2026-09-28 06:00:00,11,12,2026-10-13 06:00:00,15 days 00:00:00,360,38.28,149.11,957.7,67.5,111.35116176541908,443.0310451431748,467.95136399170906,385.4696656367335,363.9824182530479,195.3158242708356,199.4973569792301,163.14665600330898,164.21052630828535,111.35116176541908,0.0,0.1815857714472555,0.3556341512242564
2026-09-28 06:00:00,3,12,2026-09-29 00:00:00,0 days 18:00:00,18,16.62,153.69,1012.1,16.1,86.9940649740177,0.0,0.0,0.0,0.0,0.0,0.0,0.0,0.0,0.0,0.0,0.0,0.0
2026-09-28 06:00:00,3,12,2026-09-29 06:00:00,1 days 00:00:00,24,16.01,154.98,1007.9,20.0,73.20853166863674,0.0,0.0,0.0,0.0,0.0,0.0,0.0,0.0,0.0,0.0,0.0,0.0
2026-09-28 06:00:00,3,12,2026-09-29 12:00:00,1 days 06:00:00,30,16.06,154.0,1004.6,20.9,78.56111016600829,0.0,0.0,0.0,0.0,0.0,0.0,0.0,0.0,0.0,0.0,0.0,0.0
2026-09-28 06:00:00,3,12,2026-09-29 18:00:00,1 days 12:00:00,36,16.07,152.53,1000.6,26.1,84.00152782660284,0.0,0.0,0.0,0.0,0.0,0.0,0.0,0.0,0.0,0.0,0.0,0.0
2026-09-28 06:00:00,3,12,2026-09-30 00:00:00,1 days 18:00:00,42,16.27,150.53,1001.7,23.5,50.14700371708313,0.0,0.0,0.0,0.0,0.0,0.0,0.0,0.0,0.0,0.0,0.0,0.0
2026-09-28 06:00:00,3,12,2026-09-30 06:00:00,2 days 00:00:00,48,16.48,150.26,1006.5,24.8,138.7231816628643,0.0,0.0,0.0,0.0,0.0,0.0,0.0,0.0,0.0,0.0,0.0,0.0
2026-09-28 06:00:00,3,12,2026-09-30 12:00:00,2 days 06:00:00,54,16.78,148.94,1003.2,29.8,115.89641444364118,0.0,0.0,0.0,0.0,0.0,0.0,0.0,0.0,0.0,0.0,0.0,0.0
2026-09-28 06:00:00,3,12,2026-09-30 18:00:00,2 days 12:00:00,60,16.83,147.79,998.7,41.8,62.651972047421054,75.25974047601284,56.39452125114229,49.10123392376741,62.3046523297952,0.0,0.0,0.0,0.0,0.0,0.0,0.0,0.0
2026-09-28 06:00:00,3,12,2026-10-01 00:00:00,2 days 18:00:00,66,16.54,146.5,998.9,37.4,80.73926085171686,80.73926085171686,67.66835494560112,59.46079269294929,68.71853005635803,0.0,0.0,0.0,0.0,0.0,0.0,0.0,0.0
2026-09-28 06:00:00,3,12,2026-10-01 06:00:00,3 days 00:00:00,72,16.79,145.44,995.3,47.6,80.99080479038395,148.54425553118182,139.90211310959762,120.09124077247924,136.7364708300494,0.0,0.0,0.0,0.0,0.0,0.0,0.0,0.0
2026-09-28 06:00:00,3,12,2026-10-01 12:00:00,3 days 06:00:00,78,16.61,145.03,988.5,49.6,40.10885268963801,100.00658511953787,92.73205848587156,94.64976339115476,99.33377547200234,0.0,0.0,0.0,0.0,0.0,0.0,0.0,0.0
2026-09-28 06:00:00,3,12,2026-10-01 18:00:00,3 days 12:00:00,84,16.57,143.91,983.6,68.6,23.84753721541104,163.1357153750358,132.8306322996265,121.41607593695748,156.057315629999,81.46391581100642,69.31568115427015,52.42672627648215,72.07613467242946,38.30894186256901,32.21102461771115,24.323565807183147,32.202333539728
2026-09-28 06:00:00,3,12,2026-10-02 00:00:00,3 days 18:00:00,90,17.01,143.18,971.4,78.1,40.58474928213072,356.82347513574507,316.9028168619575,263.3451474624204,302.87086693441097,97.30182554369144,84.2624803837469,65.17163940798528,79.69261843016301,45.15864514290436,39.75415647605406,31.235755598019622,38.60704584648754
2026-09-28 06:00:00,3,12,2026-10-02 06:00:00,4 days 00:00:00,96,17.4,142.67,982.2,63.9,36.93487453936661,238.60898402784647,213.3813002386908,165.85448962498617,203.38620620515647,115.90332332526629,104.36612567660468,80.21697895489028,94.2473689056329,0.0,0.0,0.0,0.0
2026-09-28 06:00:00,3,12,2026-10-02 12:00:00,4 days 06:00:00,102,17.68,142.1,957.0,94.1,14.026253266520438,205.708385856884,164.38666086497096,140.90678978563284,185.5524889067635,88.94778077747992,76.0371728029009,59.80651439191321,75.82864076006382,42.529610579173365,37.37301271194359,29.382780582982036,35.80364519417863
2026-09-28 06:00:00,3,12,2026-10-02 18:00:00,4 days 12:00:00,108,17.93,141.96,972.2,76.8,52.26323249409462,297.1042483805793,266.2059332847611,214.98880294399996,245.79850566228373,154.69311790927185,141.0824060584738,114.19854818192016,133.0066214037483,78.42753898280876,72.14487511078447,58.40822959938135,66.87400615650279
2026-09-28 06:00:00,3,12,2026-10-03 00:00:00,4 days 18:00:00,114,18.04,141.62,964.6,84.9,30.136395521300702,320.2980585271283,292.13208481989426,264.109244499892,288.6841701056221,185.01572196694156,173.78002936884198,148.11876070765302,163.66635880655764,97.57124588307724,92.91896240224489,78.71867792492732,85.65613007167968
2026-09-28 06:00:00,3,12,2026-10-03 06:00:00,5 days 00:00:00,120,18.37,141.71,958.3,98.4,31.99108098430128,234.9829602783375,249.52768762225537,212.50075563292057,196.56699790212224,111.32350916153791,110.53605368576018,91.4523191472898,92.07527417874678,56.933885796115874,56.01558899960605,47.13786133927874,49.71444589197131
2026-09-28 06:00:00,3,12,2026-10-03 12:00:00,5 days 06:00:00,126,18.72,142.01,930.4,119.8,1.4072232749576088,300.819221715304,316.17190259321,293.4116149113509,258.2449831914673,22.476081317188257,32.24047264688031,25.76884407857317,18.984630355981583,14.335591610635978,15.110003656257591,12.700572925368808,10.72086615854156
2026-09-28 06:00:00,3,12,2026-10-03 18:00:00,5 days 12:00:00,132,19.23,141.92,926.6,124.2,32.40227536582914,354.01472983037866,348.6452093525953,301.28069897497403,304.8848213973941,32.40227536582914,0.0,0.0,0.0,32.40227536582914,0.0,0.0,0.0
2026-09-28 06:00:00,3,12,2026-10-04 00:00:00,5 days 18:00:00,138,19.8,141.5,934.2,119.4,6.079092452647277,322.1032763867464,302.9867889816576,259.5327105212453,291.1082496769842,150.86764837773782,142.19978163417977,120.72884351487392,133.7968865054229,82.05043351153998,77.30265948912594,64.97532370064297,71.36902503633388
2026-09-28 06:00:00,3,12,2026-10-04 06:00:00,6 days 00:00:00,144,20.22,141.67,922.6,128.6,42.12734725460541,394.2055131025186,414.97850875182303,361.02779989485,340.5623183203465,137.8197405611986,142.53151466872964,120.76980625050192,122.06185739782164,79.48113310989959,79.61731643392454,67.03982460730458,69.616608263373
2026-09-28 06:00:00,3,12,2026-10-04 12:00:00,6 days 06:00:00,150,20.74,141.42,923.5,130.1,33.35138891652974,352.2577440317209,331.0688568424099,292.3789396149234,310.12437076039333,199.03523384482335,185.37321734909156,158.34003781405195,179.87456557653104,111.73323862513335,105.74089254994868,88.68247189452632,98.5088866983255
2026-09-28 06:00:00,3,12,2026-10-04 18:00:00,6 days 12:00:00,156,21.24,141.13,916.1,142.1,25.32700909504159,283.81385819445995,290.7059034233788,268.9663488506744,273.04226952725685,168.7567718916863,168.95903773177398,145.74711607944172,153.4735385659183,98.47195120928552,96.25993534517973,82.25610569941168,87.42504858397979
2026-09-28 06:00:00,3,12,2026-10-05 00:00:00,6 days 18:00:00,162,21.86,141.39,919.8,130.4,30.2070998831946,321.2331114936753,332.8024609159716,278.0696815296344,263.9488377640509,30.2070998831946,4.007715649743622,0.0,0.1170884772607836,30.2070998831946,0.7105462787041956,0.0,0.0
2026-09-28 06:00:00,3,12,2026-10-05 06:00:00,7 days 00:00:00,168,22.88,141.45,912.7,132.8,25.08674568137002,389.1550184136554,400.70215267213007,334.18834576671225,346.33309815209714,166.3562550692916,165.23246006893692,137.1623212384177,145.82619725031464,92.7826942645978,90.16193317865702,75.48807205364653,80.55196831327214
2026-09-28 06:00:00,3,12,2026-10-05 12:00:00,7 days 06:00:00,174,23.55,141.27,915.9,135.3,0.0,258.1699253832362,279.75994689868605,235.58989312701857,223.55482616400525,78.0799851802412,79.29937648570129,63.22759669163151,65.10447729941401,41.25747986247908,39.90954799191724,33.78756843975951,34.14379569910135
2026-09-28 06:00:00,3,12,2026-10-05 18:00:00,7 days 12:00:00,180,25.09,141.48,925.0,124.0,12.1253125544185,384.690399314001,442.35860861708056,355.4440131961991,332.60552999970537,235.77861068928704,241.34257305194217,199.8351126338913,201.4894272792306,129.4806115105832,128.0088440834501,107.5495782177542,112.10197980177416
2026-09-28 06:00:00,3,12,2026-10-06 00:00:00,7 days 18:00:00,186,26.1,141.44,949.7,97.4,14.88604162242509,289.41945385233487,317.76593184841903,240.7114945553005,231.182572086201,162.09966481944747,162.42319610172592,126.26354288866824,134.03790855504295,85.72353534528003,82.70562064062186,67.69634420450603,71.89072997515989
2026-09-28 06:00:00,3,12,2026-10-06 06:00:00,8 days 00:00:00,192,28.45,141.8,935.1,109.7,20.45638911431741,296.8643414191091,340.1687387763995,269.905213118408,234.3276527327534,171.82635705867236,179.26919920961168,149.87154830045478,145.90685336866923,96.38001448648508,96.2565063021616,81.44332381586813,83.99483301261387
2026-09-28 06:00:00,3,12,2026-10-06 12:00:00,8 days 06:00:00,198,30.19,142.15,940.6,103.0,0.0,176.391857826116,242.556248624428,169.9380540726418,119.4400255383242,69.89088112736938,85.16070838078481,60.72753511342601,53.063634345500446,37.291534870271455,39.24304615517183,32.43191881368811,30.705723215279622
2026-09-28 06:00:00,3,12,2026-10-06 18:00:00,8 days 12:00:00,204,33.06,143.23,952.8,84.2,23.242962239062628,316.9774091853089,355.10443097013655,279.5152111724145,230.64967513990592,168.64825914422784,178.81518291214655,148.401906200722,144.07315595181888,91.96086951050748,91.2918103972444,75.48333294540039,78.37869896399121
2026-09-28 06:00:00,3,12,2026-10-07 00:00:00,8 days 18:00:00,210,36.15,144.41,957.1,81.6,60.096517558404685,281.082842309274,321.6383469598127,264.44412835408184,225.46358802592815,22.499625020294324,60.096517558404685,28.639170685010768,15.818437282499126,1.9728720987966604,60.096517558404685,3.0650784989628037,0.7138087988656601
2026-09-28 06:00:00,3,12,2026-10-07 06:00:00,9 days 00:00:00,216,40.49,147.95,961.6,70.0,136.99510228903122,550.5894827118285,613.0476009112492,536.0526283810041,467.37248132632186,222.0660679785992,234.72106508589772,195.9308972203289,189.14825011992144,46.94534559840651,136.99510228903122,39.87005610707404,40.56370140295314
2026-09-28 06:00:00,3,12,2026-10-07 12:00:00,9 days 06:00:00,222,44.93,153.24,971.4,54.8,114.6578468986064,251.5989136089004,300.37914035087624,251.59524303317403,209.2445315593045,1.295696977964127,114.6578468986064,5.784766617839466,0.0,0.0,0.0,0.0,0.0
2026-09-28 06:00:00,3,12,2026-10-07 18:00:00,9 days 12:00:00,228,48.09,159.52,978.8,48.3,165.03600049029976,0.0,165.03600049029976,21.37984878014177,0.0,0.0,0.0,0.0,0.0,0.0,0.0,0.0,0.0
2026-09-28 06:00:00,3,12,2026-10-08 00:00:00,9 days 18:00:00,234,52.93,167.9,977.1,44.7,184.34351234706992,0.0,8.451137159486336,184.34351234706992,0.0,0.0,0.0,0.0,0.0,0.0,0.0,0.0,0.0
2026-09-28 06:00:00,3,12,2026-10-08 06:00:00,10 days 00:00:00,240,56.68,176.79,958.9,51.9,51.67775028495015,44.17083604434512,75.08220950541721,89.73420235683801,59.90894289712415,3.0542135250182767,4.9012227724268165,51.67775028495015,5.469943241019244,0.0,0.0,0.0,0.0
2026-09-28 06:00:00,AL062026,12,2026-09-28 06:00:00,0 days 00:00:00,0,28.3,-43.8,1012.0,25.0,56.0,0.0,0.0,0.0,0.0,0.0,0.0,0.0,0.0,0.0,0.0,0.0,0.0
2026-09-28 06:00:00,AL062026,12,2026-09-28 12:00:00,0 days 06:00:00,6,28.39,-44.89,1013.1,27.0,109.8821421718876,0.0,0.0,0.0,0.0,0.0,0.0,0.0,0.0,0.0,0.0,0.0,0.0
2026-09-28 06:00:00,AL062026,12,2026-09-28 18:00:00,0 days 12:00:00,12,26.85,-45.12,1011.2,25.0,95.26208608058803,0.0,0.0,0.0,0.0,0.0,0.0,0.0,0.0,0.0,0.0,0.0,0.0
2026-09-28 06:00:00,AL062026,12,2026-09-29 00:00:00,0 days 18:00:00,18,26.08,-45.73,1008.9,32.5,82.30906385754054,0.0,0.0,0.0,0.0,0.0,0.0,0.0,0.0,0.0,0.0,0.0,0.0
2026-09-28 06:00:00,AL062026,12,2026-09-29 06:00:00,1 days 00:00:00,24,25.34,-46.44,1008.8,27.4,53.5931887905968,0.0,0.0,0.0,0.0,0.0,0.0,0.0,0.0,0.0,0.0,0.0,0.0
2026-09-28 06:00:00,AL062026,12,2026-09-29 12:00:00,1 days 06:00:00,30,24.79,-48.09,1008.8,32.4,66.39616040604025,0.0,0.0,0.0,0.0,0.0,0.0,0.0,0.0,0.0,0.0,0.0,0.0
2026-09-28 06:00:00,AL062026,12,2026-09-29 18:00:00,1 days 12:00:00,36,24.26,-49.23,1009.7,29.6,87.7002608219438,0.0,0.0,0.0,0.0,0.0,0.0,0.0,0.0,0.0,0.0,0.0,0.0
2026-09-28 06:00:00,AL062026,12,2026-09-30 00:00:00,1 days 18:00:00,42,23.73,-50.34,1006.8,30.5,68.36582213512753,0.0,0.0,0.0,0.0,0.0,0.0,0.0,0.0,0.0,0.0,0.0,0.0
2026-09-28 06:00:00,AL062026,12,2026-09-30 06:00:00,2 days 00:00:00,48,23.51,-51.73,1013.1,21.2,121.52969301775872,0.0,0.0,0.0,0.0,0.0,0.0,0.0,0.0,0.0,0.0,0.0,0.0
2026-09-28 06:00:00,AL062026,12,2026-09-30 12:00:00,2 days 06:00:00,54,23.4,-53.88,1011.1,20.4,141.4380628203453,0.0,0.0,0.0,0.0,0.0,0.0,0.0,0.0,0.0,0.0,0.0,0.0
2026-09-28 06:00:00,AL062026,12,2026-09-30 18:00:00,2 days 12:00:00,60,22.9,-54.09,1012.0,21.6,161.1090659032712,0.0,0.0,0.0,0.0,0.0,0.0,0.0,0.0,0.0,0.0,0.0,0.0
2026-09-28 06:00:00,AL912026(2),12,2026-09-28 06:00:00,0 days 00:00:00,0,36.3,-53.1,1013.0,29.0,148.0,0.0,0.0,0.0,0.0,0.0,0.0,0.0,0.0,0.0,0.0,0.0,0.0
2026-09-28 06:00:00,AL912026(2),12,2026-09-28 12:00:00,0 days 06:00:00,6,36.49,-50.99,1003.5,47.0,57.957477945752544,7.561888003986269,57.957477945752544,1.1634417969839888,0.0,0.0,0.0,0.0,0.0,0.0,0.0,0.0,0.0
2026-09-28 06:00:00,AL912026(2),12,2026-09-28 18:00:00,0 days 12:00:00,12,36.32,-49.58,1006.0,35.2,119.45127922977,0.0,119.45127922977,0.0,0.0,0.0,0.0,0.0,0.0,0.0,0.0,0.0,0.0
2026-09-28 06:00:00,AL912026(2),12,2026-09-29 00:00:00,0 days 18:00:00,18,35.7,-47.58,1006.6,32.8,87.08477403020314,0.0,0.0,0.0,0.0,0.0,0.0,0.0,0.0,0.0,0.0,0.0,0.0
2026-09-28 06:00:00,AL912026(2),12,2026-09-29 06:00:00,1 days 00:00:00,24,34.43,-47.0,1009.6,27.5,65.33216807614792,0.0,0.0,0.0,0.0,0.0,0.0,0.0,0.0,0.0,0.0,0.0,0.0
2026-09-28 06:00:00,AL912026(2),12,2026-09-29 12:00:00,1 days 06:00:00,30,34.13,-46.02,1006.2,31.8,75.8395650647235,0.0,0.0,0.0,0.0,0.0,0.0,0.0,0.0,0.0,0.0,0.0,0.0
2026-09-28 06:00:00,AL912026(2),12,2026-09-29 18:00:00,1 days 12:00:00,36,33.54,-44.79,1005.6,35.8,118.41602699147224,0.0,0.0,0.0,118.41602699147224,0.0,0.0,0.0,0.0,0.0,0.0,0.0,0.0
2026-09-28 06:00:00,AL912026(2),12,2026-09-30 00:00:00,1 days 18:00:00,42,32.77,-43.74,1004.5,36.5,53.98311858518579,3.064755390062203,1.7022604932483318,0.0,53.98311858518579,0.0,0.0,0.0,0.0,0.0,0.0,0.0,0.0
2026-09-28 06:00:00,AL912026(2),12,2026-09-30 06:00:00,2 days 00:00:00,48,32.85,-43.8,1009.2,29.1,131.16040396064045,0.0,0.0,0.0,0.0,0.0,0.0,0.0,0.0,0.0,0.0,0.0,0.0
2026-09-28 06:00:00,AL912026(2),12,2026-09-30 12:00:00,2 days 06:00:00,54,33.16,-43.24,1008.3,29.2,107.70399997456964,0.0,0.0,0.0,0.0,0.0,0.0,0.0,0.0,0.0,0.0,0.0,0.0
2026-09-28 06:00:00,AL912026(2),12,2026-09-30 18:00:00,2 days 12:00:00,60,33.46,-42.98,1008.2,27.0,124.49416538696585,0.0,0.0,0.0,0.0,0.0,0.0,0.0,0.0,0.0,0.0,0.0,0.0
2026-09-28 06:00:00,AL912026(2),12,2026-10-01 00:00:00,2 days 18:00:00,66,33.95,-42.51,1009.4,28.2,87.62138104266099,0.0,0.0,0.0,0.0,0.0,0.0,0.0,0.0,0.0,0.0,0.0,0.0
2026-09-28 06:00:00,AL912026(2),12,2026-10-01 06:00:00,3 days 00:00:00,72,34.42,-41.63,1009.9,29.4,89.58811602637174,0.0,0.0,0.0,0.0,0.0,0.0,0.0,0.0,0.0,0.0,0.0,0.0
2026-09-28 06:00:00,AL912026(2),12,2026-10-01 12:00:00,3 days 06:00:00,78,34.75,-40.77,1009.2,26.1,60.88911669239741,0.0,0.0,0.0,0.0,0.0,0.0,0.0,0.0,0.0,0.0,0.0,0.0
2026-09-28 06:00:00,AL912026(2),12,2026-10-01 18:00:00,3 days 12:00:00,84,35.16,-39.46,1009.7,34.7,52.72281653847207,52.72281653847207,8.354706629214554,0.4639969652673414,4.971567431906756,0.0,0.0,0.0,0.0,0.0,0.0,0.0,0.0
2026-09-28 06:00:00,AL912026(2),12,2026-10-02 00:00:00,3 days 18:00:00,90,35.68,-38.51,1006.1,37.0,77.27052993867734,0.0,0.0,77.27052993867734,0.0,0.0,0.0,0.0,0.0,0.0,0.0,0.0,0.0
2026-09-28 06:00:00,AL912026(2),12,2026-10-02 06:00:00,4 days 00:00:00,96,36.18,-36.98,1009.9,26.0,64.90845773579849,0.0,0.0,0.0,0.0,0.0,0.0,0.0,0.0,0.0,0.0,0.0,0.0
2026-09-28 06:00:00,AL912026(2),12,2026-10-02 12:00:00,4 days 06:00:00,102,36.81,-35.07,1010.2,30.6,101.65773254567604,0.0,0.0,0.0,0.0,0.0,0.0,0.0,0.0,0.0,0.0,0.0,0.0
2026-09-28 06:00:00,AL912026(2),12,2026-10-02 18:00:00,4 days 12:00:00,108,37.34,-34.25,1010.7,26.1,153.11778330791276,0.0,0.0,0.0,0.0,0.0,0.0,0.0,0.0,0.0,0.0,0.0,0.0
2026-09-28 06:00:00,EP152026(2),12,2026-09-28 06:00:00,0 days 00:00:00,0,16.4,-160.8,929.0,134.0,28.0,241.0,185.0,148.0,204.0,93.0,74.0,74.0,93.0,56.0,46.0,37.0,46.0
2026-09-28 06:00:00,EP152026(2),12,2026-09-28 12:00:00,0 days 06:00:00,6,16.87,-161.8,931.7,132.0,16.69049008171274,216.77638081421745,165.97407521025718,135.16970079677964,205.0712760685899,119.18223081022812,93.37870772954432,77.67629489905082,107.01200168330811,65.20241542030129,55.32938052157906,46.488438408736336,58.81158322402312
2026-09-28 06:00:00,EP152026(2),12,2026-09-28 18:00:00,0 days 12:00:00,12,17.3,-162.56,948.6,109.3,28.97555041439179,248.7385636525157,230.0045696198989,169.64029352165562,204.65008042666364,28.97555041439179,0.0688876428074944,0.0,3.995815371439511,28.97555041439179,0.0688876428074944,0.0,2.1723052349069567
2026-09-28 06:00:00,EP152026(2),12,2026-09-29 00:00:00,0 days 18:00:00,18,18.08,-163.28,949.1,106.6,20.860181832872687,147.7658743028973,111.96544685228464,52.22706076491569,106.47464964374018,52.7742177417439,30.692686916713,14.500090676317086,41.594681971903874,23.6811251749434,16.017407824331027,11.905245185689138,20.35561785386362
2026-09-28 06:00:00,EP152026(2),12,2026-09-29 06:00:00,1 days 00:00:00,24,19.12,-163.74,961.5,95.5,12.316886825792407,188.07908147919267,182.76231718467253,122.28364041841502,137.2593944624912,84.641851977781,81.43254534150353,54.88407455401328,70.57812296963422,44.286081667425,41.20109705359083,32.65554250656402,37.14384383602625
2026-09-28 06:00:00,EP152026(2),12,2026-09-29 12:00:00,1 days 06:00:00,30,20.22,-163.93,963.6,88.1,14.732904495221902,129.40273808218797,104.28371326774204,51.12676163591284,80.76827593099615,29.040299203019742,23.404535829243716,8.881754745615597,23.26649866203781,14.732904495221902,10.854585538320851,7.76790484674612,11.233497537431196
2026-09-28 06:00:00,EP152026(2),12,2026-09-29 18:00:00,1 days 12:00:00,36,21.79,-163.89,970.1,88.5,2.5852352621987507,196.53369387637812,206.14008815752368,125.09874093548945,145.4618630426259,110.72935942789708,110.93587852979547,80.42593653197713,86.57700639490551,56.96562937670143,54.75561274907429,45.090476089789846,48.42667919597156
2026-09-28 06:00:00,EP152026(2),12,2026-09-30 00:00:00,1 days 18:00:00,42,22.4,-164.03,975.6,71.1,17.046963964901593,174.5958893424009,146.0638027082017,92.88261181592472,132.5300273636975,81.5666639105392,69.58505792736106,52.689819329216064,62.507976170735134,17.046963964901593,0.0,0.0,0.723924828131572
2026-09-28 06:00:00,EP152026(2),12,2026-09-30 06:00:00,2 days 00:00:00,48,22.65,-164.31,983.5,62.6,125.78282754692944,233.91336736311533,220.9396007236547,202.03623178533215,205.0501869811196,168.41928775962782,164.07752533130562,140.79903856562575,143.17677873686335,0.0,0.0,0.0,0.0
2026-09-28 06:00:00,EP152026(2),12,2026-09-30 12:00:00,2 days 06:00:00,54,22.94,-164.48,987.5,60.2,113.84888546898722,204.9317842025357,190.23302520120944,168.4608415215807,182.2620815835325,113.84888546898722,53.23117116590561,43.13760677250272,46.39889101125894,0.0,0.0,0.0,0.0
2026-09-28 06:00:00,EP152026(2),12,2026-09-30 18:00:00,2 days 12:00:00,60,22.71,-164.55,987.2,46.2,123.62300569740714,123.62300569740714,33.19356967307402,28.981531667693183,34.576987875578666,0.0,0.0,0.0,0.0,0.0,0.0,0.0,0.0
2026-09-28 06:00:00,EP152026(2),12,2026-10-01 00:00:00,2 days 18:00:00,66,22.58,-164.83,990.9,48.0,79.10730664124304,103.20012620773868,76.21656994990946,66.61916151723487,82.61735080927363,0.0,0.0,0.0,0.0,0.0,0.0,0.0,0.0
2026-09-28 06:00:00,EP152026(2),12,2026-10-01 06:00:00,3 days 00:00:00,72,22.48,-165.25,988.0,58.0,57.494683926443685,180.61383176478847,167.9776219195952,137.28758022785226,169.72526869832484,1.90863907564234,1.1101072223160324,0.1794924999473965,57.494683926443685,0.0,0.0,0.0,0.0
2026-09-28 06:00:00,EP152026(2),12,2026-10-01 12:00:00,3 days 06:00:00,78,22.69,-165.86,992.9,48.6,65.79022256853335,189.2610529194544,161.0296594439435,138.40963085869566,170.15098589796844,0.0,0.0,0.0,0.0,0.0,0.0,0.0,0.0
2026-09-28 06:00:00,EP152026(2),12,2026-10-01 18:00:00,3 days 12:00:00,84,22.83,-166.69,990.0,51.2,79.51665324639444,143.1244720364178,127.52822045779924,105.36271225590733,127.94282928057514,1.90650584020341,1.0760676549212835,0.1462932511811772,79.51665324639444,0.0,0.0,0.0,0.0
2026-09-28 06:00:00,EP152026(2),12,2026-10-02 00:00:00,3 days 18:00:00,90,22.97,-167.2,989.9,56.3,67.75078903216415,152.29031162030486,122.76617388697623,105.02934498326826,120.18105833171228,67.75078903216415,0.0,0.0,0.0,0.0,0.0,0.0,0.0
2026-09-28 06:00:00,EP152026(2),12,2026-10-02 06:00:00,4 days 00:00:00,96,23.12,-167.55,987.7,56.0,77.79225066106235,221.694459266771,208.64999124658505,182.57852122706936,205.5675428479916,77.79225066106235,15.882275731215636,12.422599184461482,17.071922052917092,0.0,0.0,0.0,0.0
2026-09-28 06:00:00,EP152026(2),12,2026-10-02 12:00:00,4 days 06:00:00,102,23.17,-167.79,987.2,51.0,91.90213515360192,163.62778237820447,141.94953592747288,118.8380100957693,133.2666841537,91.90213515360192,0.0,0.0,0.4375264512213697,0.0,0.0,0.0,0.0
2026-09-28 06:00:00,EP152026(2),12,2026-10-02 18:00:00,4 days 12:00:00,108,23.36,-168.25,985.9,60.5,57.850943390623335,202.72594357535013,168.25901213144726,121.40113894225271,162.5989145887408,57.850943390623335,20.313342053517715,9.51847379950879,19.61080210899767,0.0,0.0,0.0,0.0
2026-09-28 06:00:00,EP152026(2),12,2026-10-03 00:00:00,4 days 18:00:00,114,23.37,-169.42,976.5,69.5,34.16943367617532,144.20744102364756,134.88275444573085,107.9180571280018,125.50735231133464,34.16943367617532,0.3804154373139088,0.1154366131710906,0.0,34.16943367617532,0.0,0.0,0.0
2026-09-28 06:00:00,EP152026(2),12,2026-10-03 06:00:00,5 days 00:00:00,120,23.59,-170.36,971.7,83.2,39.178612984925294,234.1216569947917,187.0680073314804,160.96147754155987,213.60899410264165,123.69795717335064,107.44660228654384,88.30244320913741,108.06610602288735,63.10165984903888,56.30040204492765,45.47660559188081,55.2393864324032
2026-09-28 06:00:00,EP152026(2),12,2026-10-03 12:00:00,5 days 06:00:00,126,23.74,-171.85,962.9,82.5,18.830898975425384,202.8518681511196,150.3974429555896,117.39891882948224,178.32154819793237,44.30371670206668,30.152735493544867,18.00358568496511,36.52692348471858,19.830982459617644,14.065304247985129,8.309285512396146,15.859033082221206
2026-09-28 06:00:00,EP152026(2),12,2026-10-03 18:00:00,5 days 12:00:00,132,23.71,-173.52,960.7,93.6,10.347101905526095,141.93385792335863,102.982473070088,90.51483980715592,141.4155284211737,43.83653433709525,28.807485952783946,20.20292568745773,40.302619515453,21.55006376237147,15.372411183106829,11.612565730769928,18.96451807790856
2026-09-28 06:00:00,EP152026(2),12,2026-10-04 00:00:00,5 days 18:00:00,138,23.95,-175.12,974.3,74.3,14.08364467049303,117.83723339613752,95.22353743963744,63.01495130318642,93.28448111781452,14.08364467049303,2.2243813855617347,0.0,14.08364467049303,0.4608714644439078,0.0,0.0,14.08364467049303
2026-09-28 06:00:00,EP152026(2),12,2026-10-04 06:00:00,6 days 00:00:00,144,24.46,-176.9,975.2,76.2,41.02985419152766,205.51606102649023,178.93913839469175,141.06653408107252,178.6911924663791,97.59811210936464,87.24921465177766,67.05056213720106,81.66721393189158,48.29157026939434,43.87618145645799,35.10598469936177,41.73003245152149
2026-09-28 06:00:00,EP152026(2),12,2026-10-04 12:00:00,6 days 06:00:00,150,25.04,-178.41,966.3,83.2,36.07868164327062,208.86895320090792,180.932292198191,134.5758874550124,170.21543858483903,36.07868164327062,18.540450880658756,8.722880618846771,21.64282886128504,36.07868164327062,7.756116453387669,3.846160475140248,9.21595496064818
2026-09-28 06:00:00,EP152026(2),12,2026-10-04 18:00:00,6 days 12:00:00,156,25.75,-179.92,974.5,75.1,22.1830114480598,187.73660264300088,164.5594504515675,105.71917355050778,150.81476774155362,55.119943273215085,45.42403928689998,27.20493347677251,42.157752837019416,23.31150166138437,19.314519806515374,12.152759774331386,18.92596795050551
2026-09-28 06:00:00,EP152026(2),12,2026-10-05 00:00:00,6 days 18:00:00,162,26.13,178.7,965.4,82.7,28.898298820788504,238.24767035175893,218.06343590659424,169.58667562638976,199.36437392689493,28.898298820788504,4.505773162463896,0.0,4.310589142203865,28.898298820788504,0.0,0.0,1.2278604272227955
2026-09-28 06:00:00,EP152026(2),12,2026-10-05 06:00:00,7 days 00:00:00,168,26.57,177.56,964.4,85.4,34.75568986425699,202.41986787479843,176.12802557685987,134.0957900613509,172.7041261512149,97.01352034832964,83.02727591428729,60.80418918441224,83.57667507561531,48.29546165844165,40.81689268146843,30.84169580755325,40.681185926002925
2026-09-28 06:00:00,EP152026(2),12,2026-10-05 12:00:00,7 days 06:00:00,174,26.65,176.7,954.9,104.2,14.038691750378604,207.6659750159044,174.36298880387517,159.52648059667283,189.6751821606099,1.0214218021500017,0.0,0.0,14.038691750378604,0.5572227416471589,0.0,0.0,14.038691750378604
2026-09-28 06:00:00,EP152026(2),12,2026-10-05 18:00:00,7 days 12:00:00,180,26.78,175.58,957.1,94.6,38.18544247774331,194.1432211438171,150.97493746743123,136.52705121246225,183.23939505742243,100.87791933187911,83.34618655761773,65.77519125988123,87.07128270062515,49.973223002553794,42.22761161654897,34.83134989316919,43.684117542489616
2026-09-28 06:00:00,EP152026(2),12,2026-10-06 00:00:00,7 days 18:00:00,186,26.69,174.54,981.9,70.8,38.51471008547675,193.90421784145823,155.86915172272802,132.00580885465547,159.78295031294775,38.51471008547675,14.580567617951486,7.546911115391113,17.43137960123755,38.51471008547675,4.5524260208391,2.588656354347804,7.321754754918565
2026-09-28 06:00:00,EP152026(2),12,2026-10-06 06:00:00,8 days 00:00:00,192,26.64,173.42,972.2,81.8,32.168413493871725,199.3798789700432,160.83409812445376,140.96562644049646,179.62197276554784,64.73861736878256,54.53987656241839,42.55169336271874,57.67527932629114,33.33384668639161,28.59969863746293,23.013829945398594,28.89971085642473
2026-09-28 06:00:00,EP152026(2),12,2026-10-06 12:00:00,8 days 06:00:00,198,26.23,172.16,965.9,80.1,36.17405473862655,182.04291894470848,148.73581771336018,124.96417712643516,171.77271140969816,3.8331111779334783,0.0,0.0009503616560824,36.17405473862655,0.5339298500325702,0.0,0.0009503616560824,36.17405473862655
2026-09-28 06:00:00,EP152026(2),12,2026-10-06 18:00:00,8 days 12:00:00,204,25.88,170.87,977.1,80.5,40.87842285659176,190.47680759529135,137.36852103359635,128.66526136149025,189.05005945231568,103.66289111801888,86.00188677657215,67.6416859006287,92.04960687959712,52.11250373129574,43.815374063123,35.75593027901569,45.36871870166041
2026-09-28 06:00:00,EP152026(2),12,2026-10-07 00:00:00,8 days 18:00:00,210,24.9,168.18,981.0,66.2,35.150449616690324,156.4217814081057,117.9967183714405,98.36344714972948,139.79645784536837,35.150449616690324,1.878607622183007,0.1933069170100645,35.150449616690324,2.0834307692572915,0.0,0.1933069170100645,35.150449616690324
2026-09-28 06:00:00,EP152026(2),12,2026-10-07 06:00:00,9 days 00:00:00,216,25.04,166.36,984.9,70.7,57.418997532426495,135.0186114164129,100.40198930935328,82.07109822320865,126.71884534204553,63.50548773132267,48.37092258992011,32.42597228445627,53.43236921003367,57.418997532426495,20.88898393831384,15.220506393743385,23.219887197300316
2026-09-28 06:00:00,EP152026(2),12,2026-10-07 12:00:00,9 days 06:00:00,222,24.8,164.34,991.5,57.3,74.1390813858063,221.31635716451285,189.1739371121022,158.35711201748413,195.9032074538564,74.1390813858063,31.411079134933445,25.912167883279203,33.32015364627553,0.0,0.0,0.0,0.0
2026-09-28 06:00:00,EP152026(2),12,2026-10-07 18:00:00,9 days 12:00:00,228,25.73,161.3,994.4,51.2,59.64822440353362,59.64822440353362,49.92512897702534,32.862206036190926,40.54794747807561,59.64822440353362,0.0,0.0,0.0,0.0,0.0,0.0,0.0
2026-09-28 06:00:00,EP152026(2),12,2026-10-08 00:00:00,9 days 18:00:00,234,26.23,159.51,999.3,40.9,80.1360964006841,119.3709112471364,95.52164167446348,82.13130315411229,100.75488602501753,0.0,0.0,0.0,0.0,0.0,0.0,0.0,0.0
2026-09-28 06:00:00,EP152026(2),12,2026-10-08 06:00:00,10 days 00:00:00,240,27.08,157.73,1003.0,35.9,66.85875475730431,66.85875475730431,5.255812710828188,0.0,8.678555965283262,0.0,0.0,0.0,0.0,0.0,0.0,0.0,0.0
2026-09-28 06:00:00,EP152026(2),12,2026-10-08 12:00:00,10 days 06:00:00,246,27.58,155.42,998.9,33.5,54.26706105098889,0.0,0.0,0.0,0.0,0.0,0.0,0.0,0.0,0.0,0.0,0.0,0.0
2026-09-28 06:00:00,EP152026(2),12,2026-10-08 18:00:00,10 days 12:00:00,252,28.19,154.05,998.7,44.2,64.15433987901861,130.12872460018048,92.29182667254884,77.5867098862287,110.14814136243773,0.0,0.0,0.0,0.0,0.0,0.0,0.0,0.0
2026-09-28 06:00:00,EP152026(2),12,2026-10-09 00:00:00,10 days 18:00:00,258,29.08,151.85,1005.9,26.7,80.34536840376484,0.0,0.0,0.0,0.0,0.0,0.0,0.0,0.0,0.0,0.0,0.0,0.0
2026-09-28 06:00:00,EP152026(2),12,2026-10-09 06:00:00,11 days 00:00:00,264,29.85,150.79,1004.7,31.6,56.725674429491775,0.0,0.0,0.0,0.0,0.0,0.0,0.0,0.0,0.0,0.0,0.0,0.0
2026-09-28 06:00:00,EP152026(2),12,2026-10-09 12:00:00,11 days 06:00:00,270,31.83,150.48,994.7,47.1,68.91265936867363,68.91265936867363,8.96774184001243,0.0,10.54321519861507,0.0,0.0,0.0,0.0,0.0,0.0,0.0,0.0
2026-09-28 06:00:00,EP152026(2),12,2026-10-09 18:00:00,11 days 12:00:00,276,33.36,151.04,991.5,47.2,38.58821844766698,209.741053577701,192.15758502104077,140.62103058964703,151.2205322049072,0.0,0.0,0.0,0.0,0.0,0.0,0.0,0.0
2026-09-28 06:00:00,EP152026(2),12,2026-10-10 00:00:00,11 days 18:00:00,282,34.79,152.08,999.0,48.1,40.078296312034695,177.42813485353076,166.36726528660097,113.9287132875296,129.2937934695068,0.0,0.0,0.0,0.0,0.0,0.0,0.0,0.0
2026-09-28 06:00:00,EP152026(2),12,2026-10-10 06:00:00,12 days 00:00:00,288,36.34,153.42,994.4,51.7,78.42850104686512,153.849697051458,155.92721374316795,108.541112426774,118.9207274780317,1.50251305109407,78.42850104686512,0.1898539610768175,0.0,0.0,0.0,0.0,0.0
2026-09-28 06:00:00,EP152026(2),12,2026-10-10 12:00:00,12 days 06:00:00,294,37.26,154.28,994.8,44.0,165.11132829861197,165.11132829861197,51.47918325275485,33.62597938669772,32.38885981416124,0.0,0.0,0.0,0.0,0.0,0.0,0.0,0.0
2026-09-28 06:00:00,EP152026(2),12,2026-10-10 18:00:00,12 days 12:00:00,300,38.04,155.5,995.3,44.4,136.6469420095427,136.6469420095427,0.0,0.0,0.0,0.0,0.0,0.0,0.0,0.0,0.0,0.0,0.0
2026-09-28 06:00:00,EP152026(2),12,2026-10-11 00:00:00,12 days 18:00:00,306,39.06,156.87,999.5,31.1,177.20178329986018,0.0,0.0,0.0,0.0,0.0,0.0,0.0,0.0,0.0,0.0,0.0,0.0
2026-09-28 06:00:00,EP152026(2),12,2026-10-11 06:00:00,13 days 00:00:00,312,40.66,157.65,1002.5,31.2,187.86727844695048,0.0,0.0,0.0,0.0,0.0,0.0,0.0,0.0,0.0,0.0,0.0,0.0
2026-09-28 06:00:00,EP152026(2),12,2026-10-11 12:00:00,13 days 06:00:00,318,42.71,159.9,999.6,32.2,205.86839353290543,0.0,0.0,0.0,0.0,0.0,0.0,0.0,0.0,0.0,0.0,0.0,0.0
2026-09-28 06:00:00,EP152026(2),12,2026-10-11 18:00:00,13 days 12:00:00,324,44.7,162.21,998.2,39.2,161.88344987827026,161.88344987827026,0.1203802552969506,0.0,0.0,0.0,0.0,0.0,0.0,0.0,0.0,0.0,0.0
2026-09-28 06:00:00,EP172026,12,2026-09-28 06:00:00,0 days 00:00:00,0,23.2,-114.0,955.0,105.0,28.0,167.0,148.0,148.0,148.0,102.0,93.0,83.0,83.0,65.0,65.0,65.0,65.0
2026-09-28 06:00:00,EP172026,12,2026-09-28 12:00:00,0 days 06:00:00,6,24.11,-113.9,955.3,101.6,42.75522878542978,176.78944146557504,185.63634538892435,132.15933415306637,125.32958910535596,90.46317621395752,87.87545779787472,68.97419037261085,71.04505107981973,49.95067684098765,47.77083085619064,41.47463206709211,44.32730333128001
2026-09-28 06:00:00,EP172026,12,2026-09-28 18:00:00,0 days 12:00:00,12,24.74,-113.55,958.0,95.7,19.682789310169937,146.8191222731947,196.6017010312737,150.0024008333931,122.71116759185142,88.13912888714569,94.989288918633,78.45128893319682,74.62296638768747,49.5583157023423,49.205971478222914,42.543134863047015,43.18060765485712
2026-09-28 06:00:00,EP172026,12,2026-09-29 00:00:00,0 days 18:00:00,18,25.85,-112.54,975.0,69.1,51.82571618633179,127.4981615630649,128.00533655588177,81.43117770169479,84.22274606725351,51.82571618633179,41.7353062216368,30.13844678519672,38.2259225539567,51.82571618633179,19.07331300345734,13.405029836604331,17.981142943873856
2026-09-28 06:00:00,EP172026,12,2026-09-29 06:00:00,1 days 00:00:00,24,26.11,-112.1,989.8,47.5,3.3858871228754808,100.254991925978,106.43904684505696,52.446983778520845,59.38329840075619,0.0,0.0,0.0,0.0,0.0,0.0,0.0,0.0
2026-09-28 06:00:00,EP172026,12,2026-09-29 12:00:00,1 days 06:00:00,30,27.81,-111.42,996.2,40.0,38.27101521902596,38.27101521902596,12.59366206196346,0.0,2.740011361707783,0.0,0.0,0.0,0.0,0.0,0.0,0.0,0.0
2026-09-28 06:00:00,EP182026,12,2026-09-28 06:00:00,0 days 00:00:00,0,13.2,-100.0,1001.0,41.0,93.0,222.0,185.0,148.0,222.0,0.0,0.0,0.0,0.0,0.0,0.0,0.0,0.0
2026-09-28 06:00:00,EP182026,12,2026-09-28 12:00:00,0 days 06:00:00,6,13.31,-100.72,997.4,52.9,62.5777395687168,165.26045469433905,143.54098958387715,113.6346621896015,147.1625479915017,62.5777395687168,39.14278908238589,30.98623379739973,35.43963515724538,0.0,0.0,0.0,0.0
2026-09-28 06:00:00,EP182026,12,2026-09-28 18:00:00,0 days 12:00:00,12,13.59,-101.6,997.5,52.3,106.78380279978592,206.491745423266,181.88509873984648,153.52643398515997,179.41477492629696,0.0,0.0,0.0,106.78380279978592,0.0,0.0,0.0,0.0
2026-09-28 06:00:00,EP182026,12,2026-09-29 00:00:00,0 days 18:00:00,18,14.18,-102.66,995.0,45.4,53.36276355625833,92.51972332973546,75.8577508388924,58.74598573319097,76.26559437094997,0.0,0.0,0.0,0.0,0.0,0.0,0.0,0.0
2026-09-28 06:00:00,EP182026,12,2026-09-29 06:00:00,1 days 00:00:00,24,14.79,-103.5,992.5,54.0,80.44559734235168,247.3013410829652,222.36131496046403,184.16245180470872,211.8459535960801,80.44559734235168,1.07152418898817,0.0,2.381016038612416,0.0,0.0,0.0,0.0
2026-09-28 06:00:00,EP182026,12,2026-09-29 12:00:00,1 days 06:00:00,30,15.02,-104.48,991.0,52.5,51.04093188508967,193.41182695714255,166.46648356876835,132.9267487948607,158.67853420915844,0.52538997236549,0.0,0.0,51.04093188508967,0.0,0.0,0.0,0.0
2026-09-28 06:00:00,EP182026,12,2026-09-29 18:00:00,1 days 12:00:00,36,15.77,-105.2,991.2,53.5,75.41384082976302,151.17851149000234,118.88044070832194,94.0803983453912,110.4613496028222,75.41384082976302,0.0,0.0,0.0,0.0,0.0,0.0,0.0
2026-09-28 06:00:00,EP182026,12,2026-09-30 00:00:00,1 days 18:00:00,42,16.56,-106.37,985.4,59.6,27.87769955431883,238.9448608625706,219.51378959489705,145.55345385286194,192.16717248986964,94.95937765346176,82.95828387829698,57.958225420962734,72.32055071308365,0.0,0.0,0.0,0.0
2026-09-28 06:00:00,EP182026,12,2026-09-30 06:00:00,2 days 00:00:00,48,17.54,-107.07,981.7,71.0,61.17797993257344,172.3868263756782,167.40977109315924,107.17322458572328,126.52195832254236,74.59117696695797,62.02728577878909,36.490085914448514,58.34309707753809,61.17797993257344,24.83165853317339,15.955135046684102,24.774412668272227
2026-09-28 06:00:00,EP182026,12,2026-09-30 12:00:00,2 days 06:00:00,54,17.96,-107.73,972.4,79.9,43.18520576453807,222.5767485460101,208.21971033597129,164.7886871604287,175.8148476955048,110.23686907741649,95.01717629415543,68.84605298085808,92.79257244276003,54.079918714380256,45.94531011932054,35.76502177635575,45.46658695851284
2026-09-28 06:00:00,EP182026,12,2026-09-30 18:00:00,2 days 12:00:00,60,18.52,-108.33,966.0,84.8,55.41618821834439,154.05531288295396,132.32598145706208,110.02984033743002,138.41594903073295,74.02655345988525,64.26221107406101,50.50882449020379,64.59468037687098,55.41618821834439,31.605741044959466,25.434669297750403,30.843045445616777
2026-09-28 06:00:00,EP182026,12,2026-10-01 00:00:00,2 days 18:00:00,66,19.04,-108.49,971.9,83.0,16.345062836531177,211.69612275580295,188.2591526004368,136.81136214641583,170.04010773871943,79.77426764492981,70.18039106805581,49.5142408017368,65.64537645541041,38.40478324492593,34.05519465268849,25.32885286010205,31.976564145351723
2026-09-28 06:00:00,EP182026,12,2026-10-01 06:00:00,3 days 00:00:00,72,19.62,-108.66,965.0,96.4,21.21871708339478,189.60870629709848,188.8333087095132,139.9095600743583,144.5047324566649,93.3830150442559,83.43605325464654,66.15688566908821,82.2261766572185,47.921585135898624,43.354362011689005,34.30419536067457,40.604969690514366
2026-09-28 06:00:00,EP182026,12,2026-10-01 12:00:00,3 days 06:00:00,78,19.75,-109.02,960.1,89.1,28.31214420351389,194.99516320807544,165.74057803601,136.89123809664724,179.7752245703333,85.59894779230655,72.8628328930667,58.90094675342115,74.40514764361019,42.04746641585124,36.86275883774556,31.09808838634165,36.456091665827074
2026-09-28 06:00:00,EP182026,12,2026-10-01 18:00:00,3 days 12:00:00,84,19.8,-109.18,959.0,102.6,28.6889175238016,200.77823964597283,178.6097703318849,156.32054172409585,196.4355141791284,123.263488216481,110.90365733159614,98.64298045468468,111.57474966173385,68.37652558371857,63.89375887327049,56.41397499835567,62.17555227979523
2026-09-28 06:00:00,EP182026,12,2026-10-02 00:00:00,3 days 18:00:00,90,20.05,-109.64,960.9,93.9,11.300157236021724,212.0520917714649,188.5180324961611,148.78393356596243,168.22659123088692,78.12706642301197,68.92531219179969,53.13928102464848,64.0267948043342,38.511920441338425,34.90526404660489,26.494580051555403,32.663009885082246
2026-09-28 06:00:00,EP182026,12,2026-10-02 06:00:00,4 days 00:00:00,96,20.07,-109.71,977.2,79.7,24.65492861957748,203.48061091597867,177.59159786212123,156.45523860803118,180.90672532065375,96.49114354022016,83.65380450298801,69.16824030970788,83.45138767961386,47.61286926493468,43.28987827014331,35.997686969915264,41.63751102140657
2026-09-28 06:00:00,EP182026,12,2026-10-02 12:00:00,4 days 06:00:00,102,20.2,-110.0,955.2,100.6,23.407372418647544,153.58319783808753,125.94171846124344,117.44579125949632,145.28115040926627,84.67275413989609,68.90618576733439,54.67590011622934,74.70569266247378,43.81208446225765,37.61027120719401,30.559800098072945,38.29511924130224
2026-09-28 06:00:00,EP182026,12,2026-10-02 18:00:00,4 days 12:00:00,108,19.97,-110.52,959.7,96.5,26.18182050776941,156.5160903722943,144.14460221928277,141.19409965991332,162.48208228323935,95.90105407320632,83.56922332247653,74.72626677610452,89.77445700215691,55.78782688332846,48.957311369314304,44.21444071888361,50.87989429688578
2026-09-28 06:00:00,EP182026,12,2026-10-03 00:00:00,4 days 18:00:00,114,19.9,-111.24,944.7,124.7,34.58155107107588,192.27705330594148,144.6697167133069,133.95209697381586,191.14120814320745,103.03625095612632,82.73871901210101,73.98396107615734,94.55857564645471,59.32360442631602,50.52775360813218,42.73614393142485,53.1167650766303
2026-09-28 06:00:00,EP182026,12,2026-10-03 06:00:00,5 days 00:00:00,120,19.8,-111.93,943.9,114.6,55.65326239955917,174.86917006119592,135.33949468984514,131.98945788611712,175.72173732112944,107.6021658101986,87.92344540539187,79.51008951789487,97.98702830782044,64.36588402382276,54.78904521133691,50.99264999243295,59.67385337465291
2026-09-28 06:00:00,EP182026,12,2026-10-03 12:00:00,5 days 06:00:00,126,19.94,-112.8,953.7,105.9,51.150789885237714,188.8132975646504,156.1868488606742,138.90169250736363,185.16593614942255,109.47780497338346,95.05754428409656,81.15140299334831,98.3880939725424,60.50573741414826,54.62474598698522,48.44844889822498,54.86999806148708
2026-09-28 06:00:00,EP182026,12,2026-10-03 18:00:00,5 days 12:00:00,132,19.94,-113.49,965.1,90.9,42.165956637345616,134.05286840359247,97.11813601305232,88.68744430258738,143.49756750181604,80.43125538176028,62.87430813858732,54.949574577170935,74.41281419579292,43.54340172936695,36.2207272131359,32.33372401239813,39.5274143439883
2026-09-28 06:00:00,EP182026,12,2026-10-04 00:00:00,5 days 18:00:00,138,19.78,-114.22,959.9,100.2,17.22439816560619,151.62119324544454,116.01650830684127,116.46931565410412,159.60868354063706,80.51497283154879,62.60569055357078,56.10164245829603,74.47098767577486,46.21887562323309,38.45929670477327,33.47660245513042,41.38726773101644
2026-09-28 06:00:00,EP182026,12,2026-10-04 06:00:00,6 days 00:00:00,144,19.81,-114.77,950.0,110.9,35.67733454086276,137.6019143872529,122.24174764419487,114.32621545411686,146.0971745953444,85.62409186977905,70.06921452908898,60.12663899075334,80.41251023036209,48.23019452501498,40.67634701442015,35.96185487952452,42.89508603719932
2026-09-28 06:00:00,EP182026,12,2026-10-04 12:00:00,6 days 06:00:00,150,19.67,-115.37,946.8,117.8,32.74886040977469,182.4496451156183,154.51613596820107,143.47039967394016,187.5040554668726,106.55449047829892,89.7884565021593,78.60015292863477,101.29775469554386,60.9848483765096,52.8202429206608,45.57026914064687,54.00562109243924
2026-09-28 06:00:00,EP182026,12,2026-10-04 18:00:00,6 days 12:00:00,156,19.97,-116.14,961.2,102.1,32.21221167839342,165.31057375879067,131.63448059599557,116.04543255601752,153.2218328609204,92.00699867721096,74.39997025583982,60.96240645986816,79.473703423377,47.30950953480294,40.9629509337157,34.63403184220758,42.48180581391625
2026-09-28 06:00:00,EP182026,12,2026-10-05 00:00:00,6 days 18:00:00,162,19.85,-116.33,958.4,101.0,34.633053306297654,128.40465397308208,102.63537188934288,97.52601442858656,146.21871344183387,69.20993717059707,57.49699641125608,51.696428015800905,66.60390685921334,39.61433628024963,34.418081255938375,31.2925682163266,35.48644102269904
2026-09-28 06:00:00,EP182026,12,2026-10-05 06:00:00,7 days 00:00:00,168,19.58,-116.83,960.7,98.8,39.94067311562535,116.62756322060554,93.772197673467,108.81237804813772,132.91369325423847,70.25594984658714,59.82308890185921,59.03622006574748,71.43310639814324,41.81526919467264,38.027143542648346,34.96507908407297,38.81549458473464
2026-09-28 06:00:00,EP182026,12,2026-10-05 12:00:00,7 days 06:00:00,174,19.56,-117.45,949.9,101.8,18.844018090469064,127.46300648495108,116.11113121467928,130.08614338920287,152.0602778295623,84.66513517219695,74.60120514356726,68.10683494513253,81.20241985140478,48.55144559715534,42.85493659717029,36.34347029849615,43.24243814119713
2026-09-28 06:00:00,EP182026,12,2026-10-05 18:00:00,7 days 12:00:00,180,19.78,-118.49,963.1,99.9,18.48654034721247,148.9384517115513,118.68918109328308,100.31984944260026,142.9807945656375,74.28616889150102,61.59784864380522,50.08940287410425,67.70635623503011,38.44306710271599,33.34321682700892,27.735445776164127,33.5234323158636
2026-09-28 06:00:00,EP182026,12,2026-10-06 00:00:00,7 days 18:00:00,186,19.8,-119.13,957.3,104.4,3.71511119080342,159.63067752360206,124.34780123855232,111.73343178609258,149.38743177180405,76.21925582962749,63.03630358206669,51.965765059620345,67.0739453986319,39.21213044034082,33.449066105843094,26.478289682590933,34.519441124028376
2026-09-28 06:00:00,EP182026,12,2026-10-06 06:00:00,8 days 00:00:00,192,20.1,-120.51,950.6,108.2,16.052129786306054,127.7771807198026,88.42575447231329,68.11488301085456,129.78499480098745,3.8991885811011553,0.0,0.0,16.052129786306054,1.6615806608193635,0.0,0.0,16.052129786306054
2026-09-28 06:00:00,EP182026,12,2026-10-06 12:00:00,8 days 06:00:00,198,19.99,-121.5,955.5,102.9,0.0,115.8491940637966,83.84369732069922,63.49244599221732,114.53113827855978,19.49927067742803,6.514159124946888,4.112027603495072,18.483132739102565,8.449152213865258,3.141043546709457,4.112027603495072,7.34563307721733
2026-09-28 06:00:00,EP182026,12,2026-10-06 18:00:00,8 days 12:00:00,204,20.06,-122.36,974.2,81.8,25.95866200765464,189.2363316295536,159.66258579327538,152.78168384821873,187.67569102577775,105.40570381727028,94.08556003815896,80.99842883577794,96.22624719190932,55.14628550927305,49.67068899153346,41.748697767020566,48.57511910349818
2026-09-28 06:00:00,EP182026,12,2026-10-07 00:00:00,8 days 18:00:00,210,20.27,-123.53,963.9,94.7,9.837486752027369,94.80256984842444,66.04015104400895,55.39879829397932,88.47675433006594,27.497143909401235,17.544609712535713,10.68491445837623,24.031158905605945,12.10055538851062,8.327295261023174,5.9499684462802565,9.771495227593268
2026-09-28 06:00:00,EP182026,12,2026-10-07 06:00:00,9 days 00:00:00,216,20.41,-124.78,967.1,102.1,16.05989859803151,215.7537126749089,151.86366673883867,130.27183327149714,201.5747800063591,118.3273017520478,98.54272242901608,81.33570365699461,105.9304769747664,62.10137207609103,54.3309752260318,44.6613603008135,55.04366826631667
2026-09-28 06:00:00,EP182026,12,2026-10-07 12:00:00,9 days 06:00:00,222,20.59,-126.01,968.7,92.5,12.035640348126869,111.19960740354516,89.31817477657579,67.07822642887292,100.11091073371044,12.035640348126869,4.679710928517151,0.0249583383463947,9.633068483960775,12.035640348126869,0.832564161254822,0.0,3.836603497797841
2026-09-28 06:00:00,EP182026,12,2026-10-07 18:00:00,9 days 12:00:00,228,20.47,-127.33,966.5,91.8,14.318652950638072,161.0099665991291,132.59129062522442,106.91758088833178,132.5144732247171,14.318652950638072,0.0,0.0,14.318652950638072,14.318652950638072,0.0,0.0,1.3890370414872173
2026-09-28 06:00:00,EP182026,12,2026-10-08 00:00:00,9 days 18:00:00,234,20.65,-128.19,974.8,83.0,24.367241149165025,159.5150080441682,130.7907017969349,100.8867711230944,146.2611441181828,81.67537785673582,65.13979527019032,48.51471330613126,70.06598708014225,40.55282673880505,32.610138504581776,25.599823664866797,34.784978691004724
2026-09-28 06:00:00,EP182026,12,2026-10-08 06:00:00,10 days 00:00:00,240,20.87,-129.17,980.1,80.0,22.848813090032436,165.6946748320666,131.22057977078265,108.102377808949,151.22328521797078,22.848813090032436,0.0,0.0,22.848813090032436,22.848813090032436,0.0,0.0,1.2920921551294766
2026-09-28 06:00:00,EP182026,12,2026-10-08 12:00:00,10 days 06:00:00,246,20.99,-129.87,981.9,69.1,45.83399708326584,263.4943030541535,235.2919544712833,196.7599081960266,234.46854511993163,45.83399708326584,0.0313136722225024,0.0,1.912130462974531,45.83399708326584,0.0,0.0,0.6795427956241
2026-09-28 06:00:00,EP182026,12,2026-10-08 18:00:00,10 days 12:00:00,252,21.18,-130.69,983.6,69.4,20.38508731486728,191.87725667092383,150.10417171430095,112.1512088027217,162.29830478089326,53.2905423144912,41.13285021566445,29.094325569915505,43.76505563193112,23.473850502534223,19.929843656719875,14.974456964971948,19.912720719748624
2026-09-28 06:00:00,EP182026,12,2026-10-09 00:00:00,10 days 18:00:00,258,21.57,-131.35,987.3,64.9,13.34209453532722,164.20544884902336,142.7736452504962,107.15306509088651,136.2321469063287,13.34209453532722,4.816536297569744,1.307814305002939,2.4523471065228115,13.34209453532722,0.1679564561601321,0.0,0.1696612956160723
2026-09-28 06:00:00,EP182026,12,2026-10-09 06:00:00,11 days 00:00:00,264,22.3,-132.05,998.3,46.7,60.35476829890254,205.50278887610668,183.47263056124476,151.3467299514361,184.36092125667795,0.0,0.0,0.0,0.0,0.0,0.0,0.0,0.0
2026-09-28 06:00:00,EP182026,12,2026-10-09 12:00:00,11 days 06:00:00,270,22.85,-132.59,996.6,49.7,68.37978006642352,206.24754007046857,180.27032138954337,131.58762369292913,176.7941183260937,0.0,0.0,0.0,0.0,0.0,0.0,0.0,0.0
2026-09-28 06:00:00,EP182026,12,2026-10-09 18:00:00,11 days 12:00:00,276,23.89,-132.9,996.3,44.1,55.41075473014905,155.6769116014936,119.55344605716402,88.77945776768894,113.75602684518722,0.0,0.0,0.0,0.0,0.0,0.0,0.0,0.0
2026-09-28 06:00:00,EP182026,12,2026-10-10 00:00:00,11 days 18:00:00,282,25.34,-133.64,993.3,42.5,21.279144518690806,34.082149585177206,16.491983247479965,0.0,15.408809860121806,0.0,0.0,0.0,0.0,0.0,0.0,0.0,0.0
2026-09-28 06:00:00,EP182026,12,2026-10-10 06:00:00,12 days 00:00:00,288,25.9,-133.42,998.5,42.7,91.79790654536345,91.79790654536345,42.64105420657321,30.471916855812054,46.54962182630867,0.0,0.0,0.0,0.0,0.0,0.0,0.0,0.0
2026-09-28 06:00:00,EP182026,12,2026-10-10 12:00:00,12 days 06:00:00,294,27.16,-133.83,1000.6,39.9,119.5866162167113,119.5866162167113,0.0,0.0,6.135897882115227,0.0,0.0,0.0,0.0,0.0,0.0,0.0,0.0
2026-09-28 06:00:00,EP182026,12,2026-10-10 18:00:00,12 days 12:00:00,300,28.77,-134.4,994.5,39.5,99.82935848744812,99.82935848744812,8.24531427260067,0.0,9.479595240424183,0.0,0.0,0.0,0.0,0.0,0.0,0.0,0.0
2026-09-28 06:00:00,EP182026,12,2026-10-11 00:00:00,12 days 18:00:00,306,29.92,-134.88,1001.5,37.3,115.96814086353824,115.96814086353824,0.0,0.0,8.039101190753641,0.0,0.0,0.0,0.0,0.0,0.0,0.0,0.0
2026-09-28 06:00:00,EP182026,12,2026-10-11 06:00:00,13 days 00:00:00,312,30.48,-134.98,999.7,34.4,138.27314718821785,138.27314718821785,0.0,0.0,0.0,0.0,0.0,0.0,0.0,0.0,0.0,0.0,0.0
2026-09-28 06:00:00,EP182026,12,2026-10-11 12:00:00,13 days 06:00:00,318,31.49,-135.02,1007.5,32.8,141.15336359366535,0.0,0.0,0.0,0.0,0.0,0.0,0.0,0.0,0.0,0.0,0.0,0.0
2026-09-28 06:00:00,EP182026,12,2026-10-11 18:00:00,13 days 12:00:00,324,31.43,-135.33,1004.9,30.7,83.4936311446869,0.0,0.0,0.0,0.0,0.0,0.0,0.0,0.0,0.0,0.0,0.0,0.0
2026-09-28 06:00:00,EP182026,12,2026-10-12 00:00:00,13 days 18:00:00,330,31.93,-134.93,1008.6,23.0,157.85971808485826,0.0,0.0,0.0,0.0,0.0,0.0,0.0,0.0,0.0,0.0,0.0,0.0
2026-09-28 06:00:00,EP182026,12,2026-10-12 06:00:00,14 days 00:00:00,336,32.6,-134.49,1010.4,21.9,144.30405689265007,0.0,0.0,0.0,0.0,0.0,0.0,0.0,0.0,0.0,0.0,0.0,0.0
2026-09-28 06:00:00,EP912026(3),12,2026-09-28 06:00:00,0 days 00:00:00,0,12.7,-136.6,1005.0,29.0,93.0,0.0,0.0,0.0,0.0,0.0,0.0,0.0,0.0,0.0,0.0,0.0,0.0
2026-09-28 06:00:00,WP252026,12,2026-09-28 06:00:00,0 days 00:00:00,0,27.5,131.6,954.0,99.0,9.0,148.0,158.0,148.0,121.0,,,,,,,,
2026-09-28 06:00:00,WP252026,12,2026-09-28 12:00:00,0 days 06:00:00,6,27.36,132.41,982.6,59.8,37.63950579858801,110.27941184179916,138.4024461862327,114.46540143898568,74.72410764279746,2.7663381466752157,37.63950579858801,5.567329344993751,0.0,0.0,0.0,0.0,0.0
2026-09-28 06:00:00,WP252026,12,2026-09-28 18:00:00,0 days 12:00:00,12,27.83,133.04,987.5,50.9,68.17111990802435,169.22949239709573,179.57423560009528,130.91477609108503,132.57313770193207,13.281145972011767,68.17111990802435,9.268228078906311,9.320295119897656,0.0,0.0,0.0,0.0
2026-09-28 06:00:00,WP252026,12,2026-09-29 00:00:00,0 days 18:00:00,18,28.76,133.83,991.6,48.2,43.17622002913684,150.8573315127257,152.43271592283267,114.36108876566338,125.525248134809,0.0,0.0,0.0,0.0,0.0,0.0,0.0,0.0
2026-09-28 06:00:00,WP252026,12,2026-09-29 06:00:00,1 days 00:00:00,24,29.04,134.89,995.0,41.7,35.724768932971074,131.05364775058024,125.28456834528922,92.37276186914904,99.56686585543358,0.0,0.0,0.0,0.0,0.0,0.0,0.0,0.0
2026-09-28 06:00:00,WP252026,12,2026-09-29 12:00:00,1 days 06:00:00,30,29.44,135.76,996.9,34.5,64.23139762615023,106.4267587847915,95.63993127431124,73.13825809898864,81.24716980586429,0.0,0.0,0.0,0.0,0.0,0.0,0.0,0.0
2026-09-28 06:00:00,WP252026,12,2026-09-29 18:00:00,1 days 12:00:00,36,30.27,136.83,995.7,37.3,97.8961050976316,102.7830987528035,88.60097250094178,77.35715409425795,80.28183900588104,0.0,0.0,0.0,0.0,0.0,0.0,0.0,0.0
2026-09-28 06:00:00,WP252026,12,2026-09-30 00:00:00,1 days 18:00:00,42,30.85,138.23,991.5,40.5,37.52965635504495,1.814898045729464,37.52965635504495,0.0,0.0,0.0,0.0,0.0,0.0,0.0,0.0,0.0,0.0
2026-09-28 06:00:00,WP252026,12,2026-09-30 06:00:00,2 days 00:00:00,48,31.58,139.24,998.8,34.7,137.65454007438936,137.65454007438936,9.126151174209514,0.0,0.0,0.0,0.0,0.0,0.0,0.0,0.0,0.0,0.0
2026-09-28 06:00:00,WP252026,12,2026-09-30 12:00:00,2 days 06:00:00,54,32.41,140.3,1003.8,35.9,112.013903874417,112.013903874417,8.562618427099663,0.0,0.0,0.0,0.0,0.0,0.0,0.0,0.0,0.0,0.0
2026-09-28 06:00:00,WP252026,12,2026-09-30 18:00:00,2 days 12:00:00,60,33.44,141.96,995.2,45.5,89.83474837922427,5.021841954464115,89.83474837922427,0.0,0.0,0.0,0.0,0.0,0.0,0.0,0.0,0.0,0.0
2026-09-28 06:00:00,WP252026,12,2026-10-01 00:00:00,2 days 18:00:00,66,34.31,143.61,994.0,48.2,86.50325153227908,109.25934572008248,107.0676743861058,63.61316620595508,72.56652231663932,0.0,0.0,0.0,0.0,0.0,0.0,0.0,0.0
2026-09-28 06:00:00,WP252026,12,2026-10-01 06:00:00,3 days 00:00:00,72,35.49,145.89,991.2,38.4,65.35646812239133,5.0984670553282285,65.35646812239133,9.725230176121954,3.1480575398593373,0.0,0.0,0.0,0.0,0.0,0.0,0.0,0.0
2026-09-28 06:00:00,WP922026(4),12,2026-09-28 06:00:00,0 days 00:00:00,0,16.4,97.6,1001.0,29.0,64.0,0.0,0.0,0.0,0.0,0.0,0.0,0.0,0.0,0.0,0.0,0.0,0.0
2026-09-28 06:00:00,WP922026(4),12,2026-09-28 12:00:00,0 days 06:00:00,6,17.2,96.64,999.2,22.5,105.29474877476444,0.0,0.0,0.0,0.0,0.0,0.0,0.0,0.0,0.0,0.0,0.0,0.0
2026-09-28 06:00:00,WP922026(4),12,2026-09-28 18:00:00,0 days 12:00:00,12,18.08,95.95,1002.9,24.3,87.58673374226663,0.0,0.0,0.0,0.0,0.0,0.0,0.0,0.0,0.0,0.0,0.0,0.0
2026-09-28 06:00:00,WP922026(4),12,2026-09-29 00:00:00,0 days 18:00:00,18,17.94,95.31,1007.7,16.3,63.695153129283,0.0,0.0,0.0,0.0,0.0,0.0,0.0,0.0,0.0,0.0,0.0,0.0
2026-09-28 06:00:00,16,13,2026-10-02 06:00:00,4 days 00:00:00,96,14.98,162.55,1006.7,20.4,166.50578133060753,0.0,0.0,0.0,0.0,0.0,0.0,0.0,0.0,0.0,0.0,0.0,0.0
2026-09-28 06:00:00,16,13,2026-10-02 12:00:00,4 days 06:00:00,102,14.9,161.6,1006.1,23.6,138.09465942342817,0.0,0.0,0.0,0.0,0.0,0.0,0.0,0.0,0.0,0.0,0.0,0.0
2026-09-28 06:00:00,16,13,2026-10-02 18:00:00,4 days 12:00:00,108,15.55,160.13,1008.6,18.7,94.92893056625908,0.0,0.0,0.0,0.0,0.0,0.0,0.0,0.0,0.0,0.0,0.0,0.0
2026-09-28 06:00:00,16,13,2026-10-03 00:00:00,4 days 18:00:00,114,15.14,160.97,1004.0,20.9,110.84818353466936,0.0,0.0,0.0,0.0,0.0,0.0,0.0,0.0,0.0,0.0,0.0,0.0
2026-09-28 06:00:00,16,13,2026-10-03 06:00:00,5 days 00:00:00,120,14.27,161.38,1005.6,20.7,161.2326892159245,0.0,0.0,0.0,0.0,0.0,0.0,0.0,0.0,0.0,0.0,0.0,0.0
2026-09-28 06:00:00,16,13,2026-10-03 12:00:00,5 days 06:00:00,126,14.59,160.9,996.9,31.2,82.08697275412837,0.0,0.0,0.0,0.0,0.0,0.0,0.0,0.0,0.0,0.0,0.0,0.0
2026-09-28 06:00:00,16,13,2026-10-03 18:00:00,5 days 12:00:00,132,14.49,160.44,998.5,37.6,75.28704690551149,84.89228557487891,61.37536368915295,39.009488556736684,59.91285939249899,0.0,0.0,0.0,0.0,0.0,0.0,0.0,0.0
2026-09-28 06:00:00,16,13,2026-10-04 00:00:00,5 days 18:00:00,138,13.92,160.61,999.0,31.7,49.99884695693897,0.0,0.0,0.0,0.0,0.0,0.0,0.0,0.0,0.0,0.0,0.0,0.0
2026-09-28 06:00:00,16,13,2026-10-04 06:00:00,6 days 00:00:00,144,13.37,160.52,992.7,48.1,60.41566634717282,89.91766710220827,85.69069789978757,67.47488369389045,83.26885236840656,0.0,0.0,0.0,0.0,0.0,0.0,0.0,0.0
2026-09-28 06:00:00,16,13,2026-10-04 12:00:00,6 days 06:00:00,150,12.65,160.47,997.6,38.8,76.67049418160596,83.65028618491411,56.4552999066145,53.17248144428021,61.87462617426354,0.0,0.0,0.0,0.0,0.0,0.0,0.0,0.0
2026-09-28 06:00:00,16,13,2026-10-04 18:00:00,6 days 12:00:00,156,11.87,160.7,998.8,38.2,74.46172266095601,116.86814799487684,108.93179265610718,88.9939084424033,95.65243565450004,0.0,0.0,0.0,0.0,0.0,0.0,0.0,0.0
2026-09-28 06:00:00,16,13,2026-10-05 00:00:00,6 days 18:00:00,162,11.12,160.83,998.0,44.2,63.67763334717852,155.58019961781332,148.26734022036476,116.89530486754164,125.83249828571708,0.0,0.0,0.0,0.0,0.0,0.0,0.0,0.0
2026-09-28 06:00:00,16,13,2026-10-05 06:00:00,7 days 00:00:00,168,10.75,160.94,984.1,57.7,45.06533310746339,314.0195696632346,277.49212066429584,240.3055759669213,265.65288123189555,69.8954316167792,60.37534798850135,42.672452404943385,56.111159178581815,0.0,0.0,0.0,0.0
2026-09-28 06:00:00,16,13,2026-10-05 12:00:00,7 days 06:00:00,174,10.62,160.97,985.3,62.3,52.87845720589468,235.7790070444275,223.75610783802256,204.53778751354184,212.1004847729312,52.87845720589468,42.91830712004255,33.71165036275634,37.46182607467699,0.0,0.0,0.0,0.0
2026-09-28 06:00:00,16,13,2026-10-05 18:00:00,7 days 12:00:00,180,10.79,160.85,982.2,66.7,42.66410335704418,172.05353915594463,145.69960172124118,132.60658667343665,158.87799957935738,45.988555934727714,36.98844987072238,29.618807694929245,39.33796477428614,42.66410335704418,6.744371810918043,5.225639576345455,6.72651844301588
2026-09-28 06:00:00,16,13,2026-10-06 00:00:00,7 days 18:00:00,186,10.61,160.6,989.1,58.1,44.62217380439278,258.19966833860656,223.8489645647797,191.64195796680792,222.29153369216624,48.57934010472955,37.468405306850194,25.73766670986188,37.74912379402194,0.0,0.0,0.0,0.0
2026-09-28 06:00:00,16,13,2026-10-06 06:00:00,8 days 00:00:00,192,11.09,160.41,984.1,65.1,34.11050372781011,211.8457127899529,185.27190690812824,164.86708420580604,191.3817933009796,55.63579680748001,43.303724610128384,32.072571163800674,43.94409444800896,34.11050372781011,4.805614518471292,3.5531465250286574,5.549759340318367
2026-09-28 06:00:00,16,13,2026-10-06 12:00:00,8 days 06:00:00,198,11.49,160.04,976.8,72.9,24.721027273248968,131.67185185595451,94.34932954539096,100.59248140308624,131.75243243596762,58.37228173129304,41.072257626416274,34.70308400936155,51.6673665077147,24.721027273248968,19.962997699019144,16.243581628862998,21.598949293905356
2026-09-28 06:00:00,16,13,2026-10-06 18:00:00,8 days 12:00:00,204,11.59,159.79,979.9,75.4,51.98661308735775,270.1024534397166,234.13085879773004,212.738785388172,235.33228984469605,76.88354689452318,64.36118078169298,46.57704560268719,60.35870708150044,51.98661308735775,6.285055369117635,4.543851274569586,6.91556132856784
2026-09-28 06:00:00,16,13,2026-10-07 00:00:00,8 days 18:00:00,210,12.18,159.25,978.2,79.6,34.7174441392302,160.77939390328552,136.8399061204243,123.59900443475694,140.40718173390508,97.71589603508968,81.1117282707525,63.23227922037842,82.59393973534681,45.459179694266886,36.69827926256183,30.76835861861736,39.48506464820854
2026-09-28 06:00:00,16,13,2026-10-07 06:00:00,9 days 00:00:00,216,13.26,158.51,971.8,83.6,11.21988356342638,231.24368519368,208.70437677016088,181.5462369276353,207.68690131565657,118.80363090201462,97.38768429041517,77.72070362330889,100.59954094383434,47.37368701561464,41.25222179190753,33.8861655872994,40.973382267042055
2026-09-28 06:00:00,16,13,2026-10-07 12:00:00,9 days 06:00:00,222,14.09,158.01,964.6,91.5,41.3666031367641,203.8469694291804,168.8675883097657,148.33327167717272,177.96232715058497,110.63286926633612,89.39158195619584,69.34834677071001,90.89762237910853,57.21779284859197,49.17164665260027,39.63841075715975,48.13180525986618
2026-09-28 06:00:00,16,13,2026-10-07 18:00:00,9 days 12:00:00,228,14.68,156.84,956.0,103.3,20.35539052840354,103.10252920480012,98.70354436118184,109.7683764040768,102.27266853458984,90.3461057725657,79.3700901173538,67.5504248143508,79.9662961684937,63.33058414620558,55.84374915018895,46.91879897885053,54.657576090394464
2026-09-28 06:00:00,16,13,2026-10-08 00:00:00,9 days 18:00:00,234,15.21,156.62,967.6,94.9,27.8568211161095,179.84164934916654,150.21186274875032,139.38291344624372,159.7726486788407,114.97432396593648,93.42678097313237,75.96366380609665,95.61964866847232,56.92522714688016,47.98393419906253,40.01691991652678,49.455427558056506
2026-09-28 06:00:00,16,13,2026-10-08 06:00:00,10 days 00:00:00,240,15.59,155.85,980.2,71.7,58.49766692923531,182.41194359341665,133.95109905174846,139.83384350441145,164.81481926253838,86.04240599241041,66.23315417293145,51.38679235468384,69.8522361713973,58.49766692923531,33.13186667743839,27.06926614561053,35.145903312993426
2026-09-28 06:00:00,16,13,2026-10-08 12:00:00,10 days 06:00:00,246,15.93,155.25,988.7,56.1,39.456200208977776,155.83302542756974,130.26869010023248,126.19582843945943,137.42400646397607,39.456200208977776,18.53916249166388,12.340284885808392,18.38337964418252,0.0,0.0,0.0,0.0
2026-09-28 06:00:00,16,13,2026-10-08 18:00:00,10 days 12:00:00,252,16.1,154.31,986.2,64.9,46.945792990776766,259.5420015789907,218.7005241795661,182.34462394705645,227.06180434530256,79.44322951969536,62.030090771531775,43.59653727100451,63.51288707355286,46.945792990776766,6.5528876207793605,3.896756797219873,8.014678195541013
2026-09-28 06:00:00,16,13,2026-10-09 00:00:00,10 days 18:00:00,258,16.51,153.56,986.9,62.2,42.795125049736384,194.0861471355663,162.5843474034973,142.60584392105102,172.37137929326218,42.795125049736384,27.944877167581524,18.23381960828829,29.06673267505812,0.0,0.0,0.0,0.0
2026-09-28 06:00:00,16,13,2026-10-09 06:00:00,11 days 00:00:00,264,16.82,152.46,993.4,55.3,66.2769916389224,193.1770300205428,164.66826503485711,143.6100561078614,170.02015760732942,66.2769916389224,21.646718542644557,13.417508731592578,24.246776568357287,0.0,0.0,0.0,0.0
2026-09-28 06:00:00,16,13,2026-10-09 12:00:00,11 days 06:00:00,270,16.91,151.52,987.8,57.6,40.16337624270682,182.75604830299744,168.75356438258314,132.03672293874934,153.70051652892107,40.16337624270682,25.1282531846216,13.594321639471673,23.140199823213838,0.0,0.0,0.0,0.0
2026-09-28 06:00:00,16,13,2026-10-09 18:00:00,11 days 12:00:00,276,17.61,150.77,982.8,61.3,64.34487977480921,208.64064165690343,183.4477324474965,141.97180542441015,168.52239061670863,64.34487977480921,34.27652910108471,21.151555387930895,33.80251753317236,0.0,0.0,0.0,0.0
2026-09-28 06:00:00,16,13,2026-10-10 00:00:00,11 days 18:00:00,282,18.35,150.08,976.6,66.7,21.2152107972436,175.27123942097194,139.4120878948869,87.04065718149386,121.71770736966148,22.189040523797864,10.606316936000136,0.9935595291385138,9.294092553878189,21.2152107972436,0.0,0.0,0.0
2026-09-28 06:00:00,16,13,2026-10-10 06:00:00,12 days 00:00:00,288,19.34,149.3,955.6,102.4,19.250835162420668,129.91087387774184,114.19822288028509,84.40181081166315,100.43466091015893,60.59655383201981,49.50640884945598,38.62868460980292,49.16633785099559,37.44000229933847,33.17497102723935,26.109335714230976,32.47042614452504
2026-09-28 06:00:00,16,13,2026-10-10 12:00:00,12 days 06:00:00,294,20.24,148.33,948.0,105.9,7.6034042450716015,220.55086973202012,211.13047846179688,178.57193864297278,201.76982785231667,90.17477966457544,73.29277705861455,53.411497568564414,74.11745992052715,44.60461927179029,36.3662891605893,27.151990488633945,36.83470253185419
2026-09-28 06:00:00,16,13,2026-10-10 18:00:00,12 days 12:00:00,300,21.48,147.74,949.0,109.1,11.585618892268382,165.99193097572228,159.0975324574793,92.91960600687511,122.5300327618619,77.76226798954201,60.68001283593722,42.8391537996041,61.80278065138791,46.74137294359717,39.88188845273773,30.96020899213,39.8099062219541
2026-09-28 06:00:00,16,13,2026-10-11 00:00:00,12 days 18:00:00,306,22.63,147.27,936.4,123.2,0.0,185.876731594546,180.5772957904821,146.72445245749702,146.66489634676122,2.124482423025992,5.144033704694344,0.0,0.0,0.0,0.0,0.0,0.0
2026-09-28 06:00:00,16,13,2026-10-11 06:00:00,13 days 00:00:00,312,23.8,147.11,945.0,103.1,25.459243030501653,191.64808611680576,196.66369804468496,132.21601153800657,145.43882776154618,25.459243030501653,21.296221561347743,6.70886485647555,11.134523419564475,25.459243030501653,1.3367854535056516,0.0,0.8451347199832053
2026-09-28 06:00:00,16,13,2026-10-11 12:00:00,13 days 06:00:00,318,25.0,147.42,967.2,86.8,0.0,176.87973038267347,196.71533685632903,143.91890742741282,131.9994657785287,48.23994544484992,48.4278961561854,32.716909310045295,32.798605046284166,19.152984915840637,17.820033457144653,12.236050890418891,14.398031690583116
2026-09-28 06:00:00,16,13,2026-10-11 18:00:00,13 days 12:00:00,324,25.81,147.76,979.8,66.7,21.93959893169901,162.21360890171144,179.71631919670506,130.87284446535278,126.97503956800668,36.6951202572172,35.5776607873519,19.48676095267921,20.270796449295663,0.5620364312562902,21.93959893169901,0.0,0.0
2026-09-28 06:00:00,16,13,2026-10-12 00:00:00,13 days 18:00:00,330,27.05,148.75,967.3,87.6,28.621359123400488,217.51409139790036,239.2115681429348,181.2857267272116,169.65925464500464,28.621359123400488,28.993181614615605,14.06405836635198,11.832893463722234,28.621359123400488,0.0,0.0,0.0
2026-09-28 06:00:00,16,13,2026-10-12 06:00:00,14 days 00:00:00,336,27.9,149.77,988.5,59.5,28.45035829768404,229.44341498929091,255.75887156022085,187.59051275988796,179.5216815541749,43.649867186883085,44.27723955998268,29.38844410463385,29.86155879086662,0.0,0.0,0.0,0.0
2026-09-28 06:00:00,16,13,2026-10-12 12:00:00,14 days 06:00:00,342,28.96,151.37,984.2,63.0,29.070653991324207,235.5636830895428,251.11623661797103,198.30269868818232,189.50829220136256,56.40017340756128,57.58460497559122,36.962127634583,39.14079988662854,0.0,0.0,0.0,0.0
2026-09-28 06:00:00,16,13,2026-10-12 18:00:00,14 days 12:00:00,348,30.43,152.55,977.6,58.0,30.075436509466968,229.2646626636885,191.5408691561342,141.57342595258424,167.64037136784555,30.148513288773408,28.079645324622646,15.963784107309507,18.757958291819048,0.0,0.0,0.0,0.0
2026-09-28 06:00:00,16,13,2026-10-13 00:00:00,14 days 18:00:00,354,31.78,154.95,977.5,67.0,34.27156432493634,258.08618909032435,261.8094033112056,196.63894426603875,200.41660761650013,45.23133402232976,47.0478839531112,28.241640874419755,28.50354879798748,34.27156432493634,0.0,0.0,0.0
2026-09-28 06:00:00,16,13,2026-10-13 06:00:00,15 days 00:00:00,360,33.34,157.58,988.6,48.1,125.59736035283822,416.73041950579136,417.7290740969638,359.61447002175464,345.36276572703355,0.0,0.0,0.0,0.0,0.0,0.0,0.0,0.0
2026-09-28 06:00:00,2,13,2026-09-28 12:00:00,0 days 06:00:00,6,23.39,-123.28,1005.1,29.6,108.01544918402442,0.0,0.0,0.0,0.0,0.0,0.0,0.0,0.0,0.0,0.0,0.0,0.0
2026-09-28 06:00:00,2,13,2026-09-28 18:00:00,0 days 12:00:00,12,23.08,-123.26,1004.5,29.8,69.60835139617484,0.0,0.0,0.0,0.0,0.0,0.0,0.0,0.0,0.0,0.0,0.0,0.0
2026-09-28 06:00:00,2,13,2026-09-29 00:00:00,0 days 18:00:00,18,22.26,-123.0,1005.5,25.3,103.2407940809789,0.0,0.0,0.0,0.0,0.0,0.0,0.0,0.0,0.0,0.0,0.0,0.0
2026-09-28 06:00:00,2,13,2026-09-29 06:00:00,1 days 00:00:00,24,21.16,-122.95,1003.7,24.5,112.95553052154902,0.0,0.0,0.0,0.0,0.0,0.0,0.0,0.0,0.0,0.0,0.0,0.0
2026-09-28 06:00:00,2,13,2026-09-29 12:00:00,1 days 06:00:00,30,20.73,-123.14,1005.2,20.9,68.80381720700117,0.0,0.0,0.0,0.0,0.0,0.0,0.0,0.0,0.0,0.0,0.0,0.0
2026-09-28 06:00:00,2,13,2026-09-29 18:00:00,1 days 12:00:00,36,20.05,-123.29,1004.7,19.3,111.39565146799376,0.0,0.0,0.0,0.0,0.0,0.0,0.0,0.0,0.0,0.0,0.0,0.0
2026-09-28 06:00:00,2,13,2026-09-30 00:00:00,1 days 18:00:00,42,19.57,-123.32,1007.2,18.8,83.78916272065126,0.0,0.0,0.0,0.0,0.0,0.0,0.0,0.0,0.0,0.0,0.0,0.0
2026-09-28 06:00:00,2,13,2026-09-30 06:00:00,2 days 00:00:00,48,19.0,-123.87,1009.3,17.8,134.4929280341746,0.0,0.0,0.0,0.0,0.0,0.0,0.0,0.0,0.0,0.0,0.0,0.0
2026-09-28 06:00:00,2,13,2026-09-30 12:00:00,2 days 06:00:00,54,19.03,-123.69,1003.3,25.9,86.75121321346583,0.0,0.0,0.0,0.0,0.0,0.0,0.0,0.0,0.0,0.0,0.0,0.0
2026-09-28 06:00:00,2,13,2026-09-30 18:00:00,2 days 12:00:00,60,18.85,-124.57,1006.4,24.2,71.00504266987396,0.0,0.0,0.0,0.0,0.0,0.0,0.0,0.0,0.0,0.0,0.0,0.0
2026-09-28 06:00:00,2,13,2026-10-01 00:00:00,2 days 18:00:00,66,18.68,-125.01,1005.7,21.3,60.93779929525783,0.0,0.0,0.0,0.0,0.0,0.0,0.0,0.0,0.0,0.0,0.0,0.0
2026-09-28 06:00:00,2,13,2026-10-01 06:00:00,3 days 00:00:00,72,18.64,-125.59,1009.5,19.5,107.26880192077596,0.0,0.0,0.0,0.0,0.0,0.0,0.0,0.0,0.0,0.0,0.0,0.0
2026-09-28 06:00:00,6,13,2026-09-29 00:00:00,0 days 18:00:00,18,15.15,151.96,1005.4,21.3,98.9951550121016,0.0,0.0,0.0,0.0,0.0,0.0,0.0,0.0,0.0,0.0,0.0,0.0
2026-09-28 06:00:00,6,13,2026-09-29 06:00:00,1 days 00:00:00,24,16.13,152.16,1004.4,24.2,125.88726921697452,0.0,0.0,0.0,0.0,0.0,0.0,0.0,0.0,0.0,0.0,0.0,0.0
2026-09-28 06:00:00,6,13,2026-09-29 12:00:00,1 days 06:00:00,30,16.09,151.86,1001.8,27.1,65.73082221588304,0.0,0.0,0.0,0.0,0.0,0.0,0.0,0.0,0.0,0.0,0.0,0.0
2026-09-28 06:00:00,6,13,2026-09-29 18:00:00,1 days 12:00:00,36,16.11,151.22,1003.5,25.0,78.0781224896607,0.0,0.0,0.0,0.0,0.0,0.0,0.0,0.0,0.0,0.0,0.0,0.0
2026-09-28 06:00:00,6,13,2026-09-30 00:00:00,1 days 18:00:00,42,16.3,150.32,1002.8,27.9,72.57351904106338,0.0,0.0,0.0,0.0,0.0,0.0,0.0,0.0,0.0,0.0,0.0,0.0
2026-09-28 06:00:00,6,13,2026-09-30 06:00:00,2 days 00:00:00,48,16.61,149.79,998.3,35.1,88.79926150345256,88.79926150345256,3.478331155450892,5.7410346799435565,11.063928938228548,0.0,0.0,0.0,0.0,0.0,0.0,0.0,0.0
2026-09-28 06:00:00,6,13,2026-09-30 12:00:00,2 days 06:00:00,54,17.2,149.05,998.2,28.1,61.04871370426873,0.0,0.0,0.0,0.0,0.0,0.0,0.0,0.0,0.0,0.0,0.0,0.0
2026-09-28 06:00:00,6,13,2026-09-30 18:00:00,2 days 12:00:00,60,16.79,147.53,997.6,40.7,75.20739287002186,75.20739287002186,58.03237370681941,35.620270398971755,65.8203317995724,0.0,0.0,0.0,0.0,0.0,0.0,0.0,0.0
2026-09-28 06:00:00,6,13,2026-10-01 00:00:00,2 days 18:00:00,66,16.92,146.67,992.5,46.5,33.59619799578941,49.94407737903559,42.15956964958157,38.34617663041551,47.55754540892539,0.0,0.0,0.0,0.0,0.0,0.0,0.0,0.0
2026-09-28 06:00:00,6,13,2026-10-01 06:00:00,3 days 00:00:00,72,16.86,145.66,995.7,39.6,86.11043569608381,198.06657298138543,182.73657584038028,146.67430702333615,166.37353927657352,0.0,0.0,0.0,0.0,0.0,0.0,0.0,0.0
2026-09-28 06:00:00,6,13,2026-10-01 12:00:00,3 days 06:00:00,78,16.9,144.74,995.7,43.0,87.42829964274205,11.61191675251694,11.60534398168989,87.42829964274205,7.9644660057782595,0.0,0.0,0.0,0.0,0.0,0.0,0.0,0.0
2026-09-28 06:00:00,6,13,2026-10-01 18:00:00,3 days 12:00:00,84,16.72,144.14,980.3,62.3,33.61596811724439,196.7978470667449,158.20992484700946,137.5599419235009,177.36312839559287,126.32661928306788,108.4354129151343,89.22016069396705,110.48168413595658,0.0,0.0,0.0,0.0
2026-09-28 06:00:00,6,13,2026-10-02 00:00:00,3 days 18:00:00,90,16.28,143.48,976.7,69.4,14.615699222867654,224.0622997224573,193.29021500492843,152.51000317941822,187.87697114247823,68.7687908907042,53.98969580874211,37.63811974757052,53.81180491251206,14.615699222867654,10.662811133712076,7.817400544637849,10.85519926505714
2026-09-28 06:00:00,6,13,2026-10-02 06:00:00,4 days 00:00:00,96,16.29,143.35,980.3,63.8,42.532199190206654,236.75618398203383,215.42319717847525,187.2519082670761,202.24388157925205,100.11705677187976,89.16329981698453,68.90611154207093,82.41005990971533,0.0,0.0,0.0,0.0
2026-09-28 06:00:00,6,13,2026-10-02 12:00:00,4 days 06:00:00,102,16.51,143.01,980.1,64.6,83.09474818414137,123.24224245529412,122.56224610408847,88.07000689943646,93.6923217780964,83.09474818414137,0.8267011503049511,0.5372233408488996,83.09474818414137,0.5002233116089068,0.8267011503049511,0.5372233408488996,83.09474818414137
2026-09-28 06:00:00,6,13,2026-10-02 18:00:00,4 days 12:00:00,108,16.57,143.16,977.3,69.9,41.06301418246891,216.8829006013253,206.08464521917415,169.33859523741123,180.629858338571,41.06301418246891,28.874565801740864,19.23794335413892,23.70843181706822,41.06301418246891,0.0,0.0,0.0
2026-09-28 06:00:00,6,13,2026-10-03 00:00:00,4 days 18:00:00,114,17.15,143.59,974.4,73.9,36.23020839885237,252.2600891578345,244.27532856796552,211.9493462260716,205.9832549831353,140.95384631099023,138.35391058799087,116.80571780973288,122.72108166146086,66.6159661544956,62.43834204197674,51.888935588516574,56.18857178778967
2026-09-28 06:00:00,6,13,2026-10-03 06:00:00,5 days 00:00:00,120,17.73,143.92,972.0,72.9,44.18275526536976,323.1077275817581,335.64258963011844,251.34623996506548,260.8103708565486,71.795106271554,64.2424007434426,41.88519191263336,50.15305324850772,44.18275526536976,0.0,0.0,0.0
2026-09-28 06:00:00,6,13,2026-10-03 12:00:00,5 days 06:00:00,126,18.23,144.11,963.0,89.8,16.267102692926734,255.8692006028492,268.8860930808462,221.3442632601841,209.82098299356463,172.13570620834463,176.4511825338661,152.78810848177656,151.22603555625574,108.64061587789752,106.37512019442144,90.90503642790644,92.6073187091966
2026-09-28 06:00:00,6,13,2026-10-03 18:00:00,5 days 12:00:00,132,19.14,144.39,939.9,113.7,17.035364548710874,306.00470104024066,331.88313628064753,257.4672126808613,243.01415854722137,142.81389345462946,145.01063728413914,117.22099378030208,117.31490067495068,81.01032946487342,79.80936845653586,65.67012866862794,67.7975746107269
2026-09-28 06:00:00,6,13,2026-10-04 00:00:00,5 days 18:00:00,138,19.56,144.24,946.6,103.0,19.13237312820421,361.2204870490632,362.3671285858691,282.1702975843011,291.3746259389496,165.18678035669743,160.68777991214722,133.23553717703686,139.5139642121403,91.5410278717524,89.89714002366054,75.28971534528365,78.95777689986531
2026-09-28 06:00:00,6,13,2026-10-04 06:00:00,6 days 00:00:00,144,20.71,144.56,930.2,125.0,53.31811950312495,393.4931638929255,388.7959410019768,324.1068832758792,315.83406737995205,146.88162326997616,149.57777571663166,120.53230440093392,124.69848843181364,79.39797699405167,77.43331554778582,67.25115399595171,67.8110635361627
2026-09-28 06:00:00,6,13,2026-10-04 12:00:00,6 days 06:00:00,150,21.36,144.64,946.0,107.4,23.92793706472601,316.64388307488633,309.001529205017,234.5547062122853,247.246324323009,172.15518958898036,170.97189189671985,139.22626684586317,142.45141869778223,99.27319391327254,99.82543676153848,83.72282455433424,86.2901280828036
2026-09-28 06:00:00,6,13,2026-10-04 18:00:00,6 days 12:00:00,156,22.38,144.22,929.1,125.6,16.387565052575773,385.0129739423826,374.9727213128102,281.34437835419703,303.2478078559044,195.449457316168,193.4623393645901,159.41439353406992,164.35762306072715,115.5835638773984,114.56587671417104,96.1530733374126,100.72358699992684
2026-09-28 06:00:00,6,13,2026-10-05 00:00:00,6 days 18:00:00,162,23.17,143.97,934.9,106.9,53.02626546569109,400.8885241760285,381.5361218576337,298.29421165076565,332.13234212071046,181.13891334751207,167.56561659977564,133.46675594577462,149.885317706573,87.83082119121558,85.01618933434796,68.50360770056571,76.1348618650802
2026-09-28 06:00:00,6,13,2026-10-05 06:00:00,7 days 00:00:00,168,24.3,143.68,935.6,111.2,9.096744115113456,418.7283917624312,424.2311825901276,321.71314875725,340.8454495599363,212.318818044516,213.22552494064664,175.35346922968714,178.0612699937808,128.95252633389518,131.2398369715502,113.1553647206036,111.93381559843854
2026-09-28 06:00:00,6,13,2026-10-05 12:00:00,7 days 06:00:00,174,25.46,143.5,941.6,109.0,36.26847466057599,406.4702602501436,414.6031656349746,319.9669729687509,330.769252616314,235.58017155167155,235.535040149456,198.77791888604744,204.0242094063355,141.89357951914795,140.20771434839125,119.10965853070346,121.64473699318144
2026-09-28 06:00:00,6,13,2026-10-05 18:00:00,7 days 12:00:00,180,26.3,142.87,932.5,115.8,15.304845674647863,376.9265738435786,384.4094389579439,302.445498725579,323.79184286080704,210.27437747625817,206.1661198641137,175.14870333610892,181.45942988344103,129.41849573994256,129.3187892978234,109.90192484468022,114.2196437762601
2026-09-28 06:00:00,6,13,2026-10-06 00:00:00,7 days 18:00:00,186,27.77,142.97,926.2,119.5,0.0,398.0908714761227,410.9652395247084,323.61392647029834,328.0286221575138,184.201114254278,189.87102968807432,158.37972415853264,155.728349185523,109.92080350034836,113.7357339941728,97.08494241349884,96.54083739136831
2026-09-28 06:00:00,6,13,2026-10-06 06:00:00,8 days 00:00:00,192,29.71,142.93,956.4,86.3,42.42729147938982,464.6839173778896,479.7335521164719,387.2370484273713,381.2658766232293,296.8039431087233,309.8693581436953,264.72379307935915,258.7847583140949,160.4317071526112,167.39754022166994,144.11117270086743,141.19214831189805
2026-09-28 06:00:00,6,13,2026-10-06 12:00:00,8 days 06:00:00,198,31.43,143.38,961.3,80.6,40.721648691255126,427.4852061736635,477.66180029733766,379.8849316692679,349.68628104289667,207.2184917596388,220.2905778388547,179.0231374248994,172.54664825306628,81.25379743148287,86.39666186411688,71.38462883280056,69.51621425269991
2026-09-28 06:00:00,6,13,2026-10-06 18:00:00,8 days 12:00:00,204,33.85,144.45,961.5,68.7,83.90503725250028,414.1499717663846,469.3426054640743,362.4118947971574,339.32851129937524,166.0683532166081,179.1532671880202,135.61193761793442,131.08589986754254,46.68628158871928,83.90503725250028,38.89387051999846,38.68739580127776
2026-09-28 06:00:00,6,13,2026-10-07 00:00:00,8 days 18:00:00,210,36.5,146.81,970.6,61.1,68.38375120095273,164.4070433278389,207.512874154758,119.88888240415146,105.20865388792492,15.240383443995071,68.38375120095273,8.956534761105232,1.361227577224998,0.0,0.0,0.0,0.0
2026-09-28 06:00:00,6,13,2026-10-07 06:00:00,9 days 00:00:00,216,40.29,150.05,969.4,62.9,101.46686523388166,155.66096895004057,206.7806436113401,148.81934597209602,91.5135351553556,25.69536684247987,101.46686523388166,21.42972211392509,10.400123314095026,0.0,0.0,0.0,0.0
2026-09-28 06:00:00,6,13,2026-10-07 12:00:00,9 days 06:00:00,222,44.63,153.31,972.1,53.2,142.02068841962557,111.6637018427174,168.20313885368813,129.99132571319575,78.88921178455601,14.321306200835554,142.02068841962557,17.20035682633798,7.055990438784447,0.0,0.0,0.0,0.0
2026-09-28 06:00:00,6,13,2026-10-07 18:00:00,9 days 12:00:00,228,48.82,156.41,975.5,56.5,177.1132422490183,42.93388769067293,177.1132422490183,78.20270043207407,27.58909774743064,14.559043440402,177.1132422490183,17.654095166693544,7.025924545884388,0.0,0.0,0.0,0.0
2026-09-28 06:00:00,6,13,2026-10-08 00:00:00,9 days 18:00:00,234,53.64,160.7,970.8,59.8,194.47767821128215,31.76006906438488,194.47767821128215,194.47767821128215,25.09988935007232,17.74277778343844,194.47767821128215,16.90865887548057,10.06791467971243,0.0,0.0,0.0,0.0
2026-09-28 06:00:00,6,13,2026-10-08 06:00:00,10 days 00:00:00,240,56.65,163.35,962.4,61.9,118.85075612172976,8.012339162570221,118.85075612172976,16.8323891723237,2.1678257405249592,7.739991807678168,118.85075612172976,3.5710426831355715,2.1678257405249592,0.0,0.0,0.0,0.0
2026-09-28 06:00:00,6,13,2026-10-08 12:00:00,10 days 06:00:00,246,58.68,159.59,978.1,39.2,160.679397646368,160.679397646368,0.0,0.0,0.0,0.0,0.0,0.0,0.0,0.0,0.0,0.0,0.0
2026-09-28 06:00:00,AL062026,13,2026-09-28 06:00:00,0 days 00:00:00,0,28.3,-43.8,1012.0,25.0,56.0,0.0,0.0,0.0,0.0,0.0,0.0,0.0,0.0,0.0,0.0,0.0,0.0
2026-09-28 06:00:00,AL912026(2),13,2026-09-28 06:00:00,0 days 00:00:00,0,36.3,-53.1,1013.0,29.0,148.0,0.0,0.0,0.0,0.0,0.0,0.0,0.0,0.0,0.0,0.0,0.0,0.0
2026-09-28 06:00:00,EP152026(2),13,2026-09-28 06:00:00,0 days 00:00:00,0,16.4,-160.8,929.0,134.0,28.0,241.0,185.0,148.0,204.0,93.0,74.0,74.0,93.0,56.0,46.0,37.0,46.0
2026-09-28 06:00:00,EP152026(2),13,2026-09-28 12:00:00,0 days 06:00:00,6,16.79,-161.7,951.0,112.4,31.751135809485163,212.20915441495205,146.60718761636852,92.00320861578082,191.93421271716213,108.94441083101783,75.21470960603538,51.33318589678553,93.6561277246794,66.69363284656053,52.954506622373216,40.455494350958745,57.16888610498938
2026-09-28 06:00:00,EP152026(2),13,2026-09-28 18:00:00,0 days 12:00:00,12,17.51,-162.72,946.8,122.8,33.05910131079428,238.35985596264908,164.54734086757577,90.28972425769916,193.15770298776224,126.42077980176208,89.92965204666476,65.44614072461933,108.2289859760107,85.93775845372434,70.91508444802736,56.26037637114671,74.25773837078114
2026-09-28 06:00:00,EP152026(2),13,2026-09-29 00:00:00,0 days 18:00:00,18,18.44,-163.29,942.8,113.5,7.0520315276365615,183.62137068792472,159.81189114720064,107.229939228217,146.39574799115843,78.04166219838022,60.5781525639575,40.398368456645926,60.59483456125015,47.31297444315686,40.55604994607405,30.18375050867226,39.79159505460916
2026-09-28 06:00:00,EP152026(2),13,2026-09-29 06:00:00,1 days 00:00:00,24,19.69,-163.85,952.2,108.3,9.362162270914514,255.20954440622555,233.6785599034841,165.64229224402814,197.29172517602615,80.31100506024772,66.46982444853369,43.153177668866206,61.254202177226176,38.68580176463676,33.48928127636263,25.949767896144948,31.667450501692887
2026-09-28 06:00:00,EP152026(2),13,2026-09-29 12:00:00,1 days 06:00:00,30,20.68,-163.65,967.6,101.3,31.34056225285413,225.9253447801544,193.7195208465356,112.28992810615148,172.4342431694132,98.77735855550078,81.95061138609584,55.58882573514841,76.99868861811373,49.201102372414326,42.46983858175646,31.9203781445633,40.28807673724191
2026-09-28 06:00:00,EP152026(2),13,2026-09-29 18:00:00,1 days 12:00:00,36,21.59,-163.76,976.1,81.3,16.125671079166693,234.40642215677863,210.6836930495336,138.1389616719569,170.88491061000747,120.96426067225326,113.23365402457202,85.3493903785994,98.24119309910824,71.04181224878374,65.14142071434902,53.852196512141504,59.07552220862769
2026-09-28 06:00:00,EP152026(2),13,2026-09-30 00:00:00,1 days 18:00:00,42,22.5,-163.82,992.5,60.1,47.52818758243128,245.43417239746196,224.1471343604642,166.46458069119652,207.4424430690501,113.80103797774912,100.23808892807736,75.09379398751005,92.98971813695955,0.0,0.0,0.0,0.0
2026-09-28 06:00:00,EP152026(2),13,2026-09-30 06:00:00,2 days 00:00:00,48,23.01,-163.75,985.5,55.8,48.80026661566335,248.72717899806145,196.9406485746364,155.2600214694842,204.5829244463281,73.9555804280996,58.35044023938416,36.96854952458189,60.93603292018108,0.0,0.0,0.0,0.0
2026-09-28 06:00:00,EP152026(2),13,2026-09-30 12:00:00,2 days 06:00:00,54,22.78,-164.16,983.3,59.1,45.92087837032511,192.821288936688,167.3563320869781,130.7610920976289,166.8151740129798,45.92087837032511,11.477850426495827,4.683600682849965,15.570751299339475,0.0,0.0,0.0,0.0
2026-09-28 06:00:00,EP152026(2),13,2026-09-30 18:00:00,2 days 12:00:00,60,22.38,-164.51,993.7,53.3,50.36545857550158,277.82030388063674,250.75597759229288,212.3911560539367,245.66331801973635,61.90661653379787,53.18269524184212,37.0975995766174,50.9050063476925,0.0,0.0,0.0,0.0
2026-09-28 06:00:00,EP152026(2),13,2026-10-01 00:00:00,2 days 18:00:00,66,22.26,-164.6,987.8,58.1,87.26424162737976,194.05676536054125,165.22567970361615,127.16932756360302,153.06432689783833,87.26424162737976,8.257467369627136,4.99031332229572,8.053478586303356,0.0,0.0,0.0,0.0
2026-09-28 06:00:00,EP152026(2),13,2026-10-01 06:00:00,3 days 00:00:00,72,22.35,-164.96,993.4,46.0,62.15586122696215,18.78667111735173,9.806734837960462,10.463564515557422,62.15586122696215,0.0,0.0,0.0,0.0,0.0,0.0,0.0,0.0
2026-09-28 06:00:00,EP152026(2),13,2026-10-01 12:00:00,3 days 06:00:00,78,22.7,-165.24,995.0,49.3,118.76861249713308,118.76861249713308,6.7385748633879095,11.883766867657885,13.313807933591296,0.0,0.0,0.0,0.0,0.0,0.0,0.0,0.0
2026-09-28 06:00:00,EP152026(2),13,2026-10-01 18:00:00,3 days 12:00:00,84,23.33,-166.6,991.3,52.9,87.74160549225435,271.01309850599694,224.1988021464366,176.32198471043114,216.7248858926503,87.74160549225435,39.16225197757268,24.78605746938159,38.93139960942995,0.0,0.0,0.0,0.0
2026-09-28 06:00:00,EP152026(2),13,2026-10-02 00:00:00,3 days 18:00:00,90,23.53,-167.51,990.5,52.8,75.23025637023314,93.15129971314694,80.39811921908367,63.70216121643936,77.16879018929993,0.0044120267330476,0.3821586636767748,0.3655706249186061,75.23025637023314,0.0,0.0,0.0,0.0
2026-09-28 06:00:00,EP152026(2),13,2026-10-02 06:00:00,4 days 00:00:00,96,23.42,-167.9,987.5,59.5,112.65290480425516,142.68155626507885,113.37130889889828,86.0567728940756,112.57190242139484,112.65290480425516,1.0172718864354875,0.0,2.310436404618528,0.0,0.0,0.0,0.0
2026-09-28 06:00:00,EP152026(2),13,2026-10-02 12:00:00,4 days 06:00:00,102,23.34,-168.62,993.0,50.9,118.43441156426309,118.43441156426309,19.72860372324789,20.36473346064744,24.5512481842082,118.43441156426309,0.0,0.0,0.0,0.0,0.0,0.0,0.0
2026-09-28 06:00:00,EP152026(2),13,2026-10-02 18:00:00,4 days 12:00:00,108,22.86,-168.88,993.0,43.3,72.39440036986058,186.83094174059568,164.13930856183444,144.8691954425773,170.09256057094575,0.0,0.0,0.0,0.0,0.0,0.0,0.0,0.0
2026-09-28 06:00:00,EP152026(2),13,2026-10-03 00:00:00,4 days 18:00:00,114,22.59,-169.59,992.6,45.2,72.83153777688904,109.64543286349658,89.0239835485371,75.68374532618316,91.59796689851476,0.0,0.0,0.0,0.0,0.0,0.0,0.0,0.0
2026-09-28 06:00:00,EP152026(2),13,2026-10-03 06:00:00,5 days 00:00:00,120,22.48,-170.32,989.9,50.2,142.02951518873533,142.02951518873533,20.01600972131837,10.48279983467006,19.69600295789576,142.02951518873533,0.0,0.0,0.0,0.0,0.0,0.0,0.0
2026-09-28 06:00:00,EP152026(2),13,2026-10-03 12:00:00,5 days 06:00:00,126,22.56,-171.62,994.4,52.1,48.22363058527958,175.10938743332372,138.4578285797561,104.17301356233293,148.57177354583746,48.22363058527958,19.935010734707816,9.826810077111247,21.97286783978097,0.0,0.0,0.0,0.0
2026-09-28 06:00:00,EP152026(2),13,2026-10-03 18:00:00,5 days 12:00:00,132,22.72,-173.31,988.2,51.7,57.33651608406439,180.59034145881805,144.44174899799526,100.5637914792572,141.99611181997858,57.33651608406439,13.350743807680288,3.5012796755255486,15.408230957662536,0.0,0.0,0.0,0.0
2026-09-28 06:00:00,EP152026(2),13,2026-10-04 00:00:00,5 days 18:00:00,138,22.71,-175.26,992.6,55.7,40.01766234171178,124.53151638452096,106.17796030837464,86.06104785693259,104.05848664556808,40.01766234171178,3.957491512989357,0.0,5.928907496120882,0.0,0.0,0.0,0.0
2026-09-28 06:00:00,EP152026(2),13,2026-10-04 06:00:00,6 days 00:00:00,144,23.16,-177.09,980.0,68.1,0.0,185.62165077415,160.78058115908584,124.34560153730656,161.90700859882463,34.37491860790084,19.589392916836857,8.348600138764702,24.17413345580829,0.4515805346944432,0.0,0.0,0.0
2026-09-28 06:00:00,EP152026(2),13,2026-10-04 12:00:00,6 days 06:00:00,150,23.58,-178.96,984.7,69.1,19.241388382628624,176.34500475058348,136.6732501463955,95.71991409190372,161.74929374628164,104.93276046235027,80.50319476534546,58.21833764943494,86.91525142879809,43.900890449727655,36.064352020386536,27.340105862338557,37.35501142827133
2026-09-28 06:00:00,EP152026(2),13,2026-10-04 18:00:00,6 days 12:00:00,156,23.8,179.63,988.2,62.0,45.9680939888958,183.77210500829577,149.12046556483398,90.02414485463466,142.85504997761362,45.9680939888958,16.916640159040135,4.938862508052578,18.22319842119068,0.0,0.0,0.0,0.0
2026-09-28 06:00:00,EP152026(2),13,2026-10-05 00:00:00,6 days 18:00:00,162,24.23,178.42,981.2,65.2,27.724266831885416,228.5692910170958,182.3298030526662,133.6119767006046,186.9801411781457,41.46902648542272,25.03981648789505,10.1903040354249,27.20356963326492,27.724266831885416,0.0,0.0,0.0
2026-09-28 06:00:00,EP152026(2),13,2026-10-05 06:00:00,7 days 00:00:00,168,24.66,177.19,975.7,74.3,28.92459391601477,247.74363100391167,191.1254097911957,148.0209007052534,208.1411748185883,105.09000917475262,81.6263704787603,59.781373325304905,84.91524258975012,35.06258766216492,29.19187318598057,21.791494204686156,29.765288531461
2026-09-28 06:00:00,EP152026(2),13,2026-10-05 12:00:00,7 days 06:00:00,174,25.02,175.45,985.7,58.5,42.080686108433696,224.1721389919487,167.35584162490215,125.50825635756304,182.576401366582,42.080686108433696,22.90039152426523,10.445414222628877,29.079880821752557,0.0,0.0,0.0,0.0
2026-09-28 06:00:00,EP152026(2),13,2026-10-05 18:00:00,7 days 12:00:00,180,25.37,174.19,975.0,78.1,35.15111609463747,202.7463941725437,160.06919699296122,113.374390068293,167.53568524943694,106.15316584337415,82.40063579173511,61.37700637462149,86.72397348081358,46.17181741261447,38.56630356916321,28.67396489536168,38.95420396384907
2026-09-28 06:00:00,EP152026(2),13,2026-10-06 00:00:00,7 days 18:00:00,186,25.72,173.1,978.5,67.1,24.333356048763022,241.61256176667115,183.5666184943018,141.6626362083786,211.31198371203425,78.75199914577806,54.07443431169516,34.14857168793208,62.75159035225248,24.333356048763022,18.2454283201632,11.76361478432442,20.093982414104417
2026-09-28 06:00:00,EP152026(2),13,2026-10-06 06:00:00,8 days 00:00:00,192,25.44,171.35,974.4,74.3,29.17166286245768,246.0939786202296,191.3947383043827,162.6470466700232,221.9866860488114,103.20086718871698,78.65860707964754,57.46873174846877,86.10776723045637,38.07574553984969,31.166410759908786,22.68100468968724,32.43885357147636
2026-09-28 06:00:00,EP152026(2),13,2026-10-06 12:00:00,8 days 06:00:00,198,25.1,169.76,979.1,71.5,47.70582171862233,203.09121269231412,156.7118653835354,102.9658602559864,184.38236585255203,79.84816842803211,56.139817772538606,35.994175177885865,66.49632151763123,47.70582171862233,22.33306717057784,16.29808985944292,24.833391820149277
2026-09-28 06:00:00,EP152026(2),13,2026-10-06 18:00:00,8 days 12:00:00,204,24.84,168.31,976.5,78.9,52.51661922211406,259.4099526890841,205.4270548490913,155.41245091573182,230.20941968888656,99.48674822517388,72.89861052963352,53.08854915168695,83.12109053660151,52.51661922211406,24.309483613210432,17.927071697249517,27.92660063818994
2026-09-28 06:00:00,EP152026(2),13,2026-10-07 00:00:00,8 days 18:00:00,210,24.63,166.6,971.9,85.9,29.127571508955214,187.74407723598227,133.50574359022647,89.17236988167807,161.64749783279473,75.70517565424025,53.17546513608016,35.45571252015877,60.92152454253059,33.74963736124721,26.847729463352,20.20994904412664,28.84029132719236
2026-09-28 06:00:00,EP152026(2),13,2026-10-07 06:00:00,9 days 00:00:00,216,24.26,164.58,982.3,71.3,36.62677008796192,159.02720895497987,117.41160559749731,93.86096281259996,135.22367968866843,59.63312876130897,43.57701872350151,28.567106029028597,46.28247353621265,36.62677008796192,14.980227143176036,11.097038816100463,17.024765371459225
2026-09-28 06:00:00,EP152026(2),13,2026-10-07 12:00:00,9 days 06:00:00,222,24.29,162.51,988.5,68.2,48.81131645116553,215.71823540371287,157.5255885008882,103.05492882845029,162.7036836752069,48.81131645116553,28.489035129515365,13.844494589683672,30.1930077436166,48.81131645116553,0.0,0.0,0.4964688914423139
2026-09-28 06:00:00,EP152026(2),13,2026-10-07 18:00:00,9 days 12:00:00,228,24.2,160.46,981.2,68.0,29.587998941347166,140.61989986698194,100.84145341326088,74.64300558270844,123.8120287056364,59.57457126910924,40.05497877734032,26.3098706390344,45.74623633357817,29.587998941347166,18.07766673817933,12.355932120969612,20.021483075106808
2026-09-28 06:00:00,EP152026(2),13,2026-10-08 00:00:00,9 days 18:00:00,234,24.47,158.16,978.3,76.9,27.45988271685385,180.80711433722612,131.19302692485982,103.37005836542566,153.5329551476661,71.27683618694763,52.714747750122726,36.083031356032905,55.99833493849924,27.45988271685385,18.34391099923186,13.61415919346364,20.842297273629
2026-09-28 06:00:00,EP152026(2),13,2026-10-08 06:00:00,10 days 00:00:00,240,24.51,156.32,981.6,67.8,9.210843642478435,167.86289100588462,117.53423175476146,87.85621908927804,131.97366965147577,22.584688333815272,8.266726605670469,0.2466353398549703,14.210774411196102,9.210843642478435,0.0,0.0,0.0
2026-09-28 06:00:00,EP152026(2),13,2026-10-08 12:00:00,10 days 06:00:00,246,24.56,154.05,990.6,58.7,30.857622815155985,230.1886439975989,183.69808432719825,151.20230899427403,192.86963471839985,59.684046978207775,40.799586729550825,26.106848302750823,44.235655122349925,0.0,0.0,0.0,0.0
2026-09-28 06:00:00,EP152026(2),13,2026-10-08 18:00:00,10 days 12:00:00,252,24.41,152.11,975.3,75.5,15.135804664594382,154.083234219752,107.65513706958036,88.49233701070163,142.0509891772769,72.01302789048995,51.38789465954471,35.792504464049685,57.896611881095495,27.69102710799546,22.02224605869874,15.824214872506278,23.37807871517316
2026-09-28 06:00:00,EP152026(2),13,2026-10-09 00:00:00,10 days 18:00:00,258,24.58,150.42,979.1,66.6,5.856052671011184,117.89321933774228,91.28808888027083,64.34393666673714,96.37147318084658,21.861975407733723,12.617319430222466,5.423282708369484,15.584164899034562,5.856052671011184,2.82451717814547,1.9855244039372624,3.2598188413906968
2026-09-28 06:00:00,EP152026(2),13,2026-10-09 06:00:00,11 days 00:00:00,264,24.51,148.84,977.5,72.0,1.918073367976703,136.7506696393761,109.79629622771373,89.42049116950705,113.47587545934188,40.07670195313606,28.636646073001582,19.53755111580418,30.38617001022425,10.409976007388334,8.431658027234235,6.649393623131118,9.26253789009236
2026-09-28 06:00:00,EP152026(2),13,2026-10-09 12:00:00,11 days 06:00:00,270,24.6,147.58,969.7,82.4,25.461139298620115,101.4886998443571,55.72742415767704,50.24630438091022,101.20425917086288,62.41589982837203,47.09941356972317,35.94878380486206,53.540448209826,37.22485030713054,30.7392900171898,25.41947060546697,32.639460363622966
2026-09-28 06:00:00,EP152026(2),13,2026-10-09 18:00:00,11 days 12:00:00,276,24.63,146.36,980.2,69.3,26.876614140860283,124.57290457135036,91.658578838935,74.39762677122349,107.3648899718046,26.876614140860283,2.6306159098048028,0.0,5.343554091764972,26.876614140860283,0.0,0.0,0.0
2026-09-28 06:00:00,EP152026(2),13,2026-10-10 00:00:00,11 days 18:00:00,282,25.03,145.01,990.2,47.5,23.25412011257136,60.5032830623117,44.97016406157799,24.51273230863232,47.6622450708447,0.0,0.0,0.0,0.0,0.0,0.0,0.0,0.0
2026-09-28 06:00:00,EP152026(2),13,2026-10-10 06:00:00,12 days 00:00:00,288,24.82,143.84,988.9,45.6,15.30887940080746,166.56853703490447,135.25657574890087,104.97722046456204,137.93990754237504,0.0,0.0,0.0,0.0,0.0,0.0,0.0,0.0
2026-09-28 06:00:00,EP152026(2),13,2026-10-10 12:00:00,12 days 06:00:00,294,24.67,142.58,1002.7,29.1,55.53246511512066,0.0,0.0,0.0,0.0,0.0,0.0,0.0,0.0,0.0,0.0,0.0,0.0
2026-09-28 06:00:00,EP152026(2),13,2026-10-10 18:00:00,12 days 12:00:00,300,24.58,141.6,1003.9,25.3,152.53812693894463,0.0,0.0,0.0,0.0,0.0,0.0,0.0,0.0,0.0,0.0,0.0,0.0
2026-09-28 06:00:00,EP152026(2),13,2026-10-11 00:00:00,12 days 18:00:00,306,23.57,141.31,1003.2,28.2,57.471391166346,0.0,0.0,0.0,0.0,0.0,0.0,0.0,0.0,0.0,0.0,0.0,0.0
2026-09-28 06:00:00,EP152026(2),13,2026-10-11 06:00:00,13 days 00:00:00,312,23.01,141.04,1003.5,20.7,86.16937043114058,0.0,0.0,0.0,0.0,0.0,0.0,0.0,0.0,0.0,0.0,0.0,0.0
2026-09-28 06:00:00,EP152026(2),13,2026-10-11 12:00:00,13 days 06:00:00,318,22.33,140.37,1004.7,15.7,53.51426009434408,0.0,0.0,0.0,0.0,0.0,0.0,0.0,0.0,0.0,0.0,0.0,0.0
2026-09-28 06:00:00,EP152026(2),13,2026-10-11 18:00:00,13 days 12:00:00,324,21.52,141.13,1004.5,15.6,85.7716628255479,0.0,0.0,0.0,0.0,0.0,0.0,0.0,0.0,0.0,0.0,0.0,0.0
2026-09-28 06:00:00,EP152026(2),13,2026-10-12 00:00:00,13 days 18:00:00,330,21.38,141.36,1006.3,18.4,116.12141829193511,0.0,0.0,0.0,0.0,0.0,0.0,0.0,0.0,0.0,0.0,0.0,0.0
2026-09-28 06:00:00,EP152026(2),13,2026-10-12 06:00:00,14 days 00:00:00,336,21.04,141.43,1004.4,18.6,63.579447545131885,0.0,0.0,0.0,0.0,0.0,0.0,0.0,0.0,0.0,0.0,0.0,0.0
2026-09-28 06:00:00,EP152026(2),13,2026-10-12 12:00:00,14 days 06:00:00,342,20.74,141.32,1006.4,17.8,37.464168548956046,0.0,0.0,0.0,0.0,0.0,0.0,0.0,0.0,0.0,0.0,0.0,0.0
2026-09-28 06:00:00,EP152026(2),13,2026-10-12 18:00:00,14 days 12:00:00,348,20.7,141.2,1003.8,17.8,57.34369485261245,0.0,0.0,0.0,0.0,0.0,0.0,0.0,0.0,0.0,0.0,0.0,0.0
2026-09-28 06:00:00,EP152026(2),13,2026-10-13 00:00:00,14 days 18:00:00,354,20.78,140.62,1006.9,11.5,108.5769066355728,0.0,0.0,0.0,0.0,0.0,0.0,0.0,0.0,0.0,0.0,0.0,0.0
2026-09-28 06:00:00,EP152026(2),13,2026-10-13 06:00:00,15 days 00:00:00,360,21.1,140.21,1005.7,17.7,97.72729330298792,0.0,0.0,0.0,0.0,0.0,0.0,0.0,0.0,0.0,0.0,0.0,0.0
2026-09-28 06:00:00,EP172026,13,2026-09-28 06:00:00,0 days 00:00:00,0,23.2,-114.0,955.0,105.0,28.0,167.0,148.0,148.0,148.0,102.0,93.0,83.0,83.0,65.0,65.0,65.0,65.0
2026-09-28 06:00:00,EP172026,13,2026-09-28 12:00:00,0 days 06:00:00,6,23.9,-113.71,953.3,105.9,25.593427933166254,207.1462897357394,244.11291132429145,144.77530800782483,141.47720716522008,89.21137930212831,90.20824384377444,58.03941228885088,63.437585901050056,46.26011955840335,42.37022815690392,31.69983440987002,36.63141419366423
2026-09-28 06:00:00,EP172026,13,2026-09-28 18:00:00,0 days 12:00:00,12,24.68,-113.39,957.8,98.9,33.045976306847336,160.73344794000084,197.92317568426589,113.0395242982525,109.2339989627894,65.47427880048787,67.9439282115705,43.19856886445443,46.13362519147535,44.29945954848362,40.27320136814556,30.740447825340752,34.87902545203802
2026-09-28 06:00:00,EP172026,13,2026-09-29 00:00:00,0 days 18:00:00,18,25.31,-112.89,979.0,71.9,55.00927047927419,134.83794183520422,160.33240567792245,79.86255185671256,86.15283915095723,55.00927047927419,55.00927047927419,30.831675154528583,30.343679877687048,55.00927047927419,28.26576152347224,21.508926751074604,21.692433219105094
2026-09-28 06:00:00,EP172026,13,2026-09-29 06:00:00,1 days 00:00:00,24,26.09,-112.23,975.1,75.1,66.83973979569834,177.81361058378113,171.53892707047595,123.51727072496756,132.68423858048445,66.83973979569834,66.83973979569834,13.184376018087884,12.121319278327665,1.0784047308407847,66.83973979569834,0.7675286950745818,0.0834681871389761
2026-09-28 06:00:00,EP172026,13,2026-09-29 12:00:00,1 days 06:00:00,30,26.76,-111.78,981.2,64.8,0.0,192.78902071443332,200.22202403612243,142.1997486032712,147.43178549556396,77.37457660715904,73.6983874499357,51.36614085718093,56.6340227139663,26.021094880582595,24.88488937053155,18.319543759363835,20.91818193764537
2026-09-28 06:00:00,EP172026,13,2026-09-29 18:00:00,1 days 12:00:00,36,28.46,-109.87,998.2,34.8,26.006456462515345,19.018864341342915,32.26473992458193,21.96436838798145,12.9106815152268,0.0,0.0,0.0,0.0,0.0,0.0,0.0,0.0
2026-09-28 06:00:00,EP182026,13,2026-09-28 06:00:00,0 days 00:00:00,0,13.2,-100.0,1001.0,41.0,93.0,222.0,185.0,148.0,222.0,0.0,0.0,0.0,0.0,0.0,0.0,0.0,0.0
2026-09-28 06:00:00,EP182026,13,2026-09-28 12:00:00,0 days 06:00:00,6,13.4,-100.6,998.9,46.3,96.63719293298252,96.63719293298252,25.81581415310916,12.9792885971503,28.46763556845483,0.0,0.0,0.0,0.0,0.0,0.0,0.0,0.0
2026-09-28 06:00:00,EP182026,13,2026-09-28 18:00:00,0 days 12:00:00,12,13.53,-101.85,992.8,57.5,68.48664022414232,171.21648648068367,147.3690474130999,105.56284443358165,132.1958073255446,68.48664022414232,14.881784062300085,6.784519484139082,13.801742241322245,0.0,0.0,0.0,0.0
2026-09-28 06:00:00,EP182026,13,2026-09-29 00:00:00,0 days 18:00:00,18,14.21,-102.67,994.9,49.5,50.38254927289661,212.24692174815556,176.8314480633206,128.75246496883588,168.4054765635064,0.0,0.0,0.0,0.0,0.0,0.0,0.0,0.0
2026-09-28 06:00:00,EP182026,13,2026-09-29 06:00:00,1 days 00:00:00,24,14.72,-103.92,990.1,60.7,70.05069446914737,185.05624654761493,147.88857725037883,111.4140613820829,146.10356295607687,70.05069446914737,21.55290533167087,12.036503602708962,21.5785977792684,0.0,0.0,0.0,0.0
2026-09-28 06:00:00,EP182026,13,2026-09-29 12:00:00,1 days 06:00:00,30,14.79,-104.71,1000.6,45.3,51.81044248165211,162.6484932850353,135.48701724794938,88.55130500399999,125.1936198538766,0.0,0.0,0.0,0.0,0.0,0.0,0.0,0.0
2026-09-28 06:00:00,EP182026,13,2026-09-29 18:00:00,1 days 12:00:00,36,16.1,-105.83,995.3,50.3,70.81813023695875,70.81813023695875,22.34089163356518,1.7337126783895285,16.457201948851626,70.81813023695875,0.0,0.0,0.0,0.0,0.0,0.0,0.0
2026-09-28 06:00:00,EP182026,13,2026-09-30 00:00:00,1 days 18:00:00,42,16.56,-106.83,992.6,51.2,40.348712215440166,40.348712215440166,22.16982453926846,8.953110344830627,23.29794725015468,40.348712215440166,0.0,0.0,0.0,0.0,0.0,0.0,0.0
2026-09-28 06:00:00,EP182026,13,2026-09-30 06:00:00,2 days 00:00:00,48,17.02,-107.68,989.8,49.8,64.67307408401638,381.3197853124199,360.624703055624,304.7062531214854,330.58956374044703,0.0,0.0,0.0,0.0,0.0,0.0,0.0,0.0
2026-09-28 06:00:00,EP182026,13,2026-09-30 12:00:00,2 days 06:00:00,54,17.9,-108.31,993.1,53.6,46.995469418287726,267.2730643502352,241.50630479511292,194.1470225024888,222.2835231307656,50.83632659427286,42.50219815357988,27.893666456867276,35.86348564159728,0.0,0.0,0.0,0.0
2026-09-28 06:00:00,EP182026,13,2026-09-30 18:00:00,2 days 12:00:00,60,18.28,-108.23,983.4,71.9,32.064032473382774,112.7840642006355,98.38226543783033,67.56432275337097,84.34727620706057,32.064032473382774,7.627406031022463,4.564812235568912,32.064032473382774,0.0,0.0,0.1457678725553282,32.064032473382774
2026-09-28 06:00:00,EP182026,13,2026-10-01 00:00:00,2 days 18:00:00,66,18.8,-108.64,990.5,59.7,28.65497720088128,169.39137248793006,142.106959220275,111.87336504319124,141.4363845626527,33.06473190070024,21.865164606617935,12.369439474515728,23.026594828994767,0.0,0.0,0.0,0.0
2026-09-28 06:00:00,EP182026,13,2026-10-01 06:00:00,3 days 00:00:00,72,19.28,-109.21,983.1,61.9,34.408440104381974,187.41435442336956,154.15550192857054,114.82786801562528,145.73620533319263,59.63029763304174,45.75532707379136,32.305173455060896,45.93251363557573,0.0,0.0,0.0,0.0
2026-09-28 06:00:00,EP182026,13,2026-10-01 12:00:00,3 days 06:00:00,78,19.45,-109.28,983.6,62.8,62.50769555096775,183.16939511292043,165.02057969417103,132.2536965668691,150.55286764039477,62.50769555096775,28.967814833255773,17.489911293711074,26.553942712258497,0.0,0.0,0.0,0.0
2026-09-28 06:00:00,EP182026,13,2026-10-01 18:00:00,3 days 12:00:00,84,19.52,-109.72,986.0,64.2,57.59362923024975,137.88943959724276,128.75362882800573,107.64793049088767,109.41217434100147,57.59362923024975,10.867662163343658,6.917416556718597,6.894152364772851,57.59362923024975,0.0,0.0,0.0
2026-09-28 06:00:00,EP182026,13,2026-10-02 00:00:00,3 days 18:00:00,90,19.39,-109.87,989.2,63.0,41.37230737836581,131.02565769002103,145.3386785865948,123.27237081927991,123.29721331867538,64.15402319305429,59.676739234217735,47.380888562588126,52.10484585788596,0.0,0.0,0.0,0.0
2026-09-28 06:00:00,EP182026,13,2026-10-02 06:00:00,4 days 00:00:00,96,19.38,-109.66,984.3,50.4,75.45661535347148,107.4629998317439,106.54792759119822,91.78908659908616,97.68980786241278,0.0,0.0,0.0,75.45661535347148,0.0,0.0,0.0,0.0
2026-09-28 06:00:00,EP182026,13,2026-10-02 12:00:00,4 days 06:00:00,102,19.67,-109.89,979.5,66.7,47.00446360331295,143.32215753163086,127.4084396745383,118.34696090918688,134.29757885198222,89.24407053803625,76.56463675586413,62.71657611117243,77.51444380209792,47.00446360331295,34.474272507784455,27.52076490648278,33.965810962521346
2026-09-28 06:00:00,EP182026,13,2026-10-02 18:00:00,4 days 12:00:00,108,19.44,-110.23,982.7,63.4,35.03632426223814,163.24000079123795,150.13069844041377,136.81434890549974,160.30699567958962,37.27371107480957,27.173077412950963,20.961612756490663,31.90973795400913,0.0,0.0,0.0,0.0
2026-09-28 06:00:00,EP182026,13,2026-10-03 00:00:00,4 days 18:00:00,114,19.58,-110.69,987.3,60.4,35.859163267157555,160.97584794649163,144.51028035912242,131.00617131932336,145.0674359561401,46.323783942762034,38.49965991367729,27.245352055418778,36.85113075581766,0.0,0.0,0.0,0.0
2026-09-28 06:00:00,EP182026,13,2026-10-03 06:00:00,5 days 00:00:00,120,19.56,-110.95,989.6,59.9,39.91843302529706,162.64958375416754,144.7385559952762,123.25902381347076,144.07865520779296,39.91843302529706,27.475917253464186,17.691483895782405,23.01222201065417,0.0,0.0,0.0,0.0
2026-09-28 06:00:00,EP182026,13,2026-10-03 12:00:00,5 days 06:00:00,126,19.5,-111.36,983.0,70.4,48.35496685920946,109.42704391485984,101.19728773031866,98.37223412139797,106.26321040318568,55.68495233305074,45.81899681771682,39.30097623239856,49.4476737941515,48.35496685920946,23.046853225851446,19.041139043172223,23.73887861438832
2026-09-28 06:00:00,EP182026,13,2026-10-03 18:00:00,5 days 12:00:00,132,19.6,-111.63,985.0,65.8,30.71140382652799,156.27670878987985,150.32275947038693,124.75500023590412,134.7919886284836,46.73601033557887,38.4449026684683,25.569301743674647,35.52573718265455,30.71140382652799,7.969252201788405,4.459493929453878,6.9876031495890825
2026-09-28 06:00:00,EP182026,13,2026-10-04 00:00:00,5 days 18:00:00,138,19.56,-111.78,974.1,75.0,36.56662132475441,136.65961772992165,99.9222609563882,64.69906088389655,112.05852193015646,84.97894788793464,67.44229583759082,52.618904278264736,72.86024824816899,48.87519767285451,41.52616459678627,33.03237935694634,41.6476280387143
2026-09-28 06:00:00,EP182026,13,2026-10-04 06:00:00,6 days 00:00:00,144,19.86,-111.84,972.9,78.7,4.638442092150854,175.67694579936642,150.84521146826728,129.31100026366016,152.66136622797694,93.24858379440413,78.5454143496545,62.20622850480379,79.02224880517406,38.07610982807887,33.24218631699523,25.972462895837964,32.905261968461105
2026-09-28 06:00:00,EP182026,13,2026-10-04 12:00:00,6 days 06:00:00,150,20.19,-112.2,972.7,85.5,23.10551068504367,138.56015241986736,129.07886784967684,93.27687149702253,112.20618526731565,52.67999917772868,43.43985967013407,30.95074102184139,42.18326566156428,24.600866978528117,21.439355587222156,15.71028290640662,20.624200109160995
2026-09-28 06:00:00,EP182026,13,2026-10-04 18:00:00,6 days 12:00:00,156,20.31,-112.97,990.6,54.2,18.89750971652693,137.54502210402427,143.92390664310682,96.53659825214666,107.70689583269098,18.89750971652693,7.363226969500157,1.6840532044809522,3.3748281164425147,0.0,0.0,0.0,0.0
2026-09-28 06:00:00,EP182026,13,2026-10-05 00:00:00,6 days 18:00:00,162,20.48,-113.03,996.2,44.9,74.67796685161724,74.67796685161724,17.00620159675092,9.18529981884221,19.12042832467781,0.0,0.0,0.0,0.0,0.0,0.0,0.0,0.0
2026-09-28 06:00:00,EP182026,13,2026-10-05 06:00:00,7 days 00:00:00,168,20.87,-113.56,995.9,35.6,39.73178851381903,126.58255728228366,111.0773557143188,81.68992047156114,111.47726266465264,0.0,0.0,0.0,0.0,0.0,0.0,0.0,0.0
2026-09-28 06:00:00,EP182026,13,2026-10-05 12:00:00,7 days 06:00:00,174,20.76,-113.91,996.4,44.2,41.33867197880242,113.90366836524186,92.4965697325198,62.96023068324644,90.6327621529681,0.0,0.0,0.0,0.0,0.0,0.0,0.0,0.0
2026-09-28 06:00:00,EP182026,13,2026-10-05 18:00:00,7 days 12:00:00,180,20.92,-114.71,999.3,37.5,41.41020324440158,41.41020324440158,19.23409896757468,7.010526748053426,24.62255136202502,0.0,0.0,0.0,0.0,0.0,0.0,0.0,0.0
2026-09-28 06:00:00,EP182026,13,2026-10-06 00:00:00,7 days 18:00:00,186,21.11,-115.22,996.0,40.9,36.33450094083933,36.33450094083933,21.371798164611327,3.773019647472864,16.47253658409087,0.0,0.0,0.0,0.0,0.0,0.0,0.0,0.0
2026-09-28 06:00:00,EP182026,13,2026-10-06 06:00:00,8 days 00:00:00,192,21.36,-115.93,995.3,50.4,22.70170210395377,119.58243199273082,96.2252455392744,70.091253870579,99.96729219325616,22.70170210395377,10.223017004917484,4.053618931210623,11.126025991090636,0.0,0.0,0.0,0.0
2026-09-28 06:00:00,EP182026,13,2026-10-06 12:00:00,8 days 06:00:00,198,21.45,-116.87,991.7,53.5,19.30520632389176,160.17532142894893,130.51403950727754,90.30314099616568,135.71664665698952,31.673309748516388,21.218818020518825,9.843049438251269,22.51979022316246,0.0,0.0,0.0,0.0
2026-09-28 06:00:00,EP182026,13,2026-10-06 18:00:00,8 days 12:00:00,204,21.42,-117.8,990.6,57.4,20.405324874431773,174.8511864753483,138.71479040859032,109.85931508763288,147.08948711090522,30.823120371449964,21.716693730166625,12.2431663735776,22.922999363904253,0.0,0.0,0.0,0.0
2026-09-28 06:00:00,EP182026,13,2026-10-07 00:00:00,8 days 18:00:00,210,21.33,-119.11,992.0,55.3,35.96792718701563,148.47503907412477,115.38537179846752,88.76641610683612,120.64976353524406,35.96792718701563,9.776685420294063,4.325970516230787,11.585486159214746,0.0,0.0,0.0,0.0
2026-09-28 06:00:00,EP182026,13,2026-10-07 06:00:00,9 days 00:00:00,216,21.41,-120.34,994.7,51.8,31.96581508373739,93.10584667602156,70.54103291275834,49.07441338453058,74.69514379231768,31.96581508373739,0.5594982186389839,0.0,2.736259284998291,0.0,0.0,0.0,0.0
2026-09-28 06:00:00,EP182026,13,2026-10-07 12:00:00,9 days 06:00:00,222,21.42,-121.6,993.8,50.4,38.82969789214148,74.73381483060763,50.01441989082534,34.88638103417286,67.89330888551562,38.82969789214148,0.0,0.0,2.572427219112861,0.0,0.0,0.0,0.0
2026-09-28 06:00:00,EP182026,13,2026-10-07 18:00:00,9 days 12:00:00,228,21.22,-122.47,994.2,47.7,50.64440670857204,50.64440670857204,25.21200467821191,17.310169700039523,41.32462806888219,0.0,0.0,0.0,0.0,0.0,0.0,0.0,0.0
2026-09-28 06:00:00,EP182026,13,2026-10-08 00:00:00,9 days 18:00:00,234,21.33,-123.66,997.6,44.9,48.010560457054616,119.67882680519924,89.5093120132612,69.54427512033148,99.36228477397044,0.0,0.0,0.0,0.0,0.0,0.0,0.0,0.0
2026-09-28 06:00:00,EP182026,13,2026-10-08 06:00:00,10 days 00:00:00,240,20.98,-124.64,1001.3,43.3,35.60898296256498,22.65903964273749,3.1438201911662453,10.202095606488966,35.60898296256498,0.0,0.0,0.0,0.0,0.0,0.0,0.0,0.0
2026-09-28 06:00:00,EP182026,13,2026-10-08 12:00:00,10 days 06:00:00,246,20.83,-125.62,999.6,41.9,59.73169023136086,59.73169023136086,21.88487102467116,13.24409361568999,30.38736236889784,0.0,0.0,0.0,0.0,0.0,0.0,0.0,0.0
2026-09-28 06:00:00,EP182026,13,2026-10-08 18:00:00,10 days 12:00:00,252,20.34,-126.69,1001.1,37.8,55.54545448143091,55.54545448143091,15.265438996213632,9.315841176541866,23.262056019122383,0.0,0.0,0.0,0.0,0.0,0.0,0.0,0.0
2026-09-28 06:00:00,EP182026,13,2026-10-09 00:00:00,10 days 18:00:00,258,19.88,-127.22,1000.4,41.1,34.18694029536603,34.18694029536603,9.262980198286602,9.337786739154671,24.451259269519813,0.0,0.0,0.0,0.0,0.0,0.0,0.0,0.0
2026-09-28 06:00:00,EP182026,13,2026-10-09 06:00:00,11 days 00:00:00,264,19.29,-127.8,998.5,41.9,38.74320504011841,39.71094172640164,22.87365347699833,23.10869390642252,42.53135288695698,0.0,0.0,0.0,0.0,0.0,0.0,0.0,0.0
2026-09-28 06:00:00,EP182026,13,2026-10-09 12:00:00,11 days 06:00:00,270,19.15,-128.08,999.0,46.4,47.420300203336346,66.72925298691817,55.76509344405478,36.96000667848924,58.50715318751477,0.0,0.0,0.0,0.0,0.0,0.0,0.0,0.0
2026-09-28 06:00:00,EP182026,13,2026-10-09 18:00:00,11 days 12:00:00,276,19.26,-128.1,996.9,44.6,62.53863033753161,62.53863033753161,9.567243072599908,2.102532946153847,9.349260779429788,0.0,0.0,0.0,0.0,0.0,0.0,0.0,0.0
2026-09-28 06:00:00,EP182026,13,2026-10-10 00:00:00,11 days 18:00:00,282,19.43,-127.85,993.1,49.6,32.07461752300904,129.99327967945337,126.9130747377085,86.4941740378961,95.80440246464605,0.0,0.0,0.0,0.0,0.0,0.0,0.0,0.0
2026-09-28 06:00:00,EP182026,13,2026-10-10 06:00:00,12 days 00:00:00,288,19.98,-127.56,993.5,52.3,38.39191228634319,187.5460341586464,199.3233839108605,155.97952749126452,155.67474730394187,36.0595616509285,38.39191228634319,23.925126341201867,25.69670538648747,0.0,0.0,0.0,0.0
2026-09-28 06:00:00,EP182026,13,2026-10-10 12:00:00,12 days 06:00:00,294,20.67,-127.39,992.3,56.6,34.311777435440575,145.8858726067292,146.1182005767431,99.85981463908638,123.62326419029124,42.80765758386689,38.004665597967,26.64354149873573,32.868631272496145,0.0,0.0,0.0,0.0
2026-09-28 06:00:00,EP182026,13,2026-10-10 18:00:00,12 days 12:00:00,300,20.95,-126.44,990.1,58.3,80.2747837184063,80.2747837184063,80.2747837184063,41.76584051643751,43.735447072863536,0.0412872996282516,80.2747837184063,0.0,0.0,0.0,0.0,0.0,0.0
2026-09-28 06:00:00,EP182026,13,2026-10-11 00:00:00,12 days 18:00:00,306,21.78,-125.66,994.4,45.1,55.55085028239517,174.20749659704,157.33474824412855,112.78526252043022,122.00517998548082,0.0,0.0,0.0,0.0,0.0,0.0,0.0,0.0
2026-09-28 06:00:00,EP182026,13,2026-10-11 06:00:00,13 days 00:00:00,312,22.32,-125.08,1000.6,38.6,88.4847231625487,88.4847231625487,41.452293969739934,13.581661647057656,26.086778324358832,0.0,0.0,0.0,0.0,0.0,0.0,0.0,0.0
2026-09-28 06:00:00,EP182026,13,2026-10-11 12:00:00,13 days 06:00:00,318,23.22,-124.05,998.0,34.6,41.9200725783265,8.698854339965592,41.9200725783265,3.9928643704062665,0.8943421207070195,0.0,0.0,0.0,0.0,0.0,0.0,0.0,0.0
2026-09-28 06:00:00,EP182026,13,2026-10-11 18:00:00,13 days 12:00:00,324,24.05,-123.44,1000.3,33.7,94.90098383887737,0.0,0.0,0.0,0.0,0.0,0.0,0.0,0.0,0.0,0.0,0.0,0.0
2026-09-28 06:00:00,EP182026,13,2026-10-12 00:00:00,13 days 18:00:00,330,25.36,-122.97,1004.5,24.5,137.1149258543628,0.0,0.0,0.0,0.0,0.0,0.0,0.0,0.0,0.0,0.0,0.0,0.0
2026-09-28 06:00:00,EP182026,13,2026-10-12 06:00:00,14 days 00:00:00,336,26.58,-122.18,1002.6,23.7,71.29100088814589,0.0,0.0,0.0,0.0,0.0,0.0,0.0,0.0,0.0,0.0,0.0,0.0
2026-09-28 06:00:00,EP182026,13,2026-10-12 12:00:00,14 days 06:00:00,342,28.05,-121.97,1004.4,26.1,54.53850378514949,0.0,0.0,0.0,0.0,0.0,0.0,0.0,0.0,0.0,0.0,0.0,0.0
2026-09-28 06:00:00,EP182026,13,2026-10-12 18:00:00,14 days 12:00:00,348,29.2,-121.95,1003.5,29.2,131.24658581116472,0.0,0.0,0.0,0.0,0.0,0.0,0.0,0.0,0.0,0.0,0.0,0.0
2026-09-28 06:00:00,EP182026,13,2026-10-13 00:00:00,14 days 18:00:00,354,30.82,-120.19,1002.5,31.3,159.6234724647923,0.0,0.0,0.0,0.0,0.0,0.0,0.0,0.0,0.0,0.0,0.0,0.0
2026-09-28 06:00:00,EP912026(3),13,2026-09-28 06:00:00,0 days 00:00:00,0,12.7,-136.6,1005.0,29.0,93.0,0.0,0.0,0.0,0.0,0.0,0.0,0.0,0.0,0.0,0.0,0.0,0.0
2026-09-28 06:00:00,WP252026,13,2026-09-28 06:00:00,0 days 00:00:00,0,27.5,131.6,954.0,99.0,9.0,148.0,158.0,148.0,121.0,,,,,,,,
2026-09-28 06:00:00,WP252026,13,2026-09-28 12:00:00,0 days 06:00:00,6,27.35,132.51,982.3,64.3,53.49053888764422,185.8898167331309,194.4492324479492,147.69766105974531,127.85381873442792,23.69833552838824,53.49053888764422,16.389561301323127,14.988375755280336,0.0,53.49053888764422,0.2401781832535245,0.0
2026-09-28 06:00:00,WP252026,13,2026-09-28 18:00:00,0 days 12:00:00,12,28.14,133.41,990.3,58.8,56.30554571311728,182.71917111270585,181.7514143802825,136.41009925709858,126.78595341585851,20.320641250042065,56.30554571311728,12.79512923805611,13.50798304104239,0.0,0.0,0.0,0.0
2026-09-28 06:00:00,WP252026,13,2026-09-29 00:00:00,0 days 18:00:00,18,28.56,134.19,989.7,58.7,54.150109751053975,195.31591581316343,192.6372198292254,151.57212157025742,156.2110672390279,54.44559833998844,50.31172364510621,33.57836118891137,40.18213122683949,0.0,0.0,0.0,0.0
2026-09-28 06:00:00,WP252026,13,2026-09-29 06:00:00,1 days 00:00:00,24,29.33,135.02,996.5,38.1,69.69249775003067,69.69249775003067,38.03685010026936,13.405177338356523,22.51993927406048,0.0,0.0,0.0,0.0,0.0,0.0,0.0,0.0
2026-09-28 06:00:00,WP252026,13,2026-09-29 12:00:00,1 days 06:00:00,30,30.02,136.0,1000.1,35.9,76.90334125913239,76.90334125913239,9.446018850683174,0.0,0.0,0.0,0.0,0.0,0.0,0.0,0.0,0.0,0.0
2026-09-28 06:00:00,WP252026,13,2026-09-29 18:00:00,1 days 12:00:00,36,30.92,137.15,1001.2,36.3,49.05677864448556,69.82832895123555,79.85045396255008,52.56783287250977,52.59657455948207,0.0,0.0,0.0,0.0,0.0,0.0,0.0,0.0
2026-09-28 06:00:00,WP252026,13,2026-09-30 00:00:00,1 days 18:00:00,42,31.61,138.59,1002.1,29.6,35.15804974625859,0.0,0.0,0.0,0.0,0.0,0.0,0.0,0.0,0.0,0.0,0.0,0.0
2026-09-28 06:00:00,WP252026,13,2026-09-30 06:00:00,2 days 00:00:00,48,32.65,140.29,996.0,38.7,117.2833056308167,117.2833056308167,14.37324282464391,4.150830505703276,3.1493545848314,0.0,0.0,0.0,0.0,0.0,0.0,0.0,0.0
2026-09-28 06:00:00,WP252026,13,2026-09-30 12:00:00,2 days 06:00:00,54,33.51,141.96,997.4,40.4,84.64748897879474,84.64748897879474,21.16559889236464,5.918615943590424,5.3781482778445024,0.0,0.0,0.0,0.0,0.0,0.0,0.0,0.0
2026-09-28 06:00:00,WP252026,13,2026-09-30 18:00:00,2 days 12:00:00,60,34.88,143.55,999.9,37.3,57.75559980169486,76.23381703804601,72.79314387453658,40.518988384366935,50.57807992335492,0.0,0.0,0.0,0.0,0.0,0.0,0.0,0.0
2026-09-28 06:00:00,WP252026,13,2026-10-01 00:00:00,2 days 18:00:00,66,36.15,145.31,992.8,38.1,68.60715494438182,12.706714725614802,68.60715494438182,5.507696464788751,0.0,0.0,0.0,0.0,0.0,0.0,0.0,0.0,0.0
2026-09-28 06:00:00,WP252026,13,2026-10-01 06:00:00,3 days 00:00:00,72,37.36,146.93,997.9,26.2,149.22920944625082,0.0,0.0,0.0,0.0,0.0,0.0,0.0,0.0,0.0,0.0,0.0,0.0
2026-09-28 06:00:00,WP252026,13,2026-10-01 12:00:00,3 days 06:00:00,78,38.07,149.27,998.6,35.3,160.03466633639528,0.0,160.03466633639528,0.0,0.0,0.0,0.0,0.0,0.0,0.0,0.0,0.0,0.0
2026-09-28 06:00:00,WP252026,13,2026-10-01 18:00:00,3 days 12:00:00,84,40.29,152.83,1000.5,29.2,187.37111835756525,0.0,0.0,0.0,0.0,0.0,0.0,0.0,0.0,0.0,0.0,0.0,0.0
2026-09-28 06:00:00,WP252026,13,2026-10-02 00:00:00,3 days 18:00:00,90,42.8,157.74,991.2,38.1,53.54937129249856,53.54937129249856,0.0,0.0,0.0,0.0,0.0,0.0,0.0,0.0,0.0,0.0,0.0
2026-09-28 06:00:00,WP252026,13,2026-10-02 06:00:00,4 days 00:00:00,96,43.13,163.14,1001.5,29.0,180.4189250395896,0.0,0.0,0.0,0.0,0.0,0.0,0.0,0.0,0.0,0.0,0.0,0.0
2026-09-28 06:00:00,WP922026(4),13,2026-09-28 06:00:00,0 days 00:00:00,0,16.4,97.6,1001.0,29.0,64.0,0.0,0.0,0.0,0.0,0.0,0.0,0.0,0.0,0.0,0.0,0.0,0.0
2026-09-28 06:00:00,WP922026(4),13,2026-09-28 12:00:00,0 days 06:00:00,6,17.67,97.21,1003.4,27.8,102.75788226379358,0.0,0.0,0.0,0.0,0.0,0.0,0.0,0.0,0.0,0.0,0.0,0.0
2026-09-28 06:00:00,WP922026(4),13,2026-09-28 18:00:00,0 days 12:00:00,12,18.62,96.94,1007.4,23.9,81.57581100054253,0.0,0.0,0.0,0.0,0.0,0.0,0.0,0.0,0.0,0.0,0.0,0.0
2026-09-28 06:00:00,WP922026(4),13,2026-09-29 00:00:00,0 days 18:00:00,18,19.8,95.98,1006.9,26.5,81.63837489715877,0.0,0.0,0.0,0.0,0.0,0.0,0.0,0.0,0.0,0.0,0.0,0.0
2026-09-28 06:00:00,0,14,2026-09-28 12:00:00,0 days 06:00:00,6,15.17,155.56,1005.8,24.4,104.98382672405305,0.0,0.0,0.0,0.0,0.0,0.0,0.0,0.0,0.0,0.0,0.0,0.0
2026-09-28 06:00:00,0,14,2026-09-28 18:00:00,0 days 12:00:00,12,15.3,155.06,1006.9,18.7,120.13793236709438,0.0,0.0,0.0,0.0,0.0,0.0,0.0,0.0,0.0,0.0,0.0,0.0
2026-09-28 06:00:00,0,14,2026-09-29 00:00:00,0 days 18:00:00,18,15.61,155.33,1007.5,22.9,62.701355435078085,0.0,0.0,0.0,0.0,0.0,0.0,0.0,0.0,0.0,0.0,0.0,0.0
2026-09-28 06:00:00,0,14,2026-09-29 06:00:00,1 days 00:00:00,24,15.93,154.41,1004.9,26.3,132.99796695694064,0.0,0.0,0.0,0.0,0.0,0.0,0.0,0.0,0.0,0.0,0.0,0.0
2026-09-28 06:00:00,0,14,2026-09-29 12:00:00,1 days 06:00:00,30,15.81,153.61,1003.7,21.3,96.31407983250038,0.0,0.0,0.0,0.0,0.0,0.0,0.0,0.0,0.0,0.0,0.0,0.0
2026-09-28 06:00:00,0,14,2026-09-29 18:00:00,1 days 12:00:00,36,15.68,152.66,1005.6,23.5,132.68012174131087,0.0,0.0,0.0,0.0,0.0,0.0,0.0,0.0,0.0,0.0,0.0,0.0
2026-09-28 06:00:00,0,14,2026-09-30 00:00:00,1 days 18:00:00,42,16.2,152.47,1003.5,29.3,102.65638875389976,0.0,0.0,0.0,0.0,0.0,0.0,0.0,0.0,0.0,0.0,0.0,0.0
2026-09-28 06:00:00,0,14,2026-09-30 06:00:00,2 days 00:00:00,48,16.16,151.32,1000.3,29.7,79.17462026685988,0.0,0.0,0.0,0.0,0.0,0.0,0.0,0.0,0.0,0.0,0.0,0.0
2026-09-28 06:00:00,0,14,2026-09-30 12:00:00,2 days 06:00:00,54,16.43,150.57,1002.6,32.3,91.81582257128888,0.0,0.0,0.0,0.0,0.0,0.0,0.0,0.0,0.0,0.0,0.0,0.0
2026-09-28 06:00:00,0,14,2026-09-30 18:00:00,2 days 12:00:00,60,16.88,149.24,994.6,41.6,60.8914287298563,175.20891052561126,161.119387487111,136.89040879275643,147.79735033186768,0.0,0.0,0.0,0.0,0.0,0.0,0.0,0.0
2026-09-28 06:00:00,0,14,2026-10-01 00:00:00,2 days 18:00:00,66,16.86,148.49,999.4,43.6,63.37381300374044,168.85248316804564,150.0724905238152,118.19812215734676,139.79921638857186,0.0,0.0,0.0,0.0,0.0,0.0,0.0,0.0
2026-09-28 06:00:00,0,14,2026-10-01 06:00:00,3 days 00:00:00,72,16.92,147.33,989.8,60.3,46.52802569072193,151.31994707340223,140.27971237763404,121.10025484156708,126.15051613996424,0.0,46.52802569072193,0.1485966222919845,0.0,0.0,0.0,0.0,0.0
2026-09-28 06:00:00,0,14,2026-10-01 12:00:00,3 days 06:00:00,78,17.21,146.66,983.7,60.9,50.35683506990036,145.58303332105703,134.93070613558575,111.1033734887968,116.89638356260618,50.35683506990036,7.291599439118499,5.050655268405758,7.040356535427744,0.0,0.0,0.0,0.0
2026-09-28 06:00:00,0,14,2026-10-01 18:00:00,3 days 12:00:00,84,17.38,146.29,974.5,73.6,45.21726379025039,256.50491717092655,204.91496855707248,173.92223055782125,209.9888448280016,116.64704065390146,102.3229007433942,80.63402465781554,97.72096911554291,45.21726379025039,16.325462295527696,13.02638944616153,15.083094569540686
2026-09-28 06:00:00,0,14,2026-10-02 00:00:00,3 days 18:00:00,90,17.61,145.96,961.9,96.3,30.458289747435515,254.84510699742668,247.34757820964344,220.46405616931315,222.6342641732008,61.662679052111,63.37053425681052,53.6615440041636,48.20789478198475,5.122619723399666,6.33430530453456,30.458289747435515,4.743728510088481
2026-09-28 06:00:00,0,14,2026-10-02 06:00:00,4 days 00:00:00,96,18.15,145.92,962.4,88.5,38.97366682945496,273.21064980308773,251.61599025543043,197.80084035553895,239.78523988243404,148.50856380005698,135.36965622281969,113.78763824203044,128.63852298042306,65.94845589903272,61.889456686846266,50.74646930447271,57.43334044011776
2026-09-28 06:00:00,0,14,2026-10-02 12:00:00,4 days 06:00:00,102,18.37,145.76,956.1,97.6,62.52646813515014,293.20154672593657,302.82245858864087,255.31637241683555,258.33781255355547,122.21887884299385,121.12871678162666,102.83399682595604,107.0025643631022,62.52646813515014,55.16535321876174,46.95452359680389,48.11637995832553
2026-09-28 06:00:00,0,14,2026-10-02 18:00:00,4 days 12:00:00,108,19.03,146.09,929.8,127.6,19.32052954398731,338.7062579943567,354.77482061207485,306.3545893805689,288.4821372607521,127.56768576125926,131.59075962160415,115.59987724852029,112.59486810416492,63.81557569431334,66.13442253458373,56.72948231873295,56.78059433599989
2026-09-28 06:00:00,0,14,2026-10-03 00:00:00,4 days 18:00:00,114,19.35,146.16,928.4,124.5,33.69492960593658,307.0684314008853,308.77118553853416,260.18810494885577,250.51650010160267,156.78905134035494,153.84756229191174,132.19668654713684,137.98168651927097,91.86299579230362,88.87563971268261,76.27548088849903,81.16626244464075
2026-09-28 06:00:00,0,14,2026-10-03 06:00:00,5 days 00:00:00,120,20.4,146.55,934.4,118.6,48.119167658496906,341.0264715753772,384.6903870918263,319.01962247990593,289.9655816369037,159.5791529538247,172.27350485876417,147.75761230726465,139.70010491770336,80.08792788317814,84.7920858338922,71.37119480631685,71.61267273428595
2026-09-28 06:00:00,0,14,2026-10-03 12:00:00,5 days 06:00:00,126,21.01,146.72,935.9,110.7,29.231436487630717,366.194196727153,394.3622543985898,296.9381878762761,290.25401408758955,206.97580502514165,205.99325209528007,166.78401246333334,174.70425213251306,111.72759779281324,107.91945341586376,90.07776997234905,95.4408312511301
2026-09-28 06:00:00,0,14,2026-10-03 18:00:00,5 days 12:00:00,132,21.92,146.89,938.3,109.1,10.888021740143346,373.1541945390809,380.73280814453614,294.67876545296207,282.1216814649987,105.93413695086716,104.69381394514946,73.57479868598021,80.96225394746064,25.910351760297367,26.511454802847133,20.676874928911428,19.681134050539704
2026-09-28 06:00:00,0,14,2026-10-04 00:00:00,5 days 18:00:00,138,22.63,146.97,923.2,123.4,1.309481876964842,399.9615951937295,398.8403174021551,321.9636694612426,315.1682405359114,177.82241704541366,173.1505243292653,138.5188128358653,144.4119441491734,85.83349335219424,83.91466030143387,69.16530287283929,71.51575006128704
2026-09-28 06:00:00,0,14,2026-10-04 06:00:00,6 days 00:00:00,144,23.5,147.26,928.6,118.9,6.973197413744501,385.9905541781321,424.9021537942916,359.09705754382344,312.43427123278354,196.84702209306656,209.842499805314,174.03000405040348,166.13233195875225,100.24929794964564,102.76831642263318,86.15900662537852,86.12553442139107
2026-09-28 06:00:00,0,14,2026-10-04 12:00:00,6 days 06:00:00,150,24.52,147.11,923.0,122.5,31.348570310257017,435.1819148880677,444.1724063748295,355.6395877937952,371.5549592825748,232.1111477900704,229.6126419412335,189.4487395708109,201.2271124760537,123.9906129239762,119.9359944095088,100.92464413972156,106.97557819259202
2026-09-28 06:00:00,0,14,2026-10-04 18:00:00,6 days 12:00:00,156,25.8,146.65,914.4,132.4,34.389532941345394,519.123776054475,513.5839160276425,421.1136926251895,453.2364034779893,268.7112824274287,267.8274949266428,227.4007603001373,238.2656287720491,150.055002684949,145.66751248471394,122.54409388026232,132.01674975049514
2026-09-28 06:00:00,0,14,2026-10-05 00:00:00,6 days 18:00:00,162,26.68,146.01,918.9,122.5,4.320462237505719,442.72263166461136,424.8482230570324,347.2350105864284,363.7287626159484,209.66498907006215,195.74884573590725,152.03595764695172,175.5650366151087,87.82821633341607,81.47571227086793,65.67929460005445,74.37849830632439
2026-09-28 06:00:00,0,14,2026-10-05 06:00:00,7 days 00:00:00,168,27.6,145.93,919.1,123.1,0.0,407.4558299235781,415.3324140230173,341.8729685562501,332.4275418276701,207.82726214288016,206.94961730710665,169.7817737022507,179.36895051293584,112.02678210704627,108.70854576643896,90.65402022780222,96.13610928359196
2026-09-28 06:00:00,0,14,2026-10-05 12:00:00,7 days 06:00:00,174,28.59,146.22,920.5,128.5,6.441515535184376,475.1580750714418,496.6732440733104,401.0441844702264,406.7529166848202,220.60242855156196,225.19345956568137,194.9328774155377,193.71760739469772,130.48516774975587,131.4578726696249,111.1155924462094,114.06755639796296
2026-09-28 06:00:00,0,14,2026-10-05 18:00:00,7 days 12:00:00,180,30.08,146.81,921.8,120.1,17.939233008520244,401.0412167874504,444.2356377170052,376.64945353976447,327.39367916653714,198.2715731445449,209.70861276941517,173.10776934982948,168.44768195170064,100.52413226634476,101.90604850854636,85.1370185959737,87.98773093111774
2026-09-28 06:00:00,0,14,2026-10-06 00:00:00,7 days 18:00:00,186,32.12,148.18,946.1,99.6,31.949919951788416,363.6363732219779,388.9604771911902,315.07274345733583,289.6742738954333,127.9878559682777,136.51395820533128,108.96906675304392,105.13891563116576,37.24363229796826,40.201993210638165,33.411996846112935,31.391343591392555
2026-09-28 06:00:00,0,14,2026-10-06 06:00:00,8 days 00:00:00,192,34.63,150.11,953.6,85.5,40.25956845851498,429.2726803383463,499.1810499341291,398.4755716436997,366.11411610023777,208.4891456197128,240.20013135838497,206.9797183761243,179.27278871776366,95.29854239865722,104.30860775775189,88.48604187206885,83.72209439712734
2026-09-28 06:00:00,0,14,2026-10-06 12:00:00,8 days 06:00:00,198,37.01,153.23,964.4,74.3,73.1651780261546,362.0040778144996,431.0372335982713,367.9303641543642,313.71756131328294,216.65382154457544,246.4664213740007,207.4835025340403,186.33076860949907,81.36955604830115,88.73443300872898,75.17682371015661,70.7672212740658
2026-09-28 06:00:00,0,14,2026-10-06 18:00:00,8 days 12:00:00,204,39.71,157.38,968.2,62.4,92.20407740515722,297.34012615085203,366.2525016232617,273.5508661092958,239.09730786352787,82.06904425843975,96.32793453304691,75.62835999630488,60.80813400222722,0.0,0.0,0.0,0.0
2026-09-28 06:00:00,0,14,2026-10-07 00:00:00,8 days 18:00:00,210,42.84,162.24,982.9,49.0,35.05059005497037,0.0,43.54357405218405,37.76994956387653,0.0,0.0,0.0,0.0,0.0,0.0,0.0,0.0,0.0
2026-09-28 06:00:00,0,14,2026-10-07 06:00:00,9 days 00:00:00,216,46.0,165.97,986.9,41.1,199.85308076783255,0.0,199.85308076783255,0.0,0.0,0.0,0.0,0.0,0.0,0.0,0.0,0.0,0.0
2026-09-28 06:00:00,13,14,2026-10-07 06:00:00,9 days 00:00:00,216,20.62,-94.97,1003.6,33.7,144.89058440179707,0.0,0.0,0.0,0.0,0.0,0.0,0.0,0.0,0.0,0.0,0.0,0.0
2026-09-28 06:00:00,13,14,2026-10-07 12:00:00,9 days 06:00:00,222,21.47,-93.9,999.9,35.8,98.36972709141077,1.6393573080194803,98.36972709141077,3.30977374272436,0.9414300806295016,0.0,0.0,0.0,0.0,0.0,0.0,0.0,0.0
2026-09-28 06:00:00,13,14,2026-10-07 18:00:00,9 days 12:00:00,228,21.41,-93.88,1000.4,38.3,71.23432215549283,74.19750952785978,69.4596987029379,51.77484845965471,59.23290860341218,0.0,0.0,0.0,0.0,0.0,0.0,0.0,0.0
2026-09-28 06:00:00,13,14,2026-10-08 00:00:00,9 days 18:00:00,234,21.41,-93.37,997.4,39.8,160.05220576814236,160.05220576814236,23.836382487652884,2.1815815115016903,29.431160263886117,0.0,0.0,0.0,0.0,0.0,0.0,0.0,0.0
2026-09-28 06:00:00,13,14,2026-10-08 06:00:00,10 days 00:00:00,240,23.01,-93.78,994.8,41.1,92.26108166722511,92.26108166722511,0.0,0.0,0.0,0.0,0.0,0.0,0.0,0.0,0.0,0.0,0.0
2026-09-28 06:00:00,13,14,2026-10-08 12:00:00,10 days 06:00:00,246,23.15,-93.7,989.7,49.7,99.8729013239973,99.8729013239973,2.531328363407315,2.042014441782152,3.002631913328912,0.0,0.0,0.0,0.0,0.0,0.0,0.0,0.0
2026-09-28 06:00:00,13,14,2026-10-08 18:00:00,10 days 12:00:00,252,23.87,-92.25,994.5,43.4,94.99719830508889,196.5050150640202,187.82231050704945,148.38556761454015,160.64139064763208,0.0,0.0,0.0,0.0,0.0,0.0,0.0,0.0
2026-09-28 06:00:00,13,14,2026-10-09 00:00:00,10 days 18:00:00,258,25.23,-91.41,996.8,49.3,126.133183547059,192.0779901541666,185.6049615557768,125.29836925843514,155.41541657661134,0.0,0.0,0.0,0.0,0.0,0.0,0.0,0.0
2026-09-28 06:00:00,13,14,2026-10-09 06:00:00,11 days 00:00:00,264,26.18,-90.75,995.4,53.5,108.81471716061822,241.22929838513096,230.8180455811824,183.1760333222826,198.7385688660904,1.7728927276064257,108.81471716061822,0.0902961294767017,1.1237168570839415,0.0,0.0,0.0,0.0
2026-09-28 06:00:00,13,14,2026-10-09 12:00:00,11 days 06:00:00,270,27.04,-90.11,982.6,65.3,48.25505603627136,428.4674118074753,398.0210055571809,299.10095538699363,350.00629004104746,204.69192575243076,189.27589567138563,146.92893117383358,170.9541297075938,48.25505603627136,44.42307295610773,35.35406330235422,40.97765054266812
2026-09-28 06:00:00,13,14,2026-10-09 18:00:00,11 days 12:00:00,276,28.1,-89.23,979.6,65.1,61.48061128711625,361.6771285763722,350.72538633579734,267.5392840129705,298.33431000162057,68.17048937246233,65.74659814281165,46.914592578397446,54.52406587775215,61.48061128711625,0.0,0.0,0.0
2026-09-28 06:00:00,13,14,2026-10-10 00:00:00,11 days 18:00:00,282,29.41,-88.95,977.5,63.8,52.06509988669406,343.1824801478622,301.6401892785205,209.03423872599296,256.8143109323829,169.53678628016144,154.11805610232773,109.4774781634811,135.9413966744154,0.0,0.0,0.0,0.0
2026-09-28 06:00:00,13,14,2026-10-10 06:00:00,12 days 00:00:00,288,31.06,-88.87,983.4,47.1,158.64686595227312,146.3005550177675,158.64686595227312,116.58411695553863,113.06849675061932,0.0,0.0,0.0,0.0,0.0,0.0,0.0,0.0
2026-09-28 06:00:00,13,14,2026-10-10 12:00:00,12 days 06:00:00,294,32.77,-88.97,994.0,29.0,96.27619359317396,0.0,0.0,0.0,0.0,0.0,0.0,0.0,0.0,0.0,0.0,0.0,0.0
2026-09-28 06:00:00,13,14,2026-10-10 18:00:00,12 days 12:00:00,300,34.32,-88.5,995.4,22.4,60.47029689646496,0.0,0.0,0.0,0.0,0.0,0.0,0.0,0.0,0.0,0.0,0.0,0.0
2026-09-28 06:00:00,13,14,2026-10-11 00:00:00,12 days 18:00:00,306,35.52,-87.16,1001.2,17.3,86.38094488544859,0.0,0.0,0.0,0.0,0.0,0.0,0.0,0.0,0.0,0.0,0.0,0.0
2026-09-28 06:00:00,13,14,2026-10-11 06:00:00,13 days 00:00:00,312,38.2,-85.11,1005.1,14.8,92.29410193971717,0.0,0.0,0.0,0.0,0.0,0.0,0.0,0.0,0.0,0.0,0.0,0.0
2026-09-28 06:00:00,9,14,2026-10-05 12:00:00,7 days 06:00:00,174,6.09,163.58,1005.4,18.3,48.50154989773552,0.0,0.0,0.0,0.0,0.0,0.0,0.0,0.0,0.0,0.0,0.0,0.0
2026-09-28 06:00:00,9,14,2026-10-05 18:00:00,7 days 12:00:00,180,6.66,163.02,1004.2,20.7,115.10592422646717,0.0,0.0,0.0,0.0,0.0,0.0,0.0,0.0,0.0,0.0,0.0,0.0
2026-09-28 06:00:00,9,14,2026-10-06 00:00:00,7 days 18:00:00,186,7.11,162.97,999.7,29.8,100.76636226910466,0.0,0.0,0.0,0.0,0.0,0.0,0.0,0.0,0.0,0.0,0.0,0.0
2026-09-28 06:00:00,9,14,2026-10-06 06:00:00,8 days 00:00:00,192,8.48,162.35,1001.8,30.4,67.31989360665489,0.0,0.0,0.0,0.0,0.0,0.0,0.0,0.0,0.0,0.0,0.0,0.0
2026-09-28 06:00:00,9,14,2026-10-06 12:00:00,8 days 06:00:00,198,9.65,161.7,996.9,41.7,87.80956691430856,87.80956691430856,0.0,0.0,3.433983958950612,0.0,0.0,0.0,0.0,0.0,0.0,0.0,0.0
2026-09-28 06:00:00,9,14,2026-10-06 18:00:00,8 days 12:00:00,204,10.52,160.5,997.2,57.1,56.83153110049016,175.76237919659363,148.88490592652548,122.73904637512172,154.1741822968714,56.83153110049016,0.0,0.0,0.0,0.0,0.0,0.0,0.0
2026-09-28 06:00:00,9,14,2026-10-07 00:00:00,8 days 18:00:00,210,11.32,158.78,993.7,58.9,22.768158759691403,151.06508362421323,145.42539967223524,124.5738016377702,138.35364522020905,51.43824064661084,45.64222067190764,33.9039308489904,41.2828009551348,0.0,0.0,0.0,0.0
2026-09-28 06:00:00,9,14,2026-10-07 06:00:00,9 days 00:00:00,216,12.03,157.31,987.8,64.8,30.349776967317915,81.36376325866924,52.76001661992136,43.666252790317394,63.42099184650739,30.349776967317915,17.9132503335862,11.20329140576003,20.066302025418224,30.349776967317915,1.06089158530155,0.0919640602260729,1.9684005845182624
2026-09-28 06:00:00,9,14,2026-10-07 12:00:00,9 days 06:00:00,222,12.08,156.12,973.3,80.7,19.96767014261195,189.2366185427254,193.45704149824635,180.56383768083103,172.49696894860426,0.7489530319135156,0.0,1.629489519629999,19.96767014261195,0.0404531502469467,0.0,0.0,19.96767014261195
2026-09-28 06:00:00,9,14,2026-10-07 18:00:00,9 days 12:00:00,228,12.48,154.48,993.8,53.7,83.14790890706597,341.5248041467867,336.1877299934343,297.2634714676748,305.3195260878703,0.0,0.0,83.14790890706597,0.0,0.0,0.0,0.0,0.0
2026-09-28 06:00:00,9,14,2026-10-08 00:00:00,9 days 18:00:00,234,12.99,152.85,982.4,66.8,38.0270833047902,126.0956377556064,119.3742356662568,113.21611375365084,131.75277374334777,38.0270833047902,14.242466246749354,10.1045341558358,17.028820186074753,38.0270833047902,0.0,0.0,0.0
2026-09-28 06:00:00,9,14,2026-10-08 06:00:00,10 days 00:00:00,240,13.18,151.51,994.0,61.8,27.32680308347211,147.06894679613202,131.51708689439505,125.2100244913458,143.90702680937994,57.348343719714194,46.66308744278314,36.61553956729718,46.6191281435036,0.0,0.0,0.0,0.0
2026-09-28 06:00:00,9,14,2026-10-08 12:00:00,10 days 06:00:00,246,13.83,150.17,990.7,56.1,67.90860337528507,175.10476970257724,165.7784653962615,162.74587879214897,160.76238102618086,2.3188248746083038,0.0,67.90860337528507,3.460225999756464,0.0,0.0,0.0,0.0
2026-09-28 06:00:00,9,14,2026-10-08 18:00:00,10 days 12:00:00,252,13.95,148.75,998.2,47.2,26.37990354678406,97.97935747005964,76.43050151579646,78.33432834162925,89.55456935004648,0.0,0.0,0.0,0.0,0.0,0.0,0.0,0.0
2026-09-28 06:00:00,9,14,2026-10-09 00:00:00,10 days 18:00:00,258,14.63,147.84,988.4,50.6,60.5165341246501,189.9179937921205,159.52006121150282,135.692099286546,162.47252755673637,60.5165341246501,48.57919192991358,36.03141897831253,45.29337697381946,0.0,0.0,0.0,0.0
2026-09-28 06:00:00,9,14,2026-10-09 06:00:00,11 days 00:00:00,264,14.87,146.81,999.1,42.6,84.96348937731244,157.47948452635637,137.99463343547353,109.05476149030008,126.56546732916767,0.0,0.0,0.0,0.0,0.0,0.0,0.0,0.0
2026-09-28 06:00:00,9,14,2026-10-09 12:00:00,11 days 06:00:00,270,15.49,145.72,997.2,38.4,47.47128176724986,0.0,0.0,47.47128176724986,0.0,0.0,0.0,0.0,0.0,0.0,0.0,0.0,0.0
2026-09-28 06:00:00,9,14,2026-10-09 18:00:00,11 days 12:00:00,276,15.74,144.18,1001.3,28.9,60.08237841733779,0.0,0.0,0.0,0.0,0.0,0.0,0.0,0.0,0.0,0.0,0.0,0.0
2026-09-28 06:00:00,9,14,2026-10-10 00:00:00,11 days 18:00:00,282,15.49,142.35,1001.3,35.7,65.80908851839446,65.80908851839446,34.3322151398474,32.049642439749135,33.52223016628484,0.0,0.0,0.0,0.0,0.0,0.0,0.0,0.0
2026-09-28 06:00:00,9,14,2026-10-10 06:00:00,12 days 00:00:00,288,16.45,141.44,999.9,28.8,94.51945241181367,0.0,0.0,0.0,0.0,0.0,0.0,0.0,0.0,0.0,0.0,0.0,0.0
2026-09-28 06:00:00,9,14,2026-10-10 12:00:00,12 days 06:00:00,294,16.67,140.18,1001.4,28.9,71.29430726110465,0.0,0.0,0.0,0.0,0.0,0.0,0.0,0.0,0.0,0.0,0.0,0.0
2026-09-28 06:00:00,9,14,2026-10-10 18:00:00,12 days 12:00:00,300,16.15,138.6,1001.9,29.8,67.83385261809545,0.0,0.0,0.0,0.0,0.0,0.0,0.0,0.0,0.0,0.0,0.0,0.0
2026-09-28 06:00:00,9,14,2026-10-11 00:00:00,12 days 18:00:00,306,15.79,137.95,1002.3,33.3,57.15863243595004,0.0,0.0,0.0,0.0,0.0,0.0,0.0,0.0,0.0,0.0,0.0,0.0
2026-09-28 06:00:00,9,14,2026-10-11 06:00:00,13 days 00:00:00,312,15.83,137.52,997.3,47.8,41.813129283353966,188.2144208885944,192.56743845559703,147.14249671875615,152.5142428911707,0.0,0.0,0.0,0.0,0.0,0.0,0.0,0.0
2026-09-28 06:00:00,9,14,2026-10-11 12:00:00,13 days 06:00:00,318,16.35,137.43,989.9,48.3,45.98379823390872,200.17506167511635,192.56395077971945,163.12346598966406,167.66741153984503,0.0,0.0,0.0,0.0,0.0,0.0,0.0,0.0
2026-09-28 06:00:00,9,14,2026-10-11 18:00:00,13 days 12:00:00,324,17.25,137.46,994.6,37.2,149.8267661109243,28.01847191108319,149.8267661109243,20.49126833971802,22.14117288735585,0.0,0.0,0.0,0.0,0.0,0.0,0.0,0.0
2026-09-28 06:00:00,9,14,2026-10-12 00:00:00,13 days 18:00:00,330,17.75,137.28,995.6,36.4,136.50677774798106,136.50677774798106,90.88458834146208,69.98921344841378,70.4967294735878,0.0,0.0,0.0,0.0,0.0,0.0,0.0,0.0
2026-09-28 06:00:00,9,14,2026-10-12 06:00:00,14 days 00:00:00,336,18.42,137.0,991.6,46.0,83.69955632895959,270.8269483467485,252.40209597405743,198.43117483084532,223.45230135484564,0.0,0.0,0.0,0.0,0.0,0.0,0.0,0.0
2026-09-28 06:00:00,9,14,2026-10-12 12:00:00,14 days 06:00:00,342,19.1,136.37,985.8,56.0,62.04319606799035,238.27222703785105,231.61608044304677,183.9474523893182,197.52166648666585,62.04319606799035,0.0643319849501065,0.0,0.0,0.0,0.0,0.0,0.0
2026-09-28 06:00:00,9,14,2026-10-12 18:00:00,14 days 12:00:00,348,20.16,135.92,983.8,56.4,50.97822696573269,239.4777783180192,238.32947541123804,188.56575652512012,194.59286665495145,50.97822696573269,0.0,0.0,0.0,0.0,0.0,0.0,0.0
2026-09-28 06:00:00,9,14,2026-10-13 00:00:00,14 days 18:00:00,354,20.76,135.14,985.5,54.7,142.72538894012575,313.0556213664993,290.06041444168045,236.57897030889376,267.82810437568605,142.72538894012575,4.53805855162987,2.47700859560538,4.739945390460406,0.0,0.0,0.0,0.0
2026-09-28 06:00:00,9,14,2026-10-13 06:00:00,15 days 00:00:00,360,21.09,134.58,975.7,67.0,48.83294236182652,318.8543366193747,277.7557387599506,221.27663599558952,267.1830058173624,91.35450987818376,78.18135867045572,56.63692440569247,74.09672395394222,48.83294236182652,0.0,0.0,0.0
2026-09-28 06:00:00,AL062026,14,2026-09-28 06:00:00,0 days 00:00:00,0,28.3,-43.8,1012.0,25.0,56.0,0.0,0.0,0.0,0.0,0.0,0.0,0.0,0.0,0.0,0.0,0.0,0.0
2026-09-28 06:00:00,AL062026,14,2026-09-28 12:00:00,0 days 06:00:00,6,27.79,-44.49,1012.4,23.2,70.31922372110535,0.0,0.0,0.0,0.0,0.0,0.0,0.0,0.0,0.0,0.0,0.0,0.0
2026-09-28 06:00:00,AL062026,14,2026-09-28 18:00:00,0 days 12:00:00,12,26.9,-44.72,1007.4,25.6,72.8111683632033,0.0,0.0,0.0,0.0,0.0,0.0,0.0,0.0,0.0,0.0,0.0,0.0
2026-09-28 06:00:00,AL062026,14,2026-09-29 00:00:00,0 days 18:00:00,18,26.31,-45.21,1005.0,42.7,39.14942721307136,125.96710610794383,112.6897243398732,97.74543043439914,103.98775615333182,0.0,0.0,0.0,0.0,0.0,0.0,0.0,0.0
2026-09-28 06:00:00,AL062026,14,2026-09-29 06:00:00,1 days 00:00:00,24,25.7,-45.93,1008.8,28.9,93.61891651682744,0.0,0.0,0.0,0.0,0.0,0.0,0.0,0.0,0.0,0.0,0.0,0.0
2026-09-28 06:00:00,AL062026,14,2026-09-29 12:00:00,1 days 06:00:00,30,25.48,-46.62,1011.2,27.3,82.24107956207445,0.0,0.0,0.0,0.0,0.0,0.0,0.0,0.0,0.0,0.0,0.0,0.0
2026-09-28 06:00:00,AL062026,14,2026-09-29 18:00:00,1 days 12:00:00,36,24.3,-47.98,1010.2,28.3,98.26148447167378,0.0,0.0,0.0,0.0,0.0,0.0,0.0,0.0,0.0,0.0,0.0,0.0
2026-09-28 06:00:00,AL062026,14,2026-09-30 00:00:00,1 days 18:00:00,42,23.8,-49.13,1007.1,35.2,99.94995392057774,99.94995392057774,46.38755416634595,31.7480520602644,49.89761202202433,0.0,0.0,0.0,0.0,0.0,0.0,0.0,0.0
2026-09-28 06:00:00,AL062026,14,2026-09-30 06:00:00,2 days 00:00:00,48,24.15,-50.45,1009.3,23.0,73.60273875083877,0.0,0.0,0.0,0.0,0.0,0.0,0.0,0.0,0.0,0.0,0.0,0.0
2026-09-28 06:00:00,AL062026,14,2026-09-30 12:00:00,2 days 06:00:00,54,23.22,-52.53,1010.8,23.8,60.40339124616163,0.0,0.0,0.0,0.0,0.0,0.0,0.0,0.0,0.0,0.0,0.0,0.0
2026-09-28 06:00:00,AL062026,14,2026-09-30 18:00:00,2 days 12:00:00,60,22.73,-53.54,1011.6,27.7,66.0592494672305,0.0,0.0,0.0,0.0,0.0,0.0,0.0,0.0,0.0,0.0,0.0,0.0
2026-09-28 06:00:00,AL912026(2),14,2026-09-28 06:00:00,0 days 00:00:00,0,36.3,-53.1,1013.0,29.0,148.0,0.0,0.0,0.0,0.0,0.0,0.0,0.0,0.0,0.0,0.0,0.0,0.0
2026-09-28 06:00:00,EP152026(2),14,2026-09-28 06:00:00,0 days 00:00:00,0,16.4,-160.8,929.0,134.0,28.0,241.0,185.0,148.0,204.0,93.0,74.0,74.0,93.0,56.0,46.0,37.0,46.0
2026-09-28 06:00:00,EP152026(2),14,2026-09-28 12:00:00,0 days 06:00:00,6,17.08,-161.7,941.6,125.5,31.87712199993969,203.00191416919947,142.28958011833438,112.00497889731828,181.4058174029848,92.59380945261869,63.45499842186108,40.14864858231769,80.31453981452546,47.06636619735404,33.68163449523639,24.296546914716835,39.48435478468887
2026-09-28 06:00:00,EP152026(2),14,2026-09-28 18:00:00,0 days 12:00:00,12,17.47,-162.51,943.7,124.2,30.44934773414404,204.6937201871314,147.69668930029206,96.1366333391614,191.4464515781741,86.97229555582385,60.35792596071339,42.28813142516539,78.79493805101224,41.063832624763634,30.635503909964115,23.21156467999024,35.01121502648101
2026-09-28 06:00:00,EP152026(2),14,2026-09-29 00:00:00,0 days 18:00:00,18,18.33,-162.95,958.5,104.1,26.398096840466167,209.5821194879943,198.88129727867025,115.36865041195028,168.95507538164156,108.32534488225838,90.03627650290753,61.9598521173026,89.07980260840077,53.83891004405217,45.01961671654698,35.354421690619944,45.22026050213731
2026-09-28 06:00:00,EP152026(2),14,2026-09-29 06:00:00,1 days 00:00:00,24,19.25,-163.54,953.6,112.6,21.72147354284587,218.17547152423504,198.76679154220784,121.77366892231224,176.92655458658385,105.4577174352707,92.98149703921572,67.48970127764181,90.49803702351156,51.830972126388346,45.14176544287484,36.51962438208645,43.94149933030364
2026-09-28 06:00:00,EP152026(2),14,2026-09-29 12:00:00,1 days 06:00:00,30,20.32,-163.78,953.7,108.4,18.80926541606312,180.07278753379595,154.10498238302355,107.1552338212006,153.55304616088608,88.85242425953118,73.19355776616234,52.36819612596455,76.24835785074453,43.96294440831239,36.383908015964494,28.276588605029456,35.992453238629295
2026-09-28 06:00:00,EP152026(2),14,2026-09-29 18:00:00,1 days 12:00:00,36,21.34,-163.39,973.2,80.3,29.05572344008229,195.12543418503827,208.6785841672995,135.45989020401504,148.49308409618806,63.66501430162463,61.710900346028765,46.55997164616248,46.866491250618544,15.432375968122116,29.05572344008229,12.592257446456951,11.53775491654298
2026-09-28 06:00:00,EP152026(2),14,2026-09-30 00:00:00,1 days 18:00:00,42,22.51,-163.4,974.5,85.7,24.6811953291771,256.13714990337223,233.96996443619844,179.36379238510375,197.83829979507252,115.2061671895762,104.96749961143048,80.76234912542544,93.82667705512272,31.85047511732052,29.781350275926755,24.063855326255315,25.515398694337783
2026-09-28 06:00:00,EP152026(2),14,2026-09-30 06:00:00,2 days 00:00:00,48,23.03,-163.09,980.6,68.3,53.25796920123096,325.4683207961512,309.9887278020986,240.2386886659825,278.86050472209433,195.07145820345107,185.83265512643925,155.92841032638356,171.81875285938474,100.48474657579229,96.49675119508024,79.90457842713947,88.38388393938293
2026-09-28 06:00:00,EP152026(2),14,2026-09-30 12:00:00,2 days 06:00:00,54,23.43,-162.67,984.3,72.5,37.68676940076962,282.78810505077786,278.2576970631116,219.3407207854973,229.9201743488814,166.91278147219026,157.64115198135062,129.21459773488402,142.78550610452078,61.22747571622341,60.282856531352834,48.804710746737214,53.58528143082639
2026-09-28 06:00:00,EP152026(2),14,2026-09-30 18:00:00,2 days 12:00:00,60,23.66,-162.66,991.4,53.2,40.34605685847778,229.5548815430789,226.77690284156373,177.66358198263327,184.77104556132355,40.34605685847778,7.764238337257377,4.134130247584657,5.666503790043658,0.0,0.0,0.0,0.0
2026-09-28 06:00:00,EP152026(2),14,2026-10-01 00:00:00,2 days 18:00:00,66,23.77,-162.59,996.0,45.5,115.62629588495696,146.93921068403768,145.8111121438019,112.40411235277844,122.73336263644548,0.0,0.0,0.0,0.0,0.0,0.0,0.0,0.0
2026-09-28 06:00:00,EP152026(2),14,2026-10-01 06:00:00,3 days 00:00:00,72,24.12,-163.06,998.4,40.1,112.24730059845264,195.62660443381964,188.24693254612995,158.82478062728367,169.16779267560912,0.0,0.0,0.0,0.0,0.0,0.0,0.0,0.0
2026-09-28 06:00:00,EP152026(2),14,2026-10-01 12:00:00,3 days 06:00:00,78,24.43,-163.74,998.5,36.9,159.55154403583705,159.55154403583705,125.71341693522004,100.00715379875383,122.2062179407361,0.0,0.0,0.0,0.0,0.0,0.0,0.0,0.0
2026-09-28 06:00:00,EP152026(2),14,2026-10-01 18:00:00,3 days 12:00:00,84,24.75,-164.77,995.0,30.2,142.34746403214297,0.0,0.0,0.0,0.0,0.0,0.0,0.0,0.0,0.0,0.0,0.0,0.0
2026-09-28 06:00:00,EP152026(2),14,2026-10-02 00:00:00,3 days 18:00:00,90,25.16,-165.5,999.7,39.7,48.76319839896531,211.09064614433947,190.55636441646288,161.99694905493908,191.45290653395315,0.0,0.0,0.0,0.0,0.0,0.0,0.0,0.0
2026-09-28 06:00:00,EP152026(2),14,2026-10-02 06:00:00,4 days 00:00:00,96,25.44,-165.93,994.0,48.8,86.55862085743985,86.55862085743985,57.51908431736737,35.81926380972804,51.43963551918167,0.0,0.0,0.0,0.0,0.0,0.0,0.0,0.0
2026-09-28 06:00:00,EP152026(2),14,2026-10-02 12:00:00,4 days 06:00:00,102,26.48,-165.41,996.0,36.3,118.22084008858896,118.22084008858896,2.66991632347396,0.0,7.1012781857804335,0.0,0.0,0.0,0.0,0.0,0.0,0.0,0.0
2026-09-28 06:00:00,EP152026(2),14,2026-10-02 18:00:00,4 days 12:00:00,108,26.16,-165.92,995.2,50.7,87.98718428701164,117.745796553949,119.2265805115104,90.67372375613832,91.24996934033244,0.0,87.98718428701164,0.3680544750726682,0.0,0.0,0.0,0.0,0.0
2026-09-28 06:00:00,EP152026(2),14,2026-10-03 00:00:00,4 days 18:00:00,114,26.18,-166.08,988.7,56.5,56.129591333454094,91.19772461811829,74.53253544639551,48.66481295347306,68.79664659929875,56.129591333454094,10.908293132998022,3.950629224188066,8.831297072399321,0.0,0.0,0.0,0.0
2026-09-28 06:00:00,EP152026(2),14,2026-10-03 06:00:00,5 days 00:00:00,120,26.26,-166.08,989.7,54.6,43.05345822023629,133.2948023563285,130.79102986832612,113.76982230237978,116.6863948862077,43.05345822023629,10.348217087194918,6.015272982337235,7.480976613561831,0.0,0.0,0.0,0.0
2026-09-28 06:00:00,EP152026(2),14,2026-10-03 12:00:00,5 days 06:00:00,126,26.25,-166.37,999.5,41.0,105.5412779321509,133.44123747595805,103.76993559308062,87.10698227289649,118.99606709213325,0.0,0.0,0.0,0.0,0.0,0.0,0.0,0.0
2026-09-28 06:00:00,EP152026(2),14,2026-10-03 18:00:00,5 days 12:00:00,132,26.04,-166.79,994.7,41.1,51.973522290094536,233.61362366909952,219.20599688164955,198.32159433891184,222.7978655514357,0.0,0.0,0.0,0.0,0.0,0.0,0.0,0.0
2026-09-28 06:00:00,EP152026(2),14,2026-10-04 00:00:00,5 days 18:00:00,138,26.01,-167.35,995.1,49.7,58.07447202933683,58.07447202933683,27.541902439107027,16.952210333825082,37.275239125504754,0.0,0.0,0.0,0.0,0.0,0.0,0.0,0.0
2026-09-28 06:00:00,EP152026(2),14,2026-10-04 06:00:00,6 days 00:00:00,144,26.15,-168.39,994.1,52.4,28.3043782334517,119.565339347755,100.65124802689462,79.02295075583623,106.76472099973444,28.3043782334517,0.9299078625731516,0.0,2.963330900492453,0.0,0.0,0.0,0.0
2026-09-28 06:00:00,EP152026(2),14,2026-10-04 12:00:00,6 days 06:00:00,150,26.64,-169.62,985.2,66.7,40.7959969037298,122.37481709941446,99.32258695372076,69.07643611653921,91.00364883030475,40.7959969037298,28.452887362597,16.253579703333934,30.324724973881292,40.7959969037298,2.349706749657847,0.0,3.0349664137520382
2026-09-28 06:00:00,EP152026(2),14,2026-10-04 18:00:00,6 days 12:00:00,156,27.16,-170.85,983.5,73.2,10.61043501669034,150.9488973118713,117.60197108752782,75.86074962119167,111.41222012936666,43.33341269892318,30.97407211554889,19.26198035708985,31.68512639268737,10.61043501669034,1.0621232702403205,0.0,1.59176668959712
2026-09-28 06:00:00,EP152026(2),14,2026-10-05 00:00:00,6 days 18:00:00,162,27.66,-171.76,986.0,66.2,25.620391213934177,231.2715629024825,166.65374633857746,107.02696825148703,176.82820531161028,84.34249776687444,64.91651011054776,39.16524805389447,65.26522991066938,25.620391213934177,5.110868780440962,1.1136463184643537,6.909826378886363
2026-09-28 06:00:00,EP152026(2),14,2026-10-05 06:00:00,7 days 00:00:00,168,28.0,-172.33,989.6,68.3,27.67566215819897,160.91363783840774,129.72071795448653,88.48708260193342,142.73454117076813,70.84360724439577,58.15479863900168,38.50190558320279,57.69432558303569,27.67566215819897,13.9928964832281,8.15211099753746,14.061043982323364
2026-09-28 06:00:00,EP152026(2),14,2026-10-05 12:00:00,7 days 06:00:00,174,28.32,-172.84,993.7,58.1,46.131537040940536,121.75025290913466,89.19456784748054,52.5146641114822,109.07025244243572,46.131537040940536,18.523392253731664,8.320375613598717,21.63762008439224,0.0,0.0,0.0,0.0
2026-09-28 06:00:00,EP152026(2),14,2026-10-05 18:00:00,7 days 12:00:00,180,28.09,-173.35,992.7,57.1,52.256808409863,131.6702897718225,99.54001209557794,77.46368643387646,116.5952538253788,52.256808409863,24.690923844101818,15.734381286336507,27.857122729008964,0.0,0.0,0.0,0.0
2026-09-28 06:00:00,EP152026(2),14,2026-10-06 00:00:00,7 days 18:00:00,186,28.16,-173.61,1002.5,41.0,80.56420087364256,5.966725332308158,0.0,0.0,80.56420087364256,0.0,0.0,0.0,0.0,0.0,0.0,0.0,0.0
2026-09-28 06:00:00,EP152026(2),14,2026-10-06 06:00:00,8 days 00:00:00,192,27.69,-173.71,1004.1,37.8,63.25001840187812,63.25001840187812,45.44834980945478,42.58881076929485,49.225930455303896,0.0,0.0,0.0,0.0,0.0,0.0,0.0,0.0
2026-09-28 06:00:00,EP152026(2),14,2026-10-06 12:00:00,8 days 06:00:00,198,26.92,-173.4,1005.3,29.6,117.27494565765431,0.0,0.0,0.0,0.0,0.0,0.0,0.0,0.0,0.0,0.0,0.0,0.0
2026-09-28 06:00:00,EP172026,14,2026-09-28 06:00:00,0 days 00:00:00,0,23.2,-114.0,955.0,105.0,28.0,167.0,148.0,148.0,148.0,102.0,93.0,83.0,83.0,65.0,65.0,65.0,65.0
2026-09-28 06:00:00,EP172026,14,2026-09-28 12:00:00,0 days 06:00:00,6,23.63,-113.7,964.6,95.8,15.640107418209949,96.08857924495328,120.08462504113469,76.41023684344904,47.51173114625944,15.640107418209949,2.243845521746522,0.1325692620138411,1.5245856479972602,15.640107418209949,2.243845521746522,0.1325692620138411,1.5245856479972602
2026-09-28 06:00:00,EP172026,14,2026-09-28 18:00:00,0 days 12:00:00,12,24.57,-113.76,974.1,86.0,35.464890518583104,167.64622967076343,188.3041324502325,127.3949941137928,104.5056938102108,92.64905985837686,92.42657331545291,71.50520802740695,72.3353543425684,50.182701826922,50.11787857359767,39.95148503065448,42.04232020630718
2026-09-28 06:00:00,EP172026,14,2026-09-29 00:00:00,0 days 18:00:00,18,25.21,-113.16,977.3,80.9,11.15283562307583,160.41946327469498,177.3008265231111,125.5706763414766,124.69836496008963,78.31040160591195,77.64006646015908,62.430392437417495,62.69932863226275,35.63919491327575,35.640493450353524,28.20568117769709,29.658368135861043
2026-09-28 06:00:00,EP172026,14,2026-09-29 06:00:00,1 days 00:00:00,24,25.85,-112.22,973.2,76.4,32.67906374971582,179.11738997500754,182.5327282581502,137.69962718915264,138.56676988182113,50.621158948785705,45.26274602719064,35.08860696662208,39.24448738624932,32.67906374971582,8.767131092915443,5.637493424029879,6.650875532718903
2026-09-28 06:00:00,EP172026,14,2026-09-29 12:00:00,1 days 06:00:00,30,27.39,-111.57,987.0,54.1,53.37483780815887,61.46780647080625,69.6760683078859,45.83919267590048,47.42479668828912,53.37483780815887,2.692275607179706,0.5790129081386919,0.9985427160950238,0.0,0.0,0.0,0.0
2026-09-28 06:00:00,EP172026,14,2026-09-29 18:00:00,1 days 12:00:00,36,28.82,-110.55,987.7,47.7,100.1410388921876,54.292589983157285,100.1410388921876,16.43449761534967,35.258685901360764,0.0,0.0,0.0,0.0,0.0,0.0,0.0,0.0
2026-09-28 06:00:00,EP182026,14,2026-09-28 06:00:00,0 days 00:00:00,0,13.2,-100.0,1001.0,41.0,93.0,222.0,185.0,148.0,222.0,0.0,0.0,0.0,0.0,0.0,0.0,0.0,0.0
2026-09-28 06:00:00,EP182026,14,2026-09-28 12:00:00,0 days 06:00:00,6,13.56,-100.93,993.3,51.1,42.48661429196351,90.25283348918748,71.75604196898473,48.28273239204968,76.0380759092954,42.48661429196351,0.0,0.0,0.6900625039073334,0.0,0.0,0.0,0.0
2026-09-28 06:00:00,EP182026,14,2026-09-28 18:00:00,0 days 12:00:00,12,13.71,-101.63,981.3,72.6,29.865936865640634,185.27055627274817,150.50886043952133,102.70596242218495,149.26859806460504,86.36344250948989,69.93853785540767,48.517544914829216,68.37796278330671,29.865936865640634,2.1966323887117816,0.0,3.11153084804434
2026-09-28 06:00:00,EP182026,14,2026-09-29 00:00:00,0 days 18:00:00,18,14.37,-102.48,989.1,61.1,6.602327495626184,157.5054421880632,144.0005112927876,102.09974586274149,122.67650235430465,41.36764308661505,35.28871924767152,21.985085565577243,29.326328802137585,0.0,0.0,0.0,0.0
2026-09-28 06:00:00,EP182026,14,2026-09-29 06:00:00,1 days 00:00:00,24,14.6,-103.04,971.7,93.3,20.370261078406124,175.01249453319355,148.31908382311843,122.31976481447543,159.99974971423669,88.98522384668115,75.33369612550311,58.79195756025384,75.31480829654102,36.501076887942624,32.53367584757686,25.43553115808097,31.41252863170897
2026-09-28 06:00:00,EP182026,14,2026-09-29 12:00:00,1 days 06:00:00,30,15.15,-104.01,984.1,66.4,24.44783975076697,169.8563966739293,138.27039162967054,84.44061511978344,132.89843300273668,65.97551445392943,48.63398781120718,32.496785757804645,51.86510270375944,24.44783975076697,9.21303357502675,5.090358883037652,9.919671276310767
2026-09-28 06:00:00,EP182026,14,2026-09-29 18:00:00,1 days 12:00:00,36,15.83,-104.92,970.0,92.8,28.674222775594323,228.2440148236416,188.5892974747269,126.54255132292,187.5389969594386,96.92030261630455,77.08322242854337,58.08676711853991,83.61105072810916,48.4644914106005,40.67773471126165,31.7635334465031,42.09183597699461
2026-09-28 06:00:00,EP182026,14,2026-09-30 00:00:00,1 days 18:00:00,42,16.09,-105.9,939.6,127.8,21.285199048596127,168.6969961708181,147.26328779380663,121.45320439401306,163.9438268733773,89.28866476542922,70.01260853452527,54.119033980840655,77.28698378494381,50.28591378763982,41.98455759194893,33.17607601749535,43.98139969885651
2026-09-28 06:00:00,EP182026,14,2026-09-30 06:00:00,2 days 00:00:00,48,16.68,-106.5,957.9,101.1,10.601779116483817,244.47209417302065,208.41405879219087,163.31874264712664,214.34943914578105,133.05662421704062,113.66907646149212,87.27252182644648,114.95529344038589,70.92616704391776,62.84472153614754,50.71664817299525,62.45323449090819
2026-09-28 06:00:00,EP182026,14,2026-09-30 12:00:00,2 days 06:00:00,54,17.33,-106.77,947.1,118.1,20.542804303623864,289.6590767520696,242.14080395820235,185.30841518622495,243.9634074764252,103.02754430351898,87.93741153166755,67.01964672335365,90.0951849379915,61.0581680300548,55.08876906040947,46.24744268996077,56.01894598703543
2026-09-28 06:00:00,EP182026,14,2026-09-30 18:00:00,2 days 12:00:00,60,17.73,-107.33,952.6,116.4,29.951314372797924,194.5880019545293,186.03408471244165,146.28519820841757,169.62501290728687,93.60702216128992,78.3299857837319,61.09830642256179,81.022358466671,60.4984943938457,53.307560407799656,42.377944002555296,52.92271908028306
2026-09-28 06:00:00,EP182026,14,2026-10-01 00:00:00,2 days 18:00:00,66,18.28,-107.46,962.2,94.0,16.786929692380454,264.18065595678763,254.49416800515385,189.72091705880305,215.1105604931222,122.39653210758888,115.35426019379544,94.40914693198192,103.6370811369427,71.8594933474792,69.70121769490208,57.706317024052055,63.65335301490313
2026-09-28 06:00:00,EP182026,14,2026-10-01 06:00:00,3 days 00:00:00,72,18.37,-107.56,975.2,85.1,31.247455974625492,214.6513421730624,198.39668827814785,163.80851202232816,194.36167074685,113.74521371251784,104.352002367493,84.16003978861909,98.49121199510591,47.64504871428096,44.63060729453025,36.51874628175062,41.8061917789239
2026-09-28 06:00:00,EP182026,14,2026-10-01 12:00:00,3 days 06:00:00,78,18.39,-107.76,967.8,81.7,73.33613545771142,181.0662700190959,181.14801129098788,165.94868286399114,172.614962911663,74.52341928281,71.31432553030456,66.6267669802975,70.44357572764935,73.33613545771142,47.00536953722965,41.110826622441365,44.04909750146107
2026-09-28 06:00:00,EP182026,14,2026-10-01 18:00:00,3 days 12:00:00,84,18.21,-107.72,973.8,78.0,25.122955951434623,149.8473684643364,139.8461170633929,141.2229936698821,151.60039383988465,91.42886008107668,84.11578460572983,69.95400630731635,79.41214109237849,34.25079754887371,30.29959724903194,25.107068737429213,28.08302304055353
2026-09-28 06:00:00,EP182026,14,2026-10-02 00:00:00,3 days 18:00:00,90,18.48,-107.88,943.0,111.2,22.57054842741627,253.2448143909769,247.083105660221,235.894372149819,251.64747960610657,125.77491857820904,129.67374536539705,119.30608901324264,111.92562969316418,54.81041814559785,55.760712166975736,50.14817018184812,49.695289985192346
2026-09-28 06:00:00,EP182026,14,2026-10-02 06:00:00,4 days 00:00:00,96,18.72,-107.66,983.9,65.4,44.871109121761975,154.86900304415042,142.5914644918438,107.50623582680372,125.2348889459918,68.279104647374,61.45310332092026,48.8852367886187,56.433866258273696,9.003500958191024,44.871109121761975,8.32675457711269,8.107929949566376
2026-09-28 06:00:00,EP182026,14,2026-10-02 12:00:00,4 days 06:00:00,102,18.56,-107.64,976.6,78.0,27.94019763080892,148.92860152453187,153.79636799227396,147.5181377800434,130.89230927483015,66.75648216706806,67.88593612666261,62.22362454342872,62.303714674499005,22.68485418324235,27.94019763080892,22.30749910624318,20.56251302270043
2026-09-28 06:00:00,EP182026,14,2026-10-02 18:00:00,4 days 12:00:00,108,18.64,-107.38,982.6,65.9,33.961103593920775,154.53539865824942,176.18872351904673,155.43097532878548,133.14938907275956,62.96457345282796,63.32683571309954,49.05030603255422,50.936469257016405,2.250679904649783,33.961103593920775,3.985657154868927,1.845901146245548
2026-09-28 06:00:00,EP182026,14,2026-10-03 00:00:00,4 days 18:00:00,114,18.88,-107.15,971.4,82.1,33.17857842623866,175.30363796727931,182.0844462950932,160.0055644454646,147.8532040418424,96.12470484338904,97.40922022098404,85.05458720459526,85.90524249365275,44.71679233451919,45.64081455979228,39.86278206688661,39.48224081577958
2026-09-28 06:00:00,EP182026,14,2026-10-03 06:00:00,5 days 00:00:00,120,18.81,-107.31,972.7,84.7,31.34914220153842,195.9334466427311,188.64534264844107,165.1331298545254,170.96719254036924,73.003749326254,68.45953881635349,55.21560419642205,63.90236292392392,31.34914220153842,24.215920613582167,20.196876317925668,22.380733010819863
2026-09-28 06:00:00,EP182026,14,2026-10-03 12:00:00,5 days 06:00:00,126,19.11,-107.24,956.3,98.0,25.51923506279409,165.1353699872207,204.88208548151843,193.28825895752544,144.91681113821096,66.27678763363855,76.21683269931961,67.73957099847377,55.52590096092223,37.93655995711212,40.60107523843033,35.82180125932054,31.692995576261247
2026-09-28 06:00:00,EP182026,14,2026-10-03 18:00:00,5 days 12:00:00,132,19.63,-106.94,966.3,92.2,19.361483703652944,129.36976442074672,146.74264299452915,113.35806514408236,106.6597911038809,76.21849886409514,84.0809350265296,72.53905849122476,63.19989963585268,45.80206737895713,48.35448685795062,40.70519285132377,39.89773571182637
2026-09-28 06:00:00,EP182026,14,2026-10-04 00:00:00,5 days 18:00:00,138,20.15,-106.94,959.5,93.9,19.519243854687105,151.00388542831843,149.9787095960799,95.54327975438514,108.90903415365142,78.4864771872584,71.21594784285583,52.01685354126957,63.48460930483796,39.43407304451196,35.8922044225459,28.51788045722504,32.67894063200337
2026-09-28 06:00:00,EP182026,14,2026-10-04 06:00:00,6 days 00:00:00,144,20.75,-107.53,968.9,89.3,20.05711063783784,144.0138586299223,128.33833635849737,93.24247989179835,134.8840493408864,82.49295250804443,73.8299269256577,59.84772935384596,69.85090779698382,55.18811446508262,49.95332444019385,40.22002797281441,47.25817355720582
2026-09-28 06:00:00,EP182026,14,2026-10-04 12:00:00,6 days 06:00:00,150,21.5,-107.99,941.8,110.2,19.31835854386713,223.9204569644708,201.7971983806392,134.52506859740976,178.73042614743713,101.43017488115072,87.55017488854821,60.6011851806002,81.98478994263377,59.23617260720141,52.12938341834632,39.77871238120413,49.12924941717341
2026-09-28 06:00:00,EP182026,14,2026-10-04 18:00:00,6 days 12:00:00,156,21.99,-108.92,961.8,106.5,35.34929256130579,173.81307537096495,138.4630027315076,97.14885373029546,143.00816290836656,96.53039369565208,76.88925422412636,58.66454028841884,81.97209074138779,51.09788886360731,42.7627375318641,34.15151720548643,43.15035844803863
2026-09-28 06:00:00,EP182026,14,2026-10-05 00:00:00,6 days 18:00:00,162,22.37,-109.84,942.5,113.0,13.434462475365969,132.7356162757217,101.30583451506028,90.97951525585756,139.76871562409497,73.6862725773814,55.07014915485428,43.773669828631405,65.74072507674114,37.755911876423134,28.624452218473134,24.178592511808542,32.54960952193851
2026-09-28 06:00:00,EP182026,14,2026-10-05 06:00:00,7 days 00:00:00,168,22.62,-111.07,958.6,96.2,16.3034758910171,91.78181045380254,79.12459871593188,86.66546129855615,98.419661148004,65.72192290069914,55.76485936259647,46.288740287926174,58.22012367974469,35.695757059540114,30.523752876256083,25.701956164700974,30.793292275776203
2026-09-28 06:00:00,EP182026,14,2026-10-05 12:00:00,7 days 06:00:00,174,23.02,-112.48,964.0,94.3,27.260963261386934,155.97723627131458,138.1401729191073,115.32398832937616,155.80660059078656,71.62399117466629,57.463038042714544,49.242010860464575,64.54051061734876,44.2591884363454,38.7805406289833,31.83693774167693,38.47519920965378
2026-09-28 06:00:00,EP182026,14,2026-10-05 18:00:00,7 days 12:00:00,180,23.11,-113.66,972.4,80.8,25.147317035797485,115.0771631771935,97.74882059748188,84.67635849483707,96.12150855115128,73.39643329903316,62.02722793402582,45.52920578795591,61.7318491981666,32.90826110325055,26.78190793683796,20.894523360772084,27.608228761385245
2026-09-28 06:00:00,EP182026,14,2026-10-06 00:00:00,7 days 18:00:00,186,23.2,-114.81,976.7,73.7,15.671485778402712,111.57234487517236,86.84013861541462,82.62337573895638,117.06543081997916,58.691326349528936,48.094000597063314,41.45828740498382,54.03948662480798,33.29740249235965,29.90555365173168,24.872740883285587,29.775159522652302
2026-09-28 06:00:00,EP182026,14,2026-10-06 06:00:00,8 days 00:00:00,192,23.18,-115.92,992.3,54.6,15.779698127307045,95.42010695990068,78.50586420700989,63.85557558500555,85.06373730104286,45.52796193721783,36.94374089458989,25.09971202319092,37.8169446483559,0.0,0.0,0.0,0.0
2026-09-28 06:00:00,EP182026,14,2026-10-06 12:00:00,8 days 06:00:00,198,22.92,-117.46,986.7,65.7,43.82353405925237,82.40765567189982,74.86968702895308,62.69535287558456,71.89008578849388,43.82353405925237,0.0328505667114997,0.0,43.82353405925237,43.82353405925237,0.0328505667114997,0.0,0.0335146445181262
2026-09-28 06:00:00,EP182026,14,2026-10-06 18:00:00,8 days 12:00:00,204,22.49,-118.64,994.9,56.3,23.447285471804623,120.5907416279503,90.6361168231132,71.04643922284902,102.7351145030681,46.882141995290745,37.68317963864444,25.970477770460786,39.01905484694222,0.0,0.0,0.0,0.0
2026-09-28 06:00:00,EP182026,14,2026-10-07 00:00:00,8 days 18:00:00,210,22.31,-119.78,998.0,43.9,24.114735517965528,101.05585288075235,97.23534306394048,83.46058296982915,91.56492145083234,0.0,0.0,0.0,0.0,0.0,0.0,0.0,0.0
2026-09-28 06:00:00,EP182026,14,2026-10-07 06:00:00,9 days 00:00:00,216,21.71,-120.59,1003.6,34.8,71.67328960203002,71.67328960203002,38.123232440318645,29.45672004415373,46.41685840236791,0.0,0.0,0.0,0.0,0.0,0.0,0.0,0.0
2026-09-28 06:00:00,EP182026,14,2026-10-07 12:00:00,9 days 06:00:00,222,21.51,-121.51,1005.5,32.0,69.23760990715107,0.0,0.0,0.0,0.0,0.0,0.0,0.0,0.0,0.0,0.0,0.0,0.0
2026-09-28 06:00:00,EP182026,14,2026-10-07 18:00:00,9 days 12:00:00,228,21.3,-122.18,1003.9,31.5,48.77902310048739,0.0,0.0,0.0,0.0,0.0,0.0,0.0,0.0,0.0,0.0,0.0,0.0
2026-09-28 06:00:00,EP182026,14,2026-10-08 00:00:00,9 days 18:00:00,234,21.28,-122.79,1004.9,31.8,81.89323065263747,0.0,0.0,0.0,0.0,0.0,0.0,0.0,0.0,0.0,0.0,0.0,0.0
2026-09-28 06:00:00,EP182026,14,2026-10-08 06:00:00,10 days 00:00:00,240,21.15,-123.28,1005.6,30.2,60.72438857308393,0.0,0.0,0.0,0.0,0.0,0.0,0.0,0.0,0.0,0.0,0.0,0.0
2026-09-28 06:00:00,EP182026,14,2026-10-08 12:00:00,10 days 06:00:00,246,21.0,-123.58,1001.2,34.8,42.443586182001184,42.443586182001184,0.0,0.0,0.0,0.0,0.0,0.0,0.0,0.0,0.0,0.0,0.0
2026-09-28 06:00:00,EP182026,14,2026-10-08 18:00:00,10 days 12:00:00,252,21.59,-124.03,1005.5,26.9,101.50580129419087,0.0,0.0,0.0,0.0,0.0,0.0,0.0,0.0,0.0,0.0,0.0,0.0
2026-09-28 06:00:00,EP182026,14,2026-10-09 00:00:00,10 days 18:00:00,258,21.99,-124.35,1006.6,23.1,103.03670149845809,0.0,0.0,0.0,0.0,0.0,0.0,0.0,0.0,0.0,0.0,0.0,0.0
2026-09-28 06:00:00,EP182026,14,2026-10-09 06:00:00,11 days 00:00:00,264,22.44,-124.85,1008.4,21.0,133.59016150737233,0.0,0.0,0.0,0.0,0.0,0.0,0.0,0.0,0.0,0.0,0.0,0.0
2026-09-28 06:00:00,EP182026,14,2026-10-09 12:00:00,11 days 06:00:00,270,22.99,-125.55,1004.2,27.3,50.59892265532624,0.0,0.0,0.0,0.0,0.0,0.0,0.0,0.0,0.0,0.0,0.0,0.0
2026-09-28 06:00:00,EP182026,14,2026-10-09 18:00:00,11 days 12:00:00,276,23.56,-126.5,1006.0,19.8,67.3348251537933,0.0,0.0,0.0,0.0,0.0,0.0,0.0,0.0,0.0,0.0,0.0,0.0
2026-09-28 06:00:00,EP182026,14,2026-10-10 00:00:00,11 days 18:00:00,282,23.54,-126.46,1006.0,22.3,47.79450870709394,0.0,0.0,0.0,0.0,0.0,0.0,0.0,0.0,0.0,0.0,0.0,0.0
2026-09-28 06:00:00,EP182026,14,2026-10-10 06:00:00,12 days 00:00:00,288,23.48,-126.68,1007.4,19.4,98.05886266524294,0.0,0.0,0.0,0.0,0.0,0.0,0.0,0.0,0.0,0.0,0.0,0.0
2026-09-28 06:00:00,EP182026,14,2026-10-10 12:00:00,12 days 06:00:00,294,23.67,-127.24,1006.9,21.3,59.27537381115414,0.0,0.0,0.0,0.0,0.0,0.0,0.0,0.0,0.0,0.0,0.0,0.0
2026-09-28 06:00:00,EP182026,14,2026-10-10 18:00:00,12 days 12:00:00,300,23.47,-127.65,1007.9,21.0,55.01340218197332,0.0,0.0,0.0,0.0,0.0,0.0,0.0,0.0,0.0,0.0,0.0,0.0
2026-09-28 06:00:00,EP912026(3),14,2026-09-28 06:00:00,0 days 00:00:00,0,12.7,-136.6,1005.0,29.0,93.0,0.0,0.0,0.0,0.0,0.0,0.0,0.0,0.0,0.0,0.0,0.0,0.0
2026-09-28 06:00:00,WP252026,14,2026-09-28 06:00:00,0 days 00:00:00,0,27.5,131.6,954.0,99.0,9.0,148.0,158.0,148.0,121.0,,,,,,,,
2026-09-28 06:00:00,WP252026,14,2026-09-28 12:00:00,0 days 06:00:00,6,27.48,132.27,982.9,71.3,10.835278647660932,135.6677332074973,140.93132286864224,105.73032076835187,103.3227617789768,66.1052650117558,58.37369259261971,47.79207260371954,52.41532716442391,15.899562108906084,15.723465408086934,13.176504186215077,13.912442144509347
2026-09-28 06:00:00,WP252026,14,2026-09-28 18:00:00,0 days 12:00:00,12,27.86,133.14,992.9,44.7,62.25382990681721,112.5205077600875,128.57429781551676,114.30993430745926,99.46396452024965,0.0,0.0,0.0,0.0,0.0,0.0,0.0,0.0
2026-09-28 06:00:00,WP252026,14,2026-09-29 00:00:00,0 days 18:00:00,18,28.37,133.86,993.0,41.1,61.57946865500526,190.5075460133276,211.60185415507044,182.36158508585072,157.0261118632718,0.0,0.0,0.0,0.0,0.0,0.0,0.0,0.0
2026-09-28 06:00:00,WP252026,14,2026-09-29 06:00:00,1 days 00:00:00,24,29.09,134.58,991.8,46.4,83.08065107311282,86.01231416318882,100.21513228749176,78.7617411069329,69.34575430184235,0.0,0.0,0.0,0.0,0.0,0.0,0.0,0.0
2026-09-28 06:00:00,WP252026,14,2026-09-29 12:00:00,1 days 06:00:00,30,29.01,135.3,992.9,37.2,105.94575771909444,23.9639371264131,105.94575771909444,27.27705337245948,31.410440308293914,0.0,0.0,0.0,0.0,0.0,0.0,0.0,0.0
2026-09-28 06:00:00,WP252026,14,2026-09-29 18:00:00,1 days 12:00:00,36,29.49,136.17,999.2,37.0,140.31259724232686,0.0,140.31259724232686,0.0,0.4219437677948576,0.0,0.0,0.0,0.0,0.0,0.0,0.0,0.0
2026-09-28 06:00:00,WP252026,14,2026-09-30 00:00:00,1 days 18:00:00,42,29.53,136.96,998.1,30.1,87.93599286282864,0.0,0.0,0.0,0.0,0.0,0.0,0.0,0.0,0.0,0.0,0.0,0.0
2026-09-28 06:00:00,WP252026,14,2026-09-30 06:00:00,2 days 00:00:00,48,30.06,137.44,1000.1,28.5,59.6504558014516,0.0,0.0,0.0,0.0,0.0,0.0,0.0,0.0,0.0,0.0,0.0,0.0
2026-09-28 06:00:00,WP252026,14,2026-09-30 12:00:00,2 days 06:00:00,54,31.05,137.82,1001.6,25.1,77.10124867849026,0.0,0.0,0.0,0.0,0.0,0.0,0.0,0.0,0.0,0.0,0.0,0.0
2026-09-28 06:00:00,WP252026,14,2026-09-30 18:00:00,2 days 12:00:00,60,31.95,138.34,999.5,36.2,68.80880892899475,68.80880892899475,3.044268533779345,0.0,1.7379569973957558,0.0,0.0,0.0,0.0,0.0,0.0,0.0,0.0
2026-09-28 06:00:00,WP252026,14,2026-10-01 00:00:00,2 days 18:00:00,66,32.93,138.94,1001.4,30.4,62.34776318173719,0.0,0.0,0.0,0.0,0.0,0.0,0.0,0.0,0.0,0.0,0.0,0.0
2026-09-28 06:00:00,WP252026,14,2026-10-01 06:00:00,3 days 00:00:00,72,33.8,139.89,1002.9,26.5,108.675288291327,0.0,0.0,0.0,0.0,0.0,0.0,0.0,0.0,0.0,0.0,0.0,0.0
2026-09-28 06:00:00,WP252026,14,2026-10-01 12:00:00,3 days 06:00:00,78,35.42,141.96,995.5,29.5,104.38541744051474,0.0,0.0,0.0,0.0,0.0,0.0,0.0,0.0,0.0,0.0,0.0,0.0
2026-09-28 06:00:00,WP252026,14,2026-10-01 18:00:00,3 days 12:00:00,84,37.45,146.81,995.3,32.0,108.86091039759918,0.0,0.0,0.0,0.0,0.0,0.0,0.0,0.0,0.0,0.0,0.0,0.0
2026-09-28 06:00:00,WP252026,14,2026-10-02 00:00:00,3 days 18:00:00,90,38.86,151.96,994.1,38.2,36.88765754296878,0.978064542141567,36.88765754296878,6.273002808847821,0.0,0.0,0.0,0.0,0.0,0.0,0.0,0.0,0.0
2026-09-28 06:00:00,WP252026,14,2026-10-02 06:00:00,4 days 00:00:00,96,42.57,157.19,988.9,39.5,120.15231972306992,0.0,120.15231972306992,4.282380706070029,0.0,0.0,0.0,0.0,0.0,0.0,0.0,0.0,0.0
2026-09-28 06:00:00,WP922026(4),14,2026-09-28 06:00:00,0 days 00:00:00,0,16.4,97.6,1001.0,29.0,64.0,0.0,0.0,0.0,0.0,0.0,0.0,0.0,0.0,0.0,0.0,0.0,0.0
2026-09-28 06:00:00,WP922026(4),14,2026-09-28 12:00:00,0 days 06:00:00,6,16.88,97.09,1001.0,27.1,123.31497679320388,0.0,0.0,0.0,0.0,0.0,0.0,0.0,0.0,0.0,0.0,0.0,0.0
2026-09-28 06:00:00,0,15,2026-09-28 12:00:00,0 days 06:00:00,6,15.12,156.11,1008.9,16.7,117.42215156777134,0.0,0.0,0.0,0.0,0.0,0.0,0.0,0.0,0.0,0.0,0.0,0.0
2026-09-28 06:00:00,0,15,2026-09-28 18:00:00,0 days 12:00:00,12,15.17,155.75,1006.9,19.1,69.30746784957408,0.0,0.0,0.0,0.0,0.0,0.0,0.0,0.0,0.0,0.0,0.0,0.0
2026-09-28 06:00:00,0,15,2026-09-29 00:00:00,0 days 18:00:00,18,15.79,153.58,1006.2,17.6,62.93409550481924,0.0,0.0,0.0,0.0,0.0,0.0,0.0,0.0,0.0,0.0,0.0,0.0
2026-09-28 06:00:00,0,15,2026-09-29 06:00:00,1 days 00:00:00,24,16.16,153.29,1006.1,17.8,131.87871689009853,0.0,0.0,0.0,0.0,0.0,0.0,0.0,0.0,0.0,0.0,0.0,0.0
2026-09-28 06:00:00,0,15,2026-09-29 12:00:00,1 days 06:00:00,30,16.18,152.71,1006.9,24.7,107.3808207834077,0.0,0.0,0.0,0.0,0.0,0.0,0.0,0.0,0.0,0.0,0.0,0.0
2026-09-28 06:00:00,0,15,2026-09-29 18:00:00,1 days 12:00:00,36,15.99,151.72,1000.8,27.3,86.9166394381371,0.0,0.0,0.0,0.0,0.0,0.0,0.0,0.0,0.0,0.0,0.0,0.0
2026-09-28 06:00:00,0,15,2026-09-30 00:00:00,1 days 18:00:00,42,16.14,150.65,1004.9,30.7,109.54908169368991,0.0,0.0,0.0,0.0,0.0,0.0,0.0,0.0,0.0,0.0,0.0,0.0
2026-09-28 06:00:00,0,15,2026-09-30 06:00:00,2 days 00:00:00,48,16.74,149.64,1003.3,32.0,92.43693140491646,0.0,0.0,0.0,0.0,0.0,0.0,0.0,0.0,0.0,0.0,0.0,0.0
2026-09-28 06:00:00,0,15,2026-09-30 12:00:00,2 days 06:00:00,54,16.69,148.81,997.4,40.3,59.41097112616244,59.41097112616244,8.974160843528875,4.0256037434732335,14.929342275883132,0.0,0.0,0.0,0.0,0.0,0.0,0.0,0.0
2026-09-28 06:00:00,0,15,2026-09-30 18:00:00,2 days 12:00:00,60,16.88,147.52,1000.2,42.7,95.63915460186,125.47779434318996,110.05732843352676,81.63476051283709,105.28931365763547,0.0,0.0,0.0,0.0,0.0,0.0,0.0,0.0
2026-09-28 06:00:00,0,15,2026-10-01 00:00:00,2 days 18:00:00,66,17.53,146.56,992.6,52.0,72.61275552738486,161.6592146669555,149.71229668218598,111.84515850031455,125.41537661510972,72.61275552738486,0.0,0.0,0.0,0.0,0.0,0.0,0.0
2026-09-28 06:00:00,0,15,2026-10-01 06:00:00,3 days 00:00:00,72,18.22,145.69,982.1,70.0,61.23167752523136,201.23757857098784,174.56806216948237,132.70071692073952,146.4426433769754,61.23167752523136,6.226386052197619,0.7150623387007431,5.50853433427436,61.23167752523136,0.0,0.0,0.0
2026-09-28 06:00:00,0,15,2026-10-01 12:00:00,3 days 06:00:00,78,18.55,144.52,970.9,80.4,41.79681150288184,270.8373425302391,239.0483260557257,195.96159295080315,226.11112488702972,41.79681150288184,0.0,0.0,41.79681150288184,41.79681150288184,0.0,0.0,0.1683594426322194
2026-09-28 06:00:00,0,15,2026-10-01 18:00:00,3 days 12:00:00,84,18.74,143.8,974.0,71.6,18.79411016771924,210.7356307513924,174.23285334324646,160.12936220242835,191.2017517076084,102.54636850034336,86.49189548522949,67.89552885743463,87.96726476021502,26.76298001250413,22.63659417483916,18.01840923501192,22.63694757017564
2026-09-28 06:00:00,0,15,2026-10-02 00:00:00,3 days 18:00:00,90,18.83,143.1,953.4,97.2,3.2906657077946395,195.63595631793464,181.73662256933343,143.97649381650248,168.93861919760695,83.66373375239723,70.4948412160441,56.33527940606714,71.28349809466708,34.442014535407644,30.51981790564685,24.299059095182443,29.034877802127088
2026-09-28 06:00:00,0,15,2026-10-02 06:00:00,4 days 00:00:00,96,19.55,142.43,967.4,82.8,85.60117920404673,430.42727426271097,399.88945137384655,305.83674094689354,355.22851424713406,169.38663450499047,154.76558022382795,114.93749874801696,136.4389479660651,85.60117920404673,14.904406996896462,10.64235145948873,12.483126984479362
2026-09-28 06:00:00,0,15,2026-10-02 12:00:00,4 days 06:00:00,102,19.63,141.92,936.9,121.6,46.004035149963215,277.42281743078297,247.71324647257663,208.4830432803028,232.39777535354733,46.004035149963215,1.2920568603089748,0.0,1.845463024722676,46.004035149963215,0.0,0.0,0.0
2026-09-28 06:00:00,0,15,2026-10-02 18:00:00,4 days 12:00:00,108,19.78,141.34,939.4,112.9,0.0,310.72231990229614,317.9867725816768,292.3814333847533,287.25431121952346,60.25081174371981,63.6703854115637,51.02002047127706,52.29204560834634,5.232651310855907,5.407395557564635,3.982195441478983,3.5489660068843984
2026-09-28 06:00:00,0,15,2026-10-03 00:00:00,4 days 18:00:00,114,20.27,140.77,928.8,132.0,16.38254525514015,295.31699448097373,248.4776211166092,275.59502037529853,283.9666486906189,182.45036906294328,175.97674260795745,167.6470545050877,178.8087966308584,133.05603599760195,126.0606113967149,106.86851037985488,119.75196761027894
2026-09-28 06:00:00,0,15,2026-10-03 06:00:00,5 days 00:00:00,120,20.14,140.41,950.0,106.8,42.39738718790469,446.009821491604,445.7010603516756,358.55628078101904,371.7703069882184,219.61301346230997,223.7460878761813,188.7625387186265,186.11985768086265,97.22268127361644,94.99811780781556,79.52188200662977,83.71864209453832
2026-09-28 06:00:00,0,15,2026-10-03 12:00:00,5 days 06:00:00,126,20.53,140.2,951.8,98.2,27.687134631785025,307.8092350371631,273.3772468441685,231.8263056234488,279.2153878350316,146.5536912100762,127.87489779491692,104.683553080765,125.72295111975092,54.969927335297534,47.82381005131584,38.4737126123208,46.73153270065636
2026-09-28 06:00:00,0,15,2026-10-03 18:00:00,5 days 12:00:00,132,20.77,139.81,936.2,118.5,0.0,324.69495101246264,307.69082310685724,274.38059519073727,287.7204680688102,160.11220719167935,161.96202539014627,135.33954504205863,135.23821986509748,77.1067724411707,73.01778572677664,63.02175899305145,66.98428730166131
2026-09-28 06:00:00,0,15,2026-10-04 00:00:00,5 days 18:00:00,138,21.01,139.52,917.3,134.7,18.395827834764354,428.0382039701364,381.2237287492037,347.68151963331053,366.70474043213073,171.51137557970063,158.7649020472174,129.36902370792302,152.58962192927348,100.17595383784516,91.34378260083314,76.40088836867703,87.1570051182766
2026-09-28 06:00:00,0,15,2026-10-04 06:00:00,6 days 00:00:00,144,21.22,139.22,924.4,126.8,27.289402470365676,329.8687409995765,295.23731709326813,300.3077224758048,317.1974031433299,173.47750396670875,172.95510933422645,150.9248689345955,155.93259960432994,108.58155218936244,105.91753215324852,88.70814360489899,97.11256944374917
2026-09-28 06:00:00,0,15,2026-10-04 12:00:00,6 days 06:00:00,150,21.13,139.53,941.3,101.4,36.89564584823812,248.79645507051384,287.0566164763199,263.9674715336193,227.05586353065144,114.27619699448826,121.75734023772792,100.80480462003072,96.0834875535635,65.12370325235531,63.54345847167669,53.87675452793897,55.57095295298585
2026-09-28 06:00:00,0,15,2026-10-04 18:00:00,6 days 12:00:00,156,21.73,139.72,931.2,124.8,34.889999924984394,341.81297885688485,421.3171297153573,377.03884525538894,293.55874341181493,19.05051581241946,49.00211283711267,38.59015092038141,14.839781329361388,5.127326010646168,34.889999924984394,8.958507093610587,2.058562000902624
2026-09-28 06:00:00,0,15,2026-10-05 00:00:00,6 days 18:00:00,162,22.02,139.73,930.1,129.8,44.66000783182324,360.6019268991522,371.16562943111984,334.7251661926013,323.60389287064555,7.103258839022915,44.66000783182324,11.313935899777633,5.494809555177799,7.103258839022915,44.66000783182324,7.4198013766474205,5.494809555177799
2026-09-28 06:00:00,0,15,2026-10-05 06:00:00,7 days 00:00:00,168,22.51,139.99,943.3,102.9,30.464591715942564,393.4061735762532,393.6075641945303,353.17358986835507,361.7834256771248,241.350435937653,243.0215791697185,211.08218879039225,206.28872911214165,125.89339883708904,123.7551467772704,107.19021508542956,109.39265270889604
2026-09-28 06:00:00,0,15,2026-10-05 12:00:00,7 days 06:00:00,174,22.72,139.88,930.6,119.1,27.290889137628824,413.93807826622606,369.1259823806827,384.8622763219755,396.66163609252135,221.86761277762207,214.01084340102648,196.73828134341056,204.54675703561568,127.49351507426012,121.68802093369504,106.17681482792398,113.75709311919309
2026-09-28 06:00:00,0,15,2026-10-05 18:00:00,7 days 12:00:00,180,23.17,139.58,937.7,108.0,60.91989267337296,378.766540119148,353.1295374452596,312.3452600263022,324.86463555323536,70.19214214623986,68.35580889187818,54.6936018827343,60.99688221939907,60.91989267337296,5.779072982064943,5.181355965906008,6.5019434191466825
2026-09-28 06:00:00,0,15,2026-10-06 00:00:00,7 days 18:00:00,186,23.75,139.47,950.8,96.2,66.33324160051811,368.38226204733934,382.1502988523033,320.7598478169789,301.7955038290911,156.09326031705817,163.51446130088794,136.3721463984234,139.53564499751718,76.06471352612493,74.49990654017941,61.74031502315728,64.38891147903178
2026-09-28 06:00:00,0,15,2026-10-06 06:00:00,8 days 00:00:00,192,24.34,139.31,935.6,111.7,61.84890317448565,447.43341422672745,430.094132199055,380.2443490871928,385.9073544268713,69.47787040860172,68.93226681439654,50.116135426934925,51.7938989777814,0.7170735640446968,61.84890317448565,0.0,0.1486868031203161
2026-09-28 06:00:00,0,15,2026-10-06 12:00:00,8 days 06:00:00,198,24.94,138.84,944.6,107.8,13.119452147842196,421.9903520888898,399.6437801011589,372.7325819591725,397.8358153704936,159.20228507306263,145.02792527255713,118.06426478090836,125.18545902411616,35.71683297606462,29.43124528079757,25.755849592311144,30.315810982044823
2026-09-28 06:00:00,0,15,2026-10-06 18:00:00,8 days 12:00:00,204,25.67,138.38,952.6,93.8,1.5924547454408238,286.0441321046416,265.3449673401363,252.49008097523597,263.21353189398525,171.6443473020905,159.99704829517174,134.43426204048382,148.62865511293165,98.70023873243856,90.8554130483129,76.39321776689873,84.74457036725065
2026-09-28 06:00:00,0,15,2026-10-07 00:00:00,8 days 18:00:00,210,26.79,138.32,942.0,102.4,23.012368805001984,326.0333272281566,331.8975881507034,275.553431201403,264.9061136949556,138.5883143456618,138.32939721040623,105.478485182454,111.5444527906171,34.84834198708144,32.698587523063566,26.511405940033136,28.99613214958196
2026-09-28 06:00:00,0,15,2026-10-07 06:00:00,9 days 00:00:00,216,28.41,138.27,946.5,103.2,26.76015525863768,467.35642315929977,476.86693174533696,380.9259423064999,379.6136792969013,229.33801426163387,234.76562886844252,189.3222169536237,190.2581236118784,84.87051669067137,83.28724413675258,69.06014755882725,72.47124649913965
2026-09-28 06:00:00,0,15,2026-10-07 12:00:00,9 days 06:00:00,222,30.26,138.19,951.4,88.6,3.8098503604140994,384.7765909811471,371.831263324926,293.0001208744061,301.15865700647225,175.8427073328594,182.15515982078543,142.26681307150113,142.53253668065514,53.9089362006369,51.98654712293615,41.694061423864895,46.756419836231984
2026-09-28 06:00:00,0,15,2026-10-07 18:00:00,9 days 12:00:00,228,32.11,138.74,956.7,85.0,14.768293336731418,229.4550953652557,255.91634399860905,232.7858615677933,156.6422106482965,16.464364199528276,32.32061234189946,18.88465141700665,10.803984628427038,0.0,14.768293336731418,0.0,0.0
2026-09-28 06:00:00,0,15,2026-10-08 00:00:00,9 days 18:00:00,234,34.36,139.74,961.1,71.2,84.43229422495207,480.2773672398637,472.9224813937413,387.3436329619451,416.4334270005408,232.9506375236949,229.8603265511912,181.78278143562463,187.9136532880593,25.910461491896328,84.43229422495207,24.383194776226404,25.21763762049676
2026-09-28 06:00:00,0,15,2026-10-08 06:00:00,10 days 00:00:00,240,37.12,141.71,979.2,59.1,87.70361750753409,414.6862657482589,437.193551640501,336.0496386571185,316.7095057983115,164.26821741105596,165.4392443694319,125.64814112333738,128.9816635142879,0.0,0.0,0.0,0.0
2026-09-28 06:00:00,0,15,2026-10-08 12:00:00,10 days 06:00:00,246,39.29,144.13,981.7,52.9,76.2473210362964,343.4881738490939,326.83445920419854,277.8337625459428,296.8447923467816,76.2473210362964,12.700057723820688,7.841536974873975,8.923565462065337,0.0,0.0,0.0,0.0
2026-09-28 06:00:00,0,15,2026-10-08 18:00:00,10 days 12:00:00,252,40.62,147.73,979.1,54.4,181.54016595111216,369.48793697171465,401.30311573124976,354.26640936050154,325.79578837223465,0.0,181.54016595111216,5.728297945336134,0.4231756897778931,0.0,0.0,0.0,0.0
2026-09-28 06:00:00,0,15,2026-10-09 00:00:00,10 days 18:00:00,258,41.89,151.73,986.1,46.6,80.0093894574055,80.0093894574055,14.297835129078049,0.0,11.54053914631931,0.0,0.0,0.0,0.0,0.0,0.0,0.0,0.0
2026-09-28 06:00:00,0,15,2026-10-09 06:00:00,11 days 00:00:00,264,43.58,155.48,989.3,48.5,59.01619503920166,13.393208398746228,59.01619503920166,21.523551748144165,15.749246961571458,0.0,0.0,0.0,0.0,0.0,0.0,0.0,0.0
2026-09-28 06:00:00,0,15,2026-10-09 12:00:00,11 days 06:00:00,270,44.28,159.26,981.9,45.6,114.11544757164144,0.0,7.742559540749767,114.11544757164144,0.0,0.0,0.0,0.0,0.0,0.0,0.0,0.0,0.0
2026-09-28 06:00:00,0,15,2026-10-09 18:00:00,11 days 12:00:00,276,44.79,163.46,961.3,57.5,84.91739921188227,0.8501695856632736,84.91739921188227,23.240489154129016,2.410991230183185,0.5188546563755416,84.91739921188227,2.729601324422301,0.6212319849116916,0.0,0.0,0.0,0.0
2026-09-28 06:00:00,16,15,2026-10-03 18:00:00,5 days 12:00:00,132,12.09,158.89,1004.8,26.3,83.8564563154824,0.0,0.0,0.0,0.0,0.0,0.0,0.0,0.0,0.0,0.0,0.0,0.0
2026-09-28 06:00:00,16,15,2026-10-04 00:00:00,5 days 18:00:00,138,11.56,158.91,1004.9,25.6,122.92406669942224,0.0,0.0,0.0,0.0,0.0,0.0,0.0,0.0,0.0,0.0,0.0,0.0
2026-09-28 06:00:00,16,15,2026-10-04 06:00:00,6 days 00:00:00,144,10.79,158.79,1003.8,25.6,51.62535868566195,0.0,0.0,0.0,0.0,0.0,0.0,0.0,0.0,0.0,0.0,0.0,0.0
2026-09-28 06:00:00,16,15,2026-10-04 12:00:00,6 days 06:00:00,150,9.75,158.6,1004.0,21.2,104.75113597139392,0.0,0.0,0.0,0.0,0.0,0.0,0.0,0.0,0.0,0.0,0.0,0.0
2026-09-28 06:00:00,16,15,2026-10-04 18:00:00,6 days 12:00:00,156,9.53,158.8,1004.2,25.1,100.918754927222,0.0,0.0,0.0,0.0,0.0,0.0,0.0,0.0,0.0,0.0,0.0,0.0
2026-09-28 06:00:00,16,15,2026-10-05 00:00:00,6 days 18:00:00,162,8.89,158.58,998.4,40.4,44.05808037123782,60.27980316809425,57.21432302854983,50.8998579975895,65.88299533192286,0.0,0.0,0.0,0.0,0.0,0.0,0.0,0.0
2026-09-28 06:00:00,16,15,2026-10-05 06:00:00,7 days 00:00:00,168,8.59,158.65,1002.5,27.8,50.02426153898077,0.0,0.0,0.0,0.0,0.0,0.0,0.0,0.0,0.0,0.0,0.0,0.0
2026-09-28 06:00:00,16,15,2026-10-05 12:00:00,7 days 06:00:00,174,9.03,158.92,999.8,39.7,100.85452358800316,140.21073433658452,121.5625944826334,89.687042548278,120.95947492453168,0.0,0.0,0.0,0.0,0.0,0.0,0.0,0.0
2026-09-28 06:00:00,16,15,2026-10-05 18:00:00,7 days 12:00:00,180,9.04,158.81,1001.1,37.8,121.29749599652963,152.72120204775638,133.42538063643383,99.14260405914706,130.1082920867402,0.0,0.0,0.0,0.0,0.0,0.0,0.0,0.0
2026-09-28 06:00:00,16,15,2026-10-06 00:00:00,7 days 18:00:00,186,9.0,158.27,1002.0,31.9,71.53072075004809,0.0,0.0,0.0,0.0,0.0,0.0,0.0,0.0,0.0,0.0,0.0,0.0
2026-09-28 06:00:00,16,15,2026-10-06 06:00:00,8 days 00:00:00,192,9.16,158.33,999.8,40.4,99.8654412575,121.86586834989596,120.85002126521016,100.79205567932458,111.56151386908014,0.0,0.0,0.0,0.0,0.0,0.0,0.0,0.0
2026-09-28 06:00:00,16,15,2026-10-06 12:00:00,8 days 06:00:00,198,9.5,157.68,999.2,45.9,87.36857085438051,206.0821574025865,187.48973450995737,132.48226166081824,168.30396461454197,0.0,0.0,0.0,0.0,0.0,0.0,0.0,0.0
2026-09-28 06:00:00,16,15,2026-10-06 18:00:00,8 days 12:00:00,204,9.18,156.68,999.5,38.8,57.11165711942156,64.38289429337239,65.88812943429762,55.42329798477849,57.43190173669575,0.0,0.0,0.0,0.0,0.0,0.0,0.0,0.0
2026-09-28 06:00:00,16,15,2026-10-07 00:00:00,8 days 18:00:00,210,10.08,156.49,999.6,31.8,62.32720401390074,0.0,0.0,0.0,0.0,0.0,0.0,0.0,0.0,0.0,0.0,0.0,0.0
2026-09-28 06:00:00,16,15,2026-10-07 06:00:00,9 days 00:00:00,216,10.44,155.65,1000.8,37.0,71.32718793441623,140.67763822039063,113.13104433887088,88.3834250731644,118.91192106472477,0.0,0.0,0.0,0.0,0.0,0.0,0.0,0.0
2026-09-28 06:00:00,16,15,2026-10-07 12:00:00,9 days 06:00:00,222,11.12,155.15,999.7,34.0,61.89383851634699,61.89383851634699,0.0,0.6595887896227595,6.737099538080866,0.0,0.0,0.0,0.0,0.0,0.0,0.0,0.0
2026-09-28 06:00:00,16,15,2026-10-07 18:00:00,9 days 12:00:00,228,11.78,154.32,998.1,33.4,55.303278373682005,0.0,0.0,0.0,0.0,0.0,0.0,0.0,0.0,0.0,0.0,0.0,0.0
2026-09-28 06:00:00,16,15,2026-10-08 00:00:00,9 days 18:00:00,234,12.83,152.87,995.8,48.9,55.14196820873401,177.05191076203718,146.8822890079865,111.35646758486816,148.53525360801822,0.0,0.0,0.0,0.0,0.0,0.0,0.0,0.0
2026-09-28 06:00:00,16,15,2026-10-08 06:00:00,10 days 00:00:00,240,12.83,152.41,985.1,64.9,23.417490784458,84.14237219024488,69.20109334729746,66.1881346573366,86.88839489639255,45.07415140520365,34.61355494338476,25.320309726505695,34.97728423208254,23.417490784458,0.0,0.0586100735952728,0.8578474225149417
2026-09-28 06:00:00,16,15,2026-10-08 12:00:00,10 days 06:00:00,246,13.6,151.98,987.5,57.2,0.6097692153359304,137.63197090810905,127.00772910234228,105.99868255157774,126.27845418723064,39.17263534686165,30.873244189237827,18.56720836217296,26.76905003867303,0.0,0.0,0.0,0.0
2026-09-28 06:00:00,16,15,2026-10-08 18:00:00,10 days 12:00:00,252,14.44,151.19,991.0,63.3,78.91234503768395,184.7979804047951,172.61361043916742,141.55992147344514,158.43838180872604,78.91234503768395,1.8071402762195707,0.0,0.6545052616788536,0.0,0.0,0.0,0.0
2026-09-28 06:00:00,16,15,2026-10-09 00:00:00,10 days 18:00:00,258,14.86,150.48,1001.4,46.9,58.53014011462405,138.07508466823884,122.86404330126686,96.93049296235696,127.83596817671555,0.0,0.0,0.0,0.0,0.0,0.0,0.0,0.0
2026-09-28 06:00:00,16,15,2026-10-09 06:00:00,11 days 00:00:00,264,15.39,149.95,988.1,56.0,27.066861127223103,69.02452135650793,65.02206205693328,55.13169851829514,69.00949223878024,27.066861127223103,12.974102297698392,7.987867520517867,12.367377387047316,0.0,0.0,0.0,0.0
2026-09-28 06:00:00,16,15,2026-10-09 12:00:00,11 days 06:00:00,270,15.41,149.34,989.9,59.2,29.58853396227568,173.93872362102098,150.76169943350328,114.8100492406449,153.8345690166853,50.12596410421392,39.223033650162414,27.54180900595056,36.77062987523324,0.0,0.0,0.0,0.0
2026-09-28 06:00:00,16,15,2026-10-09 18:00:00,11 days 12:00:00,276,15.6,149.53,988.3,58.8,44.70718710370335,87.60870223296169,97.8375126981118,82.31408432380013,76.67879031866698,44.70718710370335,15.327554674899382,8.214594460889208,13.93689419723646,0.0,0.0,0.0,0.0
2026-09-28 06:00:00,16,15,2026-10-10 00:00:00,11 days 18:00:00,282,15.68,149.42,976.3,72.7,30.05117564803293,137.51599891891067,137.09506694071226,131.7318088842788,127.61777103070288,76.24047677350916,77.69981604847945,67.39019658384353,69.4564878277954,41.7233831563819,40.4127323601275,33.93031771646179,36.42660597858287
2026-09-28 06:00:00,16,15,2026-10-10 06:00:00,12 days 00:00:00,288,15.68,149.49,983.7,66.0,10.094663055850765,145.51920691975596,139.25965692182274,118.84026180653794,127.64199369109244,67.96897081286605,68.14070561767706,51.76937986778327,54.57597998548476,14.014860774567095,14.281067900038916,11.484434995048652,12.26079140946025
2026-09-28 06:00:00,16,15,2026-10-10 12:00:00,12 days 06:00:00,294,15.45,149.62,943.2,113.3,8.395225954031938,93.6343544893166,99.6352205412608,129.5715033140094,124.69021461557809,33.42142524217456,34.48287653720119,33.33142557334763,35.22520832120642,30.481561560048483,25.610300505204325,22.846816105029475,26.84639151686628
2026-09-28 06:00:00,16,15,2026-10-10 18:00:00,12 days 12:00:00,300,15.74,149.05,917.5,142.7,0.0,170.00949220397845,168.40223108009184,172.52624299034426,196.03122316525457,94.08420981144178,94.42779840678747,87.80404973623754,86.5423600389054,43.01406140322565,39.3812437069423,38.43283695889869,38.90944251115096
2026-09-28 06:00:00,16,15,2026-10-11 00:00:00,12 days 18:00:00,306,15.75,148.54,982.7,67.1,17.006402458669598,145.6797197763789,131.9599597329565,111.26858324990762,129.46101228615044,100.90419918503268,86.8334072660039,64.18117515504463,84.39931891810811,26.958283363584545,23.54300054530008,17.74524044883878,21.944610813494037
2026-09-28 06:00:00,16,15,2026-10-11 06:00:00,13 days 00:00:00,312,16.11,148.24,957.8,98.4,0.0,156.734125355625,142.3729966095941,116.61219819831472,139.3919418494903,65.60939149432559,53.86367873906471,38.69143912423871,49.29212698091089,19.67251289002908,15.211133173703187,11.924581642164531,16.130017794073304
2026-09-28 06:00:00,16,15,2026-10-11 12:00:00,13 days 06:00:00,318,16.33,147.67,928.9,132.0,27.13891675146561,190.22520008203847,177.57281197482737,167.23328171915708,179.60945186275347,27.13891675146561,0.0,0.0,27.13891675146561,27.13891675146561,0.0,0.0,0.0
2026-09-28 06:00:00,16,15,2026-10-11 18:00:00,13 days 12:00:00,324,16.62,147.4,946.1,107.1,25.826131414109284,218.20666832056716,180.0088759732403,145.15524124588342,196.7518600084113,117.98489848958388,99.02072528805536,79.9004842981326,100.92031611306652,69.14241597448051,58.9261841422969,51.0957454390732,61.86658934839579
2026-09-28 06:00:00,16,15,2026-10-12 00:00:00,13 days 18:00:00,330,16.65,147.03,944.1,111.8,0.0,195.1200547110905,161.13041896760348,144.37195588943473,198.44263490832952,99.61510798089644,73.33976580191481,54.88992090675272,82.66497801925789,45.10915125254675,35.5980882348469,28.59686820177385,40.086441307833496
2026-09-28 06:00:00,16,15,2026-10-12 06:00:00,14 days 00:00:00,336,17.24,146.85,939.8,118.1,0.0,208.1866698442964,226.08938021307767,186.5883721086033,174.91283135729452,4.155157873841336,7.154637182521217,0.9758407432263404,2.63173293351049,1.936771909513069,2.2970548774346007,0.9758407432263404,0.3116604886656389
2026-09-28 06:00:00,16,15,2026-10-12 12:00:00,14 days 06:00:00,342,17.76,147.0,934.7,117.4,0.0,162.4180977835357,176.95917262955265,132.3465588800268,121.23739428315768,73.61403398555636,69.3604576723457,46.14030946933413,54.58399107634163,35.2596346911764,29.93913270857865,22.455692206338032,28.583608923746656
2026-09-28 06:00:00,16,15,2026-10-12 18:00:00,14 days 12:00:00,348,19.05,146.91,933.9,120.6,0.0,158.95051424493033,185.06473089013912,162.52315686613838,137.38703223643705,42.08104898584799,44.47080252175546,32.14520454399384,38.31365867356988,36.74741945587861,34.30720987318555,26.400366463517173,32.93274312814641
2026-09-28 06:00:00,16,15,2026-10-13 00:00:00,14 days 18:00:00,354,20.03,146.63,950.9,108.1,12.9563778119497,141.90347506189636,142.71166106395526,118.48845469690548,125.3465151603453,47.22985858038466,39.68393230788728,22.4012001585932,36.62027901782282,13.596701137735224,10.132291007871116,7.027991479167601,11.665635309787088
2026-09-28 06:00:00,16,15,2026-10-13 06:00:00,15 days 00:00:00,360,21.55,146.05,936.0,119.1,6.968434322630074,238.8573431360016,235.33212656466804,203.9657767516236,191.7015524990005,6.968434322630074,0.9443403815547478,0.0,6.968434322630074,6.968434322630074,0.0,0.0,0.0
2026-09-28 06:00:00,23,15,2026-10-08 18:00:00,10 days 12:00:00,252,10.79,114.33,1004.0,19.8,119.60489720233466,0.0,0.0,0.0,0.0,0.0,0.0,0.0,0.0,0.0,0.0,0.0,0.0
2026-09-28 06:00:00,23,15,2026-10-09 00:00:00,10 days 18:00:00,258,11.51,114.13,1006.8,19.4,90.83835795727128,0.0,0.0,0.0,0.0,0.0,0.0,0.0,0.0,0.0,0.0,0.0,0.0
2026-09-28 06:00:00,23,15,2026-10-09 06:00:00,11 days 00:00:00,264,11.98,113.91,1006.1,22.3,99.22816962097832,0.0,0.0,0.0,0.0,0.0,0.0,0.0,0.0,0.0,0.0,0.0,0.0
2026-09-28 06:00:00,23,15,2026-10-09 12:00:00,11 days 06:00:00,270,12.18,113.02,1004.3,29.1,132.61645715951704,0.0,0.0,0.0,0.0,0.0,0.0,0.0,0.0,0.0,0.0,0.0,0.0
2026-09-28 06:00:00,23,15,2026-10-09 18:00:00,11 days 12:00:00,276,13.59,113.32,997.2,27.8,74.52129583025746,0.0,0.0,0.0,0.0,0.0,0.0,0.0,0.0,0.0,0.0,0.0,0.0
2026-09-28 06:00:00,23,15,2026-10-10 00:00:00,11 days 18:00:00,282,14.2,113.49,1000.7,33.1,100.4459353945166,0.0,0.0,0.0,0.0,0.0,0.0,0.0,0.0,0.0,0.0,0.0,0.0
2026-09-28 06:00:00,23,15,2026-10-10 06:00:00,12 days 00:00:00,288,14.94,112.71,997.5,35.4,80.9163447789297,80.9163447789297,63.19325192972424,45.58897335860234,63.04291827266347,0.0,0.0,0.0,0.0,0.0,0.0,0.0,0.0
2026-09-28 06:00:00,23,15,2026-10-10 12:00:00,12 days 06:00:00,294,16.11,112.23,995.6,43.7,115.8538467086708,145.04364953936368,122.3500948912166,103.99270420323172,118.18602573058668,0.0,0.0,0.0,0.0,0.0,0.0,0.0,0.0
2026-09-28 06:00:00,23,15,2026-10-10 18:00:00,12 days 12:00:00,300,16.6,111.61,995.2,47.9,65.42479555013583,166.33502335684713,139.65699855083594,124.46762264556938,154.03785786485767,0.0,0.0,0.0,0.0,0.0,0.0,0.0,0.0
2026-09-28 06:00:00,23,15,2026-10-11 00:00:00,12 days 18:00:00,306,17.13,110.6,996.9,46.6,94.02217141758987,229.98594543451253,214.9450070950511,172.6541206277555,180.46754998417745,0.0,0.0,0.0,0.0,0.0,0.0,0.0,0.0
2026-09-28 06:00:00,23,15,2026-10-11 06:00:00,13 days 00:00:00,312,18.45,110.22,997.5,38.0,78.78305661207771,78.78305661207771,42.32603668742124,24.571688415345516,40.10566373407092,0.0,0.0,0.0,0.0,0.0,0.0,0.0,0.0
2026-09-28 06:00:00,23,15,2026-10-11 12:00:00,13 days 06:00:00,318,18.99,109.86,995.1,37.5,112.36006906492926,180.8449656901857,156.51754898850794,98.77048994122578,127.40817209967048,0.0,0.0,0.0,0.0,0.0,0.0,0.0,0.0
2026-09-28 06:00:00,23,15,2026-10-11 18:00:00,13 days 12:00:00,324,19.32,109.52,997.3,33.8,36.05208055707215,0.0,0.0,0.0,0.0,0.0,0.0,0.0,0.0,0.0,0.0,0.0,0.0
2026-09-28 06:00:00,23,15,2026-10-12 00:00:00,13 days 18:00:00,330,19.95,109.57,1000.0,27.6,53.01720672006828,0.0,0.0,0.0,0.0,0.0,0.0,0.0,0.0,0.0,0.0,0.0,0.0
2026-09-28 06:00:00,23,15,2026-10-12 06:00:00,14 days 00:00:00,336,20.18,109.53,1000.4,31.0,94.0976296925448,0.0,0.0,0.0,0.0,0.0,0.0,0.0,0.0,0.0,0.0,0.0,0.0
2026-09-28 06:00:00,23,15,2026-10-12 12:00:00,14 days 06:00:00,342,20.87,110.12,1001.4,29.2,52.90509681996949,0.0,0.0,0.0,0.0,0.0,0.0,0.0,0.0,0.0,0.0,0.0,0.0
2026-09-28 06:00:00,23,15,2026-10-12 18:00:00,14 days 12:00:00,348,21.01,110.53,1004.5,26.0,97.81589197362403,0.0,0.0,0.0,0.0,0.0,0.0,0.0,0.0,0.0,0.0,0.0,0.0
2026-09-28 06:00:00,23,15,2026-10-13 00:00:00,14 days 18:00:00,354,20.87,110.77,1003.9,20.9,46.99609625983594,0.0,0.0,0.0,0.0,0.0,0.0,0.0,0.0,0.0,0.0,0.0,0.0
2026-09-28 06:00:00,23,15,2026-10-13 06:00:00,15 days 00:00:00,360,20.5,110.96,1004.1,25.5,111.08727419279366,0.0,0.0,0.0,0.0,0.0,0.0,0.0,0.0,0.0,0.0,0.0,0.0
2026-09-28 06:00:00,AL062026,15,2026-09-28 06:00:00,0 days 00:00:00,0,28.3,-43.8,1012.0,25.0,56.0,0.0,0.0,0.0,0.0,0.0,0.0,0.0,0.0,0.0,0.0,0.0,0.0
2026-09-28 06:00:00,AL062026,15,2026-09-28 12:00:00,0 days 06:00:00,6,27.46,-44.31,1010.9,32.6,82.17382849230347,0.0,0.0,0.0,0.0,0.0,0.0,0.0,0.0,0.0,0.0,0.0,0.0
2026-09-28 06:00:00,AL062026,15,2026-09-28 18:00:00,0 days 12:00:00,12,27.0,-44.93,1010.5,23.1,34.463827490738026,0.0,0.0,0.0,0.0,0.0,0.0,0.0,0.0,0.0,0.0,0.0,0.0
2026-09-28 06:00:00,AL062026,15,2026-09-29 00:00:00,0 days 18:00:00,18,26.21,-45.57,1009.8,27.8,92.7277882144718,0.0,0.0,0.0,0.0,0.0,0.0,0.0,0.0,0.0,0.0,0.0,0.0
2026-09-28 06:00:00,AL062026,15,2026-09-29 06:00:00,1 days 00:00:00,24,25.38,-46.54,1008.5,35.5,66.31966370232215,1.7198022049494703,0.0,0.0,66.31966370232215,0.0,0.0,0.0,0.0,0.0,0.0,0.0,0.0
2026-09-28 06:00:00,AL062026,15,2026-09-29 12:00:00,1 days 06:00:00,30,24.7,-47.5,1010.9,31.3,53.6926784322265,0.0,0.0,0.0,0.0,0.0,0.0,0.0,0.0,0.0,0.0,0.0,0.0
2026-09-28 06:00:00,AL062026,15,2026-09-29 18:00:00,1 days 12:00:00,36,24.42,-48.82,1009.6,22.7,91.26381897434796,0.0,0.0,0.0,0.0,0.0,0.0,0.0,0.0,0.0,0.0,0.0,0.0
2026-09-28 06:00:00,AL062026,15,2026-09-30 00:00:00,1 days 18:00:00,42,23.75,-50.17,1013.1,27.2,131.32375021307678,0.0,0.0,0.0,0.0,0.0,0.0,0.0,0.0,0.0,0.0,0.0,0.0
2026-09-28 06:00:00,AL062026,15,2026-09-30 06:00:00,2 days 00:00:00,48,22.99,-51.61,1010.1,30.0,91.45875873286003,0.0,0.0,0.0,0.0,0.0,0.0,0.0,0.0,0.0,0.0,0.0,0.0
2026-09-28 06:00:00,AL912026(2),15,2026-09-28 06:00:00,0 days 00:00:00,0,36.3,-53.1,1013.0,29.0,148.0,0.0,0.0,0.0,0.0,0.0,0.0,0.0,0.0,0.0,0.0,0.0,0.0
2026-09-28 06:00:00,AL912026(2),15,2026-09-28 12:00:00,0 days 06:00:00,6,36.73,-51.32,1002.8,36.9,77.6427980115134,1.060782465847744,77.6427980115134,0.0,0.0,0.0,0.0,0.0,0.0,0.0,0.0,0.0,0.0
2026-09-28 06:00:00,AL912026(2),15,2026-09-28 18:00:00,0 days 12:00:00,12,36.25,-49.22,1005.1,29.5,64.81887340642527,0.0,0.0,0.0,0.0,0.0,0.0,0.0,0.0,0.0,0.0,0.0,0.0
2026-09-28 06:00:00,EP152026(2),15,2026-09-28 06:00:00,0 days 00:00:00,0,16.4,-160.8,929.0,134.0,28.0,241.0,185.0,148.0,204.0,93.0,74.0,74.0,93.0,56.0,46.0,37.0,46.0
2026-09-28 06:00:00,EP152026(2),15,2026-09-28 12:00:00,0 days 06:00:00,6,16.77,-161.67,948.7,113.9,31.40392648583213,214.50887107846188,163.84956107458697,118.4333138653111,189.8232292127877,85.60307206871335,58.09062945448648,38.28266178533892,73.41546070007485,42.16596733631013,31.62529700305788,24.675240729930493,35.89183655002728
2026-09-28 06:00:00,EP152026(2),15,2026-09-28 18:00:00,0 days 12:00:00,12,17.11,-162.5,941.4,119.3,35.759628896671366,199.44466337031457,169.51835890124087,134.3024030757717,166.34739153349017,44.31341023691692,26.916744285623064,14.799946551585364,35.33320864454397,35.759628896671366,23.811818059887173,14.799946551585364,22.57839190724122
2026-09-28 06:00:00,EP152026(2),15,2026-09-29 00:00:00,0 days 18:00:00,18,18.04,-163.39,949.9,116.1,0.0,183.9471656725924,153.77563984544696,118.56817943583232,144.8222962434403,65.60864233147052,48.509327140559336,27.658405910505657,51.42096938786047,33.19333794052763,27.07875995299425,20.216731065500703,28.0346988381696
2026-09-28 06:00:00,EP152026(2),15,2026-09-29 06:00:00,1 days 00:00:00,24,19.27,-163.62,950.7,110.6,0.0,172.29535933235346,157.59069046731767,111.73168861917772,143.65604447935198,87.56550296893576,68.05551048739947,45.44980665123899,68.59680433899919,62.05230469523501,52.62406590083533,43.85535752769443,54.151102684799895
2026-09-28 06:00:00,EP152026(2),15,2026-09-29 12:00:00,1 days 06:00:00,30,20.36,-164.0,957.6,100.2,24.453276508417936,252.7882454071624,231.4004391618828,154.31754831954362,192.75689831614264,101.44273517418829,80.05955750896786,52.48648333396831,78.61894265291083,37.52839210756547,32.97067873821838,24.00751478059976,32.179568454193344
2026-09-28 06:00:00,EP152026(2),15,2026-09-29 18:00:00,1 days 12:00:00,36,21.41,-163.46,967.3,84.9,20.49239966782947,165.60971023595636,157.39438270951868,104.5415129281122,134.03765882646178,85.15696331187837,68.39066890601775,44.5872149629073,62.94859072795785,26.181853756393988,22.8457069403764,15.19212712659293,21.08842935577277
2026-09-28 06:00:00,EP152026(2),15,2026-09-30 00:00:00,1 days 18:00:00,42,22.44,-163.56,987.2,63.1,58.22655832571621,268.1247004876078,238.91578735776227,173.33900269079345,214.2855592999292,112.1912560993477,98.4962295005609,71.50382051521922,81.39205130657632,0.0,0.0,0.0,0.0
2026-09-28 06:00:00,EP152026(2),15,2026-09-30 06:00:00,2 days 00:00:00,48,22.91,-163.34,984.1,59.2,82.64631430391663,342.0688993357022,337.11252523026224,250.6045739919282,266.7737452056714,117.61454897541924,120.99646918488016,91.33310580156268,97.25969374426283,0.0,0.0,0.0,0.0
2026-09-28 06:00:00,EP152026(2),15,2026-09-30 12:00:00,2 days 06:00:00,54,23.27,-163.45,993.0,48.8,51.48820459963898,63.38126834334221,59.804341786476,48.74409892908673,52.29390635204235,0.0,0.0,0.0,0.0,0.0,0.0,0.0,0.0
2026-09-28 06:00:00,EP152026(2),15,2026-09-30 18:00:00,2 days 12:00:00,60,22.95,-163.4,988.9,47.1,89.7509397549093,214.09195674746096,189.1034670454318,152.7142154480893,203.44123509075,0.0,0.0,0.0,0.0,0.0,0.0,0.0,0.0
2026-09-28 06:00:00,EP152026(2),15,2026-10-01 00:00:00,2 days 18:00:00,66,22.85,-163.2,991.4,46.8,100.20903199121824,100.20903199121824,67.38634536090754,55.04069374696638,65.38106725948579,0.0,0.0,0.0,0.0,0.0,0.0,0.0,0.0
2026-09-28 06:00:00,EP152026(2),15,2026-10-01 06:00:00,3 days 00:00:00,72,23.15,-163.44,992.2,41.1,163.6240653932847,168.73480390265084,144.5146792346114,115.36930563755772,152.0511988393725,0.0,0.0,0.0,0.0,0.0,0.0,0.0,0.0
2026-09-28 06:00:00,EP152026(2),15,2026-10-01 12:00:00,3 days 06:00:00,78,23.21,-164.27,988.3,46.9,97.1411063129141,269.61347873912314,238.29982586475543,199.48430660271063,236.2977871157275,0.0,0.0,0.0,0.0,0.0,0.0,0.0,0.0
2026-09-28 06:00:00,EP152026(2),15,2026-10-01 18:00:00,3 days 12:00:00,84,22.73,-164.87,990.9,42.8,117.2362091660683,322.8073970240126,290.8872262756428,242.32258517058017,274.47239005541314,0.0,0.0,0.0,0.0,0.0,0.0,0.0,0.0
2026-09-28 06:00:00,EP152026(2),15,2026-10-02 00:00:00,3 days 18:00:00,90,23.53,-165.4,992.0,44.3,191.0309044189389,312.25210740612454,283.81430181041367,236.2752603491415,270.8961011569852,0.0,0.0,0.0,0.0,0.0,0.0,0.0,0.0
2026-09-28 06:00:00,EP152026(2),15,2026-10-02 06:00:00,4 days 00:00:00,96,23.64,-165.73,992.6,44.4,136.593478475683,176.67563522938258,157.80106895278425,112.98201010812464,142.2490075355767,0.0,0.0,0.0,0.0,0.0,0.0,0.0,0.0
2026-09-28 06:00:00,EP152026(2),15,2026-10-02 12:00:00,4 days 06:00:00,102,24.16,-166.17,990.7,44.9,64.54813872095785,64.54813872095785,14.055880327923042,8.780710193300187,21.02834352799989,0.0,0.0,0.0,0.0,0.0,0.0,0.0,0.0
2026-09-28 06:00:00,EP152026(2),15,2026-10-02 18:00:00,4 days 12:00:00,108,24.39,-166.66,996.1,40.6,85.30275879021009,8.198920270919896,0.0,7.543289988582387,85.30275879021009,0.0,0.0,0.0,0.0,0.0,0.0,0.0,0.0
2026-09-28 06:00:00,EP152026(2),15,2026-10-03 00:00:00,4 days 18:00:00,114,24.28,-167.23,990.7,50.3,51.87750568844376,114.69373020046804,103.10857697699612,74.61282625519107,91.39797098241206,51.87750568844376,3.041561951430822,0.5120181183386876,2.9573893985158577,0.0,0.0,0.0,0.0
2026-09-28 06:00:00,EP152026(2),15,2026-10-03 06:00:00,5 days 00:00:00,120,24.29,-168.09,991.1,50.0,89.08351441395804,173.85609067120546,152.45861798348088,109.29385652771164,149.82899235007685,0.0,0.0,0.0,0.0,0.0,0.0,0.0,0.0
2026-09-28 06:00:00,EP152026(2),15,2026-10-03 12:00:00,5 days 06:00:00,126,24.58,-169.27,986.7,47.7,135.36438000841576,313.9085915504479,276.6431029610693,208.71997135328684,262.6681692517175,0.0,0.0,0.0,0.0,0.0,0.0,0.0,0.0
2026-09-28 06:00:00,EP152026(2),15,2026-10-03 18:00:00,5 days 12:00:00,132,24.51,-170.23,986.3,61.1,20.40488849103385,177.37919234604658,139.6742549288254,101.2788001616737,150.64332414155396,34.90626604338824,23.55449736568953,13.598843739314264,24.2923334313273,0.0,0.0,0.0,0.0
2026-09-28 06:00:00,EP152026(2),15,2026-10-04 00:00:00,5 days 18:00:00,138,24.89,-171.88,989.1,58.7,49.84207337226995,114.26734544985038,91.22180591569074,63.40858274039283,88.92821758385858,49.84207337226995,1.6538609817954173,0.0,6.296468335040911,0.0,0.0,0.0,0.0
2026-09-28 06:00:00,EP152026(2),15,2026-10-04 06:00:00,6 days 00:00:00,144,25.15,-173.57,990.0,60.9,17.821843247782226,160.81392328207858,137.6693072001126,100.56586990895084,137.72405797391048,1.0170244435528275,0.0,0.0,17.821843247782226,0.0,0.0,0.0,0.0
2026-09-28 06:00:00,EP152026(2),15,2026-10-04 12:00:00,6 days 06:00:00,150,25.26,-174.88,995.3,53.1,78.12087236001267,128.35742361810742,110.02376066966076,67.7875388881872,90.82206823063248,78.12087236001267,2.909544973268874,0.0,3.124127859134882,0.0,0.0,0.0,0.0
2026-09-28 06:00:00,EP152026(2),15,2026-10-04 18:00:00,6 days 12:00:00,156,26.0,-176.3,993.1,53.6,30.26018223046202,91.16014374166993,77.29011663886712,61.7735500801918,66.64151992733235,30.26018223046202,0.0,0.0,0.1744481424313306,0.0,0.0,0.0,0.0
2026-09-28 06:00:00,EP152026(2),15,2026-10-05 00:00:00,6 days 18:00:00,162,26.59,-177.39,993.8,49.0,34.49282725769882,78.6307355805359,58.6177861882026,43.40547215478213,64.11956565385908,0.0,0.0,0.0,0.0,0.0,0.0,0.0,0.0
2026-09-28 06:00:00,EP152026(2),15,2026-10-05 06:00:00,7 days 00:00:00,168,26.95,-178.55,992.3,49.5,57.520146339419455,247.0277307265905,204.89976371564865,141.07694062292785,183.66430231495784,0.0,0.0,0.0,0.0,0.0,0.0,0.0,0.0
2026-09-28 06:00:00,EP152026(2),15,2026-10-05 12:00:00,7 days 06:00:00,174,27.42,-179.58,988.9,61.1,54.048926059615056,168.30962629977526,142.12051292183378,80.27686976511198,126.2734289072386,54.048926059615056,1.7284182615672776,0.0,3.2616876688280323,0.0,0.0,0.0,0.0
2026-09-28 06:00:00,EP152026(2),15,2026-10-05 18:00:00,7 days 12:00:00,180,27.89,179.45,980.8,63.2,32.75297577055791,197.25764521690144,164.02828582745946,107.12759271748553,159.70917304489694,32.75297577055791,3.9222149853413257,0.0,6.234364053784615,0.0,0.0,0.0,0.0
2026-09-28 06:00:00,EP152026(2),15,2026-10-06 00:00:00,7 days 18:00:00,186,28.4,178.57,991.3,52.4,54.955692945319946,324.1742488932707,286.6239890946602,229.14099648925884,299.5499065119882,170.64487768279395,148.54311935974323,115.1428271630688,137.73224802592887,0.0,0.0,0.0,0.0
2026-09-28 06:00:00,EP152026(2),15,2026-10-06 06:00:00,8 days 00:00:00,192,28.25,177.83,989.6,55.7,37.78545528180759,140.28183080176507,98.593034643556,83.78285996886922,142.1016132604485,61.44185247730744,41.8938968216722,30.029442775650697,48.754341873766165,0.0,0.0,0.0,0.0
2026-09-28 06:00:00,EP152026(2),15,2026-10-06 12:00:00,8 days 06:00:00,198,27.78,176.71,989.0,60.7,34.54128342584633,173.35919780003175,136.8597350874452,102.20930256573374,145.84703600501456,2.722510636898265,0.0,0.0,34.54128342584633,0.0,0.0,0.0,0.0
2026-09-28 06:00:00,EP152026(2),15,2026-10-06 18:00:00,8 days 12:00:00,204,27.36,175.41,984.2,62.6,7.549837989544949,203.4657937164484,165.0519144358387,139.54763867027856,191.9572696906369,88.2426290237586,71.73927767502302,53.83685739372703,73.83105511752434,0.0,0.0,0.0,0.0
2026-09-28 06:00:00,EP152026(2),15,2026-10-07 00:00:00,8 days 18:00:00,210,26.77,174.01,992.2,62.2,13.137041429523872,146.58197312607092,111.30767209215546,79.38262551819757,121.35448572689208,13.137041429523872,0.0,0.0,0.5440803617598817,0.0,0.0,0.0,0.0
2026-09-28 06:00:00,EP152026(2),15,2026-10-07 06:00:00,9 days 00:00:00,216,26.69,172.64,996.7,52.9,39.299312376412935,271.4401982897408,219.0590887246384,175.15271657955435,236.83070430020672,39.299312376412935,10.791644088896128,4.451204449178603,17.100224118741295,0.0,0.0,0.0,0.0
2026-09-28 06:00:00,EP152026(2),15,2026-10-07 12:00:00,9 days 06:00:00,222,26.84,170.98,998.0,47.1,39.63663512893011,94.49130816876716,61.8167927903304,43.67234942339044,75.51348712893012,0.0,0.0,0.0,0.0,0.0,0.0,0.0,0.0
2026-09-28 06:00:00,EP152026(2),15,2026-10-07 18:00:00,9 days 12:00:00,228,26.76,169.3,994.1,48.3,26.6461447333781,115.77728857549565,79.89738159174306,58.81535373700028,97.85307868248314,0.0,0.0,0.0,0.0,0.0,0.0,0.0,0.0
2026-09-28 06:00:00,EP152026(2),15,2026-10-08 00:00:00,9 days 18:00:00,234,26.72,167.56,1005.7,37.1,108.2607703192103,108.2607703192103,35.59178261669664,9.862175630348428,52.30131110037095,0.0,0.0,0.0,0.0,0.0,0.0,0.0,0.0
2026-09-28 06:00:00,EP152026(2),15,2026-10-08 06:00:00,10 days 00:00:00,240,27.29,166.2,1005.4,39.7,83.18945349811946,83.18945349811946,9.649196673312034,0.0,24.60484769328582,0.0,0.0,0.0,0.0,0.0,0.0,0.0,0.0
2026-09-28 06:00:00,EP152026(2),15,2026-10-08 12:00:00,10 days 06:00:00,246,27.38,164.83,1003.4,33.3,61.47384927514722,0.0,0.0,0.0,0.0,0.0,0.0,0.0,0.0,0.0,0.0,0.0,0.0
2026-09-28 06:00:00,EP152026(2),15,2026-10-08 18:00:00,10 days 12:00:00,252,27.81,163.58,1004.1,33.7,89.14453897141303,0.0,0.0,0.0,0.0,0.0,0.0,0.0,0.0,0.0,0.0,0.0,0.0
2026-09-28 06:00:00,EP152026(2),15,2026-10-09 00:00:00,10 days 18:00:00,258,28.25,162.87,1004.2,29.7,66.09551532995123,0.0,0.0,0.0,0.0,0.0,0.0,0.0,0.0,0.0,0.0,0.0,0.0
2026-09-28 06:00:00,EP152026(2),15,2026-10-09 06:00:00,11 days 00:00:00,264,28.99,163.1,1006.4,25.9,88.64763972427468,0.0,0.0,0.0,0.0,0.0,0.0,0.0,0.0,0.0,0.0,0.0,0.0
2026-09-28 06:00:00,EP152026(2),15,2026-10-09 12:00:00,11 days 06:00:00,270,30.1,163.13,1004.7,26.5,57.11557330727274,0.0,0.0,0.0,0.0,0.0,0.0,0.0,0.0,0.0,0.0,0.0,0.0
2026-09-28 06:00:00,EP152026(2),15,2026-10-09 18:00:00,11 days 12:00:00,276,31.16,164.45,1001.3,28.5,64.50472902969878,0.0,0.0,0.0,0.0,0.0,0.0,0.0,0.0,0.0,0.0,0.0,0.0
2026-09-28 06:00:00,EP152026(2),15,2026-10-10 00:00:00,11 days 18:00:00,282,32.29,166.59,1003.7,34.3,46.787444628789714,46.787444628789714,0.0,0.0,0.0,0.0,0.0,0.0,0.0,0.0,0.0,0.0,0.0
2026-09-28 06:00:00,EP152026(2),15,2026-10-10 06:00:00,12 days 00:00:00,288,32.72,170.37,1000.5,30.9,39.04953566107972,0.0,0.0,0.0,0.0,0.0,0.0,0.0,0.0,0.0,0.0,0.0,0.0
2026-09-28 06:00:00,EP152026(2),15,2026-10-10 12:00:00,12 days 06:00:00,294,33.04,173.8,1002.7,33.0,107.4402539155708,0.0,0.0,0.0,0.0,0.0,0.0,0.0,0.0,0.0,0.0,0.0,0.0
2026-09-28 06:00:00,EP172026,15,2026-09-28 06:00:00,0 days 00:00:00,0,23.2,-114.0,955.0,105.0,28.0,167.0,148.0,148.0,148.0,102.0,93.0,83.0,83.0,65.0,65.0,65.0,65.0
2026-09-28 06:00:00,EP172026,15,2026-09-28 12:00:00,0 days 06:00:00,6,23.77,-113.59,969.2,87.6,33.70608826420307,133.55399871792275,167.83335936624613,117.98867749610582,101.38367580652816,85.29027507689568,74.11185013664965,52.15360755439505,61.27010861658739,63.47254101610809,55.62193143993209,45.90953513850734,53.35582229155821
2026-09-28 06:00:00,EP172026,15,2026-09-28 18:00:00,0 days 12:00:00,12,24.58,-113.67,970.7,84.1,0.0,125.56358820485951,136.55772569057513,92.16144339027171,99.8035121856905,49.28351519976322,48.082236910156816,29.578703780116875,36.055281825776206,31.076608919319515,27.22715191521661,21.6364652443987,25.71952824341268
2026-09-28 06:00:00,EP172026,15,2026-09-29 00:00:00,0 days 18:00:00,18,25.15,-113.3,971.2,78.6,0.0,106.31100374115,143.0540315066085,110.07700468152422,73.18074973829344,43.73599183289775,45.24259491272577,30.951784008668938,32.381855180349646,2.236065631110401,3.148053111896924,0.851507082119106,1.2446568309907151
2026-09-28 06:00:00,EP172026,15,2026-09-29 06:00:00,1 days 00:00:00,24,25.55,-112.23,980.8,66.6,7.678218151927943,100.06611162062195,121.00028125889406,100.5783854959193,88.08638840808611,56.13265825356184,56.77772462946158,47.03446957824258,48.824873851666354,23.667806015496254,22.607668388875812,18.716664221328976,18.5093466862132
2026-09-28 06:00:00,EP172026,15,2026-09-29 12:00:00,1 days 06:00:00,30,26.24,-111.56,992.0,47.9,20.49493575274941,51.85159664678433,58.3258287646532,43.81701999807451,40.60777660998279,0.0,0.0,0.0,0.0,0.0,0.0,0.0,0.0
2026-09-28 06:00:00,EP172026,15,2026-09-29 18:00:00,1 days 12:00:00,36,27.79,-110.56,994.8,41.5,86.77483594282319,83.68758800101944,86.77483594282319,57.933305092769416,57.09899106344868,0.0,0.0,0.0,0.0,0.0,0.0,0.0,0.0
2026-09-28 06:00:00,EP182026,15,2026-09-28 06:00:00,0 days 00:00:00,0,13.2,-100.0,1001.0,41.0,93.0,222.0,185.0,148.0,222.0,0.0,0.0,0.0,0.0,0.0,0.0,0.0,0.0
2026-09-28 06:00:00,EP182026,15,2026-09-28 12:00:00,0 days 06:00:00,6,13.25,-100.74,995.6,51.7,37.97083378359572,115.52956697750996,101.2218761771021,91.72231165514664,111.85838785155708,0.0,0.0,0.0,37.97083378359572,0.0,0.0,0.0,0.0
2026-09-28 06:00:00,EP182026,15,2026-09-28 18:00:00,0 days 12:00:00,12,13.83,-101.69,995.4,53.9,48.27983818199878,117.50821297300703,97.81686121457734,73.65557528666582,93.83840044159504,0.2911807421457615,48.27983818199878,0.0,0.0,0.0,0.0,0.0,0.0
2026-09-28 06:00:00,EP182026,15,2026-09-29 00:00:00,0 days 18:00:00,18,14.14,-102.37,995.4,50.8,28.914046658460165,123.47631268143894,93.37522490987112,79.96603265255789,113.17679775118054,31.60906551803629,22.98272862742975,15.565398445609343,21.607217870585007,0.0,0.0,0.0,0.0
2026-09-28 06:00:00,EP182026,15,2026-09-29 06:00:00,1 days 00:00:00,24,14.83,-103.42,993.5,53.9,86.02775978136177,165.4728888919025,135.4725175949991,85.22637112698081,125.8563897405868,86.02775978136177,9.158890106309665,3.648994607863612,11.035737753455525,0.0,0.0,0.0,0.0
2026-09-28 06:00:00,EP182026,15,2026-09-29 12:00:00,1 days 06:00:00,30,15.35,-104.31,998.0,49.6,43.46634706612736,157.19801718060558,120.30454241209782,87.06230130146287,125.3561332746018,0.0,0.0,0.0,0.0,0.0,0.0,0.0,0.0
2026-09-28 06:00:00,EP182026,15,2026-09-29 18:00:00,1 days 12:00:00,36,15.85,-105.22,990.2,56.6,40.49279109038044,140.3766868284837,112.49324030602531,81.68509075878981,108.71870034078712,40.49279109038044,9.176484478204747,4.116814521270856,10.359920654066467,0.0,0.0,0.0,0.0
2026-09-28 06:00:00,EP182026,15,2026-09-30 00:00:00,1 days 18:00:00,42,16.26,-106.1,986.2,62.1,48.34615300868767,153.30804697989367,131.37574149716798,84.10300240680525,123.97759265715884,48.34615300868767,28.81385336148244,15.007764689936606,30.911238485638755,0.0,0.0,0.0,0.0
2026-09-28 06:00:00,EP182026,15,2026-09-30 06:00:00,2 days 00:00:00,48,16.61,-106.49,978.0,70.1,29.9159333382935,156.42234772909595,143.39221903934464,114.72507340690498,138.7943833125335,65.52195199107035,57.65338946359378,42.295849355640144,52.36273194972773,29.9159333382935,4.843560457144122,2.0013349282171182,4.1854716165440005
2026-09-28 06:00:00,EP182026,15,2026-09-30 12:00:00,2 days 06:00:00,54,17.43,-106.99,984.0,68.2,7.706421797018166,139.01177972794983,129.68469203998245,109.6406010977521,113.52462148421928,27.854701295615666,20.99318823869318,11.302601482183,18.701811261807578,7.706421797018166,0.0,0.0,0.0
2026-09-28 06:00:00,EP182026,15,2026-09-30 18:00:00,2 days 12:00:00,60,17.68,-107.48,960.4,96.2,9.221517359748532,159.4013539265223,150.73027997730514,123.90272585653564,138.4815777206267,73.61833213166184,60.39981269059135,45.10136785197841,60.55496562137367,45.8610112065616,39.66694423760264,32.71121191269325,37.93067205587269
2026-09-28 06:00:00,EP182026,15,2026-10-01 00:00:00,2 days 18:00:00,66,18.11,-107.7,959.1,102.1,27.47475520751709,185.3367201483852,167.3031624987225,120.89754853612612,160.94853178028006,94.01744140737674,79.65617928158326,56.754549330032205,81.33275147152472,76.77484980727786,69.10679811582986,56.754549330032205,67.06770265997193
2026-09-28 06:00:00,EP182026,15,2026-10-01 06:00:00,3 days 00:00:00,72,18.39,-107.76,968.6,93.4,27.262286263884462,143.8767336454016,141.2767282965688,134.2551213645716,126.9935632153532,69.98959770891261,70.34279527689671,61.0525942335695,67.3572188146006,52.3514999111616,50.01780635532916,42.60024055034246,45.21928237834607
2026-09-28 06:00:00,EP182026,15,2026-10-01 12:00:00,3 days 06:00:00,78,18.46,-107.78,973.7,74.9,24.21430127830287,168.98755223597314,180.52417234631983,160.36072531099634,146.4251863720275,82.8576609845478,84.92883995915514,71.64670534664191,74.90222363563794,52.975250679095794,51.57174502084607,43.170973237839405,44.37991868562712
2026-09-28 06:00:00,EP182026,15,2026-10-01 18:00:00,3 days 12:00:00,84,18.43,-107.73,975.2,80.7,11.131022942768396,150.69898847703115,174.67691190241723,154.66008698035267,138.82378805296668,76.87334509537499,72.42189429221821,58.38889211644149,64.52202869709876,24.786380245116145,22.33908505394391,18.58850411523366,21.23063862496244
2026-09-28 06:00:00,EP182026,15,2026-10-02 00:00:00,3 days 18:00:00,90,18.28,-107.48,972.5,82.0,46.07458622503904,131.31785545811513,168.0978807911088,135.68480867388743,109.46355494046236,43.86519979807919,49.51032232722814,42.46682313162676,31.68703848047896,28.03212259306477,46.07458622503904,26.437672386016907,25.79840179517484
2026-09-28 06:00:00,EP182026,15,2026-10-02 06:00:00,4 days 00:00:00,96,18.49,-107.5,981.9,73.8,82.08110402507782,182.4117161648064,200.24482014151727,185.1909658636505,169.9931723448335,79.09789429058128,86.1891522258602,75.60375522992672,69.93705847686124,36.754815973449695,82.08110402507782,32.05916869365183,32.279981186055466
2026-09-28 06:00:00,EP182026,15,2026-10-02 12:00:00,4 days 06:00:00,102,18.69,-107.47,975.1,74.8,27.38422657154041,173.47484170239787,183.79071889349123,140.60878671160935,144.276638430231,82.55858663696249,77.49079820644157,58.3727418471614,65.82034873790927,20.82435303297913,27.38422657154041,16.096796655714087,17.313841977881246
2026-09-28 06:00:00,EP182026,15,2026-10-02 18:00:00,4 days 12:00:00,108,18.66,-107.5,951.7,106.9,18.838086635712514,245.8875525965861,245.2789092827608,202.3768367682764,215.32059111428248,18.838086635712514,0.0,0.0,0.0,18.838086635712514,0.0,0.0,0.0
2026-09-28 06:00:00,EP182026,15,2026-10-03 00:00:00,4 days 18:00:00,114,19.23,-107.39,981.7,74.8,16.49358883305468,191.4639119942422,187.5454534047164,148.4524283474984,160.04021371082857,38.933644035226834,34.41237345879844,20.860783092406137,22.18286480309768,16.49358883305468,0.0,0.0,0.0
2026-09-28 06:00:00,EP182026,15,2026-10-03 06:00:00,5 days 00:00:00,120,19.29,-107.52,977.2,80.4,32.15508859355609,155.78337536606307,151.24810095023173,113.45220503819414,130.27307586690415,69.86992787350255,67.57798600470863,54.76865972729462,59.61260513816265,34.55239797660833,31.997012953797054,27.49358531266913,28.766299375945515
2026-09-28 06:00:00,EP182026,15,2026-10-03 12:00:00,5 days 06:00:00,126,19.79,-107.31,967.3,91.1,8.282554283702371,148.17308950507783,171.67035999504012,120.51644443464838,121.39605022782106,63.77675894747669,69.02610030662618,53.98212177804791,56.52300315180428,63.77675894747669,59.63641550924709,50.52873165800639,53.27311224664096
2026-09-28 06:00:00,EP182026,15,2026-10-03 18:00:00,5 days 12:00:00,132,20.18,-107.32,971.9,87.2,19.419438979290028,74.59535330183706,82.615861958761,67.35621744056193,57.205374724858046,19.419438979290028,14.2164037078366,8.680104865239091,14.279570666954276,19.419438979290028,13.940532712169995,8.680104865239091,12.291958583095752
2026-09-28 06:00:00,EP182026,15,2026-10-04 00:00:00,5 days 18:00:00,138,20.89,-107.5,968.0,88.3,0.7464007235009795,117.33658920374668,128.22347820965126,98.57019535498723,91.62220854705228,24.972035112418865,18.05788484074492,3.978282756925049,14.23655714859362,0.7464007235009795,0.0,0.0,0.0
2026-09-28 06:00:00,EP182026,15,2026-10-04 06:00:00,6 days 00:00:00,144,21.62,-107.76,970.9,88.5,8.05273184425409,114.66009762347932,128.31464613106718,102.64314194324544,91.708381830837,55.75093139039076,47.8367091740664,31.01160865471448,48.50634084809431,24.10360259835145,22.214449246581268,15.74721789752348,19.11246994238529
2026-09-28 06:00:00,EP182026,15,2026-10-04 12:00:00,6 days 06:00:00,150,22.41,-108.46,964.3,94.9,21.70802375467541,163.77499665171894,151.96297551325034,85.14780002898097,124.1309307311938,86.70027359872267,64.85116870728844,45.21834272319285,64.8450549261339,36.78132013099101,31.76344436258124,24.699956116840788,31.816599016901662
2026-09-28 06:00:00,EP182026,15,2026-10-04 18:00:00,6 days 12:00:00,156,22.88,-109.11,941.9,117.4,22.01447089045102,133.1512133976643,105.76221911074576,84.64883937055924,114.12099538123292,71.25811021446017,49.84151375606513,29.96202014448949,54.21911705942386,44.889369669153446,38.15388540213064,28.36315459734017,39.00032663418409
2026-09-28 06:00:00,EP182026,15,2026-10-05 00:00:00,6 days 18:00:00,162,22.97,-109.53,945.3,126.3,0.0,169.96418698810476,92.96716248744968,92.10331102812704,177.76219343562656,80.86208105722207,52.600716976694514,39.00621261544399,69.48906073935495,45.665980479087466,32.983009339156496,26.33388589932217,41.18130893139544
2026-09-28 06:00:00,EP182026,15,2026-10-05 06:00:00,7 days 00:00:00,168,23.98,-110.76,989.9,52.2,39.26309340375048,103.53875410677684,105.48658833812786,70.47853632664,70.83902750048414,39.26309340375048,8.496966582532291,4.214108982931092,7.513285532458541,0.0,0.0,0.0,0.0
2026-09-28 06:00:00,EP182026,15,2026-10-05 12:00:00,7 days 06:00:00,174,24.48,-112.2,997.1,45.7,75.56219285166358,124.0087025347997,109.4307451468563,76.81033676915658,94.61888459526264,0.0,0.0,0.0,0.0,0.0,0.0,0.0,0.0
2026-09-28 06:00:00,EP182026,15,2026-10-05 18:00:00,7 days 12:00:00,180,25.16,-113.65,999.8,43.6,75.78620056775911,118.38306044062578,106.97862811444132,60.95588031993388,91.58663699979589,0.0,0.0,0.0,0.0,0.0,0.0,0.0,0.0
2026-09-28 06:00:00,EP182026,15,2026-10-06 00:00:00,7 days 18:00:00,186,25.37,-114.77,998.0,35.1,109.39755618818108,193.7277749520185,156.0823515876805,109.49443290222364,153.05897941369088,0.0,0.0,0.0,0.0,0.0,0.0,0.0,0.0
2026-09-28 06:00:00,EP182026,15,2026-10-06 06:00:00,8 days 00:00:00,192,25.7,-116.11,1002.1,37.0,74.3613911409359,74.3613911409359,1.845939005534433,0.0,5.963785314115398,0.0,0.0,0.0,0.0,0.0,0.0,0.0,0.0
2026-09-28 06:00:00,EP182026,15,2026-10-06 12:00:00,8 days 06:00:00,198,25.78,-116.94,1002.4,34.0,48.30974052648731,48.30974052648731,0.0,0.0,0.0,0.0,0.0,0.0,0.0,0.0,0.0,0.0,0.0
2026-09-28 06:00:00,EP182026,15,2026-10-06 18:00:00,8 days 12:00:00,204,25.66,-118.31,1002.5,28.3,39.60425760896888,0.0,0.0,0.0,0.0,0.0,0.0,0.0,0.0,0.0,0.0,0.0,0.0
2026-09-28 06:00:00,EP182026,15,2026-10-07 00:00:00,8 days 18:00:00,210,25.44,-119.0,1001.8,28.4,88.42917259772774,0.0,0.0,0.0,0.0,0.0,0.0,0.0,0.0,0.0,0.0,0.0,0.0
2026-09-28 06:00:00,EP182026,15,2026-10-07 06:00:00,9 days 00:00:00,216,25.07,-119.97,1005.0,25.4,69.28055880854329,0.0,0.0,0.0,0.0,0.0,0.0,0.0,0.0,0.0,0.0,0.0,0.0
2026-09-28 06:00:00,EP182026,15,2026-10-07 12:00:00,9 days 06:00:00,222,24.77,-120.73,1006.3,27.1,52.66878641043445,0.0,0.0,0.0,0.0,0.0,0.0,0.0,0.0,0.0,0.0,0.0,0.0
2026-09-28 06:00:00,EP182026,15,2026-10-07 18:00:00,9 days 12:00:00,228,24.17,-121.42,1006.7,25.7,61.826919958570045,0.0,0.0,0.0,0.0,0.0,0.0,0.0,0.0,0.0,0.0,0.0,0.0
2026-09-28 06:00:00,EP182026,15,2026-10-08 00:00:00,9 days 18:00:00,234,23.9,-122.04,1008.4,23.9,88.18956233202135,0.0,0.0,0.0,0.0,0.0,0.0,0.0,0.0,0.0,0.0,0.0,0.0
2026-09-28 06:00:00,EP182026,15,2026-10-08 06:00:00,10 days 00:00:00,240,23.54,-122.67,1008.5,19.9,122.95192652737644,0.0,0.0,0.0,0.0,0.0,0.0,0.0,0.0,0.0,0.0,0.0,0.0
2026-09-28 06:00:00,EP182026,15,2026-10-08 12:00:00,10 days 06:00:00,246,23.45,-123.35,1007.5,19.3,81.49283494298898,0.0,0.0,0.0,0.0,0.0,0.0,0.0,0.0,0.0,0.0,0.0,0.0
2026-09-28 06:00:00,EP182026,15,2026-10-08 18:00:00,10 days 12:00:00,252,22.64,-123.71,1006.6,19.6,122.9744558113382,0.0,0.0,0.0,0.0,0.0,0.0,0.0,0.0,0.0,0.0,0.0,0.0
2026-09-28 06:00:00,EP182026,15,2026-10-09 00:00:00,10 days 18:00:00,258,22.63,-123.69,1009.4,19.0,72.11920445939049,0.0,0.0,0.0,0.0,0.0,0.0,0.0,0.0,0.0,0.0,0.0,0.0
2026-09-28 06:00:00,EP182026,15,2026-10-09 06:00:00,11 days 00:00:00,264,22.33,-124.36,1011.2,17.6,78.31770304811715,0.0,0.0,0.0,0.0,0.0,0.0,0.0,0.0,0.0,0.0,0.0,0.0
2026-09-28 06:00:00,EP182026,15,2026-10-09 12:00:00,11 days 06:00:00,270,21.83,-124.79,1011.1,16.7,60.65791486539467,0.0,0.0,0.0,0.0,0.0,0.0,0.0,0.0,0.0,0.0,0.0,0.0
2026-09-28 06:00:00,EP182026,15,2026-10-09 18:00:00,11 days 12:00:00,276,21.1,-125.22,1005.9,18.1,61.1917249247729,0.0,0.0,0.0,0.0,0.0,0.0,0.0,0.0,0.0,0.0,0.0,0.0
2026-09-28 06:00:00,EP182026,15,2026-10-10 00:00:00,11 days 18:00:00,282,20.98,-125.88,1009.7,22.0,59.15033202934343,0.0,0.0,0.0,0.0,0.0,0.0,0.0,0.0,0.0,0.0,0.0,0.0
2026-09-28 06:00:00,EP182026,15,2026-10-10 06:00:00,12 days 00:00:00,288,20.49,-126.62,1009.6,25.3,69.31034824083288,0.0,0.0,0.0,0.0,0.0,0.0,0.0,0.0,0.0,0.0,0.0,0.0
2026-09-28 06:00:00,EP182026,15,2026-10-10 12:00:00,12 days 06:00:00,294,20.36,-127.26,1007.8,23.4,109.86072992619722,0.0,0.0,0.0,0.0,0.0,0.0,0.0,0.0,0.0,0.0,0.0,0.0
2026-09-28 06:00:00,EP182026,15,2026-10-10 18:00:00,12 days 12:00:00,300,20.27,-127.86,1008.2,23.7,91.1878882645325,0.0,0.0,0.0,0.0,0.0,0.0,0.0,0.0,0.0,0.0,0.0,0.0
2026-09-28 06:00:00,EP912026(3),15,2026-09-28 06:00:00,0 days 00:00:00,0,12.7,-136.6,1005.0,29.0,93.0,0.0,0.0,0.0,0.0,0.0,0.0,0.0,0.0,0.0,0.0,0.0,0.0
2026-09-28 06:00:00,EP912026(3),15,2026-09-28 12:00:00,0 days 06:00:00,6,14.17,-136.4,1006.7,29.0,75.39908036408052,0.0,0.0,0.0,0.0,0.0,0.0,0.0,0.0,0.0,0.0,0.0,0.0
2026-09-28 06:00:00,EP912026(3),15,2026-09-28 18:00:00,0 days 12:00:00,12,14.59,-135.81,999.7,44.5,35.11243001944714,64.7311325472031,52.88248435754849,23.4237239907436,37.75183985158216,0.0,0.0,0.0,0.0,0.0,0.0,0.0,0.0
2026-09-28 06:00:00,WP252026,15,2026-09-28 06:00:00,0 days 00:00:00,0,27.5,131.6,954.0,99.0,9.0,148.0,158.0,148.0,121.0,,,,,,,,
2026-09-28 06:00:00,WP252026,15,2026-09-28 12:00:00,0 days 06:00:00,6,27.4,132.56,982.1,62.5,22.15450488587645,68.8645581664021,105.07050131905874,89.50119926457963,52.42603173980724,25.689648432710605,28.68092909729293,18.82698005034992,15.722152447651103,0.0,0.0,0.0,0.0
2026-09-28 06:00:00,WP252026,15,2026-09-28 18:00:00,0 days 12:00:00,12,27.69,132.88,1001.1,46.1,40.39395529503082,121.19548759444112,148.0005445510343,120.52153414444912,98.60548026378072,0.0,0.0,0.0,0.0,0.0,0.0,0.0,0.0
2026-09-28 06:00:00,WP252026,15,2026-09-29 00:00:00,0 days 18:00:00,18,28.23,133.73,1002.2,35.9,42.84940393774818,0.0,42.84940393774818,0.0,0.0,0.0,0.0,0.0,0.0,0.0,0.0,0.0,0.0
2026-09-28 06:00:00,WP252026,15,2026-09-29 06:00:00,1 days 00:00:00,24,28.76,135.13,1001.4,36.8,101.07224899158018,4.987291505914328,101.07224899158018,1.0235291268165838,0.0,0.0,0.0,0.0,0.0,0.0,0.0,0.0,0.0
2026-09-28 06:00:00,WP252026,15,2026-09-29 12:00:00,1 days 06:00:00,30,29.4,136.21,1001.7,33.5,70.20916731512204,0.0,0.0,0.0,0.0,0.0,0.0,0.0,0.0,0.0,0.0,0.0,0.0
2026-09-28 06:00:00,WP252026,15,2026-09-29 18:00:00,1 days 12:00:00,36,30.16,137.46,1000.6,32.3,54.468645256317465,0.0,0.0,0.0,0.0,0.0,0.0,0.0,0.0,0.0,0.0,0.0,0.0
2026-09-28 06:00:00,WP252026,15,2026-09-30 00:00:00,1 days 18:00:00,42,31.52,138.18,999.6,32.7,86.14989335691175,0.0,0.0,0.0,0.0,0.0,0.0,0.0,0.0,0.0,0.0,0.0,0.0
2026-09-28 06:00:00,WP252026,15,2026-09-30 06:00:00,2 days 00:00:00,48,32.37,139.69,998.7,37.9,132.98091684743758,238.3284645148688,212.74618869933877,137.9884491575758,182.98571669415105,0.0,0.0,0.0,0.0,0.0,0.0,0.0,0.0
2026-09-28 06:00:00,WP252026,15,2026-09-30 12:00:00,2 days 06:00:00,54,32.72,140.87,1002.6,29.9,72.70488411052776,0.0,0.0,0.0,0.0,0.0,0.0,0.0,0.0,0.0,0.0,0.0,0.0
2026-09-28 06:00:00,WP252026,15,2026-09-30 18:00:00,2 days 12:00:00,60,34.1,141.92,998.6,37.0,107.48351541999888,107.48351541999888,25.801313098991045,1.509021024451329,22.11964368810152,0.0,0.0,0.0,0.0,0.0,0.0,0.0,0.0
2026-09-28 06:00:00,WP252026,15,2026-10-01 00:00:00,2 days 18:00:00,66,34.97,143.32,1000.4,32.5,129.02776859014952,0.0,0.0,0.0,0.0,0.0,0.0,0.0,0.0,0.0,0.0,0.0,0.0
2026-09-28 06:00:00,WP252026,15,2026-10-01 06:00:00,3 days 00:00:00,72,36.54,145.22,998.1,26.6,121.8269735007467,0.0,0.0,0.0,0.0,0.0,0.0,0.0,0.0,0.0,0.0,0.0,0.0
2026-09-28 06:00:00,WP922026(4),15,2026-09-28 06:00:00,0 days 00:00:00,0,16.4,97.6,1001.0,29.0,64.0,0.0,0.0,0.0,0.0,0.0,0.0,0.0,0.0,0.0,0.0,0.0,0.0
2026-09-28 06:00:00,WP922026(4),15,2026-09-28 12:00:00,0 days 06:00:00,6,17.71,96.76,1002.8,29.9,115.61121654698675,0.0,0.0,0.0,0.0,0.0,0.0,0.0,0.0,0.0,0.0,0.0,0.0
2026-09-28 06:00:00,WP922026(4),15,2026-09-28 18:00:00,0 days 12:00:00,12,18.76,96.28,1002.4,20.4,84.33533254336864,0.0,0.0,0.0,0.0,0.0,0.0,0.0,0.0,0.0,0.0,0.0,0.0
2026-09-28 06:00:00,16,16,2026-10-03 00:00:00,4 days 18:00:00,114,25.98,-63.21,1009.9,26.2,87.07712483243677,0.0,0.0,0.0,0.0,0.0,0.0,0.0,0.0,0.0,0.0,0.0,0.0
2026-09-28 06:00:00,16,16,2026-10-03 06:00:00,5 days 00:00:00,120,26.97,-63.32,1010.8,23.8,77.72485960732959,0.0,0.0,0.0,0.0,0.0,0.0,0.0,0.0,0.0,0.0,0.0,0.0
2026-09-28 06:00:00,16,16,2026-10-03 12:00:00,5 days 06:00:00,126,27.64,-63.97,1006.0,38.0,82.99824781442476,82.99824781442476,8.590153821777676,0.0,9.420347297231274,0.0,0.0,0.0,0.0,0.0,0.0,0.0,0.0
2026-09-28 06:00:00,16,16,2026-10-03 18:00:00,5 days 12:00:00,132,28.87,-64.48,1004.2,41.2,39.13061700675826,39.13061700675826,5.489179821651305,0.0,4.91146637416341,0.0,0.0,0.0,0.0,0.0,0.0,0.0,0.0
2026-09-28 06:00:00,16,16,2026-10-04 00:00:00,5 days 18:00:00,138,30.05,-64.37,1001.5,47.7,48.19132010779076,86.13885707035791,66.956288220517,32.80887983741945,55.12696791300371,0.0,0.0,0.0,0.0,0.0,0.0,0.0,0.0
2026-09-28 06:00:00,16,16,2026-10-04 06:00:00,6 days 00:00:00,144,30.68,-64.6,997.5,50.1,70.74540116725468,123.0029355753859,98.43217023187194,64.11340663689674,95.21402462937247,70.74540116725468,0.5246170744028813,0.0,0.0505944980834378,0.0,0.0,0.0,0.0
2026-09-28 06:00:00,16,16,2026-10-04 12:00:00,6 days 06:00:00,150,31.26,-64.62,1001.3,50.6,58.52456544012557,58.52456544012557,23.75014138387144,0.0,13.684019047750212,58.52456544012557,1.8789149676070167,0.0,3.2268208240076035,0.0,0.0,0.0,0.0
2026-09-28 06:00:00,16,16,2026-10-04 18:00:00,6 days 12:00:00,156,31.53,-64.48,986.6,62.5,33.06905264089852,33.06905264089852,33.06905264089852,0.707127679063305,5.316249982044766,2.01338262974285,33.06905264089852,0.0,0.8575620796337162,0.0,0.0,0.0,0.0
2026-09-28 06:00:00,16,16,2026-10-05 00:00:00,6 days 18:00:00,162,32.17,-64.19,991.3,56.5,45.80527939531959,115.36832041706532,135.25901301519104,71.97539232530309,72.53935541556203,45.80527939531959,33.51076001451099,18.33329285131323,20.590357233504577,0.0,0.0,0.0,0.0
2026-09-28 06:00:00,16,16,2026-10-05 06:00:00,7 days 00:00:00,168,32.45,-63.6,994.1,65.0,38.67975430829407,106.10627161083664,125.96651034068162,75.73557802875939,70.3389656859814,38.67975430829407,38.67975430829407,0.326854423093831,0.0,38.67975430829407,0.0,0.0,0.0
2026-09-28 06:00:00,16,16,2026-10-05 12:00:00,7 days 06:00:00,174,33.42,-62.9,988.9,61.9,31.04387955509628,236.28941471162216,245.5712270299482,186.99457625181824,179.7290756543698,40.411565919023815,43.19127181371232,32.91815454347898,31.17611063274217,0.0,0.0,0.0,0.0
2026-09-28 06:00:00,16,16,2026-10-05 18:00:00,7 days 12:00:00,180,34.13,-62.03,971.6,85.4,49.68102054088337,159.12236648310613,192.8236033057061,153.47122195788745,108.9700718362381,82.5187391013909,83.78671851285372,70.85516823517378,68.35592303360545,49.68102054088337,43.73442054510284,37.63447616604634,39.23175022216623
2026-09-28 06:00:00,16,16,2026-10-06 00:00:00,7 days 18:00:00,186,35.02,-60.48,978.1,74.3,25.52488625319903,117.9375091519583,158.68222870567558,99.56999725901603,68.92450297107655,25.52488625319903,25.52488625319903,5.114881183578133,7.602263111406888,25.52488625319903,3.022734437860599,0.0,1.306003960179706
2026-09-28 06:00:00,16,16,2026-10-06 06:00:00,8 days 00:00:00,192,36.06,-59.32,975.8,83.9,18.503551778055453,131.89780408679053,150.2852077494647,87.79157764665933,72.94416260646062,11.708661950913807,22.544029685643352,4.657738997289634,0.1408929705978749,1.798451040199815,18.503551778055453,0.031499056040829,0.0
2026-09-28 06:00:00,16,16,2026-10-06 12:00:00,8 days 06:00:00,198,38.08,-57.78,986.3,64.3,68.7455228958995,191.42556565410047,233.77023155191117,191.41293762382463,140.14881042210243,90.474382542922,100.12703956700004,78.10277303534549,69.28289114033825,0.0,68.7455228958995,0.4807200606474948,0.0
2026-09-28 06:00:00,16,16,2026-10-06 18:00:00,8 days 12:00:00,204,40.42,-55.47,984.0,64.9,68.4223921632663,185.1590050903261,205.3059322029883,138.88496439968708,121.59063142480836,87.73117179854194,88.86808264292335,65.06227199438774,68.17955095788437,68.4223921632663,41.410442067175154,35.036924752276605,37.62621206451294
2026-09-28 06:00:00,16,16,2026-10-07 00:00:00,8 days 18:00:00,210,43.69,-53.09,980.6,62.2,108.20281663625258,513.9335586299777,562.6787375293577,472.159539922924,428.341676090442,97.82317484072831,109.86247086737905,80.81498005874661,76.1781356049359,0.0,0.0,0.0,0.0
2026-09-28 06:00:00,16,16,2026-10-07 06:00:00,9 days 00:00:00,216,48.75,-50.89,989.3,44.4,192.78183015419336,145.4318801459009,192.78183015419336,128.03452791191103,120.75000029363764,0.0,0.0,0.0,0.0,0.0,0.0,0.0,0.0
2026-09-28 06:00:00,30,16,2026-10-08 12:00:00,10 days 06:00:00,246,14.01,-81.52,1005.6,29.0,83.94403605011973,0.0,0.0,0.0,0.0,0.0,0.0,0.0,0.0,0.0,0.0,0.0,0.0
2026-09-28 06:00:00,30,16,2026-10-08 18:00:00,10 days 12:00:00,252,14.45,-81.65,1002.0,34.3,62.76484966463234,65.32337424405019,55.14226207231227,38.46146403365408,44.80449337860014,0.0,0.0,0.0,0.0,0.0,0.0,0.0,0.0
2026-09-28 06:00:00,30,16,2026-10-09 00:00:00,10 days 18:00:00,258,15.08,-82.44,1005.3,23.8,78.89572919881648,0.0,0.0,0.0,0.0,0.0,0.0,0.0,0.0,0.0,0.0,0.0,0.0
2026-09-28 06:00:00,30,16,2026-10-09 06:00:00,11 days 00:00:00,264,16.05,-83.16,1006.1,27.1,95.10947295065306,0.0,0.0,0.0,0.0,0.0,0.0,0.0,0.0,0.0,0.0,0.0,0.0
2026-09-28 06:00:00,30,16,2026-10-09 12:00:00,11 days 06:00:00,270,16.65,-83.03,1002.1,28.0,150.744302489853,0.0,0.0,0.0,0.0,0.0,0.0,0.0,0.0,0.0,0.0,0.0,0.0
2026-09-28 06:00:00,30,16,2026-10-09 18:00:00,11 days 12:00:00,276,16.73,-83.53,1005.0,29.9,140.50721215786805,0.0,0.0,0.0,0.0,0.0,0.0,0.0,0.0,0.0,0.0,0.0,0.0
2026-09-28 06:00:00,30,16,2026-10-10 00:00:00,11 days 18:00:00,282,17.64,-83.28,1004.3,26.6,90.63211077596505,0.0,0.0,0.0,0.0,0.0,0.0,0.0,0.0,0.0,0.0,0.0,0.0
2026-09-28 06:00:00,30,16,2026-10-10 06:00:00,12 days 00:00:00,288,17.96,-84.17,1002.5,28.6,146.9229151347153,0.0,0.0,0.0,0.0,0.0,0.0,0.0,0.0,0.0,0.0,0.0,0.0
2026-09-28 06:00:00,30,16,2026-10-10 12:00:00,12 days 06:00:00,294,17.87,-85.09,1001.8,36.8,135.1798289131404,135.1798289131404,4.826714800959415,0.0,2.394427124874195,0.0,0.0,0.0,0.0,0.0,0.0,0.0,0.0
2026-09-28 06:00:00,30,16,2026-10-10 18:00:00,12 days 12:00:00,300,17.26,-85.62,999.9,30.1,93.83643863542304,0.0,0.0,0.0,0.0,0.0,0.0,0.0,0.0,0.0,0.0,0.0,0.0
2026-09-28 06:00:00,30,16,2026-10-11 00:00:00,12 days 18:00:00,306,17.89,-86.04,999.1,35.2,134.43961227148105,134.43961227148105,4.466375456632626,0.0,3.467530521378144,0.0,0.0,0.0,0.0,0.0,0.0,0.0,0.0
2026-09-28 06:00:00,30,16,2026-10-11 06:00:00,13 days 00:00:00,312,18.04,-86.78,998.2,44.8,53.67872566770143,194.23214781181505,173.70363880525633,142.1413539639576,168.01611424573912,0.0,0.0,0.0,0.0,0.0,0.0,0.0,0.0
2026-09-28 06:00:00,30,16,2026-10-11 12:00:00,13 days 06:00:00,318,17.74,-87.09,996.9,42.3,63.92832374239484,63.92832374239484,24.3701458808713,19.30004346378149,27.83992187216045,0.0,0.0,0.0,0.0,0.0,0.0,0.0,0.0
2026-09-28 06:00:00,30,16,2026-10-11 18:00:00,13 days 12:00:00,324,18.36,-87.51,991.7,51.8,78.55383428550209,78.55383428550209,42.04386191297035,18.821981561030995,33.999321453006715,78.55383428550209,0.1995535520251454,0.0,0.2379113430480153,0.0,0.0,0.0,0.0
2026-09-28 06:00:00,30,16,2026-10-12 00:00:00,13 days 18:00:00,330,18.59,-87.68,988.3,56.0,51.2929190829563,147.51916413239394,130.23076290678887,100.19316357236823,116.42482324756465,70.15203524354688,64.8271269262398,54.74016143390982,57.642045188091714,0.0,0.0,0.0,0.0
2026-09-28 06:00:00,30,16,2026-10-12 06:00:00,14 days 00:00:00,336,19.4,-88.35,993.2,51.4,68.3513865488593,133.9427828616249,115.2568078827237,81.72349541453025,90.62703345222089,68.3513865488593,0.3712642946663607,0.0,0.0,0.0,0.0,0.0,0.0
2026-09-28 06:00:00,30,16,2026-10-12 12:00:00,14 days 06:00:00,342,19.78,-88.72,993.4,45.7,58.4197220662046,192.7413611531499,183.6313731910577,134.1089931948104,154.7745172936702,0.0,0.0,0.0,0.0,0.0,0.0,0.0,0.0
2026-09-28 06:00:00,30,16,2026-10-12 18:00:00,14 days 12:00:00,348,20.52,-88.75,1000.7,34.1,73.61666484498767,7.286606651277152,73.61666484498767,7.029218410298057,0.0,0.0,0.0,0.0,0.0,0.0,0.0,0.0,0.0
2026-09-28 06:00:00,30,16,2026-10-13 00:00:00,14 days 18:00:00,354,21.2,-89.12,999.5,36.5,57.68682307508367,12.643327470785762,57.68682307508367,0.0,0.0,0.0,0.0,0.0,0.0,0.0,0.0,0.0,0.0
2026-09-28 06:00:00,30,16,2026-10-13 06:00:00,15 days 00:00:00,360,21.9,-89.31,995.7,47.6,68.17008196089148,172.767558786951,156.25123188459563,116.25850385463752,140.71405236450676,0.0,0.0,0.0,0.0,0.0,0.0,0.0,0.0
2026-09-28 06:00:00,32,16,2026-10-09 06:00:00,11 days 00:00:00,264,21.84,151.06,1006.9,27.1,83.22969665369888,0.0,0.0,0.0,0.0,0.0,0.0,0.0,0.0,0.0,0.0,0.0,0.0
2026-09-28 06:00:00,32,16,2026-10-09 12:00:00,11 days 06:00:00,270,21.35,148.94,1004.2,27.4,117.20056179897986,0.0,0.0,0.0,0.0,0.0,0.0,0.0,0.0,0.0,0.0,0.0,0.0
2026-09-28 06:00:00,32,16,2026-10-09 18:00:00,11 days 12:00:00,276,21.58,146.65,1004.7,25.3,119.50036200406612,0.0,0.0,0.0,0.0,0.0,0.0,0.0,0.0,0.0,0.0,0.0,0.0
2026-09-28 06:00:00,32,16,2026-10-10 00:00:00,11 days 18:00:00,282,21.32,144.13,1003.8,31.2,64.14429917340655,0.0,0.0,0.0,0.0,0.0,0.0,0.0,0.0,0.0,0.0,0.0,0.0
2026-09-28 06:00:00,32,16,2026-10-10 06:00:00,12 days 00:00:00,288,21.14,141.6,1007.3,22.4,103.1814594410877,0.0,0.0,0.0,0.0,0.0,0.0,0.0,0.0,0.0,0.0,0.0,0.0
2026-09-28 06:00:00,32,16,2026-10-10 12:00:00,12 days 06:00:00,294,20.82,140.56,1001.8,32.8,58.30078183204435,0.0,0.0,0.0,0.0,0.0,0.0,0.0,0.0,0.0,0.0,0.0,0.0
2026-09-28 06:00:00,32,16,2026-10-10 18:00:00,12 days 12:00:00,300,21.19,138.86,999.4,36.2,63.99793988646999,5.7303973450615615,4.417963554483208,4.349172777912756,63.99793988646999,0.0,0.0,0.0,0.0,0.0,0.0,0.0,0.0
2026-09-28 06:00:00,32,16,2026-10-11 00:00:00,12 days 18:00:00,306,21.56,137.82,998.9,36.0,68.25516058519509,68.25516058519509,28.31642053438597,28.04785659947788,28.897324681658603,0.0,0.0,0.0,0.0,0.0,0.0,0.0,0.0
2026-09-28 06:00:00,32,16,2026-10-11 06:00:00,13 days 00:00:00,312,22.19,136.73,1003.2,23.3,61.76506196073258,0.0,0.0,0.0,0.0,0.0,0.0,0.0,0.0,0.0,0.0,0.0,0.0
2026-09-28 06:00:00,32,16,2026-10-11 12:00:00,13 days 06:00:00,318,22.22,135.8,998.8,33.0,75.23505163323716,0.0,0.0,0.0,0.0,0.0,0.0,0.0,0.0,0.0,0.0,0.0,0.0
2026-09-28 06:00:00,32,16,2026-10-11 18:00:00,13 days 12:00:00,324,22.87,134.14,1002.1,27.4,98.37853889403482,0.0,0.0,0.0,0.0,0.0,0.0,0.0,0.0,0.0,0.0,0.0,0.0
2026-09-28 06:00:00,32,16,2026-10-12 00:00:00,13 days 18:00:00,330,23.11,133.34,1002.0,26.7,155.26040369683227,0.0,0.0,0.0,0.0,0.0,0.0,0.0,0.0,0.0,0.0,0.0,0.0
2026-09-28 06:00:00,32,16,2026-10-12 06:00:00,14 days 00:00:00,336,23.9,133.23,988.0,32.3,99.25525179539572,0.0,0.0,0.0,0.0,0.0,0.0,0.0,0.0,0.0,0.0,0.0,0.0
2026-09-28 06:00:00,32,16,2026-10-12 12:00:00,14 days 06:00:00,342,24.3,131.94,1002.3,25.1,57.639803322863614,0.0,0.0,0.0,0.0,0.0,0.0,0.0,0.0,0.0,0.0,0.0,0.0
2026-09-28 06:00:00,5,16,2026-09-28 18:00:00,0 days 12:00:00,12,15.27,154.79,1008.5,20.8,48.15752695324119,0.0,0.0,0.0,0.0,0.0,0.0,0.0,0.0,0.0,0.0,0.0,0.0
2026-09-28 06:00:00,5,16,2026-09-29 00:00:00,0 days 18:00:00,18,15.45,155.53,1004.8,22.8,130.3584776497485,0.0,0.0,0.0,0.0,0.0,0.0,0.0,0.0,0.0,0.0,0.0,0.0
2026-09-28 06:00:00,5,16,2026-09-29 06:00:00,1 days 00:00:00,24,14.64,154.87,1007.9,13.6,81.56796875230857,0.0,0.0,0.0,0.0,0.0,0.0,0.0,0.0,0.0,0.0,0.0,0.0
2026-09-28 06:00:00,5,16,2026-09-29 12:00:00,1 days 06:00:00,30,15.45,153.45,1005.1,19.9,125.54063445153685,0.0,0.0,0.0,0.0,0.0,0.0,0.0,0.0,0.0,0.0,0.0,0.0
2026-09-28 06:00:00,5,16,2026-09-29 18:00:00,1 days 12:00:00,36,15.28,152.61,1006.3,17.2,86.8682726274881,0.0,0.0,0.0,0.0,0.0,0.0,0.0,0.0,0.0,0.0,0.0,0.0
2026-09-28 06:00:00,5,16,2026-09-30 00:00:00,1 days 18:00:00,42,15.6,151.96,1003.3,27.4,108.08216325909902,0.0,0.0,0.0,0.0,0.0,0.0,0.0,0.0,0.0,0.0,0.0,0.0
2026-09-28 06:00:00,5,16,2026-09-30 06:00:00,2 days 00:00:00,48,15.96,151.99,1003.9,23.1,127.70393710079613,0.0,0.0,0.0,0.0,0.0,0.0,0.0,0.0,0.0,0.0,0.0,0.0
2026-09-28 06:00:00,5,16,2026-09-30 12:00:00,2 days 06:00:00,54,16.35,150.57,1002.5,25.5,126.02002325394518,0.0,0.0,0.0,0.0,0.0,0.0,0.0,0.0,0.0,0.0,0.0,0.0
2026-09-28 06:00:00,5,16,2026-09-30 18:00:00,2 days 12:00:00,60,16.19,149.34,1004.2,23.8,120.55999504650184,0.0,0.0,0.0,0.0,0.0,0.0,0.0,0.0,0.0,0.0,0.0,0.0
2026-09-28 06:00:00,5,16,2026-10-01 00:00:00,2 days 18:00:00,66,16.28,147.82,999.7,32.7,83.82763905295201,0.0,0.0,0.0,0.0,0.0,0.0,0.0,0.0,0.0,0.0,0.0,0.0
2026-09-28 06:00:00,5,16,2026-10-01 06:00:00,3 days 00:00:00,72,16.61,147.6,999.1,34.7,82.932163826097,138.03604173808884,118.8447390355191,101.48190445598031,115.62699680536323,0.0,0.0,0.0,0.0,0.0,0.0,0.0,0.0
2026-09-28 06:00:00,5,16,2026-10-01 12:00:00,3 days 06:00:00,78,16.78,146.65,987.5,53.3,69.57702266288109,126.95565131027324,107.72615396902216,97.6162401465454,108.386278072634,0.0,0.0,69.57702266288109,0.0,0.0,0.0,0.0,0.0
2026-09-28 06:00:00,5,16,2026-10-01 18:00:00,3 days 12:00:00,84,17.14,146.32,989.8,48.3,121.8906195582826,201.69728366868932,182.59081813264208,154.80590365425311,172.72653176092507,0.0,0.0,0.0,0.0,0.0,0.0,0.0,0.0
2026-09-28 06:00:00,5,16,2026-10-02 00:00:00,3 days 18:00:00,90,17.31,146.16,979.1,65.8,48.19446077855905,247.9196773470572,227.63567462172787,181.6998640045304,211.98047573620835,59.37323129424196,51.811715427729794,36.92364109849209,47.41747206109088,48.19446077855905,22.582185316377107,16.74929218139783,20.70246489769721
2026-09-28 06:00:00,5,16,2026-10-02 06:00:00,4 days 00:00:00,96,17.55,146.21,984.5,59.2,93.7964191374518,258.63252564929627,270.5448718542765,225.10995057912533,225.93275113730323,98.9998524255222,98.3490673215556,83.62635775884759,83.9676128248389,0.0,0.0,0.0,0.0
2026-09-28 06:00:00,5,16,2026-10-02 12:00:00,4 days 06:00:00,102,18.26,146.53,979.1,63.3,46.8574997593657,240.78376341857245,231.8933137296425,183.2656028400229,199.40658287899183,46.89000321564751,42.09160194382584,28.98765367138068,36.064971908278935,0.0,0.0,0.0,0.0
2026-09-28 06:00:00,5,16,2026-10-02 18:00:00,4 days 12:00:00,108,19.51,146.67,981.5,58.0,72.7972876833843,351.4169200033208,348.4618206698241,263.6785710466596,284.9095894840105,110.15842315514618,102.05299398595744,78.97539605008399,89.0200221950181,0.0,0.0,0.0,0.0
2026-09-28 06:00:00,5,16,2026-10-03 00:00:00,4 days 18:00:00,114,20.32,147.18,977.6,62.3,52.564666731409176,211.2051669858488,213.08299029732493,154.4750495755663,155.01502805042696,52.564666731409176,29.42811661270376,11.873308843124454,20.68003508874121,0.0,0.0,0.0,0.0
2026-09-28 06:00:00,5,16,2026-10-03 06:00:00,5 days 00:00:00,120,21.43,146.65,973.4,65.0,51.64217657565772,392.8600641047179,394.33523586309457,322.42934325677163,327.12912728420406,170.319479747378,162.43428329332082,129.86415898729183,142.0370154042975,78.39750688105306,75.39220935808672,61.27752618602402,67.22496817254498
2026-09-28 06:00:00,5,16,2026-10-03 12:00:00,5 days 06:00:00,126,22.17,146.71,965.2,83.8,65.92299618160465,241.4007742487996,224.3783847059167,174.90816955970615,187.0516937163892,118.30639205365895,114.33966994619578,91.61514092909172,99.0632377283419,65.92299618160465,57.43304997103286,46.31107770544277,51.20782909183387
2026-09-28 06:00:00,5,16,2026-10-03 18:00:00,5 days 12:00:00,132,23.34,146.77,947.3,95.8,11.97545653217739,348.13198443812234,354.8501810789435,313.4990032581861,305.83074354294035,206.24753184625217,203.8666633483923,172.1610561175986,182.9725954127581,111.87205380769576,108.87707072114188,91.71439836884495,97.21181777574913
2026-09-28 06:00:00,5,16,2026-10-04 00:00:00,5 days 18:00:00,138,24.12,146.59,936.1,109.4,36.39183064175119,444.4485672437761,441.18146568639486,377.9896015809285,379.6740001541984,36.39183064175119,36.39183064175119,0.0,0.0,0.2340625972234651,36.39183064175119,0.0,0.0
2026-09-28 06:00:00,5,16,2026-10-04 06:00:00,6 days 00:00:00,144,24.78,146.48,949.1,89.3,21.68490054155593,303.4917293043221,305.4680204718072,264.9492450035618,247.92564647096657,140.84347298682152,141.45399182804258,116.27239432035596,121.12798561550964,76.3357045447344,73.4923142525558,61.29335942423997,64.51749379328307
2026-09-28 06:00:00,5,16,2026-10-04 12:00:00,6 days 06:00:00,150,25.84,146.18,938.0,102.3,58.49807959329351,507.00099566141137,492.1529192975092,428.9738452919636,445.1088171587923,58.49807959329351,1.7539253035746434,0.0,1.6892089302316766,58.49807959329351,0.30532193962693,0.0,0.0
2026-09-28 06:00:00,5,16,2026-10-04 18:00:00,6 days 12:00:00,156,26.37,145.87,940.5,105.5,0.1688897367449158,323.4349622584982,306.21691221394394,271.3889508341099,286.52647743187435,186.3669416776277,177.75639642818646,153.05000101858718,164.45875782484154,101.66443952615144,96.67729319176,81.33399588825944,88.73644989223101
2026-09-28 06:00:00,5,16,2026-10-05 00:00:00,6 days 18:00:00,162,27.98,145.76,964.5,80.2,17.39180299708107,257.7024643466316,264.2143182542203,216.5391021098772,210.9294955170473,145.5572428293258,141.89601273487256,118.14955560373429,126.53199451872746,78.24494124959546,74.69237222726696,61.73277642073224,68.03997792881967
2026-09-28 06:00:00,5,16,2026-10-05 06:00:00,7 days 00:00:00,168,29.09,145.84,952.7,86.6,0.0,421.5465432982557,441.7969244852635,363.1291055252292,348.8054220482569,221.13342335216836,225.8694795925216,187.191495118274,191.22204686465864,120.09485942045544,119.22168958843636,99.950925763264,105.12770038843
2026-09-28 06:00:00,5,16,2026-10-05 12:00:00,7 days 06:00:00,174,30.17,146.11,950.5,85.5,54.91181462933684,327.9981776708223,345.87216109416704,288.7353753475704,274.1170858174447,103.74192266988332,105.64737043077844,88.468221833906,86.33389270078987,54.91181462933684,54.33000185375237,44.3374339802247,46.9112008383983
2026-09-28 06:00:00,5,16,2026-10-05 18:00:00,7 days 12:00:00,180,31.47,147.15,958.8,85.1,23.345536236767543,298.01517437554503,332.8504961665981,257.6001198851545,231.34668271208693,122.55872865822356,126.9534850090754,101.95956640080226,100.67560634441918,65.71382506885482,64.46704272132604,53.5712304272958,56.09115755437245
2026-09-28 06:00:00,5,16,2026-10-06 00:00:00,7 days 18:00:00,186,33.12,147.89,962.9,79.6,28.44316182555238,430.38918346444177,469.1145998523068,383.1476619354047,348.510327587096,261.01444697005104,272.445349126619,229.2862661003598,223.4477831986173,142.74704963990484,145.0743334548646,123.5018397323773,125.3254018100769
2026-09-28 06:00:00,5,16,2026-10-06 06:00:00,8 days 00:00:00,192,35.36,149.53,958.6,76.1,83.74636215653376,416.63217995564753,445.27932219075456,362.2328701609654,331.53540049551,122.41838223204088,128.32900314252998,105.0626713935272,102.45459480793534,83.74636215653376,65.26547193351894,54.86543327216067,56.84730231425931
2026-09-28 06:00:00,5,16,2026-10-06 12:00:00,8 days 06:00:00,198,36.7,150.89,963.0,78.4,31.30885138733413,408.1627604667651,449.9670077179962,343.99584996373005,335.8472631147097,246.31400516613303,263.7572155473208,220.16829333966416,211.15467048618396,132.2301783779924,135.5815137261385,114.38319345401112,115.86149548361207
2026-09-28 06:00:00,5,16,2026-10-06 18:00:00,8 days 12:00:00,204,38.36,152.62,972.3,61.2,93.28854015595832,469.4737057291426,509.1022003695167,416.22842703501806,389.3074941710946,180.1494657444508,191.0964593045463,154.2862507851743,147.78850581257896,0.0,0.0,0.0,0.0
2026-09-28 06:00:00,5,16,2026-10-07 00:00:00,8 days 18:00:00,210,39.35,155.13,977.8,52.3,79.96776695796495,345.1510881844031,387.8539056170147,302.51266778389265,290.23470718293026,16.824272637759336,79.96776695796495,15.823215799109777,11.33118990571251,0.0,0.0,0.0,0.0
2026-09-28 06:00:00,5,16,2026-10-07 06:00:00,9 days 00:00:00,216,40.78,157.82,987.1,48.4,67.0392364171777,41.56540600807848,67.0392364171777,22.91065722589584,11.791025556650444,0.0,0.0,0.0,0.0,0.0,0.0,0.0,0.0
2026-09-28 06:00:00,5,16,2026-10-07 12:00:00,9 days 06:00:00,222,41.62,159.74,989.6,29.2,76.87727937489765,0.0,0.0,0.0,0.0,0.0,0.0,0.0,0.0,0.0,0.0,0.0,0.0
2026-09-28 06:00:00,5,16,2026-10-07 18:00:00,9 days 12:00:00,228,42.11,161.88,991.9,38.8,145.137922291,145.137922291,0.0,0.0,0.0,0.0,0.0,0.0,0.0,0.0,0.0,0.0,0.0
2026-09-28 06:00:00,5,16,2026-10-08 00:00:00,9 days 18:00:00,234,42.58,165.77,999.5,24.0,120.33575486741012,0.0,0.0,0.0,0.0,0.0,0.0,0.0,0.0,0.0,0.0,0.0,0.0
2026-09-28 06:00:00,AL062026,16,2026-09-28 06:00:00,0 days 00:00:00,0,28.3,-43.8,1012.0,25.0,56.0,0.0,0.0,0.0,0.0,0.0,0.0,0.0,0.0,0.0,0.0,0.0,0.0
2026-09-28 06:00:00,AL912026(2),16,2026-09-28 06:00:00,0 days 00:00:00,0,36.3,-53.1,1013.0,29.0,148.0,0.0,0.0,0.0,0.0,0.0,0.0,0.0,0.0,0.0,0.0,0.0,0.0
2026-09-28 06:00:00,AL912026(2),16,2026-09-28 12:00:00,0 days 06:00:00,6,36.5,-50.62,1002.2,45.5,34.03403566928523,44.99474264236102,40.865424523161664,43.3970354462009,29.247474216561784,0.0,0.0,0.0,0.0,0.0,0.0,0.0,0.0
2026-09-28 06:00:00,AL912026(2),16,2026-09-28 18:00:00,0 days 12:00:00,12,36.59,-48.43,1005.2,39.5,44.470822092472616,0.0,44.470822092472616,3.392597482591981,0.0,0.0,0.0,0.0,0.0,0.0,0.0,0.0,0.0
2026-09-28 06:00:00,AL912026(2),16,2026-09-29 00:00:00,0 days 18:00:00,18,35.17,-46.92,1001.6,44.3,99.58522161233805,99.58522161233805,55.65159240399248,36.27676319281841,44.759528458857176,0.0,0.0,0.0,0.0,0.0,0.0,0.0,0.0
2026-09-28 06:00:00,AL912026(2),16,2026-09-29 06:00:00,1 days 00:00:00,24,34.75,-45.58,1003.8,39.2,48.34816440113463,55.71244700500094,53.25787268136016,30.10052392574101,37.06384679750991,0.0,0.0,0.0,0.0,0.0,0.0,0.0,0.0
2026-09-28 06:00:00,AL912026(2),16,2026-09-29 12:00:00,1 days 06:00:00,30,33.78,-44.39,1008.7,33.2,145.9253272178372,0.0,0.0,0.0,0.0,0.0,0.0,0.0,0.0,0.0,0.0,0.0,0.0
2026-09-28 06:00:00,AL912026(2),16,2026-09-29 18:00:00,1 days 12:00:00,36,33.57,-43.58,1003.9,32.2,73.152792641387,0.0,0.0,0.0,0.0,0.0,0.0,0.0,0.0,0.0,0.0,0.0,0.0
2026-09-28 06:00:00,AL912026(2),16,2026-09-30 00:00:00,1 days 18:00:00,42,33.46,-43.42,1006.4,31.7,110.95304183290052,0.0,0.0,0.0,0.0,0.0,0.0,0.0,0.0,0.0,0.0,0.0,0.0
2026-09-28 06:00:00,EP152026(2),16,2026-09-28 06:00:00,0 days 00:00:00,0,16.4,-160.8,929.0,134.0,28.0,241.0,185.0,148.0,204.0,93.0,74.0,74.0,93.0,56.0,46.0,37.0,46.0
2026-09-28 06:00:00,EP152026(2),16,2026-09-28 12:00:00,0 days 06:00:00,6,16.94,-161.73,948.2,113.1,0.0,143.9678542632219,116.15499445289905,86.51417205305003,137.7814412936001,78.02471480654681,58.74093224679135,45.14659012602099,68.56119394517616,42.29930715504058,34.3142325351188,29.66614120685035,38.36620575536512
2026-09-28 06:00:00,EP152026(2),16,2026-09-28 18:00:00,0 days 12:00:00,12,17.25,-162.49,930.9,126.6,5.532404049819832,260.8642470540788,234.32339848230663,169.84713087492804,227.6168120980909,110.61890996507242,95.51522706881218,76.40689824273892,96.379756654082,60.13335670179748,51.83314875888136,43.93308970040604,55.02689353521279
2026-09-28 06:00:00,EP152026(2),16,2026-09-29 00:00:00,0 days 18:00:00,18,18.17,-163.19,954.6,114.4,2.209238368274285,227.02963482425,194.7338520607629,112.27323890033011,167.35569624192595,91.80806294884484,73.66584470353504,53.8087158578314,73.80807537292665,43.600923614025874,37.92908166235682,29.396427381229397,36.809531553179454
2026-09-28 06:00:00,EP152026(2),16,2026-09-29 06:00:00,1 days 00:00:00,24,19.23,-163.74,966.5,97.3,0.5121158404041051,200.6776357970544,172.42868304480513,104.76082340992224,154.6313298105022,54.12971900991869,49.10581235342704,27.15995412506698,45.06375502282228,25.460096044812428,22.009391832461077,15.768935102865822,20.682400159374545
2026-09-28 06:00:00,EP152026(2),16,2026-09-29 12:00:00,1 days 06:00:00,30,20.02,-164.04,967.1,86.4,32.34714651550224,156.96056404338563,140.4339040616744,87.64657436922838,126.203984771878,64.75499161926396,56.01203296972788,40.9533916276645,52.62987093548057,32.34714651550224,28.495592608667025,23.37397091249149,27.488301447821915
2026-09-28 06:00:00,EP152026(2),16,2026-09-29 18:00:00,1 days 12:00:00,36,20.98,-164.12,983.1,72.2,42.85834587651131,183.4510667741818,153.78140032500733,89.44456285283195,132.76039352349866,87.1201223545538,73.3850027629422,49.2777261660043,67.36357815091252,42.85834587651131,34.477782444366724,26.213250584592885,33.726034023932506
2026-09-28 06:00:00,EP152026(2),16,2026-09-30 00:00:00,1 days 18:00:00,42,21.67,-164.02,986.1,63.4,81.13433079769347,314.5578874633966,285.0413769502913,215.481559971942,255.02604243489492,81.13433079769347,13.138827356946946,5.4260332561856055,8.531952243313139,0.0,0.0,0.0,0.0
2026-09-28 06:00:00,EP152026(2),16,2026-09-30 06:00:00,2 days 00:00:00,48,22.41,-163.9,989.7,57.8,100.41757242527092,303.1121801437112,303.0809031114913,240.46365446271372,248.85975243977737,100.41757242527092,70.5912819118239,54.90093936728954,58.42448769998737,0.0,0.0,0.0,0.0
2026-09-28 06:00:00,EP152026(2),16,2026-09-30 12:00:00,2 days 06:00:00,54,22.38,-164.07,990.0,46.2,127.1975144717688,127.1975144717688,21.654511395071527,23.805091621180928,29.62234612043597,0.0,0.0,0.0,0.0,0.0,0.0,0.0,0.0
2026-09-28 06:00:00,EP152026(2),16,2026-09-30 18:00:00,2 days 12:00:00,60,22.21,-164.22,990.8,47.7,113.09976051530536,213.4713135431614,193.5942932767364,168.8116551594124,182.76433427730888,0.0,0.0,0.0,0.0,0.0,0.0,0.0,0.0
2026-09-28 06:00:00,EP152026(2),16,2026-10-01 00:00:00,2 days 18:00:00,66,22.19,-164.5,990.4,48.6,109.77698987477744,109.77698987477744,0.0,3.539705641128222,4.844704225129892,0.0,0.0,0.0,0.0,0.0,0.0,0.0,0.0
2026-09-28 06:00:00,EP152026(2),16,2026-10-01 06:00:00,3 days 00:00:00,72,22.18,-164.4,988.6,43.3,99.30864927331174,99.30864927331174,60.87580016790656,57.47297362117712,63.61061657320093,0.0,0.0,0.0,0.0,0.0,0.0,0.0,0.0
2026-09-28 06:00:00,EP152026(2),16,2026-10-01 12:00:00,3 days 06:00:00,78,22.59,-165.26,991.4,50.1,87.49395821716212,191.6694390698694,163.05677150460244,132.2128245758041,161.21544540920385,87.49395821716212,1.0362221355503518,0.1431575998586041,2.81672578392632,0.0,0.0,0.0,0.0
2026-09-28 06:00:00,EP152026(2),16,2026-10-01 18:00:00,3 days 12:00:00,84,23.0,-165.93,1001.1,41.1,125.40392122605265,125.40392122605265,22.5613413570092,21.701728891115717,32.040009532531826,0.0,0.0,0.0,0.0,0.0,0.0,0.0,0.0
2026-09-28 06:00:00,EP152026(2),16,2026-10-02 00:00:00,3 days 18:00:00,90,23.4,-166.8,994.3,49.5,69.44341585539732,69.44341585539732,4.833923094724076,0.0,11.665952263053724,0.0,0.0,0.0,0.0,0.0,0.0,0.0,0.0
2026-09-28 06:00:00,EP152026(2),16,2026-10-02 06:00:00,4 days 00:00:00,96,23.23,-167.14,995.9,43.9,122.45850379954231,122.45850379954231,34.97613853354039,32.194257225492606,40.39112454391284,0.0,0.0,0.0,0.0,0.0,0.0,0.0,0.0
2026-09-28 06:00:00,EP152026(2),16,2026-10-02 12:00:00,4 days 06:00:00,102,23.31,-167.22,989.3,43.8,75.66328727040248,75.66328727040248,28.562021229391,25.427183076834247,24.90229180065096,0.0,0.0,0.0,0.0,0.0,0.0,0.0,0.0
2026-09-28 06:00:00,EP152026(2),16,2026-10-02 18:00:00,4 days 12:00:00,108,23.9,-167.75,991.2,45.0,95.12633776584975,272.158357496329,253.4188233392586,206.5936696982709,232.20324916029483,0.0,0.0,0.0,0.0,0.0,0.0,0.0,0.0
2026-09-28 06:00:00,EP152026(2),16,2026-10-03 00:00:00,4 days 18:00:00,114,23.73,-168.07,988.4,50.0,63.77871394590228,147.3292793243133,127.32141071492948,100.5541328294203,116.60093949051222,0.0,0.0,0.0,0.0,0.0,0.0,0.0,0.0
2026-09-28 06:00:00,EP152026(2),16,2026-10-03 06:00:00,5 days 00:00:00,120,23.65,-168.79,988.5,55.3,47.42969582176611,201.7865991275887,194.05818264730655,164.05519915193972,183.73848520738613,50.750970065667126,45.5428859834095,37.436336453206096,45.30227008857756,0.0,0.0,0.0,0.0
2026-09-28 06:00:00,EP152026(2),16,2026-10-03 12:00:00,5 days 06:00:00,126,23.75,-169.72,993.0,50.4,55.52161978816122,180.0084447768022,146.36234236151404,119.83102498788742,159.603529372891,55.52161978816122,0.0,0.0,1.555223362948894,0.0,0.0,0.0,0.0
2026-09-28 06:00:00,EP152026(2),16,2026-10-03 18:00:00,5 days 12:00:00,132,23.72,-171.23,986.3,59.6,43.805952155482586,112.55102762027558,79.02174813132969,63.04726542492906,91.58331442454464,0.0,0.0,0.0,43.805952155482586,0.0,0.0,0.0,0.0
2026-09-28 06:00:00,EP152026(2),16,2026-10-04 00:00:00,5 days 18:00:00,138,23.94,-173.07,979.9,67.8,25.38694804686041,187.9337945028953,158.86246381179734,116.72157171476071,157.25346057152166,25.38694804686041,0.91684333789382,0.0,25.38694804686041,0.2737316446516921,0.0,0.0,25.38694804686041
2026-09-28 06:00:00,EP152026(2),16,2026-10-04 06:00:00,6 days 00:00:00,144,24.12,-174.51,973.3,78.0,34.93898911479779,131.4357382499963,90.66412707843426,66.4556170728876,131.6299578312757,60.41114065276992,44.81371689230174,32.44769033443868,51.83433320906238,34.93898911479779,23.13293693211962,18.476912148476494,24.93685744213496
2026-09-28 06:00:00,EP152026(2),16,2026-10-04 12:00:00,6 days 06:00:00,150,24.49,-175.94,960.4,98.4,22.32791367602863,217.83717635941048,190.04448892422351,149.5546487866659,197.23744858180729,22.32791367602863,0.7043048007722064,0.0,1.709090831029812,22.32791367602863,0.0,0.0,0.6311167749635871
2026-09-28 06:00:00,EP152026(2),16,2026-10-04 18:00:00,6 days 12:00:00,156,24.81,-177.55,953.5,102.3,12.084671861259269,203.24452030519024,173.07691608881578,159.31981982965954,199.42759012104943,112.86451494810171,100.22020190081092,84.14827710215468,100.26109562430064,58.94135503825965,52.12995632342063,43.10949417552911,51.08842761360575
2026-09-28 06:00:00,EP152026(2),16,2026-10-05 00:00:00,6 days 18:00:00,162,25.17,-179.0,971.4,84.4,24.0073912670745,137.26205325193104,117.87045441788749,87.20483571325454,115.48006469199042,63.15361699284936,53.91345626001868,38.29862224069957,55.688545143680216,32.832628293366454,27.11846005254043,20.61723440786929,27.75060415054208
2026-09-28 06:00:00,EP152026(2),16,2026-10-05 06:00:00,7 days 00:00:00,168,25.28,179.69,968.5,94.9,31.037737768196777,165.3877242377941,137.64137324298613,117.75980673313371,150.8209781606542,86.66090750866331,72.38016149678927,55.770050373529536,78.007737475674,44.58456871842477,37.58457285731679,29.52235223687904,38.50207879878705
2026-09-28 06:00:00,EP152026(2),16,2026-10-05 12:00:00,7 days 06:00:00,174,25.19,177.76,974.8,76.5,34.482163392366864,108.46392714659169,78.34203817787181,55.70540728832125,90.53716798296364,34.482163392366864,0.0,0.0,2.94440598212602,34.482163392366864,0.0,0.0,0.3288454540785122
2026-09-28 06:00:00,EP152026(2),16,2026-10-05 18:00:00,7 days 12:00:00,180,24.96,176.29,984.8,59.9,19.024904320940035,185.65790086679755,133.97521556141305,110.24434577634725,168.55415433152203,19.024904320940035,0.9211225090747576,0.0,8.803321840552956,0.0,0.0,0.0,0.0
2026-09-28 06:00:00,EP152026(2),16,2026-10-06 00:00:00,7 days 18:00:00,186,24.71,174.7,995.0,49.2,37.2318629550895,161.30926918877003,137.01222608832074,94.22058126901791,145.63391779195635,0.0,0.0,0.0,0.0,0.0,0.0,0.0,0.0
2026-09-28 06:00:00,EP152026(2),16,2026-10-06 06:00:00,8 days 00:00:00,192,24.83,172.96,995.7,50.4,65.89241400563873,65.89241400563873,14.292242105769304,0.0,65.89241400563873,65.89241400563873,0.0,0.0,1.376996961592809,0.0,0.0,0.0,0.0
2026-09-28 06:00:00,EP152026(2),16,2026-10-06 12:00:00,8 days 06:00:00,198,24.78,171.0,994.8,46.4,61.29115265015394,161.5213931640332,126.6276843402362,106.05432863992944,142.905784730052,0.0,0.0,0.0,0.0,0.0,0.0,0.0,0.0
2026-09-28 06:00:00,EP152026(2),16,2026-10-06 18:00:00,8 days 12:00:00,204,24.46,169.48,1002.8,36.6,139.78032550923876,139.78032550923876,3.716287354050962,0.0,8.285908023354523,0.0,0.0,0.0,0.0,0.0,0.0,0.0,0.0
2026-09-28 06:00:00,EP152026(2),16,2026-10-07 00:00:00,8 days 18:00:00,210,24.42,167.44,1001.8,41.3,45.060319058859385,45.060319058859385,3.0134739772178527,0.0,7.582579523161692,0.0,0.0,0.0,0.0,0.0,0.0,0.0,0.0
2026-09-28 06:00:00,EP152026(2),16,2026-10-07 06:00:00,9 days 00:00:00,216,24.33,164.87,1006.0,32.7,67.96860878744337,0.0,0.0,0.0,0.0,0.0,0.0,0.0,0.0,0.0,0.0,0.0,0.0
2026-09-28 06:00:00,EP152026(2),16,2026-10-07 12:00:00,9 days 06:00:00,222,24.38,163.46,1004.1,29.5,73.19902334181634,0.0,0.0,0.0,0.0,0.0,0.0,0.0,0.0,0.0,0.0,0.0,0.0
2026-09-28 06:00:00,EP152026(2),16,2026-10-07 18:00:00,9 days 12:00:00,228,24.45,162.45,1006.7,25.9,126.67918080843172,0.0,0.0,0.0,0.0,0.0,0.0,0.0,0.0,0.0,0.0,0.0,0.0
2026-09-28 06:00:00,EP172026,16,2026-09-28 06:00:00,0 days 00:00:00,0,23.2,-114.0,955.0,105.0,28.0,167.0,148.0,148.0,148.0,102.0,93.0,83.0,83.0,65.0,65.0,65.0,65.0
2026-09-28 06:00:00,EP172026,16,2026-09-28 12:00:00,0 days 06:00:00,6,24.18,-113.97,963.8,95.1,0.0,93.33611848662424,107.78505373267085,73.43699561829149,67.96905258332004,0.0164168137032478,1.7894346389027884,0.0,0.0,0.0164168137032478,0.0,0.0,0.0
2026-09-28 06:00:00,EP172026,16,2026-09-28 18:00:00,0 days 12:00:00,12,24.76,-113.21,971.4,91.3,4.959800376739924,156.91755435368634,192.65441253487265,128.67329531756332,115.17167105696991,83.91862868688891,89.33209501393719,67.47730194976016,67.47212615517012,43.09128211180071,43.27865400309892,35.12003461196383,37.07553832407764
2026-09-28 06:00:00,EP172026,16,2026-09-29 00:00:00,0 days 18:00:00,18,25.65,-112.88,948.9,103.6,13.535634088433907,121.43448299408816,165.12159093389607,127.39637172135303,93.55853300452752,59.61185118507677,69.88592368596551,58.38700665519883,49.07671338397046,35.0263986186705,35.40313904152919,30.289636719444644,30.23802094103567
2026-09-28 06:00:00,EP172026,16,2026-09-29 06:00:00,1 days 00:00:00,24,26.37,-111.79,984.5,61.2,20.738935576904183,103.51380431324743,123.90237534199136,80.60246443181651,73.1627662528449,6.724737766740493,20.738935576904183,7.974516943035463,1.6746145716712977,0.0,0.0,0.0,0.0
2026-09-28 06:00:00,EP172026,16,2026-09-29 12:00:00,1 days 06:00:00,30,27.8,-110.6,987.0,53.9,53.45877566123225,58.18070031505993,54.94325895558397,33.78238728103515,30.57471974653637,53.45877566123225,0.0,0.0,0.0,0.0,0.0,0.0,0.0
2026-09-28 06:00:00,EP172026,16,2026-09-29 18:00:00,1 days 12:00:00,36,29.47,-109.68,997.4,25.7,92.58854526675252,0.0,0.0,0.0,0.0,0.0,0.0,0.0,0.0,0.0,0.0,0.0,0.0
2026-09-28 06:00:00,EP182026,16,2026-09-28 06:00:00,0 days 00:00:00,0,13.2,-100.0,1001.0,41.0,93.0,222.0,185.0,148.0,222.0,0.0,0.0,0.0,0.0,0.0,0.0,0.0,0.0
2026-09-28 06:00:00,EP182026,16,2026-09-28 12:00:00,0 days 06:00:00,6,13.41,-100.63,994.8,44.0,51.23180748158522,86.90488774814486,69.47632933445506,58.99393231139908,70.2778285807484,0.0,0.0,0.0,0.0,0.0,0.0,0.0,0.0
2026-09-28 06:00:00,EP182026,16,2026-09-28 18:00:00,0 days 12:00:00,12,13.5,-101.6,987.6,64.8,12.046993015505455,68.69025000038478,57.38577650678991,48.190411820843096,64.52746964170575,31.147999864529165,20.508359526598724,15.169309519556167,25.29225738664391,12.404810270374494,8.650477348655553,6.235266146183566,10.47195169485386
2026-09-28 06:00:00,EP182026,16,2026-09-29 00:00:00,0 days 18:00:00,18,13.94,-102.58,995.0,52.1,117.91354800591812,201.01956217437797,169.77681420614567,135.7591361718902,169.3794150845747,117.91354800591812,0.7856308485725059,0.0,1.2161787385018066,0.0,0.0,0.0,0.0
2026-09-28 06:00:00,EP182026,16,2026-09-29 06:00:00,1 days 00:00:00,24,14.84,-103.08,1001.6,39.4,72.35366338059617,110.1893445321598,97.87649023764206,82.31216522524437,89.9507652215035,0.0,0.0,0.0,0.0,0.0,0.0,0.0,0.0
2026-09-28 06:00:00,EP182026,16,2026-09-29 12:00:00,1 days 06:00:00,30,15.15,-104.32,999.1,36.9,101.96702440342511,101.96702440342511,2.3395533429511044,0.0,2.577308416946602,0.0,0.0,0.0,0.0,0.0,0.0,0.0,0.0
2026-09-28 06:00:00,EP182026,16,2026-09-29 18:00:00,1 days 12:00:00,36,16.07,-105.1,995.6,45.6,68.93082754187444,184.78646729906453,164.5383792159255,135.9219768622807,149.09503869253592,0.0,0.0,0.0,0.0,0.0,0.0,0.0,0.0
2026-09-28 06:00:00,EP182026,16,2026-09-30 00:00:00,1 days 18:00:00,42,16.73,-105.93,993.4,48.3,53.49687768439941,86.60851610333175,62.3181085642397,42.6444386089415,58.74217616618418,0.0,0.0,0.0,0.0,0.0,0.0,0.0,0.0
2026-09-28 06:00:00,EP182026,16,2026-09-30 06:00:00,2 days 00:00:00,48,17.3,-107.0,991.1,64.2,47.21848374561833,154.96710789433155,125.46156722066138,89.52838811654661,121.10988672427423,47.21848374561833,22.580285185157614,11.544141046348738,21.99094812174757,47.21848374561833,6.825888778325901,3.7516844584895326,7.373635784954811
2026-09-28 06:00:00,EP182026,16,2026-09-30 12:00:00,2 days 06:00:00,54,17.32,-107.28,987.7,61.4,44.19388042249538,141.3833759287484,130.35923902730923,108.30004901523566,120.26009424404832,0.0124338971064688,0.0,0.0,44.19388042249538,0.0,0.0,0.0,0.0
2026-09-28 06:00:00,EP182026,16,2026-09-30 18:00:00,2 days 12:00:00,60,17.9,-107.83,991.1,51.9,59.41965534365185,159.02586753887334,140.0118651984333,114.87174224671033,133.32437181320512,59.41965534365185,1.055069726373178,1.1516686210682892,2.5110827669036446,0.0,0.0,0.0,0.0
2026-09-28 06:00:00,EP182026,16,2026-10-01 00:00:00,2 days 18:00:00,66,18.11,-108.01,980.0,71.6,35.96678789416899,133.55044479099473,119.40537396084312,97.2495652816318,119.56337466219416,58.24298818176082,52.57335147219385,40.35820385618939,48.95570695918676,35.96678789416899,24.21686085063115,18.867706894109944,22.38583384740092
2026-09-28 06:00:00,EP182026,16,2026-10-01 06:00:00,3 days 00:00:00,72,17.85,-108.39,990.1,59.3,39.77533253974615,176.76752707943507,157.7645035881891,145.94315385112955,153.05083003072974,132.17102125414976,127.0252698702645,110.047264065883,112.44122145563637,0.0,0.0,0.0,0.0
2026-09-28 06:00:00,EP182026,16,2026-10-01 12:00:00,3 days 06:00:00,78,17.86,-108.47,982.0,64.6,22.331829339293183,101.4975432184198,93.69924422509874,87.10975085428646,101.33312250583585,55.160143383943335,50.48624664508388,41.35308316218268,47.697272852974,25.732482466196075,24.50008382277131,19.87832904453625,22.49545190543969
2026-09-28 06:00:00,EP182026,16,2026-10-01 18:00:00,3 days 12:00:00,84,18.29,-108.58,989.2,57.0,45.179087455345496,179.22954792084795,156.13359761731851,134.4627573937517,145.96727823863674,148.11890115313145,141.54174250667546,119.7182752727465,124.1079240918648,0.0,0.0,0.0,0.0
2026-09-28 06:00:00,EP182026,16,2026-10-02 00:00:00,3 days 18:00:00,90,18.39,-108.71,985.8,56.3,65.45752791533363,203.2380622078897,185.47644716120652,167.680939186461,184.70019883707965,65.45752791533363,41.58079184072038,33.37294374465092,37.22908256067937,0.0,0.0,0.0,0.0
2026-09-28 06:00:00,EP182026,16,2026-10-02 06:00:00,4 days 00:00:00,96,18.11,-108.95,993.7,47.1,74.02159863459511,140.11151171711413,134.616097224696,121.79965872440984,125.82358626540984,0.0,0.0,0.0,0.0,0.0,0.0,0.0,0.0
2026-09-28 06:00:00,EP182026,16,2026-10-02 12:00:00,4 days 06:00:00,102,17.77,-108.85,991.4,49.1,41.26950880924698,99.35929287721338,82.75458477482245,72.65048264712998,84.97275003422571,0.0,0.0,0.0,0.0,0.0,0.0,0.0,0.0
2026-09-28 06:00:00,EP182026,16,2026-10-02 18:00:00,4 days 12:00:00,108,17.78,-108.77,990.3,52.2,76.4193649500711,170.7358912130412,166.82993667943583,154.84818244007988,153.3284394957068,121.7058859319634,118.50540862003912,104.03000764890976,104.2335530519415,0.0,0.0,0.0,0.0
2026-09-28 06:00:00,EP182026,16,2026-10-03 00:00:00,4 days 18:00:00,114,17.48,-109.09,991.5,54.6,41.504462038128885,131.75301144888897,115.2666905788145,100.427415599423,123.02138806825288,41.504462038128885,27.40595002924946,23.88514750964057,28.133055487960355,0.0,0.0,0.0,0.0
2026-09-28 06:00:00,EP182026,16,2026-10-03 06:00:00,5 days 00:00:00,120,17.27,-109.59,991.7,57.8,20.452041183950243,191.0924095047326,191.1800103419968,181.8542858209828,183.50573701602931,80.52698771521179,76.19233159047101,68.08369247441465,70.98597406066591,0.0,0.0,0.0,0.0
2026-09-28 06:00:00,EP182026,16,2026-10-03 12:00:00,5 days 06:00:00,126,17.33,-110.11,973.7,79.8,41.57543780780527,134.14126534516302,116.85270250903466,109.31852976008682,129.81246849358416,67.28615190776918,58.10744521386334,44.99675333561588,59.25880298695144,41.57543780780527,27.742735790021484,21.921235900170707,26.59542616795097
2026-09-28 06:00:00,EP182026,16,2026-10-03 18:00:00,5 days 12:00:00,132,17.33,-110.59,975.8,79.1,30.82696948802019,163.46715759315828,142.6194892513486,134.45922603325445,156.1383233115962,71.38137825316235,63.6866571868096,49.66145811912981,63.5957453163753,34.02833433013796,29.78165083748883,23.09771729916684,28.94215716426564
2026-09-28 06:00:00,EP182026,16,2026-10-04 00:00:00,5 days 18:00:00,138,17.46,-110.91,980.0,81.7,15.232808761481426,137.31099946875793,110.79628434983634,106.04411119154422,132.2142075502095,66.08185474108853,52.96312598855285,41.9657942787161,60.99455701144609,31.7443400314268,26.217282562345968,20.341088914095025,26.94249223140604
2026-09-28 06:00:00,EP182026,16,2026-10-04 06:00:00,6 days 00:00:00,144,17.54,-111.7,964.3,87.7,22.6586197787708,165.850076248782,136.80972885005735,119.75059030144234,155.0560009335852,77.9875332233562,65.32938560123318,53.26188959464457,70.3740880097996,39.48680589300989,34.14127517835209,28.412598095543103,34.565157027517444
2026-09-28 06:00:00,EP182026,16,2026-10-04 12:00:00,6 days 06:00:00,150,17.86,-111.78,918.1,147.0,17.87131809642139,120.86796572122267,140.24335724676268,124.19167186182628,123.38828403304028,62.042508628447294,60.36736202800256,58.02584191352452,58.67822405101728,38.83710514388281,38.4058768149889,34.39460923197932,37.18734597330962
2026-09-28 06:00:00,EP182026,16,2026-10-04 18:00:00,6 days 12:00:00,156,17.59,-112.92,969.8,85.1,0.0,144.339576192578,94.69244861599908,94.2944279714784,131.55593456219088,63.79250258001618,51.49613897860008,43.080457180891386,55.71218753589481,30.820453085140844,27.26370377488189,22.2983528039666,26.68448780458688
2026-09-28 06:00:00,EP182026,16,2026-10-05 00:00:00,6 days 18:00:00,162,17.89,-113.45,975.2,78.9,40.02396410378708,177.75141223067698,144.7544385956083,129.1752965645898,155.06225436003794,75.54140987594462,63.8010613302405,47.88932534335005,65.62900260924644,40.02396410378708,30.19132118455911,23.25713154956733,30.672145781724165
2026-09-28 06:00:00,EP182026,16,2026-10-05 06:00:00,7 days 00:00:00,168,18.1,-114.14,984.5,73.5,26.75667041421657,126.23589212642648,106.39563106758786,88.1250070145834,120.63713870408873,53.340813587209496,43.09435276353709,30.954069677621128,48.64323595634435,26.75667041421657,18.82070023947402,13.571331728064983,18.92583713724155
2026-09-28 06:00:00,EP182026,16,2026-10-05 12:00:00,7 days 06:00:00,174,18.18,-114.81,975.7,81.6,29.85844997073112,146.93440053664798,107.48934739730778,104.30633817041208,145.27243721718696,77.30413852826912,63.06225235281014,52.1376231845476,69.78385457089593,38.66027154542957,32.863649091430744,25.26824617092418,33.22006242493138
2026-09-28 06:00:00,EP182026,16,2026-10-05 18:00:00,7 days 12:00:00,180,18.15,-115.68,974.0,82.2,32.33802604765897,152.86920909274502,129.44852286095482,109.6220116355038,144.00024170714744,78.05412978205305,64.16132060473365,51.07293742599018,70.99229816268405,38.64278685982542,33.03346667055644,26.589891520956726,33.68631607496056
2026-09-28 06:00:00,EP182026,16,2026-10-06 00:00:00,7 days 18:00:00,186,18.5,-116.51,964.8,93.0,19.512582455398974,220.98089383653573,193.16990721159348,161.41109031362362,201.7447280772787,122.2428472926771,106.04162905354346,83.57182658749616,103.86951268181136,60.82022578703357,53.71350923124368,43.867398355941546,52.53691808621256
2026-09-28 06:00:00,EP182026,16,2026-10-06 06:00:00,8 days 00:00:00,192,18.35,-117.45,954.0,106.0,24.3027089142024,188.77398253424968,141.96429031283492,146.6005005811122,196.00453647697827,91.63941532480322,78.98037274332233,71.74893517012427,86.97543984074545,51.75601092079441,46.92510909419539,41.082018059987405,47.01328471244037
2026-09-28 06:00:00,EP182026,16,2026-10-06 12:00:00,8 days 06:00:00,198,18.81,-118.16,964.8,98.1,44.91715648106033,170.79257672271586,139.0288383996018,109.74694199653776,160.96803167564315,86.24230824676881,67.54103526011119,51.89606258561499,74.00895777266567,44.91715648106033,35.48121165399774,28.963638675204677,37.3607003373408
2026-09-28 06:00:00,EP182026,16,2026-10-06 18:00:00,8 days 12:00:00,204,19.13,-118.73,951.0,105.9,43.24790568626375,183.1829840961163,132.75448068632687,117.10995984625065,164.56195781441374,95.22917513697422,77.66690220274688,64.26459042764697,84.8837642000988,49.66339148736266,43.4016914742612,35.703987517097154,45.0549260114783
2026-09-28 06:00:00,EP182026,16,2026-10-07 00:00:00,8 days 18:00:00,210,19.37,-119.63,942.4,117.1,22.156296849377465,163.65324832860614,130.3700327961172,133.49559993232867,180.1538644470316,95.69926020825672,77.22997354346293,70.64325126823732,90.10741368540712,55.57830151309399,49.3760977651317,44.48144424412355,51.123275183076686
2026-09-28 06:00:00,EP182026,16,2026-10-07 06:00:00,9 days 00:00:00,216,19.85,-120.67,952.2,107.5,40.21948185244064,216.7544889338404,179.72518656067376,148.44791879466007,200.63357807749827,119.85071102801456,97.67534543417564,81.11752111932815,105.64741763667644,63.92032767283602,55.31563653964132,46.7998257905935,57.54576598337462
2026-09-28 06:00:00,EP182026,16,2026-10-07 12:00:00,9 days 06:00:00,222,20.12,-121.44,937.9,123.2,29.700090212570608,147.348648595975,113.01883458221272,93.09893067645076,136.78712616975727,83.58245434434487,65.79263747627687,54.25571825551168,74.08439178040392,48.03161079901588,40.02465936735205,35.07011766801076,44.44672892662854
2026-09-28 06:00:00,EP182026,16,2026-10-07 18:00:00,9 days 12:00:00,228,20.27,-121.95,955.3,102.8,47.95815114233888,214.88932126598644,180.8145600432523,171.99948229501058,197.05741301344827,99.42565086180429,86.4736986230644,74.08744919637746,90.76325255424796,54.93360828255874,48.80991494298394,40.296765806066006,48.86629880688753
2026-09-28 06:00:00,EP182026,16,2026-10-08 00:00:00,9 days 18:00:00,234,20.96,-122.58,959.3,100.1,10.727836076343362,177.21013188829448,149.31709053800736,122.24593823727449,165.10750657931993,86.39873153513025,67.93138179310377,51.55652245955032,75.27260354592444,44.91588443140016,37.13059332918307,30.33743032600321,40.00035270502516
2026-09-28 06:00:00,EP182026,16,2026-10-08 06:00:00,10 days 00:00:00,240,21.15,-123.24,967.1,83.9,41.35420827683,120.93297827201395,111.18218034357824,123.99259870386844,136.141854372614,46.29630532636314,43.32868655272881,41.35580069131942,47.734687901041696,41.35420827683,27.02848333404296,23.67965593838308,24.941626559198063
2026-09-28 06:00:00,EP182026,16,2026-10-08 12:00:00,10 days 06:00:00,246,21.42,-123.57,966.9,93.7,3.848597497046663,174.12577765201485,150.7667174400249,126.0598280790228,171.3269513206608,94.0780430037364,78.0229110071902,67.0466759510985,83.94652838723601,49.75370754065552,43.81684012717538,36.87347684304004,43.60413315633082
2026-09-28 06:00:00,EP182026,16,2026-10-08 18:00:00,10 days 12:00:00,252,21.3,-123.97,966.8,95.7,43.485360230306505,161.74090384949972,115.14689328113307,71.91883590109045,144.17541372207324,85.3637590908967,64.39644601767452,55.36686186568205,78.28193000195714,43.485360230306505,36.39139455262684,32.962505438029524,38.00620246324328
2026-09-28 06:00:00,EP182026,16,2026-10-09 00:00:00,10 days 18:00:00,258,21.38,-124.19,971.5,88.0,24.10037666010172,139.31435053300095,127.21284598132196,127.7034252155126,143.5207265277451,82.659700583433,74.01223304384717,66.53697396090288,79.54141438266251,48.464986426095535,42.82050382127761,36.34277731652581,42.34983666563366
2026-09-28 06:00:00,EP182026,16,2026-10-09 06:00:00,11 days 00:00:00,264,21.41,-124.91,962.2,95.8,10.554914716601305,170.48489931424092,162.8824429652492,149.99972915863964,158.34897023608642,38.709196282742354,28.658563717916195,21.70710029852677,36.08446224270702,19.006020511336786,14.763890758231687,11.29126113448185,16.237755785062163
2026-09-28 06:00:00,EP182026,16,2026-10-09 12:00:00,11 days 06:00:00,270,21.14,-125.16,968.5,83.5,31.79426623568588,141.3073282887417,114.047618925078,124.26904446746444,145.97187271229868,61.46812829096158,51.01155522319438,44.74766301457616,58.224427759721,33.10448249374608,28.863547317593508,24.79181228253545,29.17038233933984
2026-09-28 06:00:00,EP182026,16,2026-10-09 18:00:00,11 days 12:00:00,276,21.09,-125.55,986.9,59.7,46.94029919809145,169.836342085051,151.32623872163094,130.59326480831078,156.36267200734437,46.94029919809145,9.259949140803885,7.758082214896376,10.838158948303317,0.0,0.0,0.0,0.0
2026-09-28 06:00:00,EP182026,16,2026-10-10 00:00:00,11 days 18:00:00,282,20.81,-125.72,986.6,57.1,16.52969361589094,151.92107196774472,145.81329525588015,131.83318175967963,136.84654216058493,91.63959943840533,88.86533877468253,74.40337307399626,76.39718167411931,0.0,0.0,0.0,0.0
2026-09-28 06:00:00,EP182026,16,2026-10-10 06:00:00,12 days 00:00:00,288,21.09,-125.59,987.5,55.5,36.637140063255785,146.2635290332492,148.97899550254647,132.37818543896583,132.40050474958576,79.46305490163414,75.0977635621028,64.3112402744908,66.89111495416552,0.0,0.0,0.0,0.0
2026-09-28 06:00:00,EP182026,16,2026-10-10 12:00:00,12 days 06:00:00,294,20.96,-126.0,986.3,55.1,68.9301193401104,234.70129402884805,220.00086163596157,191.14993716015945,209.1730859117431,68.9301193401104,29.351139445500976,22.73840051286948,26.679508711274018,0.0,0.0,0.0,0.0
2026-09-28 06:00:00,EP182026,16,2026-10-10 18:00:00,12 days 12:00:00,300,20.98,-126.02,976.9,64.2,3.900744640523559,108.23246639425464,111.90978671454984,90.44401291010524,98.8762134218472,7.269464529043247,5.104529534599252,3.3215020929998174,3.927395591286183,0.0,3.900744640523559,0.0,0.0
2026-09-28 06:00:00,EP182026,16,2026-10-11 00:00:00,12 days 18:00:00,306,21.27,-125.63,984.2,59.9,64.62322817929248,166.8277297281387,163.65353764586584,139.65877190257336,131.226075864397,69.79959096420808,67.83238440733405,57.47207585089713,58.99702035323578,0.0,0.0,0.0,0.0
2026-09-28 06:00:00,EP182026,16,2026-10-11 06:00:00,13 days 00:00:00,312,22.26,-125.62,986.9,50.2,32.08257823986997,170.00814296578406,163.8621797952276,115.0982251661434,140.2772610955107,32.08257823986997,11.195869034203852,3.070103557011509,7.979315089150591,0.0,0.0,0.0,0.0
2026-09-28 06:00:00,EP182026,16,2026-10-11 12:00:00,13 days 06:00:00,318,22.64,-125.05,981.0,62.9,25.609370721282342,155.70092276790962,137.38656886754669,96.7526555759921,110.54534827254868,79.59434733296231,74.92329476251427,61.68518765265362,64.81613839088178,0.0,0.0,0.0,0.0
2026-09-28 06:00:00,EP182026,16,2026-10-11 18:00:00,13 days 12:00:00,324,23.46,-124.53,988.5,50.6,90.76424304342616,164.2155755369609,158.1550575412925,107.16013516586592,121.1777141923275,90.76424304342616,3.13557512342079,0.0,2.010041465159609,0.0,0.0,0.0,0.0
2026-09-28 06:00:00,EP182026,16,2026-10-12 00:00:00,13 days 18:00:00,330,24.79,-124.11,988.2,53.5,110.53458186868085,182.150230968152,186.05959226635864,141.99588037532357,140.04584148606952,8.419550969369306,110.53458186868085,6.406060223246282,6.066604500566028,0.0,0.0,0.0,0.0
2026-09-28 06:00:00,EP182026,16,2026-10-12 06:00:00,14 days 00:00:00,336,25.75,-123.95,973.1,60.7,74.55489927980032,208.3807926565644,221.8711055573719,201.3623700377981,183.38739980935168,0.0,0.7705476086479912,74.55489927980032,2.037405536039291,0.0,0.0,0.0,0.0
2026-09-28 06:00:00,EP182026,16,2026-10-12 12:00:00,14 days 06:00:00,342,26.41,-123.59,989.5,44.2,81.27824525728627,263.53803873533536,252.24016446521853,208.9926659798253,219.50319345795407,0.0,0.0,0.0,0.0,0.0,0.0,0.0,0.0
2026-09-28 06:00:00,EP182026,16,2026-10-12 18:00:00,14 days 12:00:00,348,27.75,-123.6,994.0,38.7,158.16847840863215,158.16847840863215,5.246327709011524,0.0,0.5023701800488141,0.0,0.0,0.0,0.0,0.0,0.0,0.0,0.0
2026-09-28 06:00:00,EP182026,16,2026-10-13 00:00:00,14 days 18:00:00,354,28.09,-123.07,995.6,38.0,53.07106249316618,53.07106249316618,17.654388166845955,2.715997190808416,10.07869450566186,0.0,0.0,0.0,0.0,0.0,0.0,0.0,0.0
2026-09-28 06:00:00,EP182026,16,2026-10-13 06:00:00,15 days 00:00:00,360,28.14,-122.37,998.4,35.9,80.8112190758577,80.8112190758577,37.52863791221026,36.89330488612104,38.47509988671107,0.0,0.0,0.0,0.0,0.0,0.0,0.0,0.0
2026-09-28 06:00:00,EP912026(3),16,2026-09-28 06:00:00,0 days 00:00:00,0,12.7,-136.6,1005.0,29.0,93.0,0.0,0.0,0.0,0.0,0.0,0.0,0.0,0.0,0.0,0.0,0.0,0.0
2026-09-28 06:00:00,WP252026,16,2026-09-28 06:00:00,0 days 00:00:00,0,27.5,131.6,954.0,99.0,9.0,148.0,158.0,148.0,121.0,,,,,,,,
2026-09-28 06:00:00,WP252026,16,2026-09-28 12:00:00,0 days 06:00:00,6,27.43,132.7,983.4,57.9,0.0,111.72035004726348,155.20809552915335,119.4406485262632,83.15804580166599,15.925125668616234,24.8243277961046,16.113763476232336,7.481550877629673,0.0,0.0,0.0,0.0
2026-09-28 06:00:00,WP252026,16,2026-09-28 18:00:00,0 days 12:00:00,12,27.86,133.05,990.6,48.5,0.0,119.43521484214322,126.96440927156311,77.85730337538592,86.38542956331324,0.0,0.0,0.0,0.0,0.0,0.0,0.0,0.0
2026-09-28 06:00:00,WP252026,16,2026-09-29 00:00:00,0 days 18:00:00,18,28.53,133.94,998.1,40.3,87.19972947963416,87.19972947963416,56.24226461827543,40.902340066552014,36.82620300288471,0.0,0.0,0.0,0.0,0.0,0.0,0.0,0.0
2026-09-28 06:00:00,WP252026,16,2026-09-29 06:00:00,1 days 00:00:00,24,29.23,134.56,997.2,40.6,53.60560770613847,104.56558653451066,83.2854455995548,64.64115177727217,77.99484620451585,0.0,0.0,0.0,0.0,0.0,0.0,0.0,0.0
2026-09-28 06:00:00,WP252026,16,2026-09-29 12:00:00,1 days 06:00:00,30,29.64,135.85,1000.9,29.0,113.73186995808376,0.0,0.0,0.0,0.0,0.0,0.0,0.0,0.0,0.0,0.0,0.0,0.0
2026-09-28 06:00:00,WP252026,16,2026-09-29 18:00:00,1 days 12:00:00,36,30.31,136.91,996.3,35.4,66.17733846527493,2.7652658708901043,66.17733846527493,2.536822608662405,0.0,0.0,0.0,0.0,0.0,0.0,0.0,0.0,0.0
2026-09-28 06:00:00,WP252026,16,2026-09-30 00:00:00,1 days 18:00:00,42,30.88,137.99,996.8,35.4,104.27072400824385,0.4496630948741256,104.27072400824385,0.652080546783413,0.0,0.0,0.0,0.0,0.0,0.0,0.0,0.0,0.0
2026-09-28 06:00:00,WP252026,16,2026-09-30 06:00:00,2 days 00:00:00,48,31.5,139.12,997.2,40.5,114.02739451520942,8.348051848684761,114.02739451520942,0.0,0.0,0.0,0.0,0.0,0.0,0.0,0.0,0.0,0.0
2026-09-28 06:00:00,WP252026,16,2026-09-30 12:00:00,2 days 06:00:00,54,32.57,140.69,993.6,45.1,41.597593763986765,41.597593763986765,30.216916985418365,11.35757872136351,20.181151411604915,0.0,0.0,0.0,0.0,0.0,0.0,0.0,0.0
2026-09-28 06:00:00,WP252026,16,2026-09-30 18:00:00,2 days 12:00:00,60,33.28,141.77,995.9,41.2,64.197608818585,44.85675845875336,64.197608818585,25.449958699085016,14.04902795926698,0.0,0.0,0.0,0.0,0.0,0.0,0.0,0.0
2026-09-28 06:00:00,WP252026,16,2026-10-01 00:00:00,2 days 18:00:00,66,34.48,142.82,998.2,31.3,152.91650547935842,0.0,0.0,0.0,0.0,0.0,0.0,0.0,0.0,0.0,0.0,0.0,0.0
2026-09-28 06:00:00,WP252026,16,2026-10-01 06:00:00,3 days 00:00:00,72,35.4,144.2,995.5,32.4,57.695879464552405,0.0,0.0,0.0,0.0,0.0,0.0,0.0,0.0,0.0,0.0,0.0,0.0
2026-09-28 06:00:00,WP252026,16,2026-10-01 12:00:00,3 days 06:00:00,78,36.8,145.88,994.6,39.7,77.48075386183841,77.48075386183841,7.6769532773574625,1.417874019284742,1.8123434665611315,0.0,0.0,0.0,0.0,0.0,0.0,0.0,0.0
2026-09-28 06:00:00,WP252026,16,2026-10-01 18:00:00,3 days 12:00:00,84,38.62,149.39,1001.5,32.8,130.7958850234172,0.0,0.0,0.0,0.0,0.0,0.0,0.0,0.0,0.0,0.0,0.0,0.0
2026-09-28 06:00:00,WP252026,16,2026-10-02 00:00:00,3 days 18:00:00,90,39.96,154.19,997.0,30.0,88.40774009853709,0.0,0.0,0.0,0.0,0.0,0.0,0.0,0.0,0.0,0.0,0.0,0.0
2026-09-28 06:00:00,WP252026,16,2026-10-02 06:00:00,4 days 00:00:00,96,42.72,159.51,993.1,33.7,188.23758495036915,0.0,0.0,0.0,0.0,0.0,0.0,0.0,0.0,0.0,0.0,0.0,0.0
2026-09-28 06:00:00,WP252026,16,2026-10-02 12:00:00,4 days 06:00:00,102,44.4,163.36,996.6,38.8,147.0922080229102,3.4447562157909037,147.0922080229102,3.624216832424452,0.0,0.0,0.0,0.0,0.0,0.0,0.0,0.0,0.0
2026-09-28 06:00:00,WP922026(4),16,2026-09-28 06:00:00,0 days 00:00:00,0,16.4,97.6,1001.0,29.0,64.0,0.0,0.0,0.0,0.0,0.0,0.0,0.0,0.0,0.0,0.0,0.0,0.0
2026-09-28 06:00:00,WP922026(4),16,2026-09-28 12:00:00,0 days 06:00:00,6,17.24,96.56,1001.7,23.5,42.3363259423574,0.0,0.0,0.0,0.0,0.0,0.0,0.0,0.0,0.0,0.0,0.0,0.0
2026-09-28 06:00:00,5,17,2026-09-29 00:00:00,0 days 18:00:00,18,15.89,155.94,1006.4,24.8,95.20062725931191,0.0,0.0,0.0,0.0,0.0,0.0,0.0,0.0,0.0,0.0,0.0,0.0
2026-09-28 06:00:00,5,17,2026-09-29 06:00:00,1 days 00:00:00,24,15.89,155.66,1007.4,18.4,80.68209176749772,0.0,0.0,0.0,0.0,0.0,0.0,0.0,0.0,0.0,0.0,0.0,0.0
2026-09-28 06:00:00,5,17,2026-09-29 12:00:00,1 days 06:00:00,30,16.08,154.19,1001.9,25.8,83.04328740409932,0.0,0.0,0.0,0.0,0.0,0.0,0.0,0.0,0.0,0.0,0.0,0.0
2026-09-28 06:00:00,5,17,2026-09-29 18:00:00,1 days 12:00:00,36,16.09,153.25,1005.8,28.0,154.7089487271823,0.0,0.0,0.0,0.0,0.0,0.0,0.0,0.0,0.0,0.0,0.0,0.0
2026-09-28 06:00:00,5,17,2026-09-30 00:00:00,1 days 18:00:00,42,16.46,152.65,1004.4,25.7,136.084021425269,0.0,0.0,0.0,0.0,0.0,0.0,0.0,0.0,0.0,0.0,0.0,0.0
2026-09-28 06:00:00,5,17,2026-09-30 06:00:00,2 days 00:00:00,48,16.3,151.49,1006.5,21.2,118.29452457058868,0.0,0.0,0.0,0.0,0.0,0.0,0.0,0.0,0.0,0.0,0.0,0.0
2026-09-28 06:00:00,5,17,2026-09-30 12:00:00,2 days 06:00:00,54,16.65,151.15,998.8,30.7,70.64182074628717,0.0,0.0,0.0,0.0,0.0,0.0,0.0,0.0,0.0,0.0,0.0,0.0
2026-09-28 06:00:00,5,17,2026-09-30 18:00:00,2 days 12:00:00,60,16.55,149.86,1007.0,21.9,124.6797012908927,0.0,0.0,0.0,0.0,0.0,0.0,0.0,0.0,0.0,0.0,0.0,0.0
2026-09-28 06:00:00,5,17,2026-10-01 00:00:00,2 days 18:00:00,66,16.39,148.39,1004.2,20.4,115.8377371487217,0.0,0.0,0.0,0.0,0.0,0.0,0.0,0.0,0.0,0.0,0.0,0.0
2026-09-28 06:00:00,5,17,2026-10-01 06:00:00,3 days 00:00:00,72,16.77,147.81,1002.0,27.2,110.07843295889424,0.0,0.0,0.0,0.0,0.0,0.0,0.0,0.0,0.0,0.0,0.0,0.0
2026-09-28 06:00:00,5,17,2026-10-01 12:00:00,3 days 06:00:00,78,16.92,146.96,998.7,37.0,108.3219386157615,108.3219386157615,19.09329965842484,12.559013547824849,19.254794753651154,0.0,0.0,0.0,0.0,0.0,0.0,0.0,0.0
2026-09-28 06:00:00,5,17,2026-10-01 18:00:00,3 days 12:00:00,84,16.74,146.11,999.8,30.8,99.90245448191104,0.0,0.0,0.0,0.0,0.0,0.0,0.0,0.0,0.0,0.0,0.0,0.0
2026-09-28 06:00:00,5,17,2026-10-02 00:00:00,3 days 18:00:00,90,16.53,145.5,994.3,40.7,72.40258787168615,214.0910848491515,196.88490887773548,168.1190184500866,177.1240862543594,0.0,0.0,0.0,0.0,0.0,0.0,0.0,0.0
2026-09-28 06:00:00,5,17,2026-10-02 06:00:00,4 days 00:00:00,96,16.76,145.74,990.3,55.3,108.30394098411658,290.9571176880435,276.6272227146101,223.2511171935172,241.48686078952912,108.30394098411658,47.74062901120443,34.027141995189794,41.93422921262261,0.0,0.0,0.0,0.0
2026-09-28 06:00:00,5,17,2026-10-02 12:00:00,4 days 06:00:00,102,16.95,145.48,993.1,43.1,92.44306746722624,92.44306746722624,27.54538319540448,14.248594979848551,21.07849250549728,0.0,0.0,0.0,0.0,0.0,0.0,0.0,0.0
2026-09-28 06:00:00,5,17,2026-10-02 18:00:00,4 days 12:00:00,108,17.23,145.55,978.0,63.3,57.53312395340885,242.06136100981007,238.315146378731,186.1225919733697,201.48925259570612,57.53312395340885,50.61748331686499,34.858681535324365,42.84933974516076,0.0,0.0,0.0,0.0
2026-09-28 06:00:00,5,17,2026-10-03 00:00:00,4 days 18:00:00,114,17.5,145.45,981.7,61.3,52.43225391207747,294.72419862322295,275.2967919204461,226.97235529973813,247.00984178577815,111.3581613981744,100.57701083794272,76.10418676773881,89.998471658865,0.0,0.0,0.0,0.0
2026-09-28 06:00:00,5,17,2026-10-03 06:00:00,5 days 00:00:00,120,17.96,145.81,975.3,66.7,77.47052526929579,447.5775446840315,436.4899285873003,383.4360884429431,393.1136550155538,220.72070108352725,212.22063441107215,174.22797479010387,186.3781509249339,77.47052526929579,57.264352236007575,45.851507221138334,50.64245284793008
2026-09-28 06:00:00,5,17,2026-10-03 12:00:00,5 days 06:00:00,126,18.48,146.58,977.9,66.4,53.31622229529919,375.44889057105314,378.83937764360206,351.18184099452907,329.4722107913559,237.68441223342887,247.6880930442313,221.18939816943703,213.13289315600443,108.35469418980264,108.88238531334714,93.56579407729888,94.49730735451732
2026-09-28 06:00:00,5,17,2026-10-03 18:00:00,5 days 12:00:00,132,19.3,147.02,972.5,69.8,17.711675725699024,259.1638516131061,252.8414445490016,193.34920794316716,198.34142975537543,113.25895762676736,106.81273232401144,83.45054228487243,91.42595631510083,41.21114038770065,39.44504493920067,31.707589215584903,34.43928592910561
2026-09-28 06:00:00,5,17,2026-10-04 00:00:00,5 days 18:00:00,138,19.79,147.0,967.2,70.4,104.01313188253948,495.6644945476375,477.9919058085636,397.6729910246819,415.2310157223088,104.01313188253948,82.42642923474526,59.65476632117141,73.06738427736029,104.01313188253948,0.0,0.0,0.0
2026-09-28 06:00:00,5,17,2026-10-04 06:00:00,6 days 00:00:00,144,20.63,147.45,961.7,81.2,108.18644662576096,433.18812049106873,421.4431709718236,343.09474878566755,356.7487481950839,108.18644662576096,108.18644662576096,61.85302385519498,71.69929643899135,0.8107775397863486,108.18644662576096,0.2212301577624864,0.0819221310272981
2026-09-28 06:00:00,5,17,2026-10-04 12:00:00,6 days 06:00:00,150,21.16,147.42,941.1,101.3,48.0263804890398,348.30309560011403,338.8627031947051,269.6167238664939,278.6571114438101,169.45548866491126,164.05881040796373,136.981681087389,144.87670667137138,81.01500666413247,77.32078861525589,64.13001935539161,68.90924518648734
2026-09-28 06:00:00,5,17,2026-10-04 18:00:00,6 days 12:00:00,156,22.16,146.96,941.8,99.0,70.9343043461424,463.2473673009097,429.9018638022045,361.56428518222873,403.6351651718405,241.55460263234573,226.05074757209263,187.26314025995896,206.1340836085941,103.29126284903164,98.38867120155376,83.09031042991178,88.5592788251633
2026-09-28 06:00:00,5,17,2026-10-05 00:00:00,6 days 18:00:00,162,22.6,146.48,945.7,103.7,6.881880429448131,382.90594344631074,368.2645531518487,309.010840672021,330.03774490182855,220.1047408971301,214.99304483153807,187.50539185478584,195.00258736947552,121.8850563109276,118.33191655542912,100.87741689715644,106.26921792457178
2026-09-28 06:00:00,5,17,2026-10-05 06:00:00,7 days 00:00:00,168,23.62,146.54,943.5,100.9,56.70917499014516,503.2724581747564,508.0453607582333,425.3929423796495,420.5001417503083,209.72796265013173,208.64260821186343,171.8318292018302,176.7870794304888,89.04985004864078,87.73548527075948,72.84310079762363,75.01219205287623
2026-09-28 06:00:00,5,17,2026-10-05 12:00:00,7 days 06:00:00,174,24.39,146.63,956.6,87.7,47.67968624319003,376.4975724008863,381.9337168114049,304.04445869486324,296.6009505138431,183.10810897678192,183.95787929224383,151.17606260831425,152.95076655918763,84.60625155520553,82.59412328312621,68.73942739449248,70.85645344810928
2026-09-28 06:00:00,5,17,2026-10-05 18:00:00,7 days 12:00:00,180,25.84,146.03,961.8,76.0,51.54172467665862,425.2520968094334,412.8492606177804,337.4320846388599,358.38706232122115,268.53623427999105,263.30470160333186,222.879571315114,231.6492104669032,131.04933645874831,128.48707472850143,108.24525516676748,113.47439961793673
2026-09-28 06:00:00,5,17,2026-10-06 00:00:00,7 days 18:00:00,186,27.23,146.09,955.7,83.3,91.93155383948672,446.0278205281872,446.7835671340843,347.25406700877903,355.92550721629846,108.30274307716854,98.83704447014443,66.26618760243252,78.53615703225968,91.93155383948672,6.865666415741237,3.029006090227558,5.6152529372013165
2026-09-28 06:00:00,5,17,2026-10-06 06:00:00,8 days 00:00:00,192,29.25,145.8,949.2,95.0,4.9850617681685065,482.4982540583803,501.4954111868245,397.3390490311136,398.262859211189,284.36912956406866,301.7284955329602,260.1429256359945,248.13270100470805,155.68531197297455,162.54827388984302,138.361095345188,137.0148526941395
2026-09-28 06:00:00,5,17,2026-10-06 12:00:00,8 days 06:00:00,198,30.98,146.21,958.7,77.6,79.8020935351935,455.2343282788553,484.9526683645916,378.0498607629321,365.5285254874286,155.26316101512333,156.3473427903724,114.50376653638438,118.33707787822117,26.07516722233845,79.8020935351935,19.03598731162601,20.724110882630303
2026-09-28 06:00:00,5,17,2026-10-06 18:00:00,8 days 12:00:00,204,33.59,147.05,966.8,73.2,34.358064969364364,508.45919302986704,569.7336154723853,468.7108542511446,430.617562887101,224.8915654575808,251.79506187816375,209.06554839556725,188.36972644852267,78.56544005983972,90.43240442115268,75.42581592410215,68.1415891283948
2026-09-28 06:00:00,5,17,2026-10-07 00:00:00,8 days 18:00:00,210,36.08,148.59,969.1,63.8,111.10643343681878,581.960318608056,637.7983321987999,524.650795471872,481.0181154612364,274.1902088951761,298.6512613904997,245.4115476393019,228.29293770365447,0.0,0.0,0.0,0.0
2026-09-28 06:00:00,5,17,2026-10-07 06:00:00,9 days 00:00:00,216,39.5,151.91,968.5,66.0,58.05663643749882,121.78725083680315,169.18866552452812,115.31135091546102,60.57054733694255,10.769707594431225,58.05663643749882,8.728182023661603,0.0,0.2470743347404127,58.05663643749882,0.0,0.0
2026-09-28 06:00:00,5,17,2026-10-07 12:00:00,9 days 06:00:00,222,43.26,154.81,973.0,49.4,103.55572492552722,303.41786720911307,357.954975966069,277.0394649541179,244.47090968894668,0.0,0.0,0.0,0.0,0.0,0.0,0.0,0.0
2026-09-28 06:00:00,5,17,2026-10-07 18:00:00,9 days 12:00:00,228,48.18,158.58,979.9,44.8,157.98740835852988,0.6024285309070798,157.98740835852988,15.342681798862309,0.0,0.0,0.0,0.0,0.0,0.0,0.0,0.0,0.0
2026-09-28 06:00:00,5,17,2026-10-08 00:00:00,9 days 18:00:00,234,52.79,162.01,968.4,41.4,124.1211861989076,0.0,124.1211861989076,17.21243489174006,0.0,0.0,0.0,0.0,0.0,0.0,0.0,0.0,0.0
2026-09-28 06:00:00,5,17,2026-10-08 06:00:00,10 days 00:00:00,240,55.56,166.46,964.2,38.7,127.1632801659986,0.0,127.1632801659986,30.27815361754569,0.0,0.0,0.0,0.0,0.0,0.0,0.0,0.0,0.0
2026-09-28 06:00:00,5,17,2026-10-08 12:00:00,10 days 06:00:00,246,57.63,171.22,965.0,52.7,217.7394853439182,0.843546224408783,1.6845217902155127,217.7394853439182,217.7394853439182,0.843546224408783,1.6845217902155127,0.0,217.7394853439182,0.0,0.0,0.0,0.0
2026-09-28 06:00:00,AL062026,17,2026-09-28 06:00:00,0 days 00:00:00,0,28.3,-43.8,1012.0,25.0,56.0,0.0,0.0,0.0,0.0,0.0,0.0,0.0,0.0,0.0,0.0,0.0,0.0
2026-09-28 06:00:00,AL912026(2),17,2026-09-28 06:00:00,0 days 00:00:00,0,36.3,-53.1,1013.0,29.0,148.0,0.0,0.0,0.0,0.0,0.0,0.0,0.0,0.0,0.0,0.0,0.0,0.0
2026-09-28 06:00:00,AL912026(2),17,2026-09-28 12:00:00,0 days 06:00:00,6,36.71,-50.8,1009.8,32.1,80.62057304776636,0.0,0.0,0.0,0.0,0.0,0.0,0.0,0.0,0.0,0.0,0.0,0.0
2026-09-28 06:00:00,AL912026(2),17,2026-09-28 18:00:00,0 days 12:00:00,12,36.47,-48.25,1012.9,28.1,62.5412137526439,0.0,0.0,0.0,0.0,0.0,0.0,0.0,0.0,0.0,0.0,0.0,0.0
2026-09-28 06:00:00,AL912026(2),17,2026-09-29 00:00:00,0 days 18:00:00,18,36.24,-47.32,1002.9,23.9,129.34401753600554,0.0,0.0,0.0,0.0,0.0,0.0,0.0,0.0,0.0,0.0,0.0,0.0
2026-09-28 06:00:00,EP152026(2),17,2026-09-28 06:00:00,0 days 00:00:00,0,16.4,-160.8,929.0,134.0,28.0,241.0,185.0,148.0,204.0,93.0,74.0,74.0,93.0,56.0,46.0,37.0,46.0
2026-09-28 06:00:00,EP152026(2),17,2026-09-28 12:00:00,0 days 06:00:00,6,16.75,-161.93,953.3,114.2,38.02477526091711,239.329632458581,166.62983532247847,118.5940643221411,213.3483250475138,67.5090435766397,39.01602263512332,18.159100102031434,52.01879652579505,38.02477526091711,18.08143942003947,11.973195148439498,24.37131060250711
2026-09-28 06:00:00,EP152026(2),17,2026-09-28 18:00:00,0 days 12:00:00,12,17.35,-162.37,953.4,107.4,50.37857964748317,252.6605191587676,198.63950361899165,107.73936402616968,200.809463728712,126.0308856533448,98.07257055109692,71.06367645153483,104.01390679729218,71.99905793310177,61.50435810632659,48.20455473275737,62.0228429485814
2026-09-28 06:00:00,EP152026(2),17,2026-09-29 00:00:00,0 days 18:00:00,18,18.24,-163.11,951.0,114.2,20.24421637947998,237.6143155659986,185.7513593545357,106.2460737034972,191.09263889605757,106.57071210810932,80.0460976878229,50.16691802593186,83.09349384251709,62.51996942078178,50.85430153092315,38.3176279351337,52.429467412104096
2026-09-28 06:00:00,EP152026(2),17,2026-09-29 06:00:00,1 days 00:00:00,24,19.33,-163.52,954.3,111.2,34.21646934365151,249.37629601319537,189.8210324264504,119.35666286580826,194.4666602500316,98.1062006170906,78.45405304504025,54.30779011509491,74.30941514113874,51.62961199107464,45.17450045616658,34.18005668226779,42.11759281450138
2026-09-28 06:00:00,EP152026(2),17,2026-09-29 12:00:00,1 days 06:00:00,30,19.96,-163.66,960.7,96.9,0.0,171.46482950570905,157.248146463806,109.39534102342677,135.46829589056335,49.30183715838224,42.01566251928391,24.59591047926375,36.36616231656467,20.74204137424106,17.905799064591136,12.46399636018958,17.19599101396087
2026-09-28 06:00:00,EP152026(2),17,2026-09-29 18:00:00,1 days 12:00:00,36,21.21,-163.74,959.0,100.7,31.74776131280147,189.8531984551218,185.8245742840679,124.44319058921448,138.9390580316036,91.6984310939109,85.28914638034172,61.61713654396543,72.56711723381802,48.80674137517045,42.8648984496151,34.1407714267687,39.897484629185456
2026-09-28 06:00:00,EP152026(2),17,2026-09-30 00:00:00,1 days 18:00:00,42,22.09,-163.34,972.8,82.7,57.79179122883363,215.04968528761555,205.64177709939375,147.2018004954333,167.96117745655118,86.23717566663329,76.98171191197622,52.070545070049846,65.63420769161009,57.79179122883363,25.2463079649578,18.901739210679377,23.164217930885734
2026-09-28 06:00:00,EP152026(2),17,2026-09-30 06:00:00,2 days 00:00:00,48,22.67,-163.36,976.4,73.2,66.98068766120645,246.15197192103523,227.72040907033835,170.7464940601914,190.5691635721444,66.98068766120645,53.05131567317758,34.37357343509058,44.924011704984686,66.98068766120645,4.368884187789076,3.065770730239795,3.7469104682517673
2026-09-28 06:00:00,EP152026(2),17,2026-09-30 12:00:00,2 days 06:00:00,54,22.85,-162.99,992.8,54.3,41.63406867791088,260.8327752995898,265.79240280615977,212.3848851054532,220.51792745676653,47.96801837917592,48.726753358550056,32.76909493077173,36.77550277902141,0.0,0.0,0.0,0.0
2026-09-28 06:00:00,EP152026(2),17,2026-09-30 18:00:00,2 days 12:00:00,60,23.26,-162.85,988.4,54.0,84.35928404204638,116.48885570997332,99.58916449777291,63.035557589249656,82.97303541664465,1.4181595923004364,84.35928404204638,0.0,1.4082167077941103,0.0,0.0,0.0,0.0
2026-09-28 06:00:00,EP152026(2),17,2026-10-01 00:00:00,2 days 18:00:00,66,23.27,-162.64,994.4,44.3,109.10803480144408,119.16101020235686,97.9140445083227,78.32481322562339,96.605166307,0.0,0.0,0.0,0.0,0.0,0.0,0.0,0.0
2026-09-28 06:00:00,EP152026(2),17,2026-10-01 06:00:00,3 days 00:00:00,72,23.54,-162.65,993.6,47.8,101.12081907880057,101.12081907880057,24.289006882368817,14.778615249208974,23.48381701043244,0.0,0.0,0.0,0.0,0.0,0.0,0.0,0.0
2026-09-28 06:00:00,EP152026(2),17,2026-10-01 12:00:00,3 days 06:00:00,78,24.1,-163.26,995.6,45.4,97.9040860140196,97.9040860140196,0.8347502896070509,3.260438358760501,12.143587095328618,0.0,0.0,0.0,0.0,0.0,0.0,0.0,0.0
2026-09-28 06:00:00,EP152026(2),17,2026-10-01 18:00:00,3 days 12:00:00,84,24.04,-163.78,995.8,45.9,104.25602963106412,120.64802349848812,100.00734383505704,80.30718027721773,94.6991518494966,0.0,0.0,0.0,0.0,0.0,0.0,0.0,0.0
2026-09-28 06:00:00,EP152026(2),17,2026-10-02 00:00:00,3 days 18:00:00,90,24.17,-164.21,991.6,42.9,63.41402931630523,20.398214917790146,63.41402931630523,6.249159973570666,7.505501648030879,0.0,0.0,0.0,0.0,0.0,0.0,0.0,0.0
2026-09-28 06:00:00,EP152026(2),17,2026-10-02 06:00:00,4 days 00:00:00,96,24.56,-164.86,991.2,48.8,106.63465967803076,129.1006834914094,94.83298841289285,68.71904862725677,94.90417556161528,0.0,0.0,0.0,0.0,0.0,0.0,0.0,0.0
2026-09-28 06:00:00,EP152026(2),17,2026-10-02 12:00:00,4 days 06:00:00,102,24.79,-164.8,993.9,44.0,115.71324113709524,115.71324113709524,9.2777947052583,9.15806194851094,1.1635222069976336,0.0,0.0,0.0,0.0,0.0,0.0,0.0,0.0
2026-09-28 06:00:00,EP152026(2),17,2026-10-02 18:00:00,4 days 12:00:00,108,25.25,-164.71,988.3,47.3,67.52648574926869,40.36536275205549,67.52648574926869,26.33208483832658,37.08054803548953,0.0,0.0,0.0,0.0,0.0,0.0,0.0,0.0
2026-09-28 06:00:00,EP152026(2),17,2026-10-03 00:00:00,4 days 18:00:00,114,25.48,-164.88,990.4,43.2,58.48932756233876,143.31840754703512,121.33232437051872,86.379372859174,106.09606063847062,0.0,0.0,0.0,0.0,0.0,0.0,0.0,0.0
2026-09-28 06:00:00,EP152026(2),17,2026-10-03 06:00:00,5 days 00:00:00,120,25.59,-165.14,990.0,46.9,83.08688824346996,180.50680784941733,153.3904151454044,127.79668039971966,146.7977110817685,0.0,0.0,0.0,0.0,0.0,0.0,0.0,0.0
2026-09-28 06:00:00,EP152026(2),17,2026-10-03 12:00:00,5 days 06:00:00,126,25.53,-165.78,993.9,47.8,63.71865310416531,145.4033213126624,121.36165808625526,94.0695184560726,123.19772436600437,0.0,0.0,0.0,0.0,0.0,0.0,0.0,0.0
2026-09-28 06:00:00,EP152026(2),17,2026-10-03 18:00:00,5 days 12:00:00,132,25.47,-166.6,991.7,52.0,63.40018508273656,200.8651017305409,168.65070575363404,131.8211658287821,167.15111566946734,63.40018508273656,21.278658544627877,12.03689360542203,21.17277768725745,0.0,0.0,0.0,0.0
2026-09-28 06:00:00,EP152026(2),17,2026-10-04 00:00:00,5 days 18:00:00,138,25.61,-167.82,993.2,51.8,108.00592405317344,108.00592405317344,5.714621785437259,6.546419389170978,108.00592405317344,0.0,0.0,0.0,108.00592405317344,0.0,0.0,0.0,0.0
2026-09-28 06:00:00,EP152026(2),17,2026-10-04 06:00:00,6 days 00:00:00,144,26.12,-168.95,1001.3,47.3,106.2093007623917,106.2093007623917,57.79394876872218,34.78134557124591,75.11359670524453,0.0,0.0,0.0,0.0,0.0,0.0,0.0,0.0
2026-09-28 06:00:00,EP152026(2),17,2026-10-04 12:00:00,6 days 06:00:00,150,26.44,-170.57,990.2,56.3,58.2721494624048,197.80043095660204,151.39551291431678,112.67310215143132,154.82959186929023,58.2721494624048,18.527020144861165,8.758659309625386,18.96825643417665,0.0,0.0,0.0,0.0
2026-09-28 06:00:00,EP152026(2),17,2026-10-04 18:00:00,6 days 12:00:00,156,27.14,-171.81,993.4,52.7,49.29583727656919,198.25676102563511,162.68842463861233,117.13567357751931,155.95856621678263,49.29583727656919,21.57096199019911,11.610526103874966,21.726746303091343,0.0,0.0,0.0,0.0
2026-09-28 06:00:00,EP152026(2),17,2026-10-05 00:00:00,6 days 18:00:00,162,27.91,-172.94,986.6,63.8,36.77658407775594,264.9277310091791,219.99827117927924,162.96985830225856,215.19027415987864,61.97627833407393,45.38717517093005,27.817964186241323,44.98714263314163,0.0,0.0,0.0,0.0
2026-09-28 06:00:00,EP152026(2),17,2026-10-05 06:00:00,7 days 00:00:00,168,28.61,-173.97,992.8,48.6,61.40284374248722,120.81346475210626,89.24383669487733,66.61766260853601,91.11097591342676,0.0,0.0,0.0,0.0,0.0,0.0,0.0,0.0
2026-09-28 06:00:00,EP152026(2),17,2026-10-05 12:00:00,7 days 06:00:00,174,29.19,-174.18,991.8,52.5,97.30464870530788,222.91513526052893,200.758743294383,134.08520972538273,173.06263381806323,97.30464870530788,29.354735337325767,14.878500339730325,24.00605414671216,0.0,0.0,0.0,0.0
2026-09-28 06:00:00,EP152026(2),17,2026-10-05 18:00:00,7 days 12:00:00,180,29.59,-173.92,995.1,53.1,92.71661529855209,167.63399972400794,163.42694102484597,97.55259210516635,120.88500676260252,92.71661529855209,8.06288931624723,0.3096550607381019,5.255213407648473,0.0,0.0,0.0,0.0
2026-09-28 06:00:00,EP152026(2),17,2026-10-06 00:00:00,7 days 18:00:00,186,30.41,-173.37,996.2,56.4,82.40680191725824,194.8693509127853,180.15693244880657,110.99888060076556,130.4773729625195,82.40680191725824,31.39021091680562,18.05313714590505,22.81315686643255,0.0,0.0,0.0,0.0
2026-09-28 06:00:00,EP152026(2),17,2026-10-06 06:00:00,8 days 00:00:00,192,30.89,-172.28,987.4,69.9,27.980770461806088,199.5053816543938,232.6774424666172,180.04973308374346,154.81596552918768,49.927802844175865,56.28211672625508,38.70585601475919,35.725185133507914,4.703740103482833,27.980770461806088,4.128046130308137,2.8320546455852247
2026-09-28 06:00:00,EP152026(2),17,2026-10-06 12:00:00,8 days 06:00:00,198,31.85,-170.71,989.5,62.8,79.4882961755915,249.15067132783844,249.01899724414136,169.72531252706452,168.57727438190267,55.3817889130499,79.4882961755915,34.30132896364394,33.001874442650006,0.0,0.0,0.0,0.0
2026-09-28 06:00:00,EP152026(2),17,2026-10-06 18:00:00,8 days 12:00:00,204,33.33,-168.92,988.4,60.3,47.47591920854548,270.16121639478433,274.8687424409926,192.78107618588388,194.59456600852585,70.6869824254479,67.57918906691359,42.001726817576,46.80465516019615,0.0,0.0,0.0,0.0
2026-09-28 06:00:00,EP152026(2),17,2026-10-07 00:00:00,8 days 18:00:00,210,35.63,-166.64,993.5,51.4,117.13169094787328,512.3426645539354,503.51401871424673,412.11347070895215,417.696601428601,158.78636503804478,155.76138429332934,113.74591119884543,121.26026628972156,0.0,0.0,0.0,0.0
2026-09-28 06:00:00,EP152026(2),17,2026-10-07 06:00:00,9 days 00:00:00,216,36.93,-164.0,988.6,60.8,120.94608137949224,238.02586041466884,233.33232167453943,193.7247109010596,195.92101050600985,2.807670004160908,5.109625916069788,120.94608137949224,0.0,0.0,0.0,0.0,0.0
2026-09-28 06:00:00,EP152026(2),17,2026-10-07 12:00:00,9 days 06:00:00,222,39.39,-163.76,994.1,38.7,134.15541014403254,134.15541014403254,3.791741233079023,0.0,0.0,0.0,0.0,0.0,0.0,0.0,0.0,0.0,0.0
2026-09-28 06:00:00,EP172026,17,2026-09-28 06:00:00,0 days 00:00:00,0,23.2,-114.0,955.0,105.0,28.0,167.0,148.0,148.0,148.0,102.0,93.0,83.0,83.0,65.0,65.0,65.0,65.0
2026-09-28 06:00:00,EP172026,17,2026-09-28 12:00:00,0 days 06:00:00,6,23.73,-113.66,959.7,97.8,23.458315627876274,163.4795291170839,198.64038960716232,112.57325787060914,110.1360748814742,76.03471914561803,76.75834298862104,50.25732958349432,56.53408033998815,42.27956664783998,39.38557902915256,29.29615334189685,34.45669965451491
2026-09-28 06:00:00,EP172026,17,2026-09-28 18:00:00,0 days 12:00:00,12,24.66,-113.23,969.4,83.1,20.09829694424872,113.07088207247898,146.68704393880057,79.07608002335598,67.07696139529003,31.35470384163702,33.78347689744555,20.38027122525497,16.54264245740376,22.993956617618156,22.7383014707529,16.267102490630208,16.54264245740376
2026-09-28 06:00:00,EP172026,17,2026-09-29 00:00:00,0 days 18:00:00,18,25.12,-112.71,972.5,80.2,47.78566185456971,202.89182761918312,226.48420827806305,167.62764539090415,146.98223109843195,99.8416992263666,102.8691502173248,78.63009301692506,75.99932025278028,47.78566185456971,38.58333319105995,30.479399032245038,33.04610154290805
2026-09-28 06:00:00,EP172026,17,2026-09-29 06:00:00,1 days 00:00:00,24,25.62,-112.48,972.0,76.5,19.66935249211113,95.6027897003641,86.19633051554104,64.53547723650937,54.10980936690154,50.57055601648763,47.17372018525103,37.35472432594399,39.03859912383157,28.638634940859447,27.933220377026856,22.181942920553915,24.14086204934345
2026-09-28 06:00:00,EP172026,17,2026-09-29 12:00:00,1 days 06:00:00,30,26.57,-111.05,986.5,58.2,32.442065252830574,142.64242735855862,178.58829244480995,121.57860433868063,99.65097268450988,18.189712405747063,32.442065252830574,12.098085367439424,9.25349041940581,0.0,0.0,0.0,0.0
2026-09-28 06:00:00,EP172026,17,2026-09-29 18:00:00,1 days 12:00:00,36,28.36,-110.24,996.6,32.2,105.1160623953828,0.0,0.0,0.0,0.0,0.0,0.0,0.0,0.0,0.0,0.0,0.0,0.0
2026-09-28 06:00:00,EP182026,17,2026-09-28 06:00:00,0 days 00:00:00,0,13.2,-100.0,1001.0,41.0,93.0,222.0,185.0,148.0,222.0,0.0,0.0,0.0,0.0,0.0,0.0,0.0,0.0
2026-09-28 06:00:00,EP182026,17,2026-09-28 12:00:00,0 days 06:00:00,6,13.11,-100.65,996.4,44.7,41.33175521519826,68.50447908959947,68.51321343188096,44.31522815593635,51.53560865912516,0.0,0.0,0.0,0.0,0.0,0.0,0.0,0.0
2026-09-28 06:00:00,EP182026,17,2026-09-28 18:00:00,0 days 12:00:00,12,13.58,-101.44,991.2,58.6,31.554524664103443,160.15640048494984,125.40150149546672,93.58421296002848,143.21673654898393,60.12529170560204,45.735298723383664,32.26585100322647,47.16563335902147,0.0,0.0,0.0,0.0
2026-09-28 06:00:00,EP182026,17,2026-09-29 00:00:00,0 days 18:00:00,18,14.16,-102.87,995.8,49.5,50.144662577511895,262.75396780911524,224.3936730463033,183.59550742180363,224.5232201941326,0.0,0.0,0.0,0.0,0.0,0.0,0.0,0.0
2026-09-28 06:00:00,EP182026,17,2026-09-29 06:00:00,1 days 00:00:00,24,14.03,-103.52,993.0,60.3,53.995788625412914,165.10333856933556,138.023043170954,110.56809222050433,133.88848906428194,53.995788625412914,17.541919189229926,10.155052950547732,16.473658861604505,0.0,0.0,0.0,0.0
2026-09-28 06:00:00,EP182026,17,2026-09-29 12:00:00,1 days 06:00:00,30,14.86,-104.25,985.7,62.9,26.239239808269826,189.06973775762484,158.93085223378847,115.98813544242272,149.93527646100637,49.37053818964922,36.98528658423838,22.012869986877277,37.77702990094307,0.0,0.0,0.0,0.0
2026-09-28 06:00:00,EP182026,17,2026-09-29 18:00:00,1 days 12:00:00,36,15.74,-105.41,987.9,63.1,49.40069047259173,129.95490739206238,107.02382121516524,63.55947735382443,92.73435048208326,49.40069047259173,2.8003143747262267,0.0,3.6868947543052393,0.0,0.0,0.0,0.0
2026-09-28 06:00:00,EP182026,17,2026-09-30 00:00:00,1 days 18:00:00,42,16.4,-106.1,981.0,70.4,33.16371136312263,227.69878384206848,199.91301688150423,145.03802145619625,177.2721987217682,48.69709080973172,36.47946648825756,21.625674361060067,34.17967025297331,33.16371136312263,0.4071226404732112,0.0,0.890487644513307
2026-09-28 06:00:00,EP182026,17,2026-09-30 06:00:00,2 days 00:00:00,48,17.04,-106.75,984.5,59.8,60.99910815153394,279.0763990084288,251.44916588820436,205.12304815504035,231.6986648718687,60.99910815153394,48.80207335573708,33.86849125210324,43.77662592370869,0.0,0.0,0.0,0.0
2026-09-28 06:00:00,EP182026,17,2026-09-30 12:00:00,2 days 06:00:00,54,17.74,-106.81,983.5,70.7,56.18891241284472,279.2970762660145,272.79084511694344,201.843616714283,232.2884082704561,99.15886300438316,87.98677203706313,65.07761274712578,76.44762967453154,56.18891241284472,21.14376340363978,14.265374188913526,18.74854540887862
2026-09-28 06:00:00,EP182026,17,2026-09-30 18:00:00,2 days 12:00:00,60,18.36,-107.41,979.1,74.2,32.526634543851266,211.9767340179252,191.463661043833,139.757206188181,167.4255760640654,32.526634543851266,20.38327802058483,6.038656926945553,16.750966256987063,32.526634543851266,0.0,0.0,0.0
2026-09-28 06:00:00,EP182026,17,2026-10-01 00:00:00,2 days 18:00:00,66,18.69,-107.63,960.1,99.0,17.984519995833935,177.83504238081633,160.60369083635936,113.89602587158284,145.42577901865968,77.87859337751732,60.09954901316851,41.633966696106086,60.53731804653157,36.19085137742134,30.63758109922179,22.72784460401597,31.37787378209765
2026-09-28 06:00:00,EP182026,17,2026-10-01 06:00:00,3 days 00:00:00,72,18.95,-108.0,949.3,109.8,33.59066081108584,184.79688361237663,177.24348353105478,153.44265907625316,178.32163998451853,69.50780426834842,58.7732111279995,50.81419208662655,64.17019564316263,38.218556135201126,33.4185155828787,26.55002133001625,33.698074974555965
2026-09-28 06:00:00,EP182026,17,2026-10-01 12:00:00,3 days 06:00:00,78,19.02,-108.39,957.3,102.4,7.843440509276357,134.00057719016377,137.7402844698635,119.39442720778452,133.57886142599193,73.9733874918519,61.60766901352487,50.11722725537685,66.23486026107572,43.80951069303766,38.05506891379186,30.373349200066908,38.06780341389394
2026-09-28 06:00:00,EP182026,17,2026-10-01 18:00:00,3 days 12:00:00,84,19.12,-108.49,970.0,78.3,14.126931773525357,136.1581723872235,121.12590904233454,110.71614630481312,127.13088578586996,28.922648397466705,21.087099313868165,14.867155095103271,25.17243532461458,14.126931773525357,5.75084410023992,4.102323685901673,7.238191276845865
2026-09-28 06:00:00,EP182026,17,2026-10-02 00:00:00,3 days 18:00:00,90,19.21,-108.69,971.1,82.2,17.310674468520382,203.15774427501609,200.6219126717435,172.52362063112753,179.75752611767948,87.48469167639561,75.48599129169271,58.5209729644108,69.0239602782837,32.12777553523091,28.215945871577844,21.943442293554053,27.77370809773945
2026-09-28 06:00:00,EP182026,17,2026-10-02 06:00:00,4 days 00:00:00,96,19.29,-108.54,982.3,71.2,66.30485237265995,131.06852005685397,129.62472479636236,126.60438768968636,117.60007007607366,66.66928155958959,63.46386576052405,50.09112187217092,57.535497057731135,66.30485237265995,25.864996277485503,20.61577343676739,24.87502253773148
2026-09-28 06:00:00,EP182026,17,2026-10-02 12:00:00,4 days 06:00:00,102,19.11,-108.62,981.4,64.9,12.793594323410025,193.7461096846693,188.10220263567783,163.16662901703256,172.83575961485863,59.83962443034368,54.91367738116256,40.41481679186802,48.94868848829407,12.793594323410025,10.534296868771706,7.358376017335036,9.740273231161083
2026-09-28 06:00:00,EP182026,17,2026-10-02 18:00:00,4 days 12:00:00,108,18.96,-108.93,988.8,56.2,21.864447622543363,167.2747020300477,145.63740266276292,137.9638487627847,162.2189117650431,68.29235266189505,56.55610646353138,46.38796043740669,61.03664525782796,0.0,0.0,0.0,0.0
2026-09-28 06:00:00,EP182026,17,2026-10-03 00:00:00,4 days 18:00:00,114,19.14,-109.07,993.2,51.6,56.120873425476375,136.47940399961135,121.8636680888224,105.224350794946,116.7471207882034,65.34866493162608,59.02607248801175,43.82185793047151,53.11618904321213,0.0,0.0,0.0,0.0
2026-09-28 06:00:00,EP182026,17,2026-10-03 06:00:00,5 days 00:00:00,120,19.25,-109.12,1000.5,47.7,65.67253716297166,199.9836080638676,188.52051750940197,162.13156838597502,175.3448155169325,0.0,0.0,0.0,0.0,0.0,0.0,0.0,0.0
2026-09-28 06:00:00,EP182026,17,2026-10-03 12:00:00,5 days 06:00:00,126,19.28,-109.17,986.4,69.3,36.60247434055682,156.53726995041623,162.6890083830894,132.4726504363599,136.74539504255915,52.52761471914255,48.9164285759392,36.50562517862598,41.83728090867856,36.60247434055682,12.812415231282875,9.688604289559937,11.163029339921506
2026-09-28 06:00:00,EP182026,17,2026-10-03 18:00:00,5 days 12:00:00,132,19.52,-109.56,984.8,64.7,13.865691922816168,146.65277861723064,138.63927048133542,98.57575222744089,111.6581059243741,39.030218327006885,33.26632881786661,21.452678838590074,29.251953713321875,13.865691922816168,9.757916519816131,7.482175093989213,9.08240630066119
2026-09-28 06:00:00,EP182026,17,2026-10-04 00:00:00,5 days 18:00:00,138,19.53,-109.74,980.5,69.8,26.64338682307811,125.88183117091188,116.66873553269524,96.9150069451666,114.22683425904889,71.09219661565977,62.12240352665688,50.40667555822864,60.98983384410856,35.027572503028615,30.50682047458983,24.869403996468677,29.889858003032504
2026-09-28 06:00:00,EP182026,17,2026-10-04 06:00:00,6 days 00:00:00,144,19.44,-110.48,969.9,82.1,9.772849659553998,126.90096583163736,94.7437476212978,75.39866840980972,117.11378303634356,75.18082738206911,58.1311460352251,48.63743757944855,65.93936017706986,41.14770138313001,35.62460056272434,28.36047440352815,35.73881728049118
2026-09-28 06:00:00,EP182026,17,2026-10-04 12:00:00,6 days 06:00:00,150,19.55,-111.21,962.0,96.5,26.979966334231165,76.519156279654,58.51923699921667,48.83011949988492,79.44286549885021,73.07952837676623,58.51923699921667,48.83011949988492,67.32847912512239,49.00086239655849,41.19377741077858,33.44491575060965,43.16385124915303
2026-09-28 06:00:00,EP182026,17,2026-10-04 18:00:00,6 days 12:00:00,156,19.39,-112.01,982.1,63.1,4.7899910957348055,139.68173785151893,124.37489369051622,107.17151775041502,121.79079544945324,42.20279647229568,33.20783723401526,21.783358925877717,32.76349519456984,0.0,0.0,0.0,0.0
2026-09-28 06:00:00,EP182026,17,2026-10-05 00:00:00,6 days 18:00:00,162,19.46,-112.84,985.4,63.0,14.249211094488274,140.5106643685083,125.69999259019131,100.87321469547932,127.97464350558371,33.81939059929731,24.683917051790875,16.402266437071585,25.085933266093903,0.0,0.0,0.0,0.0
2026-09-28 06:00:00,EP182026,17,2026-10-05 06:00:00,7 days 00:00:00,168,19.25,-113.29,992.9,47.0,12.266610569584032,114.0058604680762,91.2873277055618,70.28092501739857,98.99776030273486,0.0,0.0,0.0,0.0,0.0,0.0,0.0,0.0
2026-09-28 06:00:00,EP182026,17,2026-10-05 12:00:00,7 days 06:00:00,174,18.94,-114.32,988.1,59.1,41.17755990046375,126.70214414065704,111.01938727708884,92.47348215730318,122.38867599439038,41.17755990046375,14.102845495409884,8.169824327161253,16.76307415574901,0.0,0.0,0.0,0.0
2026-09-28 06:00:00,EP182026,17,2026-10-05 18:00:00,7 days 12:00:00,180,19.1,-115.31,995.2,52.2,59.99567607241127,59.99567607241127,21.373496624227208,12.877843838265465,41.9244954959874,59.99567607241127,0.0,0.0,1.17700737682142,0.0,0.0,0.0,0.0
2026-09-28 06:00:00,EP182026,17,2026-10-06 00:00:00,7 days 18:00:00,186,18.7,-116.27,996.7,47.2,51.54221526011236,145.51590146736817,113.064229467489,84.04301247750391,113.83065933038642,0.0,0.0,0.0,0.0,0.0,0.0,0.0,0.0
2026-09-28 06:00:00,EP182026,17,2026-10-06 06:00:00,8 days 00:00:00,192,18.3,-117.17,992.7,63.6,42.755076286674544,89.63490350175272,75.13176730615265,75.78118899842913,87.25984228616524,42.755076286674544,1.8539753418207685,2.326908413165627,3.9369055775110726,0.0,0.0,0.0,0.0
2026-09-28 06:00:00,EP182026,17,2026-10-06 12:00:00,8 days 06:00:00,198,17.99,-117.86,995.4,52.7,29.59946469017829,119.07127190637254,102.82134140076197,87.61684325835449,115.13482777524524,35.70825087226625,26.391946060633718,18.86676745549226,28.931619230066715,0.0,0.0,0.0,0.0
2026-09-28 06:00:00,EP182026,17,2026-10-06 18:00:00,8 days 12:00:00,204,17.84,-118.95,982.9,71.1,22.9079547470932,92.69699782644696,85.11268230313303,72.88268841359962,93.88912736323,60.36067141646433,50.96484172632724,39.120220997367376,51.05712696807284,28.33128244247021,25.015980509153238,19.283023189069368,24.219875158073226
2026-09-28 06:00:00,EP182026,17,2026-10-07 00:00:00,8 days 18:00:00,210,17.93,-119.53,982.6,72.6,21.543566704350724,158.33122095077306,134.85857184184988,95.63631366347728,134.98505099513525,22.92591357493177,11.315810884781854,4.857808061248733,21.543566704350724,0.3207360404570067,0.0,0.0,21.543566704350724
2026-09-28 06:00:00,EP182026,17,2026-10-07 06:00:00,9 days 00:00:00,216,17.98,-120.69,980.2,70.7,0.0,123.78449933754077,100.66312972652048,80.8553627079623,112.30919149674172,38.03338166446838,27.18213804999917,17.43102525926075,31.71206328152989,10.188631789564749,8.066036709642809,5.798442670390624,9.087261188676852
2026-09-28 06:00:00,EP182026,17,2026-10-07 12:00:00,9 days 06:00:00,222,17.99,-121.34,967.8,90.1,15.26365218654388,93.82682721515587,79.28145587518198,71.00968350084032,102.22499217645824,57.10890611807133,42.70633191939445,35.598239016521845,51.851485304478445,35.02453251250598,29.294035978690797,23.319412355498795,30.888198196583726
2026-09-28 06:00:00,EP182026,17,2026-10-07 18:00:00,9 days 12:00:00,228,17.9,-122.06,958.4,95.9,1.6375929782807468,101.12004024618122,81.44927146250333,92.28201313936192,116.42139261433633,59.94207846850088,46.80696038534796,40.22694152783816,57.50339450183258,35.763538115912574,29.71358404446265,23.455348076512795,30.94282343808317
2026-09-28 06:00:00,EP182026,17,2026-10-08 00:00:00,9 days 18:00:00,234,17.79,-123.15,968.6,90.9,16.690866950521276,90.08705829597712,75.3549522532561,68.16015893559724,91.98356069044831,46.01816791357186,35.47687889322296,30.06164057285056,41.31976477467463,29.35952400346384,24.931466622884265,20.511514353967385,26.12663693218096
2026-09-28 06:00:00,EP182026,17,2026-10-08 06:00:00,10 days 00:00:00,240,17.61,-123.94,968.4,95.1,13.590448022268376,99.69461813820226,75.46773621233335,58.629400582617535,90.9406761716229,40.86718531486129,29.05834184922164,23.87829324889107,36.958190123031535,25.54782993854189,21.490357883172507,17.634076340293177,22.69729694937211
2026-09-28 06:00:00,EP182026,17,2026-10-08 12:00:00,10 days 06:00:00,246,17.97,-124.68,973.1,79.5,17.696872153685426,136.18891601289323,111.1476866663214,86.9629952434011,118.78683983262188,47.96791564489443,32.51668042444494,23.39861582804661,38.347816070169486,21.802455702514514,18.144914618272185,13.3299600755226,18.64606719753187
2026-09-28 06:00:00,EP182026,17,2026-10-08 18:00:00,10 days 12:00:00,252,18.09,-125.27,955.1,102.0,24.425524238091956,78.55166917943211,51.04933585018247,51.98280154914801,73.86253173265192,65.42712381039624,50.472915340180606,44.10060960643051,60.36211642618389,48.360307166286844,41.246731703774174,33.32847287984039,42.16092134374924
2026-09-28 06:00:00,EP182026,17,2026-10-09 00:00:00,10 days 18:00:00,258,18.31,-126.21,957.2,101.4,35.98297612663231,154.184553709701,112.01924273726456,102.96639491441252,146.6140937282947,59.934545574925146,44.601200775012686,35.01373872532463,51.232899009571526,35.98297612663231,26.928116296633355,21.542796903804817,30.120421268845234
2026-09-28 06:00:00,EP182026,17,2026-10-09 06:00:00,11 days 00:00:00,264,18.59,-127.03,956.5,94.9,0.0,122.08722455236604,97.2275957683618,98.36228180514576,125.630771804055,57.70485889857452,39.87043261165661,34.17784408888834,52.47606322389315,32.98652869573936,27.135813748353502,22.15048791849241,29.63986960705309
2026-09-28 06:00:00,EP182026,17,2026-10-09 12:00:00,11 days 06:00:00,270,18.75,-127.54,968.5,86.4,27.4366413250728,124.63598433338323,113.113958772476,73.52345668178782,110.79075614662533,53.49654077926141,40.24078013347291,28.212141514547383,43.48797013370468,30.360161202667697,24.880829283298333,18.947970353204404,26.722945740634096
2026-09-28 06:00:00,EP182026,17,2026-10-09 18:00:00,11 days 12:00:00,276,19.03,-127.69,977.0,74.8,13.038525049404598,83.35429467321114,71.08887356736216,67.50123004761572,92.1318445079769,64.3196142198629,49.48854650641226,41.99222744569417,59.12905164588853,39.85861245410851,33.63707291276444,27.952370352204557,35.0816684562197
2026-09-28 06:00:00,EP182026,17,2026-10-10 00:00:00,11 days 18:00:00,282,19.33,-128.12,981.0,81.8,0.0,144.19374904397864,127.33118303128674,100.74814570380056,126.55665543145932,11.11417187455649,6.882310407799043,1.4259432181489515,6.695473235440332,2.313849562998014,0.2842909755239304,0.1735343579457229,1.340144047101548
2026-09-28 06:00:00,EP182026,17,2026-10-10 06:00:00,12 days 00:00:00,288,19.48,-128.34,974.8,80.2,24.10881718334336,57.1357910378274,50.50172203921151,45.43650916668793,56.98830047966387,57.1357910378274,50.50172203921151,45.43650916668793,56.98830047966387,45.83717712529806,40.09907013315264,33.49163857324971,40.56236661038968
2026-09-28 06:00:00,EP182026,17,2026-10-10 12:00:00,12 days 06:00:00,294,19.62,-128.25,977.0,77.1,38.832630559584544,116.99713126796036,116.0301289143747,95.81848884941404,103.33157886569796,39.74699569995396,36.66088709497751,25.69740477926436,31.61963244827952,38.832630559584544,14.69047735774378,11.460715676473114,14.275368813588535
2026-09-28 06:00:00,EP182026,17,2026-10-10 18:00:00,12 days 12:00:00,300,19.5,-128.4,988.9,54.6,16.90820573453193,142.20957838019785,116.23276608045008,100.82248181070568,122.49079191476116,42.190325567050834,35.129713217891364,25.432036333039257,32.724169290743006,0.0,0.0,0.0,0.0
2026-09-28 06:00:00,EP182026,17,2026-10-11 00:00:00,12 days 18:00:00,306,19.21,-128.92,994.5,52.2,40.95532260976729,103.41655617189492,72.93536074165117,68.97650113967879,99.67204572471282,40.95532260976729,0.0,0.0,2.0561022889365197,0.0,0.0,0.0,0.0
2026-09-28 06:00:00,EP182026,17,2026-10-11 06:00:00,13 days 00:00:00,312,18.43,-129.13,1001.9,42.0,16.157223806987105,111.7435218686626,86.31214595251978,70.25526317343761,96.57645283153684,0.0,0.0,0.0,0.0,0.0,0.0,0.0,0.0
2026-09-28 06:00:00,EP182026,17,2026-10-11 12:00:00,13 days 06:00:00,318,17.96,-129.57,1002.2,41.9,24.049911708207485,40.59600741076703,24.31491239763957,14.559616073253478,46.90674731202246,0.0,0.0,0.0,0.0,0.0,0.0,0.0,0.0
2026-09-28 06:00:00,EP182026,17,2026-10-11 18:00:00,13 days 12:00:00,324,17.01,-129.86,997.6,51.5,36.1162676573062,122.5365950979773,99.96899850590064,81.43157282197743,117.78815871859705,36.1162676573062,17.267465506636228,9.31159317674658,18.46301896105011,0.0,0.0,0.0,0.0
2026-09-28 06:00:00,EP182026,17,2026-10-12 00:00:00,13 days 18:00:00,330,16.7,-130.21,995.6,48.3,24.56682697294552,67.98135754975928,45.69983374318178,28.857098694692315,73.13681731318627,0.0,0.0,0.0,0.0,0.0,0.0,0.0,0.0
2026-09-28 06:00:00,EP182026,17,2026-10-12 06:00:00,14 days 00:00:00,336,15.77,-130.83,983.6,65.0,65.72149564856454,88.66626602372651,65.0737308859791,55.3341051251752,75.88534647185156,0.0,0.0,0.0,65.72149564856454,0.0,0.0,0.0,65.72149564856454
2026-09-28 06:00:00,EP182026,17,2026-10-12 12:00:00,14 days 06:00:00,342,15.96,-131.27,998.6,49.6,44.99606751575138,73.04860743413869,63.95714726587309,38.76427411202338,58.25482020923029,0.0,0.0,0.0,0.0,0.0,0.0,0.0,0.0
2026-09-28 06:00:00,EP182026,17,2026-10-12 18:00:00,14 days 12:00:00,348,16.01,-131.97,995.9,54.0,10.633793091708974,103.51418652757076,83.63997550750224,62.34368386850825,93.56503035736564,27.036857871375503,19.64200603382181,12.956987440631272,20.63423328557032,0.0,0.0,0.0,0.0
2026-09-28 06:00:00,EP182026,17,2026-10-13 00:00:00,14 days 18:00:00,354,15.99,-132.88,1000.1,31.6,37.36394257107019,0.0,0.0,0.0,0.0,0.0,0.0,0.0,0.0,0.0,0.0,0.0,0.0
2026-09-28 06:00:00,EP182026,17,2026-10-13 06:00:00,15 days 00:00:00,360,16.43,-132.99,998.0,41.8,90.34958394241484,90.34958394241484,0.0,0.0,1.8549981747295288,0.0,0.0,0.0,0.0,0.0,0.0,0.0,0.0
2026-09-28 06:00:00,EP912026(3),17,2026-09-28 06:00:00,0 days 00:00:00,0,12.7,-136.6,1005.0,29.0,93.0,0.0,0.0,0.0,0.0,0.0,0.0,0.0,0.0,0.0,0.0,0.0,0.0
2026-09-28 06:00:00,WP252026,17,2026-09-28 06:00:00,0 days 00:00:00,0,27.5,131.6,954.0,99.0,9.0,148.0,158.0,148.0,121.0,,,,,,,,
2026-09-28 06:00:00,WP252026,17,2026-09-28 12:00:00,0 days 06:00:00,6,27.3,132.31,974.4,76.2,13.006835739647856,168.66661728505085,190.4428799381108,138.18598413225135,113.1552473194061,18.624630068735456,26.26078962442268,15.721072342856864,11.391495498315424,0.3350570466107128,13.006835739647856,1.3736344856917664,0.0
2026-09-28 06:00:00,WP252026,17,2026-09-28 18:00:00,0 days 12:00:00,12,27.75,133.45,984.7,72.0,12.3338772022905,155.39159245634343,181.81231571685944,149.69144641758763,122.45385576825365,53.77588495383253,56.25840182244952,41.347412243136745,42.2555083557707,15.124039146900577,14.565557131054709,10.704156847600522,11.652231221197306
2026-09-28 06:00:00,WP252026,17,2026-09-29 00:00:00,0 days 18:00:00,18,27.98,133.98,986.9,59.3,54.46086652031884,157.0028664167278,159.93576782520594,147.01976790926523,136.983396368328,79.85109774404609,77.26424931495448,62.0255660056264,66.529672389645,0.0,0.0,0.0,0.0
2026-09-28 06:00:00,WP252026,17,2026-09-29 06:00:00,1 days 00:00:00,24,28.57,134.78,995.8,40.1,51.80786651677795,164.26694659150428,161.83603843293872,125.82012513917834,120.74403130080611,0.0,0.0,0.0,0.0,0.0,0.0,0.0,0.0
2026-09-28 06:00:00,WP252026,17,2026-09-29 12:00:00,1 days 06:00:00,30,28.59,135.76,995.7,45.1,79.58276007033865,79.58276007033865,34.07966242015979,21.636745561290205,17.5908267901206,0.0,0.0,0.0,0.0,0.0,0.0,0.0,0.0
2026-09-28 06:00:00,WP252026,17,2026-09-29 18:00:00,1 days 12:00:00,36,29.23,136.55,996.4,37.1,127.5426153970884,127.5426153970884,11.421502893154829,8.919232301251313,4.937847104354407,0.0,0.0,0.0,0.0,0.0,0.0,0.0,0.0
2026-09-28 06:00:00,WP252026,17,2026-09-30 00:00:00,1 days 18:00:00,42,29.94,137.36,995.4,40.1,110.77726711727657,16.973653216065685,110.77726711727657,11.984065635380611,4.78502018310912,0.0,0.0,0.0,0.0,0.0,0.0,0.0,0.0
2026-09-28 06:00:00,WP252026,17,2026-09-30 06:00:00,2 days 00:00:00,48,30.77,138.08,992.8,44.0,86.24412330133109,61.44446755209171,86.24412330133109,37.60661295770018,33.414686378564014,0.0,0.0,0.0,0.0,0.0,0.0,0.0,0.0
2026-09-28 06:00:00,WP252026,17,2026-09-30 12:00:00,2 days 06:00:00,54,31.65,138.59,996.5,43.3,38.60932598773413,206.43623651333812,210.5949807711292,158.5949252155338,166.37195994620942,0.0,0.0,0.0,0.0,0.0,0.0,0.0,0.0
2026-09-28 06:00:00,WP252026,17,2026-09-30 18:00:00,2 days 12:00:00,60,32.42,139.32,997.0,40.2,131.516608156549,14.949213777081692,131.516608156549,4.18350629598892,0.0,0.0,0.0,0.0,0.0,0.0,0.0,0.0,0.0
2026-09-28 06:00:00,WP252026,17,2026-10-01 00:00:00,2 days 18:00:00,66,33.29,140.89,998.8,37.0,110.26551135352986,110.26551135352986,9.09023072279652,0.0,0.163608821985548,0.0,0.0,0.0,0.0,0.0,0.0,0.0,0.0
2026-09-28 06:00:00,WP252026,17,2026-10-01 06:00:00,3 days 00:00:00,72,34.66,141.78,998.1,38.7,82.96388950244955,7.15373393999846,82.96388950244955,1.3248109761527758,0.0,0.0,0.0,0.0,0.0,0.0,0.0,0.0,0.0
2026-09-28 06:00:00,WP252026,17,2026-10-01 12:00:00,3 days 06:00:00,78,36.39,144.85,999.8,32.9,126.82394014490518,0.0,0.0,0.0,0.0,0.0,0.0,0.0,0.0,0.0,0.0,0.0,0.0
2026-09-28 06:00:00,WP922026(4),17,2026-09-28 06:00:00,0 days 00:00:00,0,16.4,97.6,1001.0,29.0,64.0,0.0,0.0,0.0,0.0,0.0,0.0,0.0,0.0,0.0,0.0,0.0,0.0
2026-09-28 06:00:00,WP922026(4),17,2026-09-28 12:00:00,0 days 06:00:00,6,17.19,96.92,1005.5,28.4,56.59896821277084,0.0,0.0,0.0,0.0,0.0,0.0,0.0,0.0,0.0,0.0,0.0,0.0
2026-09-28 06:00:00,16,18,2026-10-06 12:00:00,8 days 06:00:00,198,11.09,162.28,1003.7,22.4,93.09583552585998,0.0,0.0,0.0,0.0,0.0,0.0,0.0,0.0,0.0,0.0,0.0,0.0
2026-09-28 06:00:00,16,18,2026-10-06 18:00:00,8 days 12:00:00,204,11.98,161.74,1001.9,29.1,51.44037076941581,0.0,0.0,0.0,0.0,0.0,0.0,0.0,0.0,0.0,0.0,0.0,0.0
2026-09-28 06:00:00,16,18,2026-10-07 00:00:00,8 days 18:00:00,210,12.87,160.78,1000.4,34.3,65.6001659371857,65.6001659371857,2.092527677002161,0.0,0.0,0.0,0.0,0.0,0.0,0.0,0.0,0.0,0.0
2026-09-28 06:00:00,16,18,2026-10-07 06:00:00,9 days 00:00:00,216,13.42,160.21,1000.6,31.4,112.03108803039076,0.0,0.0,0.0,0.0,0.0,0.0,0.0,0.0,0.0,0.0,0.0,0.0
2026-09-28 06:00:00,16,18,2026-10-07 12:00:00,9 days 06:00:00,222,14.06,159.37,1002.3,30.0,115.5618992198174,0.0,0.0,0.0,0.0,0.0,0.0,0.0,0.0,0.0,0.0,0.0,0.0
2026-09-28 06:00:00,16,18,2026-10-07 18:00:00,9 days 12:00:00,228,14.46,157.55,1001.5,23.9,85.76047842541621,0.0,0.0,0.0,0.0,0.0,0.0,0.0,0.0,0.0,0.0,0.0,0.0
2026-09-28 06:00:00,16,18,2026-10-08 00:00:00,9 days 18:00:00,234,14.44,155.55,997.3,46.0,74.25568459327621,91.52040044006053,82.41069457707849,81.3122563120801,85.80296614743422,0.0,0.0,0.0,0.0,0.0,0.0,0.0,0.0
2026-09-28 06:00:00,16,18,2026-10-08 06:00:00,10 days 00:00:00,240,14.26,154.89,998.7,37.6,106.0846517746384,158.18672346570202,149.40567064547503,126.9301625376861,136.60529408145572,0.0,0.0,0.0,0.0,0.0,0.0,0.0,0.0
2026-09-28 06:00:00,16,18,2026-10-08 12:00:00,10 days 06:00:00,246,14.59,153.46,981.6,73.9,33.13447687752166,160.35630031427206,153.6525193379416,148.07857635105748,145.03250972116157,35.356224541210025,29.1376748620824,24.140081349678347,29.986078661216805,33.13447687752166,1.4377036443760294,1.3430626093382043,2.2701132101659742
2026-09-28 06:00:00,16,18,2026-10-08 18:00:00,10 days 12:00:00,252,13.98,152.67,990.6,52.8,31.50560695123832,118.63612406289404,115.8130785294964,117.30921346596196,118.9604950415239,50.06564832062206,42.52487238839724,32.334618172630115,42.28000373352836,0.0,0.0,0.0,0.0
2026-09-28 06:00:00,16,18,2026-10-09 00:00:00,10 days 18:00:00,258,14.43,151.91,989.7,55.1,64.07672124222293,127.58264492929608,109.14237691039172,90.6074489397792,107.84562645986428,64.07672124222293,13.947269742872006,7.9954422742968,12.433044817110655,0.0,0.0,0.0,0.0
2026-09-28 06:00:00,16,18,2026-10-09 06:00:00,11 days 00:00:00,264,14.43,151.07,955.0,105.9,19.3717090069163,244.0735252101444,224.6879095544545,193.87595558367707,215.18847485495377,92.30618166074834,81.31717050873027,70.99351266878203,78.67987454022084,38.39281586868094,35.55262504495974,31.557071596501977,34.80210246778741
2026-09-28 06:00:00,16,18,2026-10-09 12:00:00,11 days 06:00:00,270,14.66,150.2,984.8,62.0,33.27727230371245,169.68061700616823,156.60371211637664,151.24320795450967,179.42049690922238,33.27727230371245,20.53828794834766,15.780483078265885,23.674347384313563,0.0,0.0,0.0,0.0
2026-09-28 06:00:00,16,18,2026-10-09 18:00:00,11 days 12:00:00,276,14.7,149.55,975.4,79.4,36.75576299022201,162.93305558297226,134.32651801651173,150.11489463209227,158.99856085898412,71.17825100583033,63.08951806930205,57.72801092445653,66.84096474989605,36.75576299022201,24.129119678750584,22.75939035569078,24.507569919581076
2026-09-28 06:00:00,16,18,2026-10-10 00:00:00,11 days 18:00:00,282,14.76,149.5,976.6,74.4,33.79294590913776,165.4584608242094,158.2444604139987,137.92060305888526,149.54697731714373,123.17135441157713,110.21759894846672,87.43943200362412,104.4513393854818,44.07535520880435,42.10717677161915,33.089186700241584,38.68005009025296
2026-09-28 06:00:00,16,18,2026-10-10 06:00:00,12 days 00:00:00,288,15.02,148.9,964.5,92.0,26.99475311001784,144.6807631723577,128.25685814127644,133.08894763655178,139.46180154259295,102.19347739087056,85.0189992685762,79.47749547949165,92.24511562236302,50.24998162390264,46.61007102256809,40.517443164022566,46.03860363499588
2026-09-28 06:00:00,16,18,2026-10-10 12:00:00,12 days 06:00:00,294,15.19,148.35,970.4,82.7,31.849476484987637,183.66085721345257,151.3231879742218,154.55798583385558,174.53549067276708,119.36466173545364,104.09847690861524,87.96019313910244,109.71734061415977,57.94204246079085,53.98868240416044,44.52562612229866,52.57181143669732
2026-09-28 06:00:00,16,18,2026-10-10 18:00:00,12 days 12:00:00,300,15.29,147.95,958.7,97.4,28.930126892055583,258.09845742212246,232.6404227167929,219.60357276318123,262.66473417519336,123.58855714835752,109.88096884175032,104.92008089279098,115.52590539276132,83.14582872032801,80.45833254622303,68.81768441422604,76.45336939852115
2026-09-28 06:00:00,16,18,2026-10-11 00:00:00,12 days 18:00:00,306,15.71,147.73,955.6,95.3,10.200545840461102,198.26119642977903,222.6197604385392,203.2502105090171,163.90670800099574,111.69255969623909,112.82657117296918,96.52213543700788,100.825438400288,62.65157187021867,61.8662189202193,52.34688026643466,54.90388583974389
2026-09-28 06:00:00,16,18,2026-10-11 06:00:00,13 days 00:00:00,312,16.46,147.51,940.2,112.9,4.464911305589702,201.3970600691005,225.70479757650335,193.55578678135973,180.95679878286188,108.6308166842574,113.64103227203978,103.70976683155894,98.72576388688428,65.78866544854088,66.95221147300794,58.54989136744225,57.98053446225351
2026-09-28 06:00:00,16,18,2026-10-11 12:00:00,13 days 06:00:00,318,17.36,146.65,955.2,96.1,28.381465190642093,192.05459073141952,167.95501339313742,150.69810701380104,163.68681963588244,92.61125106999042,81.72781196346477,69.77986159109042,80.31926632210661,49.512138994180944,45.86794056530526,39.416213836294006,42.91629769791234
2026-09-28 06:00:00,16,18,2026-10-11 18:00:00,13 days 12:00:00,324,17.97,145.81,936.5,127.9,0.0,232.297225912546,229.47423326285724,153.24716323427324,187.3799985092477,32.05027028662599,21.71553406391464,9.581252936225743,20.745295743354053,7.3724588524991805,5.65618031632709,2.2518816388412564,5.618980387037228
2026-09-28 06:00:00,16,18,2026-10-12 00:00:00,13 days 18:00:00,330,18.3,145.73,912.1,150.7,5.045830766666207,200.43232726138547,175.73930383768888,166.68914356773365,189.1233176305302,128.96630766456252,105.89698500341898,94.7435782444658,115.48677784762248,72.25366543469332,62.96053424839234,54.53648859899827,64.41719531337924
2026-09-28 06:00:00,16,18,2026-10-12 06:00:00,14 days 00:00:00,336,19.58,144.78,920.7,137.5,18.33550140864127,205.33809392836147,202.59580658088964,166.07815979609694,178.2231266889919,111.18321406973207,100.26538696668628,79.93136950282901,97.67120321320718,58.78521920768858,52.597521467253664,43.30283058880547,50.92958868376026
2026-09-28 06:00:00,16,18,2026-10-12 12:00:00,14 days 06:00:00,342,20.49,144.09,925.0,131.7,2.435361732133273,214.51717261656125,201.79513226118485,148.21273328763016,173.79726040134702,50.78378170673234,42.22209963917047,30.059967001832877,42.061407416150914,26.24198087854562,20.210428436058923,16.844771316427057,20.882952386141287
2026-09-28 06:00:00,16,18,2026-10-12 18:00:00,14 days 12:00:00,348,21.73,143.27,934.9,118.7,0.0,206.74744032372485,164.07322858342843,132.65144106478976,162.76725524389144,92.12994836872632,77.28271457882062,56.28716194713667,72.82383672394576,46.93590538304102,40.42085441718848,32.34223254869208,39.3699000751115
2026-09-28 06:00:00,16,18,2026-10-13 00:00:00,14 days 18:00:00,354,22.44,142.0,927.2,130.2,0.0,325.07418296061167,278.52914233205377,225.7915215418352,277.49192561678416,167.64604702270614,149.8569479817676,117.69936250026512,141.6994670912841,85.06982749141442,77.43829176572667,62.61240090231093,73.01179172755832
2026-09-28 06:00:00,16,18,2026-10-13 06:00:00,15 days 00:00:00,360,23.4,141.46,917.2,136.0,0.0,288.478212753856,249.19327192397293,198.75380632831465,235.3203449143127,142.6532106338001,124.22748706564572,95.01993294889522,120.73002665316064,81.66087046899477,71.5680881455123,56.92930039124849,69.32137009797096
2026-09-28 06:00:00,3,18,2026-09-29 00:00:00,0 days 18:00:00,18,15.21,154.46,1007.9,17.7,70.38427351713432,0.0,0.0,0.0,0.0,0.0,0.0,0.0,0.0,0.0,0.0,0.0,0.0
2026-09-28 06:00:00,3,18,2026-09-29 06:00:00,1 days 00:00:00,24,15.28,153.88,1007.4,19.8,134.79246980710667,0.0,0.0,0.0,0.0,0.0,0.0,0.0,0.0,0.0,0.0,0.0,0.0
2026-09-28 06:00:00,3,18,2026-09-29 12:00:00,1 days 06:00:00,30,15.56,152.26,1005.1,20.5,94.88426336302103,0.0,0.0,0.0,0.0,0.0,0.0,0.0,0.0,0.0,0.0,0.0,0.0
2026-09-28 06:00:00,3,18,2026-09-29 18:00:00,1 days 12:00:00,36,15.47,151.53,1005.0,17.6,151.15922378390846,0.0,0.0,0.0,0.0,0.0,0.0,0.0,0.0,0.0,0.0,0.0,0.0
2026-09-28 06:00:00,3,18,2026-09-30 00:00:00,1 days 18:00:00,42,15.79,152.12,1006.1,19.4,87.00893906238986,0.0,0.0,0.0,0.0,0.0,0.0,0.0,0.0,0.0,0.0,0.0,0.0
2026-09-28 06:00:00,3,18,2026-09-30 06:00:00,2 days 00:00:00,48,15.26,151.46,1004.1,21.6,72.45679038136835,0.0,0.0,0.0,0.0,0.0,0.0,0.0,0.0,0.0,0.0,0.0,0.0
2026-09-28 06:00:00,3,18,2026-09-30 12:00:00,2 days 06:00:00,54,15.34,150.92,1004.9,27.2,98.67409086320735,0.0,0.0,0.0,0.0,0.0,0.0,0.0,0.0,0.0,0.0,0.0,0.0
2026-09-28 06:00:00,3,18,2026-09-30 18:00:00,2 days 12:00:00,60,16.14,150.03,1000.5,30.2,70.71894606266073,0.0,0.0,0.0,0.0,0.0,0.0,0.0,0.0,0.0,0.0,0.0,0.0
2026-09-28 06:00:00,3,18,2026-10-01 00:00:00,2 days 18:00:00,66,16.53,148.94,998.7,30.1,72.08499521767204,0.0,0.0,0.0,0.0,0.0,0.0,0.0,0.0,0.0,0.0,0.0,0.0
2026-09-28 06:00:00,3,18,2026-10-01 06:00:00,3 days 00:00:00,72,16.41,147.61,999.6,39.1,86.90767450274406,88.83165794135861,81.58206662037495,67.95099146465914,72.39446738936593,0.0,0.0,0.0,0.0,0.0,0.0,0.0,0.0
2026-09-28 06:00:00,3,18,2026-10-01 12:00:00,3 days 06:00:00,78,16.65,147.14,993.4,43.0,110.55886388103136,110.55886388103136,11.86828899009047,5.061716685153975,8.097523461934745,0.0,0.0,0.0,0.0,0.0,0.0,0.0,0.0
2026-09-28 06:00:00,3,18,2026-10-01 18:00:00,3 days 12:00:00,84,16.79,146.48,987.5,51.1,94.6160962607742,261.2629105952611,237.6534562034119,189.62296401511315,215.75105334852933,94.6160962607742,0.0,0.0,0.0,0.0,0.0,0.0,0.0
2026-09-28 06:00:00,3,18,2026-10-02 00:00:00,3 days 18:00:00,90,17.16,146.44,988.1,55.0,103.64170327934038,309.4114184028812,275.33456429613216,225.49905337852985,253.783457162764,103.64170327934038,68.33094106007505,48.5916522459949,59.30366458428325,0.0,0.0,0.0,0.0
2026-09-28 06:00:00,3,18,2026-10-02 06:00:00,4 days 00:00:00,96,17.94,145.94,981.9,56.2,91.00177988401278,292.51937844401306,252.40054080393392,181.50311656588715,231.63392417238103,91.00177988401278,71.93882379007033,53.04540831652124,65.58853063275706,0.0,0.0,0.0,0.0
2026-09-28 06:00:00,3,18,2026-10-02 12:00:00,4 days 06:00:00,102,18.33,146.04,978.7,63.6,74.4161441773886,298.1785434457684,279.6141862251048,207.8111127321776,237.40084945466847,103.12020948863568,92.18075123063056,67.78498826988786,81.46672455212845,0.0,0.0,0.0,0.0
2026-09-28 06:00:00,3,18,2026-10-02 18:00:00,4 days 12:00:00,108,19.12,146.14,964.5,96.3,6.920530882755607,271.07964210464525,275.2740950438656,190.7060328689429,198.6131894671854,111.6022841568614,102.32572073975692,73.67978131601112,88.16487715369212,33.01752189717395,30.133511073356708,22.71629744813241,26.741150597935533
2026-09-28 06:00:00,3,18,2026-10-03 00:00:00,4 days 18:00:00,114,19.92,146.27,955.5,91.6,37.40588143440636,305.7519797783691,318.01356234721504,281.2008156648949,254.05538456465436,175.91102908692426,175.7751316806475,153.48233161075478,154.8875051533829,99.84609040738547,99.01468426711268,84.78330867638834,87.73983084290944
2026-09-28 06:00:00,3,18,2026-10-03 06:00:00,5 days 00:00:00,120,20.8,146.45,942.2,112.9,9.963199218157254,395.3377890932591,384.7345558911345,283.54364034280354,311.10522240617297,136.73803189718876,132.79166195961446,94.9454294339555,111.77615272496126,33.827378700228266,32.79587565369916,25.26186687529997,28.347397052632093
2026-09-28 06:00:00,3,18,2026-10-03 12:00:00,5 days 06:00:00,126,21.81,146.38,935.1,113.0,36.11109055041407,467.2392927071326,464.0203053662698,362.84433819060536,380.6090501014123,205.00504851214447,201.16178088167416,166.52526909030271,176.90150744725094,107.89449402142615,105.46717596861345,88.47515164968483,93.66141276196382
2026-09-28 06:00:00,3,18,2026-10-03 18:00:00,5 days 12:00:00,132,22.94,146.23,931.2,116.7,5.88919871852851,463.0810817886047,474.2336171548968,368.25045118950106,372.9400045279944,187.7906547503898,189.509462505905,150.5056864120142,155.2634916900107,83.79214090989714,84.48923602947531,69.03056630023491,71.58932173530805
2026-09-28 06:00:00,3,18,2026-10-04 00:00:00,5 days 18:00:00,138,23.5,146.35,922.3,124.4,18.41423007953796,492.2912522188326,507.1026472134752,405.1861234583871,401.1677008095808,227.89899832678557,225.15674902657315,189.28455793184852,193.57151639731387,112.08610324475006,109.42513089008418,91.34862773363405,96.07460196717231
2026-09-28 06:00:00,3,18,2026-10-04 06:00:00,6 days 00:00:00,144,24.1,146.03,928.1,111.3,46.51324849561151,457.92255863135904,456.19272773943993,353.8625488993693,389.659384929343,254.40925518952696,245.03896265403264,201.55465301284733,217.66457032604308,138.14090407122856,132.2226460628135,109.76133427078062,119.2694046093278
2026-09-28 06:00:00,3,18,2026-10-04 12:00:00,6 days 06:00:00,150,25.38,145.92,922.1,114.5,25.445399572563986,466.8678492641378,482.1532750780991,393.2445056840066,390.92095384382606,235.05083374386624,238.38715798974775,198.4633109682267,203.2347656360084,119.80593680713632,118.61196676389716,99.06624657208428,104.14396080329998
2026-09-28 06:00:00,3,18,2026-10-04 18:00:00,6 days 12:00:00,156,26.24,145.83,925.5,111.1,19.38617330845233,528.5601517298743,540.1441161775549,439.8581044776963,447.9407207142226,279.7812472921634,286.17455517979545,238.39015573250725,243.40825769146903,145.25704886357408,145.23869256374235,122.02581930640554,126.87931026758892
2026-09-28 06:00:00,3,18,2026-10-05 00:00:00,6 days 18:00:00,162,27.28,146.03,926.6,108.9,49.19687709984507,484.0936570917505,512.5308098174214,420.5162317785025,415.0484514393192,222.63538079382903,233.47989871856464,196.35447652233591,191.18390854369957,101.51063904469618,104.1019180504419,87.09587603409653,88.79007412806563
2026-09-28 06:00:00,3,18,2026-10-05 06:00:00,7 days 00:00:00,168,28.51,146.28,933.2,108.4,37.36363491537621,454.4599781378515,486.4237464621713,409.4734117007549,389.153881460589,256.0215788690938,264.6267044828488,228.71613195141435,223.7200853321889,135.05153265671666,135.11536338003344,113.01785296879476,117.34081795981102
2026-09-28 06:00:00,3,18,2026-10-05 12:00:00,7 days 06:00:00,174,29.69,147.08,937.0,103.7,13.179303121629,523.7842241481983,551.0048563775506,449.6616957634205,439.1255059236207,270.12047773778454,286.19423808331794,247.95442213406864,235.0144831732977,139.13985605476506,142.34233291546508,120.76512714966508,122.44655073483264
2026-09-28 06:00:00,3,18,2026-10-05 18:00:00,7 days 12:00:00,180,31.37,147.87,939.3,100.9,21.264895009411404,477.5204445673028,512.5518161860067,416.8196472636627,396.85254130021895,182.88747335792152,194.92818478186047,161.25391544527912,154.7606921314843,73.03546973788309,77.93492912927181,65.01528123667117,63.59589691870506
2026-09-28 06:00:00,3,18,2026-10-06 00:00:00,7 days 18:00:00,186,33.37,148.61,945.8,99.7,38.20660494958396,510.02460797636274,549.7677471954347,452.2315016518553,434.4927697235713,254.1344794610535,280.1964535084867,243.8148149163786,225.82434845526976,125.02524802875791,132.31051568949852,111.1813420547988,111.1241080869812
2026-09-28 06:00:00,3,18,2026-10-06 06:00:00,8 days 00:00:00,192,35.39,150.31,955.8,82.0,48.50532450171761,481.0537489755311,542.4176522178232,447.2571013664615,417.3802541198311,271.7146265379897,297.7255796758427,257.8907472200035,239.54238458768964,140.8738883702722,147.84150428724024,123.7989778220558,123.84420609451934
2026-09-28 06:00:00,3,18,2026-10-06 12:00:00,8 days 06:00:00,198,37.21,151.65,962.4,79.9,112.47918398251892,396.68382085082936,453.33575773599415,354.87459755897004,347.4392202147557,221.59712453644215,234.2207337377045,194.34575255747785,186.6919761010603,82.05096823890341,112.47918398251892,69.74095633070058,70.51293949904151
2026-09-28 06:00:00,3,18,2026-10-06 18:00:00,8 days 12:00:00,204,39.2,153.56,971.2,68.2,43.16528582647345,133.0485776586074,179.04226019780583,116.5562909556335,95.90737047993618,13.488808236807692,43.16528582647345,8.02116896069863,5.6073018450836845,0.535496488074044,43.16528582647345,0.0,0.0
2026-09-28 06:00:00,3,18,2026-10-07 00:00:00,8 days 18:00:00,210,41.2,155.0,980.4,51.9,130.9109802784243,130.9109802784243,130.9109802784243,0.0,0.0,130.9109802784243,1.1765979738317751,0.0,0.0,0.0,0.0,0.0,0.0
2026-09-28 06:00:00,3,18,2026-10-07 06:00:00,9 days 00:00:00,216,42.81,157.99,984.1,40.3,184.956400928812,6.857851078829832,184.956400928812,2.119095002088041,0.0,0.0,0.0,0.0,0.0,0.0,0.0,0.0,0.0
2026-09-28 06:00:00,3,18,2026-10-07 12:00:00,9 days 06:00:00,222,44.2,159.38,986.3,45.4,173.36500584745693,0.0,173.36500584745693,0.0,0.0,0.0,0.0,0.0,0.0,0.0,0.0,0.0,0.0
2026-09-28 06:00:00,3,18,2026-10-07 18:00:00,9 days 12:00:00,228,45.62,162.75,989.2,41.0,199.3835044177019,6.754560172293616,199.3835044177019,0.0,0.0,0.0,0.0,0.0,0.0,0.0,0.0,0.0,0.0
2026-09-28 06:00:00,3,18,2026-10-08 00:00:00,9 days 18:00:00,234,46.7,165.4,994.9,34.1,186.581623856949,2.816466875342531,186.581623856949,0.0,0.0,0.0,0.0,0.0,0.0,0.0,0.0,0.0,0.0
2026-09-28 06:00:00,3,18,2026-10-08 06:00:00,10 days 00:00:00,240,47.23,168.47,989.2,37.5,161.3599010337906,2.398727308537822,161.3599010337906,2.442047132172803,0.0,0.0,0.0,0.0,0.0,0.0,0.0,0.0,0.0
2026-09-28 06:00:00,AL062026,18,2026-09-28 06:00:00,0 days 00:00:00,0,28.3,-43.8,1012.0,25.0,56.0,0.0,0.0,0.0,0.0,0.0,0.0,0.0,0.0,0.0,0.0,0.0,0.0
2026-09-28 06:00:00,AL062026,18,2026-09-28 12:00:00,0 days 06:00:00,6,27.52,-44.29,1010.4,29.7,93.4000136920628,0.0,0.0,0.0,0.0,0.0,0.0,0.0,0.0,0.0,0.0,0.0,0.0
2026-09-28 06:00:00,AL062026,18,2026-09-28 18:00:00,0 days 12:00:00,12,26.85,-44.51,1011.2,23.6,52.474727889880285,0.0,0.0,0.0,0.0,0.0,0.0,0.0,0.0,0.0,0.0,0.0,0.0
2026-09-28 06:00:00,AL062026,18,2026-09-29 00:00:00,0 days 18:00:00,18,25.95,-45.42,1007.2,32.7,48.73380927693918,0.0,0.0,0.0,0.0,0.0,0.0,0.0,0.0,0.0,0.0,0.0,0.0
2026-09-28 06:00:00,AL062026,18,2026-09-29 06:00:00,1 days 00:00:00,24,25.29,-46.19,1009.3,27.8,80.22094131814328,0.0,0.0,0.0,0.0,0.0,0.0,0.0,0.0,0.0,0.0,0.0,0.0
2026-09-28 06:00:00,AL062026,18,2026-09-29 12:00:00,1 days 06:00:00,30,24.97,-47.34,1009.4,32.1,50.29359494550249,0.0,0.0,0.0,0.0,0.0,0.0,0.0,0.0,0.0,0.0,0.0,0.0
2026-09-28 06:00:00,AL062026,18,2026-09-29 18:00:00,1 days 12:00:00,36,23.91,-48.04,1010.2,26.1,139.93245110572246,0.0,0.0,0.0,0.0,0.0,0.0,0.0,0.0,0.0,0.0,0.0,0.0
2026-09-28 06:00:00,AL062026,18,2026-09-30 00:00:00,1 days 18:00:00,42,23.53,-49.31,1009.8,28.7,58.19237184660099,0.0,0.0,0.0,0.0,0.0,0.0,0.0,0.0,0.0,0.0,0.0,0.0
2026-09-28 06:00:00,AL912026(2),18,2026-09-28 06:00:00,0 days 00:00:00,0,36.3,-53.1,1013.0,29.0,148.0,0.0,0.0,0.0,0.0,0.0,0.0,0.0,0.0,0.0,0.0,0.0,0.0
2026-09-28 06:00:00,AL912026(2),18,2026-09-28 12:00:00,0 days 06:00:00,6,37.14,-50.57,1008.6,39.6,63.510142268010114,63.510142268010114,0.0,0.0,0.9541908316952856,0.0,0.0,0.0,0.0,0.0,0.0,0.0,0.0
2026-09-28 06:00:00,AL912026(2),18,2026-09-28 18:00:00,0 days 12:00:00,12,36.25,-48.79,1005.3,34.2,67.68832609444507,200.2358840746529,187.9489334401005,155.236058658993,169.69189371019456,0.0,0.0,0.0,0.0,0.0,0.0,0.0,0.0
2026-09-28 06:00:00,AL912026(2),18,2026-09-29 00:00:00,0 days 18:00:00,18,35.42,-47.1,1006.4,33.9,56.019555371535226,0.0,0.0,0.0,0.0,0.0,0.0,0.0,0.0,0.0,0.0,0.0,0.0
2026-09-28 06:00:00,EP152026(2),18,2026-09-28 06:00:00,0 days 00:00:00,0,16.4,-160.8,929.0,134.0,28.0,241.0,185.0,148.0,204.0,93.0,74.0,74.0,93.0,56.0,46.0,37.0,46.0
2026-09-28 06:00:00,EP152026(2),18,2026-09-28 12:00:00,0 days 06:00:00,6,16.9,-161.84,951.6,113.3,19.539887331461927,228.43632477579945,176.7968285330454,129.7482503582777,191.3943839377303,77.50959049812252,53.7872709529146,35.90536624714889,63.00835821374506,34.49316135574237,24.97140732886234,19.01575974406996,28.46066164008897
2026-09-28 06:00:00,EP152026(2),18,2026-09-28 18:00:00,0 days 12:00:00,12,17.45,-162.44,944.1,120.4,13.112727854320177,206.3304943361144,186.65879035583197,126.66609586366464,168.46180883236875,107.36887357297726,91.72352559149236,70.0616776861952,91.10107788013046,62.216070504095605,54.39708562231797,43.9825866860302,52.847624507298974
2026-09-28 06:00:00,EP152026(2),18,2026-09-29 00:00:00,0 days 18:00:00,18,18.69,-163.13,952.9,112.3,23.72582171279715,179.90277803742885,161.0607746713025,101.66624918155271,140.44175568607082,58.73962860895416,48.08283223382298,34.782663611207084,46.036182240260885,27.35444002793725,22.584736724669987,17.584879887389473,22.178878790684685
2026-09-28 06:00:00,EP152026(2),18,2026-09-29 06:00:00,1 days 00:00:00,24,19.38,-163.43,944.1,123.5,9.59417822586385,193.2883252221657,179.05410169769516,100.36513376202753,148.7643587539531,87.9862590237529,75.754554478791,52.13567347919293,71.57184814020741,54.432039913794,46.97698177112185,35.95336047872921,45.28773433956319
2026-09-28 06:00:00,EP152026(2),18,2026-09-29 12:00:00,1 days 06:00:00,30,20.24,-164.04,962.6,102.3,9.373793895912486,238.5115372278321,212.6081390006812,147.97667462295527,201.32737095141124,89.54276513106885,74.36836733631677,54.96137938751273,72.97305485489912,36.89915975152591,33.35494328277454,25.603294137459265,30.70983440540461
2026-09-28 06:00:00,EP152026(2),18,2026-09-29 18:00:00,1 days 12:00:00,36,21.34,-163.64,966.1,88.4,45.61675028635118,179.5618555039627,176.0488670132883,111.33609395224472,127.6863537889189,45.61675028635118,41.7598093325544,27.180783327222336,31.98750571224309,45.61675028635118,11.12899111645232,7.569709305526762,7.751749848987689
2026-09-28 06:00:00,EP152026(2),18,2026-09-30 00:00:00,1 days 18:00:00,42,22.33,-163.61,974.8,84.8,7.508641187737112,197.01097275788743,201.695433275303,119.24552604504834,144.69790158062915,67.07244188823393,65.59797115033462,45.98517375919823,48.13221117003423,17.04541236165346,18.799347511387964,13.521820704946151,13.127142326073567
2026-09-28 06:00:00,EP152026(2),18,2026-09-30 06:00:00,2 days 00:00:00,48,22.92,-163.42,979.3,71.2,33.55264643891172,269.58568598240697,248.45533423225567,189.96696098123172,218.41270647536797,154.4176711700445,144.22919805006984,114.46613629757042,133.3524203187871,52.28125608551136,49.8125889289,40.44269278748291,45.62159200477674
2026-09-28 06:00:00,EP152026(2),18,2026-09-30 12:00:00,2 days 06:00:00,54,22.92,-163.06,982.2,62.9,47.6373726209356,254.49294641607204,235.8516250505344,209.5259487625181,204.60134182899208,81.0271605100866,77.79904119221307,59.50265001756497,64.30908309906701,0.0,0.0,0.0,0.0
2026-09-28 06:00:00,EP152026(2),18,2026-09-30 18:00:00,2 days 12:00:00,60,23.46,-162.47,984.9,53.6,60.87857432466105,219.2134479472288,223.15105081221677,170.63824215546126,179.29266691000385,8.892137256275287,60.87857432466105,6.339024983557806,5.964392302117887,0.0,0.0,0.0,0.0
2026-09-28 06:00:00,EP152026(2),18,2026-10-01 00:00:00,2 days 18:00:00,66,23.25,-162.43,993.3,48.7,80.36302236109032,300.9645726257279,300.23606561092583,262.5265332365352,260.4371181445863,0.0,0.0,0.0,0.0,0.0,0.0,0.0,0.0
2026-09-28 06:00:00,EP152026(2),18,2026-10-01 06:00:00,3 days 00:00:00,72,23.88,-163.06,994.1,45.4,72.93800477798811,243.9174949078672,223.9188843647521,185.0066896854496,219.2489316722931,0.0,0.0,0.0,0.0,0.0,0.0,0.0,0.0
2026-09-28 06:00:00,EP152026(2),18,2026-10-01 12:00:00,3 days 06:00:00,78,23.99,-163.6,996.3,44.2,109.72902908130312,219.14512572338955,187.3778353191161,150.97340313594103,186.90054827795316,0.0,0.0,0.0,0.0,0.0,0.0,0.0,0.0
2026-09-28 06:00:00,EP152026(2),18,2026-10-01 18:00:00,3 days 12:00:00,84,24.01,-164.19,991.5,38.0,112.66851311410645,179.26747726941278,160.85128367649224,131.69177403622092,153.35722425523306,0.0,0.0,0.0,0.0,0.0,0.0,0.0,0.0
2026-09-28 06:00:00,EP152026(2),18,2026-10-02 00:00:00,3 days 18:00:00,90,24.63,-164.69,993.8,49.1,103.37003570633466,169.13528146605594,154.539715644725,114.85923260942371,142.53004967570783,0.0,0.0,0.0,0.0,0.0,0.0,0.0,0.0
2026-09-28 06:00:00,EP152026(2),18,2026-10-02 06:00:00,4 days 00:00:00,96,24.98,-165.01,989.8,50.3,96.4433726163834,196.53615984819348,182.6924909150074,132.2875981194508,157.65595979383417,96.4433726163834,0.0,0.0,0.5419854895512304,0.0,0.0,0.0,0.0
2026-09-28 06:00:00,EP152026(2),18,2026-10-02 12:00:00,4 days 06:00:00,102,25.19,-165.26,993.9,42.6,128.68343216083815,128.68343216083815,103.6099044337058,81.45425323441012,101.56301872762684,0.0,0.0,0.0,0.0,0.0,0.0,0.0,0.0
2026-09-28 06:00:00,EP152026(2),18,2026-10-02 18:00:00,4 days 12:00:00,108,25.39,-165.39,989.8,48.8,92.39004726504167,219.28884599960887,201.70094629268928,166.17578068450948,184.60989245392344,0.0,0.0,0.0,0.0,0.0,0.0,0.0,0.0
2026-09-28 06:00:00,EP152026(2),18,2026-10-03 00:00:00,4 days 18:00:00,114,25.31,-165.27,989.2,50.2,71.85221871445628,196.734473970713,180.5799121629061,146.6844715854412,165.9602913257761,71.85221871445628,6.533964297003649,2.680761844508908,6.009341280831933,0.0,0.0,0.0,0.0
2026-09-28 06:00:00,EP152026(2),18,2026-10-03 06:00:00,5 days 00:00:00,120,24.91,-165.7,989.0,52.9,62.11317319573406,236.43144759873385,200.22931387563048,174.5117617968179,208.40372551506775,103.16584993685268,88.56886802949785,66.53915950218848,86.22060065524738,0.0,0.0,0.0,0.0
2026-09-28 06:00:00,EP152026(2),18,2026-10-03 12:00:00,5 days 06:00:00,126,24.79,-166.07,994.5,46.1,56.035597185985566,108.01501716257178,88.11257672705528,70.84069550919176,95.64020870481173,0.0,0.0,0.0,0.0,0.0,0.0,0.0,0.0
2026-09-28 06:00:00,EP152026(2),18,2026-10-03 18:00:00,5 days 12:00:00,132,24.5,-167.08,994.5,53.2,43.29472948980756,185.1586883870122,153.69934701691523,130.9779459836028,164.6917110742338,1.7024500914806473,0.0,0.0,43.29472948980756,0.0,0.0,0.0,0.0
2026-09-28 06:00:00,EP152026(2),18,2026-10-04 00:00:00,5 days 18:00:00,138,24.16,-168.08,995.8,48.0,26.41091185503396,107.97162252262572,87.08495055996255,74.82553667905847,106.20382155566692,0.0,0.0,0.0,0.0,0.0,0.0,0.0,0.0
2026-09-28 06:00:00,EP152026(2),18,2026-10-04 06:00:00,6 days 00:00:00,144,24.19,-169.38,995.5,49.3,38.907407830080274,132.94808662316245,104.95798112092643,78.29050065429374,120.0654030390874,0.0,0.0,0.0,0.0,0.0,0.0,0.0,0.0
2026-09-28 06:00:00,EP152026(2),18,2026-10-04 12:00:00,6 days 06:00:00,150,24.18,-170.81,990.4,53.5,62.384863638626015,112.87529846405232,88.70575874944025,65.86057898242372,92.32656436305884,62.384863638626015,9.155576312433746,5.739927257303288,10.468893530978772,0.0,0.0,0.0,0.0
2026-09-28 06:00:00,EP152026(2),18,2026-10-04 18:00:00,6 days 12:00:00,156,24.46,-171.89,984.8,60.9,25.684409652727098,186.84256273007148,145.6481241901125,98.3647652734986,163.50369867489505,33.572122955889355,25.14913202120409,16.143416031958694,27.308032378216552,0.0,0.0,0.0,0.0
2026-09-28 06:00:00,EP152026(2),18,2026-10-05 00:00:00,6 days 18:00:00,162,24.8,-172.91,986.0,70.8,20.882895869114662,193.10131081058591,146.19274976752058,96.1566331933696,152.82188424104368,35.119297633481125,26.016594717405773,15.946000913520852,28.450452156596995,20.882895869114662,0.0,0.0,0.2623927684074019
2026-09-28 06:00:00,EP152026(2),18,2026-10-05 06:00:00,7 days 00:00:00,168,24.98,-174.16,990.4,61.3,45.7440298917928,191.34240982100133,139.59811701717146,93.98409618255664,155.87951435418705,80.78661058135299,64.06697428312943,40.93531997601318,62.51178327562624,0.0,0.0,0.0,0.0
2026-09-28 06:00:00,EP152026(2),18,2026-10-05 12:00:00,7 days 06:00:00,174,25.11,-175.44,982.6,71.3,21.22531252314876,256.04631124848515,205.23678701141813,158.9111398023339,216.87060249883316,71.46174989139524,59.63241245441574,43.25094046601623,58.97372879113425,21.22531252314876,0.0,0.0,0.6787550586804496
2026-09-28 06:00:00,EP152026(2),18,2026-10-05 18:00:00,7 days 12:00:00,180,24.99,-176.85,995.6,51.8,38.54319893967158,134.48534901466337,92.98206857754305,67.08505604239235,118.64838292946388,38.54319893967158,1.654764434238416,0.0,5.029097202724415,0.0,0.0,0.0,0.0
2026-09-28 06:00:00,EP152026(2),18,2026-10-06 00:00:00,7 days 18:00:00,186,24.41,-177.97,994.6,53.5,30.23994488575179,181.8827530746164,145.69522496158,103.5199968566334,166.10806113796525,30.23994488575179,20.1870652767922,12.273754383593271,24.073569948501,0.0,0.0,0.0,0.0
2026-09-28 06:00:00,EP152026(2),18,2026-10-06 06:00:00,8 days 00:00:00,192,24.23,-179.48,990.3,56.4,36.45894234301318,177.63179044640265,143.3678891256418,117.71979461947537,165.6421390440771,52.91842279541686,41.93804978446349,30.84854737201499,44.481350862379145,0.0,0.0,0.0,0.0
2026-09-28 06:00:00,EP152026(2),18,2026-10-06 12:00:00,8 days 06:00:00,198,24.16,179.31,992.2,52.9,54.085307427374666,129.8709184766791,102.98002677895671,84.9521760850771,115.14300226992847,54.085307427374666,0.0,0.0,1.365225380829175,0.0,0.0,0.0,0.0
2026-09-28 06:00:00,EP152026(2),18,2026-10-06 18:00:00,8 days 12:00:00,204,23.83,177.99,990.0,55.8,19.10027559602179,203.84580828753212,183.36401501397077,161.50951175366885,185.28295543565383,19.10027559602179,0.0,0.0,1.504261197322419,0.0,0.0,0.0,0.0
2026-09-28 06:00:00,EP152026(2),18,2026-10-07 00:00:00,8 days 18:00:00,210,23.48,176.41,996.2,46.2,57.17232669333636,57.17232669333636,16.308677454956516,5.134112207657772,31.326519987754075,0.0,0.0,0.0,0.0,0.0,0.0,0.0,0.0
2026-09-28 06:00:00,EP152026(2),18,2026-10-07 06:00:00,9 days 00:00:00,216,22.92,175.27,999.0,39.5,89.43126651378506,89.43126651378506,67.00386045697458,59.11055155978953,72.47203904817333,0.0,0.0,0.0,0.0,0.0,0.0,0.0,0.0
2026-09-28 06:00:00,EP152026(2),18,2026-10-07 12:00:00,9 days 06:00:00,222,22.28,173.81,1004.1,31.8,96.44096912150152,0.0,0.0,0.0,0.0,0.0,0.0,0.0,0.0,0.0,0.0,0.0,0.0
2026-09-28 06:00:00,EP152026(2),18,2026-10-07 18:00:00,9 days 12:00:00,228,21.53,172.04,1005.5,26.8,100.03439785704842,0.0,0.0,0.0,0.0,0.0,0.0,0.0,0.0,0.0,0.0,0.0,0.0
2026-09-28 06:00:00,EP152026(2),18,2026-10-08 00:00:00,9 days 18:00:00,234,21.05,170.27,1006.9,27.2,121.30787567912571,0.0,0.0,0.0,0.0,0.0,0.0,0.0,0.0,0.0,0.0,0.0,0.0
2026-09-28 06:00:00,EP152026(2),18,2026-10-08 06:00:00,10 days 00:00:00,240,20.27,168.74,1006.2,25.5,88.17489817846958,0.0,0.0,0.0,0.0,0.0,0.0,0.0,0.0,0.0,0.0,0.0,0.0
2026-09-28 06:00:00,EP172026,18,2026-09-28 06:00:00,0 days 00:00:00,0,23.2,-114.0,955.0,105.0,28.0,167.0,148.0,148.0,148.0,102.0,93.0,83.0,83.0,65.0,65.0,65.0,65.0
2026-09-28 06:00:00,EP172026,18,2026-09-28 12:00:00,0 days 06:00:00,6,23.92,-113.59,959.2,98.0,12.721563248825817,153.73230770611246,182.20521946506037,118.48922561531091,108.36176980002402,30.48693585938419,29.60862158698849,16.777915013696813,18.72133448486186,12.721563248825817,8.589928111506778,4.769338359850252,7.006507931569237
2026-09-28 06:00:00,EP172026,18,2026-09-28 18:00:00,0 days 12:00:00,12,24.68,-113.51,966.5,84.9,1.0980953517505725,150.87455488216847,168.22204988476267,118.26979396683932,107.7443505933378,92.0295747431797,89.67149694541507,73.69341092186275,76.03753156854697,52.66383778312019,50.91781026943187,41.68350719113143,44.69354999259352
2026-09-28 06:00:00,EP172026,18,2026-09-29 00:00:00,0 days 18:00:00,18,25.11,-112.61,968.7,88.1,55.98002332241073,105.02420655200235,118.0190794955334,71.4929888492305,84.84075629298036,58.14197676900679,59.57744094492182,50.73578978497653,46.06008070893603,33.927955019624534,55.98002332241073,29.23127214556933,29.223632530856868
2026-09-28 06:00:00,EP172026,18,2026-09-29 06:00:00,1 days 00:00:00,24,26.18,-111.89,982.7,69.8,49.37681023599512,122.08808734824116,126.00672161222356,90.23847820452184,107.31665082640872,51.29028135962093,48.48373116757158,36.35705484814865,40.36378041957976,49.37681023599512,25.732717025414104,19.440971929779945,22.95951205454437
2026-09-28 06:00:00,EP172026,18,2026-09-29 12:00:00,1 days 06:00:00,30,27.43,-111.14,987.6,52.7,28.29247133685807,64.8525841805513,63.26949805550407,47.953903335658,50.24452735172227,28.29247133685807,20.491161579099582,15.262762512156996,19.59085294276309,0.0,0.0,0.0,0.0
2026-09-28 06:00:00,EP172026,18,2026-09-29 18:00:00,1 days 12:00:00,36,28.95,-110.1,998.5,29.9,90.82635655846023,0.0,0.0,0.0,0.0,0.0,0.0,0.0,0.0,0.0,0.0,0.0,0.0
2026-09-28 06:00:00,EP172026,18,2026-09-30 00:00:00,1 days 18:00:00,42,30.5,-106.53,996.3,37.6,66.50251399855496,66.50251399855496,2.794894601800742,0.0,0.0,0.0,0.0,0.0,0.0,0.0,0.0,0.0,0.0
2026-09-28 06:00:00,EP182026,18,2026-09-28 06:00:00,0 days 00:00:00,0,13.2,-100.0,1001.0,41.0,93.0,222.0,185.0,148.0,222.0,0.0,0.0,0.0,0.0,0.0,0.0,0.0,0.0
2026-09-28 06:00:00,EP182026,18,2026-09-28 12:00:00,0 days 06:00:00,6,13.24,-100.74,988.2,75.6,26.537139651535384,201.0398450285156,190.3690794588207,165.44675644917703,174.86071858399984,26.537139651535384,0.0,0.0,26.537139651535384,0.2554546922947359,0.0,0.0,26.537139651535384
2026-09-28 06:00:00,EP182026,18,2026-09-28 18:00:00,0 days 12:00:00,12,13.48,-101.81,972.9,79.0,23.135993524572783,186.4504249887054,168.94973489907153,135.48608822458158,166.90244573799663,100.69717825521012,86.08294063277452,65.59258729723209,84.69152925267463,42.08217429821229,37.74638557824802,29.709743569345815,37.04246204440141
2026-09-28 06:00:00,EP182026,18,2026-09-29 00:00:00,0 days 18:00:00,18,14.39,-102.84,976.6,83.6,8.337537679878295,153.1571394168684,132.74431057556626,111.30256970850758,130.94433468398043,76.47553146258453,65.57514983549854,52.63899459554887,64.6794185973342,34.080245702882856,29.521267262006504,24.637597259680472,29.341804687575163
2026-09-28 06:00:00,EP182026,18,2026-09-29 06:00:00,1 days 00:00:00,24,14.49,-103.6,977.6,85.3,29.047645570928545,116.94377039017442,91.22270678193011,75.05277349166695,109.04819718200092,65.25495066813602,51.13715717893771,38.20906774352054,57.68347133786118,32.747712052213586,27.22782034598295,21.30409576823348,28.411815011134216
2026-09-28 06:00:00,EP182026,18,2026-09-29 12:00:00,1 days 06:00:00,30,15.15,-104.43,981.0,76.6,3.423858600337496,190.366171771164,167.91378810994132,120.18215914552052,142.70188180708783,79.04059366906272,67.34085110156789,48.06311998149956,63.24628786589055,28.77983501366011,25.44677576384204,19.694690626763357,24.85813585682288
2026-09-28 06:00:00,EP182026,18,2026-09-29 18:00:00,1 days 12:00:00,36,15.92,-105.31,965.5,90.8,31.528461156859933,190.9151093261497,172.94860855995995,117.31485277694628,148.26844807789536,91.03340809015572,75.98780707193137,54.86862425224484,74.8513610903895,46.51960636768912,40.67263724167786,32.00284410793855,39.86934925963163
2026-09-28 06:00:00,EP182026,18,2026-09-30 00:00:00,1 days 18:00:00,42,16.23,-105.91,935.6,131.9,1.5256011998863173,218.630698908015,188.0963359519368,137.77387291020025,196.1535084849896,100.16066655677125,75.8382807088529,58.96754794425243,85.08869697590447,59.92223540954228,50.06024458824294,40.208280228995065,52.87557948992325
2026-09-28 06:00:00,EP182026,18,2026-09-30 06:00:00,2 days 00:00:00,48,16.89,-106.33,949.3,113.4,13.6977122764535,273.2247211281614,241.77384282333952,182.89517118149752,240.951729936196,106.40748875811676,90.92780366377494,67.1669257162922,91.47353115583525,53.485470170561214,46.61621622276576,37.70613031220029,47.28546308047814
2026-09-28 06:00:00,EP182026,18,2026-09-30 12:00:00,2 days 06:00:00,54,17.27,-106.42,960.9,96.1,15.08487529366824,177.5030048849491,180.4861268453157,97.78299307854044,154.55375132322308,68.15253629678315,59.44668867846549,39.61270666739524,54.86256890709467,37.22383197814167,32.80094724579601,25.310724492561263,30.67023137706805
2026-09-28 06:00:00,EP182026,18,2026-09-30 18:00:00,2 days 12:00:00,60,18.05,-107.01,967.2,96.8,29.4854458534069,285.5288844064477,225.77344868232015,191.89398765577448,231.8594884814098,140.42091780112554,119.4682054056459,95.2226065295594,121.87099025778826,63.644110912260416,56.48787894392596,46.05491877306936,55.66674540963544
2026-09-28 06:00:00,EP182026,18,2026-10-01 00:00:00,2 days 18:00:00,66,18.46,-107.46,956.3,103.3,24.04283732100136,182.56578351067336,156.38498179410988,121.3078237584777,152.8307261652539,87.38184294505137,75.27923144129247,63.73794655300435,76.0379359807519,54.58197271226974,50.062027511387214,42.000745776523786,47.63646821674767
2026-09-28 06:00:00,EP182026,18,2026-10-01 06:00:00,3 days 00:00:00,72,18.87,-107.82,948.0,111.2,1.775179248497338,228.2415451252961,200.22414317372505,177.88874722439516,207.79071125793476,114.32687801350716,101.79362919593372,94.762931668137,105.38209105375026,75.43526005684794,70.10184872815158,60.5530965412874,67.27164590885747
2026-09-28 06:00:00,EP182026,18,2026-10-01 12:00:00,3 days 06:00:00,78,18.98,-108.21,952.7,101.4,51.173147160259504,223.983482132906,172.8938873380012,173.1189917496693,188.14404036166545,51.64001129168763,51.173147160259504,46.19934044402724,49.17859563648426,28.507740108520977,51.173147160259504,27.35603423153277,26.730087903246652
2026-09-28 06:00:00,EP182026,18,2026-10-01 18:00:00,3 days 12:00:00,84,18.98,-108.29,957.1,104.9,47.08714820641762,184.39427714573685,148.9710025756624,150.7038210397102,175.13683083262185,85.74757100807892,71.42144506168142,62.20666562970069,82.300769753684,48.94942474000305,43.612348646595024,35.16359803700652,43.47582078125095
2026-09-28 06:00:00,EP182026,18,2026-10-02 00:00:00,3 days 18:00:00,90,18.98,-108.6,965.4,85.1,21.307890773364367,188.39362779525032,184.79987954383057,153.02049371319748,163.8015566983704,95.46004322645317,93.00644309847736,81.78058465341624,86.7611123944701,50.23359562962716,49.03675456524199,41.98110242967263,43.69695499815765
2026-09-28 06:00:00,EP182026,18,2026-10-02 06:00:00,4 days 00:00:00,96,19.11,-108.66,980.6,66.5,63.71327176223353,151.12769318129767,137.25100352959186,130.50782002663752,145.36648097964456,63.71327176223353,42.42688659234881,30.23279515918772,43.29221486161316,63.71327176223353,2.147099806969884,0.7367648566992395,3.3095223177448805
2026-09-28 06:00:00,EP182026,18,2026-10-02 12:00:00,4 days 06:00:00,102,19.14,-108.6,974.8,80.4,42.817536413994965,122.81156488950278,131.88933867795993,123.46106050152332,99.8928314453526,47.92410504344902,54.007092573589816,50.50626304783723,44.44769291237623,19.74948330346259,42.817536413994965,21.23927252201268,17.631159773212175
2026-09-28 06:00:00,EP182026,18,2026-10-02 18:00:00,4 days 12:00:00,108,19.1,-108.7,974.9,80.9,43.31426576985061,216.2146827634725,214.46496350123869,214.451792573353,211.30987488000136,136.89125815267585,131.1371167121873,114.2147389014562,123.95181349362105,69.4468094597768,65.75717756145042,56.27621388628069,61.4265579135855
2026-09-28 06:00:00,EP182026,18,2026-10-03 00:00:00,4 days 18:00:00,114,19.36,-108.87,966.7,84.9,26.928584898614943,186.25394446489068,194.13764935068767,184.27293417619268,166.98533107600255,90.46007251735917,91.53249832764745,79.31135390942902,79.96711098300605,38.65365959864414,38.97592419688087,33.53779312003523,33.86085153539925
2026-09-28 06:00:00,EP182026,18,2026-10-03 06:00:00,5 days 00:00:00,120,19.59,-108.77,971.8,85.8,16.076827728509002,176.57205353923615,168.44154687552953,131.16066528059156,147.90432243654826,52.097900780593946,44.729261397479945,31.704299067540887,41.44546798090171,16.076827728509002,4.366993076407914,2.3106431292511647,4.191196944536034
2026-09-28 06:00:00,EP182026,18,2026-10-03 12:00:00,5 days 06:00:00,126,19.99,-108.75,970.1,82.4,28.2673395662767,142.21159259367948,180.00198889294157,163.66212972722045,116.8694238503141,57.622187442174415,66.81922672386355,61.04281647244327,52.57527366859215,21.320163792423827,28.2673395662767,24.47371877603983,19.547586217088263
2026-09-28 06:00:00,EP182026,18,2026-10-03 18:00:00,5 days 12:00:00,132,20.41,-108.53,972.7,79.7,15.863615212657509,156.1410145092426,161.144588273684,133.38480705914148,126.70698905797944,76.2872658813755,73.24550001852958,58.86382089523313,62.039897719583365,21.18997817370338,20.58655285431999,17.294670097805746,17.748100037714785
2026-09-28 06:00:00,EP182026,18,2026-10-04 00:00:00,5 days 18:00:00,138,21.11,-108.74,964.1,86.6,9.85703164715862,227.44272968291645,225.88673747554327,174.99147572197634,177.39805893969378,111.39776449345766,107.91043730543308,86.69874274425236,95.15430158108488,48.36918036978967,47.20468064796744,39.30464885891228,41.578846172468666
2026-09-28 06:00:00,EP182026,18,2026-10-04 06:00:00,6 days 00:00:00,144,21.42,-108.62,948.9,113.7,18.67611779877488,205.3206056926656,219.1523197771512,158.01993501845612,157.39434620384912,75.46640349855053,70.9308039554886,51.64686211300372,62.44125586957111,32.69638704973701,28.63815925619848,22.51676635797349,25.97325886874551
2026-09-28 06:00:00,EP182026,18,2026-10-04 12:00:00,6 days 06:00:00,150,21.92,-108.79,953.6,101.4,14.743504379658546,254.39700150484225,243.8262049905582,165.64404497061415,194.08850239480745,87.74103815573605,78.87283260278045,56.82526616012047,69.81074670310912,37.99412545754736,33.96131064623011,25.93298155292613,30.92174561569537
2026-09-28 06:00:00,EP182026,18,2026-10-04 18:00:00,6 days 12:00:00,156,22.9,-109.08,949.2,100.9,20.560445866112275,204.358186597794,176.9431783502764,114.57922459773113,148.60808296802463,89.6547223823386,76.4324144440011,54.81026072313978,73.89205276014616,41.19009064703448,33.81653204946838,25.69443810197725,32.37899719039649
2026-09-28 06:00:00,EP182026,18,2026-10-05 00:00:00,6 days 18:00:00,162,23.61,-109.99,951.5,88.9,52.59615500553763,139.30945041301112,129.99482917140622,84.78694446377854,116.37740301075912,77.40732070568994,63.23707370244741,48.08629905476562,63.54441589668649,52.59615500553763,35.32349676348466,27.518606984220835,34.63737979431839
2026-09-28 06:00:00,EP182026,18,2026-10-05 06:00:00,7 days 00:00:00,168,24.91,-111.18,969.6,84.3,22.11415475313505,176.7612738364619,169.21063754554157,119.54622736244848,175.67931963418414,87.05852255384919,67.83286718343814,46.72031648790688,68.54309613763422,39.0579294823123,30.79729655002563,21.14817908351924,31.47460240555248
2026-09-28 06:00:00,EP182026,18,2026-10-05 12:00:00,7 days 06:00:00,174,24.83,-111.43,970.8,78.4,28.512758920214196,247.95705248485345,218.2933267105824,158.60574721444686,220.6715086025432,155.6386031640621,132.49578261845616,99.8786504904036,128.0037628248267,82.28965459782319,72.02249490805622,56.04069844947722,70.06130510734812
2026-09-28 06:00:00,EP182026,18,2026-10-05 18:00:00,7 days 12:00:00,180,25.31,-112.84,987.6,61.8,13.823699562391706,189.5982650874554,159.80260311551737,110.82747359033291,153.7435561489394,105.72232901604296,87.61806602760521,63.38493235654552,84.80353624590606,0.0,0.0,0.0,0.0
2026-09-28 06:00:00,EP182026,18,2026-10-06 00:00:00,7 days 18:00:00,186,25.94,-113.77,994.2,54.6,12.317024360989482,207.2964098324896,169.3497081831232,103.393275210961,165.72417294495028,94.03278833509124,74.69802103992683,50.03897774707386,71.46553387261639,0.0,0.0,0.0,0.0
2026-09-28 06:00:00,EP182026,18,2026-10-06 06:00:00,8 days 00:00:00,192,26.11,-114.94,999.4,43.7,41.22555883478608,165.88853332709994,140.09649335099704,102.81280408585268,141.2851753083993,0.0,0.0,0.0,0.0,0.0,0.0,0.0,0.0
2026-09-28 06:00:00,EP182026,18,2026-10-06 12:00:00,8 days 06:00:00,198,26.53,-116.1,996.8,53.2,36.21357848223708,143.01452047542537,103.43594207790969,77.22530487888012,116.67184151910772,36.21357848223708,1.4117253355999573,0.0,3.5012022354794565,0.0,0.0,0.0,0.0
2026-09-28 06:00:00,EP182026,18,2026-10-06 18:00:00,8 days 12:00:00,204,26.65,-117.3,1002.2,34.2,49.44209363125272,84.46623039001454,55.09624736498628,42.720067258719794,75.05232738951597,0.0,0.0,0.0,0.0,0.0,0.0,0.0,0.0
2026-09-28 06:00:00,EP182026,18,2026-10-07 00:00:00,8 days 18:00:00,210,26.64,-118.28,1002.0,36.4,72.97786870512215,72.97786870512215,0.0,0.0,13.7522988914869,0.0,0.0,0.0,0.0,0.0,0.0,0.0,0.0
2026-09-28 06:00:00,EP182026,18,2026-10-07 06:00:00,9 days 00:00:00,216,26.42,-119.34,1003.1,31.6,73.21900844039226,0.0,0.0,0.0,0.0,0.0,0.0,0.0,0.0,0.0,0.0,0.0,0.0
2026-09-28 06:00:00,EP182026,18,2026-10-07 12:00:00,9 days 06:00:00,222,26.52,-119.75,1006.5,26.7,72.22771489815429,0.0,0.0,0.0,0.0,0.0,0.0,0.0,0.0,0.0,0.0,0.0,0.0
2026-09-28 06:00:00,EP182026,18,2026-10-07 18:00:00,9 days 12:00:00,228,26.59,-120.24,1005.0,23.7,92.54271168297556,0.0,0.0,0.0,0.0,0.0,0.0,0.0,0.0,0.0,0.0,0.0,0.0
2026-09-28 06:00:00,EP182026,18,2026-10-08 00:00:00,9 days 18:00:00,234,26.53,-121.04,1005.4,23.1,83.0137105706366,0.0,0.0,0.0,0.0,0.0,0.0,0.0,0.0,0.0,0.0,0.0,0.0
2026-09-28 06:00:00,EP182026,18,2026-10-08 06:00:00,10 days 00:00:00,240,26.4,-121.11,1008.4,21.6,82.26788817214737,0.0,0.0,0.0,0.0,0.0,0.0,0.0,0.0,0.0,0.0,0.0,0.0
2026-09-28 06:00:00,EP182026,18,2026-10-08 12:00:00,10 days 06:00:00,246,26.85,-121.42,1007.1,19.8,120.1951294616012,0.0,0.0,0.0,0.0,0.0,0.0,0.0,0.0,0.0,0.0,0.0,0.0
2026-09-28 06:00:00,EP182026,18,2026-10-08 18:00:00,10 days 12:00:00,252,26.21,-121.61,1009.9,19.1,62.60540426541604,0.0,0.0,0.0,0.0,0.0,0.0,0.0,0.0,0.0,0.0,0.0,0.0
2026-09-28 06:00:00,EP182026,18,2026-10-09 00:00:00,10 days 18:00:00,258,26.32,-121.72,1009.7,16.0,108.2370019400931,0.0,0.0,0.0,0.0,0.0,0.0,0.0,0.0,0.0,0.0,0.0,0.0
2026-09-28 06:00:00,EP912026(3),18,2026-09-28 06:00:00,0 days 00:00:00,0,12.7,-136.6,1005.0,29.0,93.0,0.0,0.0,0.0,0.0,0.0,0.0,0.0,0.0,0.0,0.0,0.0,0.0
2026-09-28 06:00:00,WP252026,18,2026-09-28 06:00:00,0 days 00:00:00,0,27.5,131.6,954.0,99.0,9.0,148.0,158.0,148.0,121.0,,,,,,,,
2026-09-28 06:00:00,WP252026,18,2026-09-28 12:00:00,0 days 06:00:00,6,27.49,132.46,984.5,60.3,42.306863804998095,73.56664268122884,100.50908956755214,93.07719836809356,66.95650825230933,0.7943576680317594,2.469664501768367,42.306863804998095,0.0,0.0,0.0,0.0,0.0
2026-09-28 06:00:00,WP252026,18,2026-09-28 18:00:00,0 days 12:00:00,12,27.82,133.11,989.1,50.5,31.40360134773616,176.9509081765487,185.21534241992023,169.15725131099316,144.94712070158738,31.40360134773616,0.0,0.0,0.0,0.0,0.0,0.0,0.0
2026-09-28 06:00:00,WP252026,18,2026-09-29 00:00:00,0 days 18:00:00,18,28.23,133.65,991.1,46.8,51.7892616087092,158.60562537026308,168.47177784814323,152.34865421126096,141.1809474808639,0.0,0.0,0.0,0.0,0.0,0.0,0.0,0.0
2026-09-28 06:00:00,WP252026,18,2026-09-29 06:00:00,1 days 00:00:00,24,28.73,134.5,995.1,39.4,96.68907313794932,128.4304277683994,122.2699343142486,98.1008016247692,102.12595485907184,0.0,0.0,0.0,0.0,0.0,0.0,0.0,0.0
2026-09-28 06:00:00,WP252026,18,2026-09-29 12:00:00,1 days 06:00:00,30,29.35,135.15,998.8,36.2,69.33420777943672,65.14622700182457,71.13022053021461,47.89144885381785,52.15629247813854,0.0,0.0,0.0,0.0,0.0,0.0,0.0,0.0
2026-09-28 06:00:00,WP252026,18,2026-09-29 18:00:00,1 days 12:00:00,36,29.36,136.02,1000.6,30.1,124.49045249757528,0.0,0.0,0.0,0.0,0.0,0.0,0.0,0.0,0.0,0.0,0.0,0.0
2026-09-28 06:00:00,WP252026,18,2026-09-30 00:00:00,1 days 18:00:00,42,30.06,137.06,1000.6,34.1,58.17105726205844,0.0,58.17105726205844,0.0,0.3544292341633372,0.0,0.0,0.0,0.0,0.0,0.0,0.0,0.0
2026-09-28 06:00:00,WP252026,18,2026-09-30 06:00:00,2 days 00:00:00,48,30.51,137.67,999.6,35.0,63.46584952932342,0.0,63.46584952932342,0.0,0.0,0.0,0.0,0.0,0.0,0.0,0.0,0.0,0.0
2026-09-28 06:00:00,WP252026,18,2026-09-30 12:00:00,2 days 06:00:00,54,30.82,138.75,1005.4,33.3,210.3547758800263,0.0,0.0,0.0,0.0,0.0,0.0,0.0,0.0,0.0,0.0,0.0,0.0
2026-09-28 06:00:00,WP252026,18,2026-09-30 18:00:00,2 days 12:00:00,60,31.96,139.45,1003.8,28.0,80.34805915721051,0.0,0.0,0.0,0.0,0.0,0.0,0.0,0.0,0.0,0.0,0.0,0.0
2026-09-28 06:00:00,WP252026,18,2026-10-01 00:00:00,2 days 18:00:00,66,32.84,139.72,1003.9,29.9,66.6636398219946,0.0,0.0,0.0,0.0,0.0,0.0,0.0,0.0,0.0,0.0,0.0,0.0
2026-09-28 06:00:00,WP922026(4),18,2026-09-28 06:00:00,0 days 00:00:00,0,16.4,97.6,1001.0,29.0,64.0,0.0,0.0,0.0,0.0,0.0,0.0,0.0,0.0,0.0,0.0,0.0,0.0
2026-09-28 06:00:00,WP922026(4),18,2026-09-28 12:00:00,0 days 06:00:00,6,17.58,97.12,1005.1,23.3,50.8344294692942,0.0,0.0,0.0,0.0,0.0,0.0,0.0,0.0,0.0,0.0,0.0,0.0
2026-09-28 06:00:00,12,19,2026-10-03 06:00:00,5 days 00:00:00,120,16.31,161.68,1006.5,25.6,54.64890602565434,0.0,0.0,0.0,0.0,0.0,0.0,0.0,0.0,0.0,0.0,0.0,0.0
2026-09-28 06:00:00,12,19,2026-10-03 12:00:00,5 days 06:00:00,126,15.06,160.77,1002.9,26.9,130.04998416444667,0.0,0.0,0.0,0.0,0.0,0.0,0.0,0.0,0.0,0.0,0.0,0.0
2026-09-28 06:00:00,12,19,2026-10-03 18:00:00,5 days 12:00:00,132,14.21,161.71,1004.3,30.3,85.4616235068768,0.0,0.0,0.0,0.0,0.0,0.0,0.0,0.0,0.0,0.0,0.0,0.0
2026-09-28 06:00:00,12,19,2026-10-04 00:00:00,5 days 18:00:00,138,13.59,161.53,1002.6,32.5,53.19794425236609,0.0,0.0,0.0,0.0,0.0,0.0,0.0,0.0,0.0,0.0,0.0,0.0
2026-09-28 06:00:00,12,19,2026-10-04 06:00:00,6 days 00:00:00,144,13.25,161.68,998.4,35.3,73.59877245716758,75.73397255357243,62.66883297481724,47.30117481750008,57.024016627435216,0.0,0.0,0.0,0.0,0.0,0.0,0.0,0.0
2026-09-28 06:00:00,12,19,2026-10-04 12:00:00,6 days 06:00:00,150,11.81,161.75,994.5,41.1,40.98550536126204,40.98550536126204,0.0,0.0,0.0,0.0,0.0,0.0,0.0,0.0,0.0,0.0,0.0
2026-09-28 06:00:00,12,19,2026-10-04 18:00:00,6 days 12:00:00,156,10.59,162.66,1000.3,34.1,59.92791235788851,0.0,59.92791235788851,0.0,0.0,0.0,0.0,0.0,0.0,0.0,0.0,0.0,0.0
2026-09-28 06:00:00,12,19,2026-10-05 00:00:00,6 days 18:00:00,162,10.27,162.36,994.5,44.9,34.69569597030841,82.98173160988586,55.21968737332196,53.72257803570619,83.74191835858494,0.0,0.0,0.0,0.0,0.0,0.0,0.0,0.0
2026-09-28 06:00:00,12,19,2026-10-05 06:00:00,7 days 00:00:00,168,9.75,162.45,1000.8,38.7,62.69923851444209,133.08728593515795,121.2297441099432,106.19747902286102,114.85549991647012,0.0,0.0,0.0,0.0,0.0,0.0,0.0,0.0
2026-09-28 06:00:00,12,19,2026-10-05 12:00:00,7 days 06:00:00,174,9.01,162.59,1004.2,36.9,85.19755433607733,41.40082106646989,37.13683814710642,36.252336122230346,85.19755433607733,0.0,0.0,0.0,0.0,0.0,0.0,0.0,0.0
2026-09-28 06:00:00,12,19,2026-10-05 18:00:00,7 days 12:00:00,180,9.48,162.42,995.8,40.5,45.98414772539022,155.7543860429936,139.7244765883583,130.15472059188474,139.75960113381848,0.0,0.0,0.0,0.0,0.0,0.0,0.0,0.0
2026-09-28 06:00:00,12,19,2026-10-06 00:00:00,7 days 18:00:00,186,9.91,162.04,1001.0,38.3,97.56472924584403,97.56472924584403,0.0,0.0,0.0,0.0,0.0,0.0,0.0,0.0,0.0,0.0,0.0
2026-09-28 06:00:00,12,19,2026-10-06 06:00:00,8 days 00:00:00,192,10.12,161.14,994.3,44.1,61.29756776466632,96.97436622304286,88.8839160168835,70.57322871122143,92.004203275508,0.0,0.0,0.0,0.0,0.0,0.0,0.0,0.0
2026-09-28 06:00:00,12,19,2026-10-06 12:00:00,8 days 06:00:00,198,10.17,160.72,996.1,53.2,93.54049077432352,93.54049077432352,47.66437639234158,93.54049077432352,45.541190436601326,93.54049077432352,0.0,0.0,0.0,0.0,0.0,0.0,0.0
2026-09-28 06:00:00,12,19,2026-10-06 18:00:00,8 days 12:00:00,204,11.01,160.52,985.2,63.0,24.26238999525229,186.91556110276173,167.9627573895455,173.16744143440246,184.6769305681381,50.15407847745539,39.01623872453936,29.42493081005815,36.06766105968465,0.0,0.0,0.0,0.0
2026-09-28 06:00:00,12,19,2026-10-07 00:00:00,8 days 18:00:00,210,12.07,160.02,987.8,60.7,87.37734865443117,174.57122969343138,164.96711913920734,113.3282723397145,131.15087355043184,87.37734865443117,4.269049495202963,0.0,3.6976445884124662,0.0,0.0,0.0,0.0
2026-09-28 06:00:00,12,19,2026-10-07 06:00:00,9 days 00:00:00,216,13.13,159.07,983.2,69.8,65.10725279634708,278.9094424170476,254.9523803033865,199.9195196602983,225.1198890314628,65.10725279634708,31.077456010536203,18.009528685570682,24.14337656816184,65.10725279634708,0.0,0.0,0.0
2026-09-28 06:00:00,12,19,2026-10-07 12:00:00,9 days 06:00:00,222,14.15,158.76,976.2,76.0,13.86051410469571,184.67870337008583,169.00200391269004,131.25838341791177,161.27145058110943,52.868973465433214,39.663339839718304,22.454839600043048,36.68829829590887,13.86051410469571,0.0,0.0,0.0
2026-09-28 06:00:00,12,19,2026-10-07 18:00:00,9 days 12:00:00,228,14.94,157.79,947.9,109.6,6.354822231528033,222.39642829474477,206.29472294171228,172.54182478411735,185.9657395262193,47.05886875762496,37.12112375369949,22.565733211066203,34.32778840258575,11.965788542909038,9.365855629115243,6.053606178828172,10.346406573536932
2026-09-28 06:00:00,12,19,2026-10-08 00:00:00,9 days 18:00:00,234,15.42,156.72,936.4,122.8,24.74349920629316,249.8922992489619,201.49387832502293,154.05555205267356,216.61944463927009,128.63330003401293,101.59635571086534,73.10286266182268,103.95589961391084,55.8541323890825,47.148133277758326,35.57284713612442,48.654323862903134
2026-09-28 06:00:00,12,19,2026-10-08 06:00:00,10 days 00:00:00,240,16.47,155.79,920.2,149.2,16.91456535326961,262.6958144877185,221.54587762252368,192.32545394272984,231.6631739329964,124.60860994844484,102.32955544803735,82.21130945548805,105.39997958244498,71.80946883720446,63.03249009968255,51.58928146176697,64.71520930915881
2026-09-28 06:00:00,12,19,2026-10-08 12:00:00,10 days 06:00:00,246,16.88,154.81,897.0,161.6,0.7010431846208185,207.90053981090372,183.01399367020767,177.87118965954627,216.9477888456052,99.786081539144,81.71532841441353,64.19038270015551,90.66086428046152,71.97967944194065,63.9796597404458,54.446450470767005,68.65455519483423
2026-09-28 06:00:00,12,19,2026-10-08 18:00:00,10 days 12:00:00,252,17.65,153.32,930.7,135.3,6.30624629701979,252.63420266329533,220.84680450766191,179.89160393169487,221.8313902987641,125.27085507966672,102.22596435564112,81.86638604157318,109.12684139675326,66.77029849768466,61.32806426368632,50.09952202743552,61.88813845294447
2026-09-28 06:00:00,12,19,2026-10-09 00:00:00,10 days 18:00:00,258,18.0,152.06,928.1,132.7,15.273437568005384,367.9690890394154,286.9548118650293,231.2117201747004,311.77160657601667,178.08166106440854,146.39815950553862,114.2572976797818,149.0218162199543,85.67309857305489,78.09382250632696,63.1053535968271,79.32971874175439
2026-09-28 06:00:00,12,19,2026-10-09 06:00:00,11 days 00:00:00,264,18.47,150.63,918.1,150.4,16.38018351411324,239.6799764676216,210.6313261947771,197.35688243126424,231.65647682228155,76.94697289311443,58.179015676629206,42.82525081580184,66.42500462917997,52.58503208501202,43.33808261564968,35.64333726030748,46.848345875407176
2026-09-28 06:00:00,12,19,2026-10-09 12:00:00,11 days 06:00:00,270,18.87,149.12,920.3,138.9,12.626792134459496,333.60279041359985,266.3415998759174,225.3391049383248,305.82122613848713,157.81996321446746,133.2779100677535,109.91310113522772,140.9618152166416,74.040844660233,66.44272708878668,54.47113054773819,69.27212893526564
2026-09-28 06:00:00,12,19,2026-10-09 18:00:00,11 days 12:00:00,276,18.86,147.62,931.5,132.3,11.480739818332369,211.97562290256317,157.91726788900564,164.75665248588805,209.6600735810604,104.63669637030893,85.5642441892158,69.14834567264825,91.2687366844327,64.52509598608681,55.31181038763199,47.17918536709165,58.55438923322888
2026-09-28 06:00:00,12,19,2026-10-10 00:00:00,11 days 18:00:00,282,19.36,146.48,948.8,108.7,9.949877450153604,217.4128356237437,167.13887008870665,139.92110945200244,197.1974119762193,106.11152050625932,78.49647881041889,60.255929846654354,87.84015689897544,49.76544188317625,40.80417838246696,32.759382862906406,43.673974828350765
2026-09-28 06:00:00,12,19,2026-10-10 06:00:00,12 days 00:00:00,288,19.63,145.54,931.2,128.2,5.636922085468541,361.4105345935095,279.50759397154616,279.54061880527297,349.7593922607921,209.9575966282828,190.71929043523775,172.48776937126604,198.3875236440581,110.77841203917706,106.4893579923355,92.61403090668864,104.25485166896216
2026-09-28 06:00:00,12,19,2026-10-10 12:00:00,12 days 06:00:00,294,19.64,144.73,964.9,85.0,32.73329111988161,296.1261752295154,279.0292752334974,247.99883315636487,272.0222995442444,113.66408878577776,107.79490518395492,88.13077289564917,102.77411759090978,39.12731360673122,35.49108297767436,29.0283006099494,33.87610495439483
2026-09-28 06:00:00,12,19,2026-10-10 18:00:00,12 days 12:00:00,300,20.03,143.75,979.9,69.7,51.6774903323285,253.4118789584913,227.830884843955,185.5065269487378,215.8666086793307,93.00990774196804,77.18613456831856,62.58963388522102,76.75082972336624,51.6774903323285,18.89424465393715,14.936302871008431,18.658407083913765
2026-09-28 06:00:00,12,19,2026-10-11 00:00:00,12 days 18:00:00,306,20.05,143.07,956.7,92.9,35.97195147171143,313.4637722983575,271.07710548206103,242.23632533120715,296.94844485642943,169.33007265885263,147.71803590537047,125.83911369204696,151.8663376806407,92.36686966937695,83.67739830554993,69.63572473252536,80.78472691279141
2026-09-28 06:00:00,12,19,2026-10-11 06:00:00,13 days 00:00:00,312,20.1,142.7,968.1,76.1,13.037399000395167,296.94662174952595,262.39306496480424,241.09299134499827,290.11143497477013,159.9866910201829,141.27447597166207,118.31541224171602,140.02905372362758,81.8436506713435,72.7501875081007,61.42390107405289,70.61491057969688
2026-09-28 06:00:00,12,19,2026-10-11 12:00:00,13 days 06:00:00,318,20.64,142.33,953.7,93.7,31.45990906485035,289.56709759901264,253.9179986070169,218.35070162254004,253.7668141450039,146.3613600156336,134.98229843563854,113.86317683489412,132.6926281597147,96.5623963520901,88.60582584000113,72.94842673566961,83.76170480756326
2026-09-28 06:00:00,12,19,2026-10-11 18:00:00,13 days 12:00:00,324,21.2,142.27,955.5,90.4,42.97117530497479,218.95522263186808,228.4613744456265,185.54805407599545,178.08502825793676,102.78126040361916,104.71991197611226,87.77552880584483,92.12566700245384,77.52060314965149,74.5320143100572,62.07416358888645,67.53810909943616
2026-09-28 06:00:00,12,19,2026-10-12 00:00:00,13 days 18:00:00,330,21.42,142.15,955.8,100.5,54.144978982723615,294.95909480134367,304.11863272223115,230.89286301559008,256.0702117314196,130.83944195146432,133.69100381720529,107.39075192708276,118.22682681011472,97.807498402879,94.80727606015944,78.10114781782325,83.93384890837578
2026-09-28 06:00:00,12,19,2026-10-12 06:00:00,14 days 00:00:00,336,22.32,141.74,948.2,97.7,52.128184585254814,349.2804504048163,365.0547027643629,307.1769909112664,270.63078019639715,71.27755530785328,83.74422092191264,64.7161189104886,63.40231114124151,11.226492250374076,52.128184585254814,10.529471454478632,8.718542441423317
2026-09-28 06:00:00,12,19,2026-10-12 12:00:00,14 days 06:00:00,342,23.04,142.07,939.6,118.9,6.088348391994714,347.4300435129044,346.1026993567375,275.57048945740644,301.4638526599865,92.93621471622008,100.53721496004071,71.43868544877046,74.54682294179474,25.010662071879157,23.65033499858441,19.42824104879662,21.980449203009076
2026-09-28 06:00:00,12,19,2026-10-12 18:00:00,14 days 12:00:00,348,23.53,142.04,947.6,106.4,20.28271293951903,224.7996193472933,260.46767822023924,248.3270320373504,199.81353866378103,5.978321754868024,20.28271293951903,8.862100095093513,3.741254436970068,0.0,20.28271293951903,0.0,0.0
2026-09-28 06:00:00,12,19,2026-10-13 00:00:00,14 days 18:00:00,354,24.03,142.27,960.3,97.8,6.603122907666659,281.49835377433374,298.21389275191405,264.78954519448075,251.6463414777063,135.05226520261442,142.40066677509537,109.30529999932963,108.33648063916796,50.75324008934291,48.11409457856547,39.91097547837961,41.911815954919405
2026-09-28 06:00:00,12,19,2026-10-13 06:00:00,15 days 00:00:00,360,24.26,142.19,943.7,105.4,12.713333181455424,342.79698422549427,311.65334583210006,298.2194474031671,319.99552592711825,192.03167811254275,192.96989338389065,164.556583321257,170.23556707051034,110.02508808003644,106.37108416601644,90.74546944773078,97.30786041227292
2026-09-28 06:00:00,15,19,2026-10-05 12:00:00,7 days 06:00:00,174,12.5,-94.01,1005.0,28.2,75.39661156895802,0.0,0.0,0.0,0.0,0.0,0.0,0.0,0.0,0.0,0.0,0.0,0.0
2026-09-28 06:00:00,15,19,2026-10-05 18:00:00,7 days 12:00:00,180,13.06,-94.59,996.4,53.0,58.44452615543598,85.19908811021186,68.09208128697745,42.42769105480174,67.1743879446585,58.44452615543598,0.0,0.0,0.0,0.0,0.0,0.0,0.0
2026-09-28 06:00:00,15,19,2026-10-06 00:00:00,7 days 18:00:00,186,11.88,-95.86,1004.0,27.7,117.9316001484627,0.0,0.0,0.0,0.0,0.0,0.0,0.0,0.0,0.0,0.0,0.0,0.0
2026-09-28 06:00:00,15,19,2026-10-06 06:00:00,8 days 00:00:00,192,11.89,-96.52,994.0,39.3,54.94743330101282,54.94743330101282,0.0,0.0,10.148658058384193,0.0,0.0,0.0,0.0,0.0,0.0,0.0,0.0
2026-09-28 06:00:00,15,19,2026-10-06 12:00:00,8 days 06:00:00,198,12.1,-97.73,1003.4,37.5,109.08355600287828,109.08355600287828,51.6874156376902,42.54805182783121,61.33369757354343,0.0,0.0,0.0,0.0,0.0,0.0,0.0,0.0
2026-09-28 06:00:00,15,19,2026-10-06 18:00:00,8 days 12:00:00,204,12.7,-98.64,1002.2,47.1,86.93667865482168,227.0487646197357,191.14106607617,162.7927922513545,203.5770528279602,0.0,0.0,0.0,0.0,0.0,0.0,0.0,0.0
2026-09-28 06:00:00,15,19,2026-10-07 00:00:00,8 days 18:00:00,210,13.52,-99.42,991.1,55.3,56.35653857835395,143.03045165112434,125.20006553355348,89.92340239558162,122.1724732154064,56.35653857835395,8.140073440208084,3.986114467397466,8.58079137218273,0.0,0.0,0.0,0.0
2026-09-28 06:00:00,15,19,2026-10-07 06:00:00,9 days 00:00:00,216,13.43,-100.74,989.9,63.0,49.22405302277336,155.32739025678927,123.09859426701053,92.30451606045656,137.47447339163108,53.39071677816531,39.22521466935897,25.61879595112305,34.79320940218242,0.0,0.0,0.0,0.0
2026-09-28 06:00:00,15,19,2026-10-07 12:00:00,9 days 06:00:00,222,14.03,-101.81,956.0,105.7,3.911621409836151,114.0303306735959,97.9218336446937,87.10888580921775,106.82055865476622,3.911621409836151,0.0,0.0,0.0,3.911621409836151,0.0,0.0,0.0
2026-09-28 06:00:00,15,19,2026-10-07 18:00:00,9 days 12:00:00,228,14.34,-102.95,983.1,73.0,59.13042871043701,247.5951832554272,211.0699614895888,180.136962790349,224.41980627222983,128.7337894606307,111.7452762408648,89.27657292762552,106.7924719359644,59.13042871043701,42.542507843854985,35.306168045326146,40.63855149652439
2026-09-28 06:00:00,15,19,2026-10-08 00:00:00,9 days 18:00:00,234,14.57,-103.81,960.3,94.4,20.54453518611449,201.0974382660225,165.75762750622596,137.75020195070465,185.97926874608527,106.5158237117935,85.02030644244158,65.6023322286396,87.37390261526396,51.129817316224745,43.74252805880735,37.04743787412145,43.946008804029205
2026-09-28 06:00:00,15,19,2026-10-08 06:00:00,10 days 00:00:00,240,14.58,-104.75,939.9,121.1,56.41138757164106,344.9142271260416,265.6161570582649,232.41590544060364,316.12585331708215,61.65482175488273,44.69777120614998,30.33587178378241,51.7009417433585,56.41138757164106,5.835632989707918,3.0857520389767643,8.57519295796655
2026-09-28 06:00:00,15,19,2026-10-08 12:00:00,10 days 06:00:00,246,14.96,-105.48,935.2,126.5,22.51797176919547,164.84911804677802,126.40329027701016,112.23812222643345,158.07413391156751,78.11781643539379,58.38223864709782,43.63737112530184,70.2884865022044,52.53320833539045,44.09581974107406,36.30152640518603,47.16775786499512
2026-09-28 06:00:00,15,19,2026-10-08 18:00:00,10 days 12:00:00,252,15.35,-105.89,942.5,121.8,20.18244368388628,159.61204578098912,142.6259125697453,115.63577964343918,143.99257128507352,65.97745698139502,53.49889382895947,36.25379219284325,52.09602261696945,41.39014496341549,34.4374291679442,27.241309446084944,35.97811521196628
2026-09-28 06:00:00,15,19,2026-10-09 00:00:00,10 days 18:00:00,258,16.19,-106.61,953.0,104.3,18.732983891794795,209.53251788025625,185.9560711846653,137.21867812665718,172.03697439264027,107.359568883865,84.05419213585515,58.65921594876059,85.84543009071268,48.61798051793092,41.67978603438303,31.743647611367688,42.76121852932797
2026-09-28 06:00:00,15,19,2026-10-09 06:00:00,11 days 00:00:00,264,16.8,-106.99,937.9,127.5,0.0,224.23065445075608,209.46820846090964,144.15291772003226,173.11199496053803,48.14085807604815,37.25584214774947,17.63325080627026,30.97703694273196,12.83488615520623,9.85319271285186,3.3021635401612977,8.38722734399013
2026-09-28 06:00:00,15,19,2026-10-09 12:00:00,11 days 06:00:00,270,17.37,-107.36,940.0,122.7,17.90698621718417,255.13035166728756,229.30401247744885,152.5080474964817,207.82058618115184,111.28518345937503,91.5004238753105,61.26883622543181,82.6801357061762,48.29106712860116,40.35992595600629,32.18384592934795,40.66795078198635
2026-09-28 06:00:00,15,19,2026-10-09 18:00:00,11 days 12:00:00,276,18.42,-108.05,953.3,118.8,20.643051146466973,169.610320331234,143.5648948787254,109.22607809370648,148.16486043387607,80.64840922733816,61.243797729997794,42.79363433882386,63.12695609903323,39.80136012368361,32.455271924945336,25.494497307607936,33.19343106079543
2026-09-28 06:00:00,15,19,2026-10-10 00:00:00,11 days 18:00:00,282,18.88,-108.43,942.2,118.3,21.965511417277217,208.17465903159237,187.71870588512596,157.39856858248731,190.3200934186724,88.56644283189664,66.96730024331603,50.19296592269626,70.25635825648641,51.46936153933561,43.41709330178833,35.64245436965609,45.41749910569538
2026-09-28 06:00:00,15,19,2026-10-10 06:00:00,12 days 00:00:00,288,19.0,-109.36,940.4,126.5,25.833601416055863,216.91461440843588,187.99230788258052,158.8834983956272,194.71744521430392,76.05222598178017,65.08911642499359,53.46709064971521,68.24797989971849,30.3183230746584,24.7363539445118,19.325201262458226,28.992425492070037
2026-09-28 06:00:00,15,19,2026-10-10 12:00:00,12 days 06:00:00,294,20.03,-109.51,975.6,71.7,28.847877996743144,230.05699229381045,218.9921886880013,153.45609169888053,192.1884823248988,97.47175408766395,87.01326182734226,65.12503824541835,77.615937232778,28.847877996743144,18.227292503298848,13.459901748223857,15.575107992613937
2026-09-28 06:00:00,15,19,2026-10-10 18:00:00,12 days 12:00:00,300,20.19,-110.18,961.3,98.7,44.47312844156609,256.48857956865527,229.3245221931882,172.63863770117192,210.0865315115957,100.34087064862948,91.13666096256672,71.14960077717272,87.4542219430318,68.8654607912836,61.97213262631442,50.79504386240436,58.223756938619374
2026-09-28 06:00:00,15,19,2026-10-11 00:00:00,12 days 18:00:00,306,20.32,-110.67,942.4,122.0,25.873683299069533,273.42550919351663,243.41988711299305,196.30498269129208,243.10195178661667,37.03215257068971,25.180426649874555,13.414827578159988,29.085349816613288,25.873683299069533,0.1332210382557268,0.0,1.4056762565379657
2026-09-28 06:00:00,15,19,2026-10-11 06:00:00,13 days 00:00:00,312,20.66,-110.93,964.4,94.7,12.512543239099626,188.0200952786389,186.37377988180864,145.53711315737016,162.94273508307302,89.90801937527587,79.12250881918125,59.20977242787919,74.8255281489229,46.346687876158434,42.18620030728856,32.85753818048513,39.06707368623521
2026-09-28 06:00:00,15,19,2026-10-11 12:00:00,13 days 06:00:00,318,21.12,-111.5,971.1,77.8,26.8968981535887,259.9998492946014,235.1275014994472,174.90754482068326,216.88565988529348,115.26819473016872,94.90551040907776,67.72289197203287,87.87446116848257,34.67603513281436,30.171146121359776,22.46159289407916,28.441958170742577
2026-09-28 06:00:00,15,19,2026-10-11 18:00:00,13 days 12:00:00,324,21.62,-111.97,980.3,68.7,35.666242546998845,259.9907662098074,227.91580569570985,175.7071897832284,226.90904468409587,122.51900067842509,105.97414558501704,76.42629351152695,94.81869154890596,35.666242546998845,6.253095698971137,2.363685088047934,5.763531633156791
2026-09-28 06:00:00,15,19,2026-10-12 00:00:00,13 days 18:00:00,330,22.06,-112.63,972.0,82.3,59.237327987765326,284.1321920669707,226.1290150998604,173.6987302133822,245.86904255898224,143.83967382061653,114.79606011839071,90.22559252892648,126.69772923969651,82.74949976537357,73.2186409438791,59.49094741019297,72.50658851294942
2026-09-28 06:00:00,15,19,2026-10-12 06:00:00,14 days 00:00:00,336,22.27,-113.21,980.6,68.1,39.385762155597256,176.35100078581468,138.8054333523541,104.9458016491264,163.50854339699856,80.70017913761905,57.84597617750608,43.26787950949025,69.20791563746752,39.385762155597256,29.09506969237718,22.636970446413343,29.15721949448089
2026-09-28 06:00:00,15,19,2026-10-12 12:00:00,14 days 06:00:00,342,22.59,-113.64,981.4,65.6,25.297827440896945,221.0438883604537,173.54371298016582,128.2807257013507,194.98810516788967,80.31541617730703,57.138500795999406,35.765088589497246,58.796045556353846,25.297827440896945,0.0,0.0,1.8986035044153176
2026-09-28 06:00:00,15,19,2026-10-12 18:00:00,14 days 12:00:00,348,23.02,-114.18,994.4,49.3,99.81888172163508,270.9781705048481,265.9163964631971,211.1046790317341,221.15862771612592,0.0,0.0,0.0,0.0,0.0,0.0,0.0,0.0
2026-09-28 06:00:00,15,19,2026-10-13 00:00:00,14 days 18:00:00,354,23.35,-114.39,986.3,60.2,31.824728338514618,168.9531514489458,165.35378412516994,114.20564213731984,131.98739702886414,67.2002695165568,57.955008776831306,37.49758022022223,49.0791301167169,0.0,0.0,0.0,0.0
2026-09-28 06:00:00,15,19,2026-10-13 06:00:00,15 days 00:00:00,360,24.06,-114.55,986.3,49.8,59.48517625669707,198.31632793428423,174.97814230282944,133.7611063252889,153.82907666284962,0.0,0.0,0.0,0.0,0.0,0.0,0.0,0.0
2026-09-28 06:00:00,3,19,2026-09-29 06:00:00,1 days 00:00:00,24,15.73,153.64,1005.7,22.3,141.9353556809944,0.0,0.0,0.0,0.0,0.0,0.0,0.0,0.0,0.0,0.0,0.0,0.0
2026-09-28 06:00:00,3,19,2026-09-29 12:00:00,1 days 06:00:00,30,15.5,154.32,1009.8,12.6,66.23593629643803,0.0,0.0,0.0,0.0,0.0,0.0,0.0,0.0,0.0,0.0,0.0,0.0
2026-09-28 06:00:00,3,19,2026-09-29 18:00:00,1 days 12:00:00,36,15.43,153.01,1008.7,15.1,75.63221236968266,0.0,0.0,0.0,0.0,0.0,0.0,0.0,0.0,0.0,0.0,0.0,0.0
2026-09-28 06:00:00,3,19,2026-09-30 00:00:00,1 days 18:00:00,42,15.17,152.29,1003.8,21.7,141.65982104352796,0.0,0.0,0.0,0.0,0.0,0.0,0.0,0.0,0.0,0.0,0.0,0.0
2026-09-28 06:00:00,3,19,2026-09-30 06:00:00,2 days 00:00:00,48,15.43,151.29,1003.2,16.5,91.85281170657323,0.0,0.0,0.0,0.0,0.0,0.0,0.0,0.0,0.0,0.0,0.0,0.0
2026-09-28 06:00:00,3,19,2026-09-30 12:00:00,2 days 06:00:00,54,15.53,149.68,1003.0,24.7,104.8255816322049,0.0,0.0,0.0,0.0,0.0,0.0,0.0,0.0,0.0,0.0,0.0,0.0
2026-09-28 06:00:00,3,19,2026-09-30 18:00:00,2 days 12:00:00,60,15.78,147.91,999.5,32.5,83.9257220379755,0.0,0.0,0.0,0.0,0.0,0.0,0.0,0.0,0.0,0.0,0.0,0.0
2026-09-28 06:00:00,3,19,2026-10-01 00:00:00,2 days 18:00:00,66,16.32,147.52,997.0,41.5,64.17650783550144,64.73995481586779,45.09517161789585,48.1223341572734,65.56762734883428,0.0,0.0,0.0,0.0,0.0,0.0,0.0,0.0
2026-09-28 06:00:00,3,19,2026-10-01 06:00:00,3 days 00:00:00,72,16.99,146.27,994.3,49.0,63.413901755051285,134.6101892200045,106.5358009487009,97.20068102896894,116.0896536098883,0.0,0.0,0.0,0.0,0.0,0.0,0.0,0.0
2026-09-28 06:00:00,3,19,2026-10-01 12:00:00,3 days 06:00:00,78,16.59,145.6,999.8,25.0,83.07515621793661,0.0,0.0,0.0,0.0,0.0,0.0,0.0,0.0,0.0,0.0,0.0,0.0
2026-09-28 06:00:00,3,19,2026-10-01 18:00:00,3 days 12:00:00,84,16.55,145.01,998.6,35.2,99.30524241495236,99.30524241495236,0.0,0.0,0.0,0.0,0.0,0.0,0.0,0.0,0.0,0.0,0.0
2026-09-28 06:00:00,3,19,2026-10-02 00:00:00,3 days 18:00:00,90,17.03,143.86,995.7,51.3,121.45547620085787,305.37279845077205,281.0985000711331,268.2925292283594,274.8583280863736,121.45547620085787,10.54751121296534,8.030069149400076,11.248868828043916,0.0,0.0,0.0,0.0
2026-09-28 06:00:00,3,19,2026-10-02 06:00:00,4 days 00:00:00,96,17.46,143.6,991.5,46.7,85.16650550550618,239.90008615749323,227.4115007627824,180.61320124457148,198.54118834771208,0.0,0.0,0.0,0.0,0.0,0.0,0.0,0.0
2026-09-28 06:00:00,3,19,2026-10-02 12:00:00,4 days 06:00:00,102,17.74,143.46,990.6,47.3,123.3962130683292,209.8892109463602,198.0460651442976,159.56147605843967,173.36801272486468,0.0,0.0,0.0,0.0,0.0,0.0,0.0,0.0
2026-09-28 06:00:00,3,19,2026-10-02 18:00:00,4 days 12:00:00,108,18.51,143.06,988.1,52.6,81.92090215487906,342.5449517889174,299.2837874012912,230.69449396961227,285.22394057207475,92.82280206749556,74.59465095364658,53.56900949817373,65.18571314337828,0.0,0.0,0.0,0.0
2026-09-28 06:00:00,3,19,2026-10-03 00:00:00,4 days 18:00:00,114,18.88,143.03,966.1,72.0,68.5056881770696,455.32234558795926,415.53542798731496,373.1243251623729,406.58111956941167,249.9523089771589,245.09884239182372,214.2212395427416,214.58332750571716,48.49340957859769,68.5056881770696,45.16832085404193,44.00927187449591
2026-09-28 06:00:00,3,19,2026-10-03 06:00:00,5 days 00:00:00,120,18.9,142.69,977.9,65.4,76.57772046181447,359.8989591443458,357.0265906912232,309.85594682084604,301.1130267539643,76.57772046181447,76.57772046181447,37.77155229794285,36.96449730879927,76.57772046181447,0.0,0.0,0.0
2026-09-28 06:00:00,3,19,2026-10-03 12:00:00,5 days 06:00:00,126,19.15,142.67,967.3,72.6,57.65082424789448,278.3430848834374,301.169005226818,271.131832862337,246.3356614157446,180.5451948611702,189.1473841514445,170.77557473031808,164.65345743088793,94.65050408860758,93.467383850653,79.58091900988066,81.51724510553947
2026-09-28 06:00:00,3,19,2026-10-03 18:00:00,5 days 12:00:00,132,19.29,143.13,969.7,80.8,93.661920481017,516.5982399717,553.6715335214133,476.4087912467319,456.4304541714996,321.6119256582813,336.5041918556499,300.2967204426336,288.9386763689191,162.34219104815634,165.949627592505,142.23816341946457,142.49220318455656
2026-09-28 06:00:00,3,19,2026-10-04 00:00:00,5 days 18:00:00,138,20.11,143.41,950.4,104.8,37.68193858927222,357.49327932443737,380.791336434135,334.55768889671185,286.8242187038786,144.83463920909423,159.3348431573952,134.88909152214177,122.90752502174188,49.403706066287626,52.493801975916455,43.97712830211988,42.782206635000136
2026-09-28 06:00:00,3,19,2026-10-04 06:00:00,6 days 00:00:00,144,20.99,143.82,935.9,115.0,33.084055801207455,333.8965450300393,351.22745429390807,305.4214225899409,289.41667834867485,157.55684348825685,175.49792365983535,154.13478808542027,142.42249283037972,67.06118852045677,78.62941691109836,66.99876753490247,64.02329198578502
2026-09-28 06:00:00,3,19,2026-10-04 12:00:00,6 days 06:00:00,150,21.45,143.88,967.2,72.9,80.37616955954218,457.6381651554693,487.262743620624,424.58602089415945,390.18947467242833,54.53579804480978,80.37616955954218,80.37616955954218,42.51206182538954,0.0,0.2307951546102913,80.37616955954218,0.0
2026-09-28 06:00:00,3,19,2026-10-04 18:00:00,6 days 12:00:00,156,22.61,144.19,967.8,75.2,125.35166378700868,679.5801465036583,682.2820011489704,583.691357249946,594.0338626774352,401.19041578523934,407.6062431154552,350.8217921663626,338.8498173939981,119.7047746332008,125.35166378700868,107.08647540657368,105.94710583630604
2026-09-28 06:00:00,3,19,2026-10-05 00:00:00,6 days 18:00:00,162,23.34,144.23,962.4,83.8,79.20472667537928,457.7541973301248,466.7840852601606,424.4644307338791,392.125161681597,261.8433272655409,277.2423423420041,254.3649380351527,241.40973016227747,140.35089103918392,142.41674254520785,123.3514647708386,123.05432801600088
2026-09-28 06:00:00,3,19,2026-10-05 06:00:00,7 days 00:00:00,168,24.2,144.78,960.2,83.6,78.08873529277759,591.0190055550524,608.3966792962702,548.6129508463182,509.052685691841,192.43255075462423,206.95921775549988,167.09358776590202,154.05173983309692,1.2642164591474612,78.08873529277759,2.53988491547142,0.0
2026-09-28 06:00:00,3,19,2026-10-05 12:00:00,7 days 06:00:00,174,25.23,144.93,959.0,87.5,62.263306118579294,587.3464454257872,578.4865408703514,537.3925257178695,536.5225853719905,355.5549465924726,360.4669738385329,326.5087825362672,326.0371042781858,208.2866440925321,212.5055506369879,180.44215468912,183.9468313465021
2026-09-28 06:00:00,3,19,2026-10-05 18:00:00,7 days 12:00:00,180,26.46,145.38,963.8,74.2,57.05243511563658,513.8491664953195,517.0629937573083,455.1194888789741,444.0693472341188,291.80925305517366,304.83113100311374,261.3088731838924,253.39748323490585,105.28849207723697,108.4666438541239,91.5259321174782,90.61666217578644
2026-09-28 06:00:00,3,19,2026-10-06 00:00:00,7 days 18:00:00,186,27.89,146.0,968.3,70.6,137.2963362842965,628.3789998821994,639.8518103324011,556.8339468107708,545.5676587242524,394.7845689149455,406.27302643268,355.0472398248289,352.0438965521853,182.77657486333584,190.2704325871288,159.6826853938117,162.10786790934134
2026-09-28 06:00:00,3,19,2026-10-06 06:00:00,8 days 00:00:00,192,29.5,146.28,968.2,67.3,16.513172561333775,412.6628527373921,440.4308578322368,385.9417335077482,353.2698384357477,199.3098959936461,208.3843220068015,169.15629052537858,158.99514577388146,8.258485072275361,16.513172561333775,7.938468996151474,6.99864592031898
2026-09-28 06:00:00,3,19,2026-10-06 12:00:00,8 days 06:00:00,198,31.54,147.45,969.8,61.6,83.01137823099666,377.415278406687,389.8044103733884,325.6615746487869,290.3297982548765,138.06619149219716,142.47580391500617,110.07302090665212,101.07634242549275,0.0,0.0,0.0,0.0
2026-09-28 06:00:00,3,19,2026-10-06 18:00:00,8 days 12:00:00,204,33.98,149.79,975.6,60.3,72.5112226575522,436.3297645460832,470.65023319307824,383.8938843632349,351.68542643267494,218.26785477457625,222.4135590599651,174.33074869225155,168.70943800316587,0.0,0.0,0.0,0.0
2026-09-28 06:00:00,3,19,2026-10-07 00:00:00,8 days 18:00:00,210,36.64,152.13,974.2,54.3,139.1262881883506,317.3386632998777,353.8236731415491,262.92268803830666,233.66780626997436,115.14150876443318,139.1262881883506,91.41837910468472,83.99590716046032,0.0,0.0,0.0,0.0
2026-09-28 06:00:00,3,19,2026-10-07 06:00:00,9 days 00:00:00,216,40.36,156.63,969.0,57.6,137.47067674515964,583.0708660776296,668.6131647881373,550.1777743622928,494.5407716216496,297.4395875265845,320.9454490859431,259.1208396507203,240.32084456523023,0.0,0.0,0.0,0.0
2026-09-28 06:00:00,3,19,2026-10-07 12:00:00,9 days 06:00:00,222,44.12,159.77,966.6,63.5,101.78795550813084,186.0560395386442,236.1814426748506,192.10140114838487,125.07511016853891,26.12088037741768,101.78795550813084,23.66498645965737,18.214692079603736,0.0,0.0,0.0,0.0
2026-09-28 06:00:00,3,19,2026-10-07 18:00:00,9 days 12:00:00,228,48.15,163.86,956.1,54.3,122.73510195256722,25.09879947588422,122.73510195256722,67.53380844182104,14.235670642904452,4.245051894224943,122.73510195256722,2.822503683674153,3.3761177728203933,0.0,0.0,0.0,0.0
2026-09-28 06:00:00,AL062026,19,2026-09-28 06:00:00,0 days 00:00:00,0,28.3,-43.8,1012.0,25.0,56.0,0.0,0.0,0.0,0.0,0.0,0.0,0.0,0.0,0.0,0.0,0.0,0.0
2026-09-28 06:00:00,AL062026,19,2026-09-28 12:00:00,0 days 06:00:00,6,27.29,-44.73,1009.5,29.8,102.80527801768288,0.0,0.0,0.0,0.0,0.0,0.0,0.0,0.0,0.0,0.0,0.0,0.0
2026-09-28 06:00:00,AL062026,19,2026-09-28 18:00:00,0 days 12:00:00,12,26.84,-45.09,1007.2,30.1,140.5190609402771,0.0,0.0,0.0,0.0,0.0,0.0,0.0,0.0,0.0,0.0,0.0,0.0
2026-09-28 06:00:00,AL062026,19,2026-09-29 00:00:00,0 days 18:00:00,18,26.06,-45.67,1009.8,29.7,91.68113425871432,0.0,0.0,0.0,0.0,0.0,0.0,0.0,0.0,0.0,0.0,0.0,0.0
2026-09-28 06:00:00,AL062026,19,2026-09-29 06:00:00,1 days 00:00:00,24,25.44,-46.69,1010.6,32.9,147.73719524177835,0.0,0.0,0.0,0.0,0.0,0.0,0.0,0.0,0.0,0.0,0.0,0.0
2026-09-28 06:00:00,AL062026,19,2026-09-29 12:00:00,1 days 06:00:00,30,24.69,-48.1,1012.1,27.6,74.15879648007608,0.0,0.0,0.0,0.0,0.0,0.0,0.0,0.0,0.0,0.0,0.0,0.0
2026-09-28 06:00:00,AL062026,19,2026-09-29 18:00:00,1 days 12:00:00,36,24.28,-48.45,1012.5,25.7,101.93199261440408,0.0,0.0,0.0,0.0,0.0,0.0,0.0,0.0,0.0,0.0,0.0,0.0
2026-09-28 06:00:00,AL912026(2),19,2026-09-28 06:00:00,0 days 00:00:00,0,36.3,-53.1,1013.0,29.0,148.0,0.0,0.0,0.0,0.0,0.0,0.0,0.0,0.0,0.0,0.0,0.0,0.0
2026-09-28 06:00:00,AL912026(2),19,2026-09-28 12:00:00,0 days 06:00:00,6,36.54,-51.25,1005.9,38.4,73.98853652811977,56.5986770216291,73.98853652811977,23.457631870275463,35.26963348831259,0.0,0.0,0.0,0.0,0.0,0.0,0.0,0.0
2026-09-28 06:00:00,AL912026(2),19,2026-09-28 18:00:00,0 days 12:00:00,12,36.45,-49.53,1003.5,37.6,97.28623881250984,114.63340723122906,122.12943077889486,79.35722819479838,99.1286590575711,0.0,0.0,0.0,0.0,0.0,0.0,0.0,0.0
2026-09-28 06:00:00,AL912026(2),19,2026-09-29 00:00:00,0 days 18:00:00,18,35.95,-47.59,1007.0,42.3,82.9220970810884,23.41156783851693,82.9220970810884,12.465299958807464,15.363124454574972,0.0,0.0,0.0,0.0,0.0,0.0,0.0,0.0
2026-09-28 06:00:00,AL912026(2),19,2026-09-29 06:00:00,1 days 00:00:00,24,35.14,-46.27,1002.7,43.7,81.44944012832201,228.51873291547335,218.05871799699597,167.33038520749142,194.04952825653996,0.0,0.0,0.0,0.0,0.0,0.0,0.0,0.0
2026-09-28 06:00:00,AL912026(2),19,2026-09-29 12:00:00,1 days 06:00:00,30,34.89,-44.87,996.2,49.6,53.98699657054763,110.6735151176128,97.74832053963304,67.00049391763446,97.40668976484176,0.0,0.0,0.0,0.0,0.0,0.0,0.0,0.0
2026-09-28 06:00:00,AL912026(2),19,2026-09-29 18:00:00,1 days 12:00:00,36,34.58,-43.43,1001.3,44.6,74.16876957947515,148.1548672671651,138.16061797583495,91.13567989959678,131.25017703691162,0.0,0.0,0.0,0.0,0.0,0.0,0.0,0.0
2026-09-28 06:00:00,AL912026(2),19,2026-09-30 00:00:00,1 days 18:00:00,42,33.89,-42.34,999.6,50.5,91.98821955917094,195.13454038011676,181.78049324519336,128.59077444286208,164.55016264494566,91.98821955917094,5.59169372252002,3.9522837745115567,5.067480876188782,0.0,0.0,0.0,0.0
2026-09-28 06:00:00,AL912026(2),19,2026-09-30 06:00:00,2 days 00:00:00,48,34.14,-41.68,992.1,54.5,15.291735763272811,105.00111493890851,110.1403260987966,95.32766544974226,96.4908273706829,33.016342547721365,29.67834886805008,21.49184596446497,23.9477532070014,0.0,0.0,0.0,0.0
2026-09-28 06:00:00,AL912026(2),19,2026-09-30 12:00:00,2 days 06:00:00,54,34.23,-41.47,1004.0,42.8,105.24501241664228,210.15284342958037,213.12092535730935,148.30744847994845,177.59102817916505,0.0,0.0,0.0,0.0,0.0,0.0,0.0,0.0
2026-09-28 06:00:00,AL912026(2),19,2026-09-30 18:00:00,2 days 12:00:00,60,34.22,-41.17,1001.0,42.0,57.170296093296585,14.571989156507207,57.170296093296585,0.0,2.8231192454524674,0.0,0.0,0.0,0.0,0.0,0.0,0.0,0.0
2026-09-28 06:00:00,AL912026(2),19,2026-10-01 00:00:00,2 days 18:00:00,66,34.38,-40.73,1003.6,37.5,128.67762574445442,128.67762574445442,66.77548552469398,40.11095439478595,60.853656433459946,0.0,0.0,0.0,0.0,0.0,0.0,0.0,0.0
2026-09-28 06:00:00,AL912026(2),19,2026-10-01 06:00:00,3 days 00:00:00,72,34.93,-39.82,1002.6,42.1,158.71044490952545,167.04932567746914,156.00585814727083,96.17607935867328,132.3277308237955,0.0,0.0,0.0,0.0,0.0,0.0,0.0,0.0
2026-09-28 06:00:00,AL912026(2),19,2026-10-01 12:00:00,3 days 06:00:00,78,35.62,-38.9,1007.0,35.2,72.13234257594377,0.0,72.13234257594377,0.0,0.0,0.0,0.0,0.0,0.0,0.0,0.0,0.0,0.0
2026-09-28 06:00:00,AL912026(2),19,2026-10-01 18:00:00,3 days 12:00:00,84,36.2,-38.05,1005.6,33.8,125.79303137279749,0.0,0.0,0.0,0.0,0.0,0.0,0.0,0.0,0.0,0.0,0.0,0.0
2026-09-28 06:00:00,AL912026(2),19,2026-10-02 00:00:00,3 days 18:00:00,90,36.88,-36.67,1003.4,36.2,182.90644467994343,182.90644467994343,146.82825322880444,91.8758751297089,126.2694973206394,0.0,0.0,0.0,0.0,0.0,0.0,0.0,0.0
2026-09-28 06:00:00,AL912026(2),19,2026-10-02 06:00:00,4 days 00:00:00,96,37.4,-34.93,1004.2,37.2,63.82414616780888,14.992225924537088,63.82414616780888,4.800700859458935,6.202029022128649,0.0,0.0,0.0,0.0,0.0,0.0,0.0,0.0
2026-09-28 06:00:00,AL912026(2),19,2026-10-02 12:00:00,4 days 06:00:00,102,37.7,-33.65,1005.3,32.4,129.51439811421514,0.0,0.0,0.0,0.0,0.0,0.0,0.0,0.0,0.0,0.0,0.0,0.0
2026-09-28 06:00:00,AL912026(2),19,2026-10-02 18:00:00,4 days 12:00:00,108,38.03,-32.06,1010.0,35.8,124.90353737517516,68.45046746625893,124.90353737517516,34.338640645649605,40.24515084372917,0.0,0.0,0.0,0.0,0.0,0.0,0.0,0.0
2026-09-28 06:00:00,AL912026(2),19,2026-10-03 00:00:00,4 days 18:00:00,114,38.67,-30.13,1008.6,36.6,49.207825608647816,4.929437616096543,49.207825608647816,2.172284116669566,1.8057351681341487,0.0,0.0,0.0,0.0,0.0,0.0,0.0,0.0
2026-09-28 06:00:00,AL912026(2),19,2026-10-03 06:00:00,5 days 00:00:00,120,38.75,-29.08,1011.0,29.3,90.86776438094994,0.0,0.0,0.0,0.0,0.0,0.0,0.0,0.0,0.0,0.0,0.0,0.0
2026-09-28 06:00:00,AL912026(2),19,2026-10-03 12:00:00,5 days 06:00:00,126,38.79,-27.87,1012.0,26.8,153.21147944768018,0.0,0.0,0.0,0.0,0.0,0.0,0.0,0.0,0.0,0.0,0.0,0.0
2026-09-28 06:00:00,AL912026(2),19,2026-10-03 18:00:00,5 days 12:00:00,132,39.12,-26.29,1011.9,31.3,141.4000770581253,0.0,0.0,0.0,0.0,0.0,0.0,0.0,0.0,0.0,0.0,0.0,0.0
2026-09-28 06:00:00,AL912026(2),19,2026-10-04 00:00:00,5 days 18:00:00,138,39.89,-26.22,1014.4,35.4,49.70471094507144,49.70471094507144,1.4107046541709138,0.0,0.0,0.0,0.0,0.0,0.0,0.0,0.0,0.0,0.0
2026-09-28 06:00:00,AL912026(2),19,2026-10-04 06:00:00,6 days 00:00:00,144,39.36,-26.38,1008.5,32.7,121.93166732451256,0.0,0.0,0.0,0.0,0.0,0.0,0.0,0.0,0.0,0.0,0.0,0.0
2026-09-28 06:00:00,AL912026(2),19,2026-10-04 12:00:00,6 days 06:00:00,150,39.9,-27.38,1009.9,30.3,87.4784770325487,0.0,0.0,0.0,0.0,0.0,0.0,0.0,0.0,0.0,0.0,0.0,0.0
2026-09-28 06:00:00,AL912026(2),19,2026-10-04 18:00:00,6 days 12:00:00,156,39.53,-27.6,1008.9,25.7,88.01425807196355,0.0,0.0,0.0,0.0,0.0,0.0,0.0,0.0,0.0,0.0,0.0,0.0
2026-09-28 06:00:00,AL912026(2),19,2026-10-05 00:00:00,6 days 18:00:00,162,39.95,-28.52,1011.4,23.9,125.27831366219844,0.0,0.0,0.0,0.0,0.0,0.0,0.0,0.0,0.0,0.0,0.0,0.0
2026-09-28 06:00:00,AL912026(2),19,2026-10-05 06:00:00,7 days 00:00:00,168,39.83,-29.66,1012.4,23.7,63.75827171866854,0.0,0.0,0.0,0.0,0.0,0.0,0.0,0.0,0.0,0.0,0.0,0.0
2026-09-28 06:00:00,AL912026(2),19,2026-10-05 12:00:00,7 days 06:00:00,174,39.68,-30.3,1012.8,22.8,74.84424664308727,0.0,0.0,0.0,0.0,0.0,0.0,0.0,0.0,0.0,0.0,0.0,0.0
2026-09-28 06:00:00,AL912026(2),19,2026-10-05 18:00:00,7 days 12:00:00,180,39.38,-31.02,1013.1,21.7,48.37288956022826,0.0,0.0,0.0,0.0,0.0,0.0,0.0,0.0,0.0,0.0,0.0,0.0
2026-09-28 06:00:00,AL912026(2),19,2026-10-06 00:00:00,7 days 18:00:00,186,39.85,-31.51,1014.3,22.5,136.40214781456598,0.0,0.0,0.0,0.0,0.0,0.0,0.0,0.0,0.0,0.0,0.0,0.0
2026-09-28 06:00:00,AL912026(2),19,2026-10-06 06:00:00,8 days 00:00:00,192,39.23,-32.17,1013.1,20.4,89.066224964637,0.0,0.0,0.0,0.0,0.0,0.0,0.0,0.0,0.0,0.0,0.0,0.0
2026-09-28 06:00:00,EP152026(2),19,2026-09-28 06:00:00,0 days 00:00:00,0,16.4,-160.8,929.0,134.0,28.0,241.0,185.0,148.0,204.0,93.0,74.0,74.0,93.0,56.0,46.0,37.0,46.0
2026-09-28 06:00:00,EP152026(2),19,2026-09-28 12:00:00,0 days 06:00:00,6,16.2,-161.18,943.9,118.9,0.0,166.8741177923123,117.77375092254374,101.44874157600862,171.7037500384223,78.77433286147999,55.53342285840023,46.45211858667437,61.9957432411523,33.86842253938045,23.786274926947016,19.88776269999877,29.672189444914565
2026-09-28 06:00:00,EP152026(2),19,2026-09-28 18:00:00,0 days 12:00:00,12,17.04,-162.66,965.1,93.8,14.050158720532671,216.84434919459017,203.9567216356737,141.3710780517182,159.4756933769858,98.91110085478824,92.29929599477488,72.52813907488121,83.22673574804938,62.39569748317958,57.96670574754623,47.35440322767704,52.572274513211575
2026-09-28 06:00:00,EP152026(2),19,2026-09-29 00:00:00,0 days 18:00:00,18,17.94,-163.3,971.7,85.3,41.66937633454894,220.7061284034771,152.38285285600958,108.18430592875136,184.9732631199041,102.66571529079036,71.9312948575338,48.14236528249658,74.24742672417595,41.66937633454894,25.690794107149443,20.080791307470356,27.835910681761124
2026-09-28 06:00:00,EP152026(2),19,2026-09-29 06:00:00,1 days 00:00:00,24,18.75,-164.1,960.0,98.9,12.29090965197804,188.8369347621266,170.09613432863569,117.18208424533606,135.08127020119224,90.82260189065651,73.13522994949102,48.83513742481336,73.43044735154075,55.9429327600499,50.13203632273098,37.94583663454698,47.563241401678624
2026-09-28 06:00:00,EP152026(2),19,2026-09-29 12:00:00,1 days 06:00:00,30,19.4,-164.24,956.6,97.7,1.7068661569732235,172.86645206605078,163.24682324552694,117.57017440003096,137.26424530954256,71.71905551613744,55.60441677614148,36.49732153715532,52.33558314475495,35.632520824504454,30.010840962960778,22.727942589266704,29.57535811357144
2026-09-28 06:00:00,EP152026(2),19,2026-09-29 18:00:00,1 days 12:00:00,36,20.68,-163.9,970.1,85.9,0.023351131916371,212.97008406167777,234.0921385184833,181.2568699571475,165.22200292685656,19.05523408917339,16.694363478379888,5.249632542478942,11.599221456596808,0.2375098503031845,2.355421039426048,0.0,0.0
2026-09-28 06:00:00,EP152026(2),19,2026-09-30 00:00:00,1 days 18:00:00,42,21.81,-163.91,977.1,74.0,42.56268051389658,229.23589411522747,219.55232961204567,139.9830872504398,182.7546454450093,129.1932589790442,111.60850971436322,78.29343213058442,103.4369635031419,54.40926584179631,50.964871034370944,38.655119949376655,46.07363266658433
2026-09-28 06:00:00,EP152026(2),19,2026-09-30 06:00:00,2 days 00:00:00,48,22.35,-163.86,985.4,65.2,31.58839404213802,211.05620859285568,185.38631672865336,145.24585867218684,179.17663528701405,93.78291411477473,78.9208537552762,56.6725582320006,71.46877307520458,31.58839404213802,4.715988172781017,2.2419558250207494,4.35411423848327
2026-09-28 06:00:00,EP152026(2),19,2026-09-30 12:00:00,2 days 06:00:00,54,22.22,-164.0,986.1,58.4,61.388702439433786,232.83489684120752,191.8422676998448,161.98256527666035,208.5081196752432,75.40985944253532,60.9382946025705,46.5510022136667,59.69980888014726,0.0,0.0,0.0,0.0
2026-09-28 06:00:00,EP152026(2),19,2026-09-30 18:00:00,2 days 12:00:00,60,22.14,-163.94,985.9,49.2,66.14114318350417,242.88853888946213,238.02003842331385,205.5925896285509,224.7586281236597,0.0,0.0,0.0,0.0,0.0,0.0,0.0,0.0
2026-09-28 06:00:00,EP152026(2),19,2026-10-01 00:00:00,2 days 18:00:00,66,22.08,-163.88,994.8,43.7,109.61897465414576,177.7853661760497,165.2982690791313,139.2104985404445,171.3753453976497,0.0,0.0,0.0,0.0,0.0,0.0,0.0,0.0
2026-09-28 06:00:00,EP152026(2),19,2026-10-01 06:00:00,3 days 00:00:00,72,22.19,-164.29,995.2,45.8,134.3304446093688,192.1101581172167,170.0815430078984,127.94923012846996,161.18068396632123,0.0,0.0,0.0,0.0,0.0,0.0,0.0,0.0
2026-09-28 06:00:00,EP152026(2),19,2026-10-01 12:00:00,3 days 06:00:00,78,22.48,-165.5,985.7,56.1,56.062594268138064,184.0987356098944,159.3498595206896,116.72560563662589,142.1413046001326,56.062594268138064,2.2488329583926614,0.0,3.301724803377281,0.0,0.0,0.0,0.0
2026-09-28 06:00:00,EP152026(2),19,2026-10-01 18:00:00,3 days 12:00:00,84,22.49,-166.28,994.8,47.7,105.5631427349514,230.3899554789577,213.8561729093636,178.1024798161135,200.64863258494552,0.0,0.0,0.0,0.0,0.0,0.0,0.0,0.0
2026-09-28 06:00:00,EP152026(2),19,2026-10-02 00:00:00,3 days 18:00:00,90,22.62,-166.42,992.5,42.0,96.7987668558025,96.7987668558025,44.52508809065097,34.643884851201975,45.19056345504736,0.0,0.0,0.0,0.0,0.0,0.0,0.0,0.0
2026-09-28 06:00:00,EP152026(2),19,2026-10-02 06:00:00,4 days 00:00:00,96,23.04,-166.85,991.0,48.7,52.51993818783296,109.7053329575981,92.94280730159926,64.38352178171374,85.97516027077154,0.0,0.0,0.0,0.0,0.0,0.0,0.0,0.0
2026-09-28 06:00:00,EP152026(2),19,2026-10-02 12:00:00,4 days 06:00:00,102,23.21,-167.61,988.5,49.5,110.13782571763704,242.0059805343917,216.77005485910104,182.146707989652,216.76510601796872,0.0,0.0,0.0,0.0,0.0,0.0,0.0,0.0
2026-09-28 06:00:00,EP152026(2),19,2026-10-02 18:00:00,4 days 12:00:00,108,23.51,-168.14,990.9,54.9,72.91124358389243,182.87076126157623,161.93420519083156,134.6193440326424,161.62995727224916,72.91124358389243,4.729175816112502,1.9874049454122087,8.83149646298557,0.0,0.0,0.0,0.0
2026-09-28 06:00:00,EP152026(2),19,2026-10-03 00:00:00,4 days 18:00:00,114,23.51,-168.69,991.4,47.7,51.94276602409858,61.45741483283606,48.31715360524624,42.93327531845903,60.61203899494184,0.0,0.0,0.0,0.0,0.0,0.0,0.0,0.0
2026-09-28 06:00:00,EP152026(2),19,2026-10-03 06:00:00,5 days 00:00:00,120,23.56,-169.28,988.7,51.3,61.95878000434266,143.64507266979209,124.1673460822073,92.35467314968244,120.56230373421717,61.95878000434266,0.0,0.0,0.0,0.0,0.0,0.0,0.0
2026-09-28 06:00:00,EP152026(2),19,2026-10-03 12:00:00,5 days 06:00:00,126,23.6,-170.52,985.1,54.6,76.51582269779783,229.91014214566565,188.59987824748924,140.58717013569077,200.6770369510117,76.51582269779783,11.747417772348022,3.6704491129232455,19.97258442439285,0.0,0.0,0.0,0.0
2026-09-28 06:00:00,EP152026(2),19,2026-10-03 18:00:00,5 days 12:00:00,132,23.63,-171.74,981.5,59.9,31.1911611073265,206.39850536306884,153.49627305490884,117.80531395393992,185.2784979000507,84.10169619214528,63.53534706656804,47.2732525981115,71.2974507296165,0.0,0.0,0.0,0.0
2026-09-28 06:00:00,EP152026(2),19,2026-10-04 00:00:00,5 days 18:00:00,138,23.73,-172.65,983.4,71.9,73.29216486049063,285.1511829740967,241.2402205912129,188.2705766957322,240.014791377969,73.29216486049063,8.177970192898764,0.4169832826682649,13.41184424927559,73.29216486049063,0.0,0.0,0.0
2026-09-28 06:00:00,EP152026(2),19,2026-10-04 06:00:00,6 days 00:00:00,144,23.74,-172.49,925.8,130.6,25.624586399801466,143.359520396126,144.8711555679583,175.92279591093845,165.18443674927184,75.40909629159171,77.5840380967056,71.26049846482286,76.27089961254697,60.09089704760355,57.073818453717145,48.69224524321427,54.11971061860079
2026-09-28 06:00:00,EP152026(2),19,2026-10-04 12:00:00,6 days 06:00:00,150,24.95,-174.17,979.8,68.3,33.12912795087285,164.33960140835103,146.15192689717637,102.3815305205996,124.60607839743965,33.12912795087285,0.0,0.0,2.476023834282035,33.12912795087285,0.0,0.0,0.0
2026-09-28 06:00:00,EP152026(2),19,2026-10-04 18:00:00,6 days 12:00:00,156,25.56,-175.13,985.2,60.7,75.01979317749446,248.33907106688076,218.6043069132037,146.34253948121756,193.50940707394108,75.01979317749446,5.539426934707389,0.2939985159570417,7.179843627876964,0.0,0.0,0.0,0.0
2026-09-28 06:00:00,EP152026(2),19,2026-10-05 00:00:00,6 days 18:00:00,162,26.72,-175.94,986.4,62.6,58.00063095177944,199.01225979235687,181.4433446420055,122.7974336736424,147.12628093119986,58.00063095177944,8.140326143239967,0.5487470482625234,8.347968829948652,0.0,0.0,0.0,0.0
2026-09-28 06:00:00,EP152026(2),19,2026-10-05 06:00:00,7 days 00:00:00,168,27.65,-176.3,976.4,73.2,43.78757164439206,239.77994830092143,226.61000380029856,184.15207236719647,193.20168185532367,43.78757164439206,12.79808504653481,4.042963801838332,11.466084595682885,43.78757164439206,0.2196764233293755,0.0,0.4596725078546785
2026-09-28 06:00:00,EP152026(2),19,2026-10-05 12:00:00,7 days 06:00:00,174,28.55,-176.6,991.0,55.5,36.91461131822221,199.57628112337275,167.98123076789352,141.61352678049224,156.85786845129712,83.35869300351912,73.36143279777795,52.255844724100655,62.43541089630194,0.0,0.0,0.0,0.0
2026-09-28 06:00:00,EP152026(2),19,2026-10-05 18:00:00,7 days 12:00:00,180,29.32,-176.42,986.2,58.0,45.81842687865739,263.10390204180914,244.14982947918185,181.5814910908813,197.90104754823395,120.055796420184,116.61551838430448,86.51319791470091,95.03699510647472,0.0,0.0,0.0,0.0
2026-09-28 06:00:00,EP152026(2),19,2026-10-06 00:00:00,7 days 18:00:00,186,29.44,-176.31,989.9,57.3,82.3780789467821,206.98070543657823,193.21912955757625,152.6457660760832,166.1719052254394,82.3780789467821,41.80507987598684,28.717020372255224,31.802609825235223,0.0,0.0,0.0,0.0
2026-09-28 06:00:00,EP152026(2),19,2026-10-06 06:00:00,8 days 00:00:00,192,29.58,-175.9,986.9,53.8,79.33358666376424,144.627867334369,157.02107799575236,130.9528603305331,127.59863597922929,0.0,1.121666781042884,79.33358666376424,0.0,0.0,0.0,0.0,0.0
2026-09-28 06:00:00,EP152026(2),19,2026-10-06 12:00:00,8 days 06:00:00,198,29.43,-175.13,992.7,48.8,101.00339733315366,26.20243863056532,101.00339733315366,29.059798168205678,20.44610897105812,0.0,0.0,0.0,0.0,0.0,0.0,0.0,0.0
2026-09-28 06:00:00,EP152026(2),19,2026-10-06 18:00:00,8 days 12:00:00,204,29.0,-173.62,994.1,58.6,69.35363990901253,295.4776526291185,324.3314523189075,244.10926529575968,244.39439299781387,69.35363990901253,56.20116097060163,41.61845493100783,38.74986431878721,0.0,0.0,0.0,0.0
2026-09-28 06:00:00,EP152026(2),19,2026-10-07 00:00:00,8 days 18:00:00,210,28.17,-172.15,990.6,58.3,95.32538796337772,360.1869937699939,417.9035321458987,354.9272408392503,330.24848784993225,137.86774427682724,151.08758826492655,122.78344668087844,111.60274579548498,0.0,0.0,0.0,0.0
2026-09-28 06:00:00,EP152026(2),19,2026-10-07 06:00:00,9 days 00:00:00,216,27.87,-169.76,980.6,58.2,95.98386056009724,426.4153774159136,443.85774344391496,367.8842108840696,373.510133879669,152.59090600922204,157.76518575952753,121.09828555282492,115.50930453490965,0.0,0.0,0.0,0.0
2026-09-28 06:00:00,EP152026(2),19,2026-10-07 12:00:00,9 days 06:00:00,222,28.52,-169.56,990.2,59.3,66.42249875428388,195.4882712925028,216.34109255979087,189.0906413986777,171.50189201822832,0.0,66.42249875428388,1.3163813001157223,0.0,0.0,0.0,0.0,0.0
2026-09-28 06:00:00,EP152026(2),19,2026-10-07 18:00:00,9 days 12:00:00,228,28.05,-169.02,978.9,61.7,155.2353530000405,506.97584100102114,497.2573140475393,429.19234152873895,472.18158893702514,233.1522839859973,238.1450334536376,203.2464088344695,194.5272958324861,0.0,0.0,0.0,0.0
2026-09-28 06:00:00,EP152026(2),19,2026-10-08 00:00:00,9 days 18:00:00,234,27.84,-169.77,986.0,56.3,62.935746036524165,241.9930262548346,220.11512554429785,213.47575623168268,238.716633782622,1.3245984794089338,0.0,1.1217933697753892,62.935746036524165,0.0,0.0,0.0,0.0
2026-09-28 06:00:00,EP152026(2),19,2026-10-08 06:00:00,10 days 00:00:00,240,28.1,-169.83,978.6,51.4,167.40204979517088,319.56592344758724,304.6477503583606,271.73309635201275,288.7476901319532,7.427094399837667,5.928466472370981,2.541785211565728,167.40204979517088,0.0,0.0,0.0,0.0
2026-09-28 06:00:00,EP152026(2),19,2026-10-08 12:00:00,10 days 06:00:00,246,28.35,-170.69,979.0,52.5,145.52827934001886,486.0946583474981,415.4784380519167,361.6810196293365,430.5367518591986,145.52827934001886,110.65105814188966,87.47789367233315,107.80363807336605,0.0,0.0,0.0,0.0
2026-09-28 06:00:00,EP152026(2),19,2026-10-08 18:00:00,10 days 12:00:00,252,28.73,-171.91,982.4,50.6,169.6615139698683,359.2096609999344,325.7879527184466,269.0814016423119,301.1766186173499,169.6615139698683,3.3356896061787022,0.1163262957659045,7.259439581288984,0.0,0.0,0.0,0.0
2026-09-28 06:00:00,EP152026(2),19,2026-10-09 00:00:00,10 days 18:00:00,258,30.21,-172.53,981.0,62.0,91.73962517965424,150.73926906306178,140.3662667934261,103.58984556965444,109.4534502205807,5.734849116182501,0.0,0.0,91.73962517965424,0.0,0.0,0.0,0.0
2026-09-28 06:00:00,EP172026,19,2026-09-28 06:00:00,0 days 00:00:00,0,23.2,-114.0,955.0,105.0,28.0,167.0,148.0,148.0,148.0,102.0,93.0,83.0,83.0,65.0,65.0,65.0,65.0
2026-09-28 06:00:00,EP172026,19,2026-09-28 12:00:00,0 days 06:00:00,6,23.91,-113.85,949.5,113.4,14.525839899379656,175.226406774047,190.6118174951975,114.80573559194946,126.08708767055772,99.26488662695414,85.31427217064322,57.694089471230896,73.86818516290603,58.80329642546713,50.74206735315459,40.64428785581381,48.98234694463169
2026-09-28 06:00:00,EP172026,19,2026-09-28 18:00:00,0 days 12:00:00,12,24.88,-113.68,960.1,90.8,16.27544430958187,97.0738806675148,148.54991873305218,103.82467778817728,67.63565424391354,58.30727906282556,60.055198073437126,40.79784908180743,48.35899051330989,44.971484655257385,42.50543924249111,32.91121763557101,36.32100691985873
2026-09-28 06:00:00,EP172026,19,2026-09-29 00:00:00,0 days 18:00:00,18,25.56,-113.16,965.6,88.9,1.356030046327632,114.82490771066573,148.47448632497515,96.06754678183968,76.5294878501376,59.21410702049012,60.80105590959961,42.249903365995706,47.92384721583499,44.664421980865,41.88033033979752,33.301670747278344,36.44635735774601
2026-09-28 06:00:00,EP172026,19,2026-09-29 06:00:00,1 days 00:00:00,24,26.14,-112.45,986.5,55.2,36.90795872646859,80.43812308363788,91.2997834958227,70.20258223602927,69.69365494462633,36.90795872646859,18.744318811849897,10.14573103978153,17.135264724706637,0.0,0.0,0.0,0.0
2026-09-28 06:00:00,EP172026,19,2026-09-29 12:00:00,1 days 06:00:00,30,27.19,-111.63,997.7,45.3,43.15607514427138,45.94395796463723,60.82556331986736,33.254614547355715,30.06274459506901,0.0,0.0,0.0,0.0,0.0,0.0,0.0,0.0
2026-09-28 06:00:00,EP172026,19,2026-09-29 18:00:00,1 days 12:00:00,36,29.45,-109.97,1001.3,37.6,82.82404209441883,67.17872512457525,82.82404209441883,50.99490801940059,37.8640819481854,0.0,0.0,0.0,0.0,0.0,0.0,0.0,0.0
2026-09-28 06:00:00,EP172026,19,2026-09-30 00:00:00,1 days 18:00:00,42,31.04,-106.77,996.1,23.6,153.7067392325091,0.0,0.0,0.0,0.0,0.0,0.0,0.0,0.0,0.0,0.0,0.0,0.0
2026-09-28 06:00:00,EP182026,19,2026-09-28 06:00:00,0 days 00:00:00,0,13.2,-100.0,1001.0,41.0,93.0,222.0,185.0,148.0,222.0,0.0,0.0,0.0,0.0,0.0,0.0,0.0,0.0
2026-09-28 06:00:00,EP182026,19,2026-09-28 12:00:00,0 days 06:00:00,6,12.95,-101.17,984.5,61.7,73.94761575086673,334.54143560386194,311.3812921003912,269.5266973954788,319.903788079798,139.43747637084067,129.15076467015678,105.383188427474,112.30610262735536,0.0,0.0,0.0,0.0
2026-09-28 06:00:00,EP182026,19,2026-09-28 18:00:00,0 days 12:00:00,12,13.86,-101.97,996.1,52.7,150.25656684100318,251.5115972456092,219.97501485965327,163.3412025542137,198.2204907359462,150.25656684100318,1.21220329631266,0.0,4.5315298934629045,0.0,0.0,0.0,0.0
2026-09-28 06:00:00,EP182026,19,2026-09-29 00:00:00,0 days 18:00:00,18,14.14,-102.67,979.9,75.5,45.385955953348144,246.6194708892118,206.85611126001575,177.7556842650805,224.52192736475308,88.03512045570005,78.86623593900543,63.621862607338656,68.72794872714934,2.897705178131305,1.2542269969748876,1.0831753665394013,45.385955953348144
2026-09-28 06:00:00,EP182026,19,2026-09-29 06:00:00,1 days 00:00:00,24,14.93,-103.9,991.5,58.3,76.6059425918814,130.83596304885214,121.90741428566736,80.15280301957412,104.59594889760156,76.6059425918814,2.072173214462147,0.0,2.2612566479951406,0.0,0.0,0.0,0.0
2026-09-28 06:00:00,EP182026,19,2026-09-29 12:00:00,1 days 06:00:00,30,15.39,-104.57,987.1,65.5,43.54425545580051,232.25232339086733,196.9911922990252,132.45563175670247,186.0720167153429,86.16738491232525,70.51822818997294,46.58719966603459,64.17273980796682,43.54425545580051,0.0,0.0,0.0
2026-09-28 06:00:00,EP182026,19,2026-09-29 18:00:00,1 days 12:00:00,36,16.12,-105.54,967.8,90.1,15.133636026010436,195.46451878622167,178.8128552384693,121.72818584342798,150.354053456546,64.28568727925659,51.89945462320907,30.41525351170486,45.87141717179952,16.537389236745675,13.662131208711514,9.300491190539802,12.213563485738703
2026-09-28 06:00:00,EP182026,19,2026-09-30 00:00:00,1 days 18:00:00,42,16.99,-106.4,962.7,100.3,28.30218804225541,220.2609164973269,191.6935329101243,123.81296517637168,169.2422020468398,94.92525085014312,77.71633990382372,51.31599510430749,73.00283104367463,31.401508703415917,25.757668960213092,19.179734942605265,25.73769550566476
2026-09-28 06:00:00,EP182026,19,2026-09-30 06:00:00,2 days 00:00:00,48,17.69,-107.23,942.0,126.4,29.930710586550425,254.9786537268196,220.6545472176548,175.02567241750342,206.3028682258612,111.8088724555738,97.40234085318365,72.5108848853008,87.44102036056131,47.44927568660934,40.11137514389968,31.178910292742863,39.89853224040735
2026-09-28 06:00:00,EP182026,19,2026-09-30 12:00:00,2 days 06:00:00,54,18.47,-107.86,960.9,107.5,18.98598018602388,123.45813299351904,128.8303335104356,97.02242500230932,90.43214657077806,18.98598018602388,11.102981378373215,8.794350266278116,11.687766511493235,18.98598018602388,11.102981378373215,8.794350266278116,11.687766511493235
2026-09-28 06:00:00,EP182026,19,2026-09-30 18:00:00,2 days 12:00:00,60,18.78,-108.19,947.2,111.3,29.583199940679123,248.50623057308232,230.6453690028708,159.86936527435202,207.7642753487569,128.20010686951738,103.87176633929342,74.42948741729121,99.96236253363,73.70721856546734,66.02149424476426,51.19118018135409,61.60102159796938
2026-09-28 06:00:00,EP182026,19,2026-10-01 00:00:00,2 days 18:00:00,66,19.61,-108.79,938.7,130.3,30.48838704117545,204.1894859960356,169.86449103627953,148.0040565038034,174.91021364322089,80.07001874020217,60.13977224610714,45.0623792645767,67.04252630916689,57.72978390116548,48.800188181956,39.728573938586464,50.67615359693093
2026-09-28 06:00:00,EP182026,19,2026-10-01 06:00:00,3 days 00:00:00,72,19.55,-109.4,934.5,118.1,35.80430293534927,225.62114170006944,188.2446716575901,158.1112989821913,212.261751499154,106.75053570518956,95.06032513761372,81.92927946043483,100.91442193495664,85.38490817861124,77.93556361975467,67.30141587642527,77.42238673588628
2026-09-28 06:00:00,EP182026,19,2026-10-01 12:00:00,3 days 06:00:00,78,19.7,-109.66,959.2,93.3,17.45199156209827,246.9516501294902,226.6219949798774,184.6358460334768,217.59822672033624,129.25338362734192,115.38489078283556,89.69768411829477,112.00350573166804,74.17524831076662,67.40566680918079,54.66276732593684,62.99719672424021
2026-09-28 06:00:00,EP182026,19,2026-10-01 18:00:00,3 days 12:00:00,84,20.08,-109.78,968.1,87.7,81.4875869458705,230.04719196043823,207.7880053350937,167.65859706084365,199.71830891418563,118.60158099043412,102.27075085635492,85.20840271839955,109.95116164971796,90.73799087770192,83.52845866313797,67.9979535516971,79.18699010039327
2026-09-28 06:00:00,EP182026,19,2026-10-02 00:00:00,3 days 18:00:00,90,20.0,-110.39,969.6,89.6,50.230223823723776,175.79039037380517,153.24734069621206,144.60955302523877,168.10659736215348,87.23847407292037,71.66414079743564,59.52727167649698,82.36401065533721,67.09050665046726,58.98879865228062,48.72942978550869,58.61521671692636
2026-09-28 06:00:00,EP182026,19,2026-10-02 06:00:00,4 days 00:00:00,96,19.95,-110.36,967.8,91.8,37.62731908647305,159.3753312757979,152.8659540359528,155.7839522009831,169.70577432931688,87.55287806023625,82.27351841813889,69.91901349147153,85.19821830909014,61.547721747335366,55.19892032374188,48.6584253820906,54.28401360065155
2026-09-28 06:00:00,EP182026,19,2026-10-02 12:00:00,4 days 06:00:00,102,20.31,-111.04,966.3,83.9,41.36418078297683,238.83043673138505,185.0600518736106,162.89356023518798,235.1126769945758,109.06774763448485,83.6402330574747,65.35759103338418,93.7992620139246,54.95435762977944,43.88686385998876,37.5211886032758,49.49897508373077
2026-09-28 06:00:00,EP182026,19,2026-10-02 18:00:00,4 days 12:00:00,108,20.44,-111.43,963.7,85.0,21.99496840000171,215.52453866704764,170.70650554252938,148.00682799767196,191.5393498697931,116.089552551711,91.30223028369004,72.21408376992747,96.7583377650135,64.63240824683203,54.24822150436984,45.25064649858149,54.94420103102982
2026-09-28 06:00:00,EP182026,19,2026-10-03 00:00:00,4 days 18:00:00,114,20.92,-112.04,975.8,84.6,17.556642177065896,174.45095899073203,132.33646404015963,96.31913640209405,158.797728711932,84.59640443166063,63.53165748536321,43.90835957331046,70.28759479555629,37.70126984127137,30.24477930790772,23.67178532141702,32.03073179170474
2026-09-28 06:00:00,EP182026,19,2026-10-03 06:00:00,5 days 00:00:00,120,21.09,-112.89,986.6,59.9,2.013830483035264,106.40136270907334,89.95833587021855,76.86228529881186,99.3624182775958,40.26826009563058,30.092813601714624,19.453341467046197,32.496239769048344,0.0,0.0,0.0,0.0
2026-09-28 06:00:00,EP182026,19,2026-10-03 12:00:00,5 days 06:00:00,126,21.28,-113.21,976.4,72.3,26.672042558140586,92.1928153491455,87.17613363338701,89.57411687133774,96.10576181563384,36.37257040545874,25.40320243735123,16.58357740612621,32.794387082392035,26.672042558140586,7.055056020223123,4.308618169446556,7.987319923511003
2026-09-28 06:00:00,EP182026,19,2026-10-03 18:00:00,5 days 12:00:00,132,21.51,-113.61,980.0,71.4,8.167041179032822,140.2648204050256,112.99604087169836,107.04898885829266,139.74989689765334,70.99066789153312,54.40062820704475,40.43810520122713,61.65551673898722,29.831242009553307,24.862315281936617,19.51684794729067,25.43431360981577
2026-09-28 06:00:00,EP182026,19,2026-10-04 00:00:00,5 days 18:00:00,138,21.74,-114.3,980.0,75.8,21.479737136037585,168.5940231852744,161.57544354092647,136.9422271930066,156.861278164518,101.38899512816828,85.54734832932849,68.58821879542455,89.2242912954759,49.63347788039434,44.97461931824262,36.90654012316666,42.46571147131812
2026-09-28 06:00:00,EP182026,19,2026-10-04 06:00:00,6 days 00:00:00,144,21.73,-115.22,959.7,107.4,23.089400729909705,88.455546877861,54.54816666906643,62.42153141918863,100.6367295144284,54.50370043324047,47.441036719141614,42.30156325245619,55.60740951418199,54.50370043324047,47.441036719141614,41.61527396563204,50.78450902105512
2026-09-28 06:00:00,EP182026,19,2026-10-04 12:00:00,6 days 06:00:00,150,22.24,-115.97,983.8,67.2,30.49762932222732,164.4051561876534,151.1615889066844,112.93516029400796,138.45101187666188,64.3446666766088,47.41712974402475,31.149014898492624,52.77402260424993,30.49762932222732,0.1652119930804116,0.0,1.433793099151915
2026-09-28 06:00:00,EP182026,19,2026-10-04 18:00:00,6 days 12:00:00,156,22.05,-116.91,982.6,67.2,24.079807635239632,158.63938799940723,129.7189016053524,108.45603444599828,137.9544458698344,86.76941015872836,76.10804235080943,62.19768095141207,76.46571351823258,39.816385161949526,35.88440654795083,30.14833785020081,34.08817555030488
2026-09-28 06:00:00,EP182026,19,2026-10-05 00:00:00,6 days 18:00:00,162,22.14,-117.63,983.5,68.1,23.871299260710657,124.1460503055132,89.25160402253096,85.6555078409001,130.3801803680326,78.66840846161358,60.19223507078277,48.77644304680871,69.03281594897999,33.37848038875745,27.852382824075903,22.510055946979264,27.871996034822587
2026-09-28 06:00:00,EP182026,19,2026-10-05 06:00:00,7 days 00:00:00,168,22.18,-118.17,974.8,76.6,24.582814950963247,132.8952250076219,112.79358044998352,95.086555109329,123.00223967189672,52.50539773032088,40.27499842316778,27.78036961833404,44.23126744167241,24.582814950963247,5.615567443305858,3.475567269990335,7.034577629449353
2026-09-28 06:00:00,EP182026,19,2026-10-05 12:00:00,7 days 06:00:00,174,22.33,-119.08,981.4,70.4,17.07359745664003,136.90604733870367,96.3494175469788,81.87607969071557,129.2339444683115,80.32348996723506,61.64995919928852,47.9256534774366,70.26017330736255,42.66083768338822,35.978058226242766,29.207268240364023,36.42124791318536
2026-09-28 06:00:00,EP182026,19,2026-10-05 18:00:00,7 days 12:00:00,180,22.39,-119.89,988.9,57.7,22.494385769843248,177.38826594756154,145.27528416086784,120.7456175453062,172.17234534869783,94.43619464753782,76.5315448465859,60.17358878025634,81.06185698573599,0.0,0.0,0.0,0.0
2026-09-28 06:00:00,EP182026,19,2026-10-06 00:00:00,7 days 18:00:00,186,22.67,-120.35,989.3,56.9,41.289437211893066,149.96498441006594,129.34132961708357,108.97970110534064,134.86441769328934,76.20947792269307,61.36796612531092,47.00772720573916,66.8000917917947,0.0,0.0,0.0,0.0
2026-09-28 06:00:00,EP182026,19,2026-10-06 06:00:00,8 days 00:00:00,192,22.93,-120.94,989.4,54.8,36.51782516865424,155.82037351397673,136.47205601669202,115.17558749415556,140.8173653525254,91.00444574269136,74.85180189959566,53.4563489568675,73.80801035143752,0.0,0.0,0.0,0.0
2026-09-28 06:00:00,EP182026,19,2026-10-06 12:00:00,8 days 06:00:00,198,23.28,-121.18,992.3,48.7,43.64867542811282,144.61594279034807,122.54339179937897,88.61414223813574,126.1240216839631,0.0,0.0,0.0,0.0,0.0,0.0,0.0,0.0
2026-09-28 06:00:00,EP182026,19,2026-10-06 18:00:00,8 days 12:00:00,204,23.73,-121.57,994.7,46.6,46.74559305138881,144.48694717013015,121.0415941513198,87.69348703534851,110.64035401029524,0.0,0.0,0.0,0.0,0.0,0.0,0.0,0.0
2026-09-28 06:00:00,EP182026,19,2026-10-07 00:00:00,8 days 18:00:00,210,24.53,-121.53,988.4,53.0,76.98272637126767,116.42319154653278,94.20227309459892,60.82238247697711,86.28932260895743,76.98272637126767,26.782187117597807,16.199875266802767,24.3310412759844,0.0,0.0,0.0,0.0
2026-09-28 06:00:00,EP182026,19,2026-10-07 06:00:00,9 days 00:00:00,216,24.94,-122.1,997.8,44.1,65.35748648963525,161.6841956472365,134.81723071136022,103.02567523814464,132.59156050206522,0.0,0.0,0.0,0.0,0.0,0.0,0.0,0.0
2026-09-28 06:00:00,EP182026,19,2026-10-07 12:00:00,9 days 06:00:00,222,26.03,-122.04,998.3,41.9,29.771444706116256,96.93721149610376,97.53351003503168,71.34663368393382,72.99222158795781,0.0,0.0,0.0,0.0,0.0,0.0,0.0,0.0
2026-09-28 06:00:00,EP182026,19,2026-10-07 18:00:00,9 days 12:00:00,228,26.53,-122.36,1001.3,43.2,122.87351999273493,281.1768735995031,225.75337767105657,161.63578408565462,227.88480113630385,0.0,0.0,0.0,0.0,0.0,0.0,0.0,0.0
2026-09-28 06:00:00,EP182026,19,2026-10-08 00:00:00,9 days 18:00:00,234,26.97,-122.58,1000.9,33.2,67.99709929112323,0.0,0.0,0.0,0.0,0.0,0.0,0.0,0.0,0.0,0.0,0.0,0.0
2026-09-28 06:00:00,EP182026,19,2026-10-08 06:00:00,10 days 00:00:00,240,27.11,-122.52,1003.6,32.0,101.83693127439778,0.0,0.0,0.0,0.0,0.0,0.0,0.0,0.0,0.0,0.0,0.0,0.0
2026-09-28 06:00:00,EP182026,19,2026-10-08 12:00:00,10 days 06:00:00,246,27.77,-122.34,1001.7,29.7,112.62919951392875,0.0,0.0,0.0,0.0,0.0,0.0,0.0,0.0,0.0,0.0,0.0,0.0
2026-09-28 06:00:00,EP182026,19,2026-10-08 18:00:00,10 days 12:00:00,252,28.56,-122.34,1004.0,29.0,99.65672421839616,0.0,0.0,0.0,0.0,0.0,0.0,0.0,0.0,0.0,0.0,0.0,0.0
2026-09-28 06:00:00,EP182026,19,2026-10-09 00:00:00,10 days 18:00:00,258,29.96,-122.1,1004.5,27.5,86.33915908004472,0.0,0.0,0.0,0.0,0.0,0.0,0.0,0.0,0.0,0.0,0.0,0.0
2026-09-28 06:00:00,EP912026(3),19,2026-09-28 06:00:00,0 days 00:00:00,0,12.7,-136.6,1005.0,29.0,93.0,0.0,0.0,0.0,0.0,0.0,0.0,0.0,0.0,0.0,0.0,0.0,0.0
2026-09-28 06:00:00,EP912026(3),19,2026-09-28 12:00:00,0 days 06:00:00,6,13.44,-136.81,996.5,45.5,77.88542433886202,77.88542433886202,30.02181251295326,13.456896693851071,23.051454636416764,0.0,0.0,0.0,0.0,0.0,0.0,0.0,0.0
2026-09-28 06:00:00,EP912026(3),19,2026-09-28 18:00:00,0 days 12:00:00,12,13.96,-136.09,1006.1,28.7,103.4798874924899,0.0,0.0,0.0,0.0,0.0,0.0,0.0,0.0,0.0,0.0,0.0,0.0
2026-09-28 06:00:00,WP252026,19,2026-09-28 06:00:00,0 days 00:00:00,0,27.5,131.6,954.0,99.0,9.0,148.0,158.0,148.0,121.0,,,,,,,,
2026-09-28 06:00:00,WP252026,19,2026-09-28 12:00:00,0 days 06:00:00,6,27.62,132.13,977.1,71.1,30.36413749003674,145.2703958185824,151.36259889081708,119.46197315429438,114.24746935683478,77.13758010338978,79.06850956284048,63.16621402923035,63.69116503117312,34.20136066245529,32.90723051301577,26.19723140953308,29.902906919306528
2026-09-28 06:00:00,WP252026,19,2026-09-28 18:00:00,0 days 12:00:00,12,28.09,133.31,995.0,46.8,102.39055643608356,98.55021196328678,131.9522786614355,86.40016277162104,66.8401781689691,0.0,0.0,0.0,0.0,0.0,0.0,0.0,0.0
2026-09-28 06:00:00,WP252026,19,2026-09-29 00:00:00,0 days 18:00:00,18,29.18,134.05,995.6,39.8,82.35793436483874,104.11087511677984,116.79584032039564,83.01440247551874,77.4018728466541,0.0,0.0,0.0,0.0,0.0,0.0,0.0,0.0
2026-09-28 06:00:00,WP252026,19,2026-09-29 06:00:00,1 days 00:00:00,24,29.79,135.15,999.7,37.5,109.79881932710252,145.29671120158875,152.626358974892,122.85444079643568,135.4955757675724,0.0,0.0,0.0,0.0,0.0,0.0,0.0,0.0
2026-09-28 06:00:00,WP252026,19,2026-09-29 12:00:00,1 days 06:00:00,30,30.42,136.63,999.5,34.7,51.895999375705244,51.895999375705244,0.0,0.0,0.0,0.0,0.0,0.0,0.0,0.0,0.0,0.0,0.0
2026-09-28 06:00:00,WP252026,19,2026-09-29 18:00:00,1 days 12:00:00,36,31.71,137.72,998.6,32.8,51.05826928722631,0.0,0.0,0.0,0.0,0.0,0.0,0.0,0.0,0.0,0.0,0.0,0.0
2026-09-28 06:00:00,WP252026,19,2026-09-30 00:00:00,1 days 18:00:00,42,32.5,139.98,995.7,37.3,111.3911728273308,113.49907940993064,108.5632844654686,72.25812291397062,77.53562194419871,0.0,0.0,0.0,0.0,0.0,0.0,0.0,0.0
2026-09-28 06:00:00,WP252026,19,2026-09-30 06:00:00,2 days 00:00:00,48,33.6,141.55,993.2,41.5,65.74204448308132,164.55252572658853,161.50470085917112,107.84645285368268,118.50173935657492,0.0,0.0,0.0,0.0,0.0,0.0,0.0,0.0
2026-09-28 06:00:00,WP252026,19,2026-09-30 12:00:00,2 days 06:00:00,54,34.43,143.56,997.9,37.2,142.86811507886773,241.85676113230107,234.3781850497952,173.49880269510118,183.65354716066255,0.0,0.0,0.0,0.0,0.0,0.0,0.0,0.0
2026-09-28 06:00:00,WP252026,19,2026-09-30 18:00:00,2 days 12:00:00,60,35.23,144.8,996.3,32.3,94.03271752728274,0.0,0.0,0.0,0.0,0.0,0.0,0.0,0.0,0.0,0.0,0.0,0.0
2026-09-28 06:00:00,WP252026,19,2026-10-01 00:00:00,2 days 18:00:00,66,36.48,146.69,998.2,40.0,116.90387142285776,116.90387142285776,15.950182864885448,0.4917718157731059,11.236530043044128,0.0,0.0,0.0,0.0,0.0,0.0,0.0,0.0
2026-09-28 06:00:00,WP252026,19,2026-10-01 06:00:00,3 days 00:00:00,72,37.75,148.86,995.4,29.3,108.87338003335972,0.0,0.0,0.0,0.0,0.0,0.0,0.0,0.0,0.0,0.0,0.0,0.0
2026-09-28 06:00:00,WP252026,19,2026-10-01 12:00:00,3 days 06:00:00,78,39.8,151.59,999.1,34.5,50.10506315906183,0.0,0.0,0.0,50.10506315906183,0.0,0.0,0.0,0.0,0.0,0.0,0.0,0.0
2026-09-28 06:00:00,WP252026,19,2026-10-01 18:00:00,3 days 12:00:00,84,41.03,155.43,998.2,32.4,124.14246669292088,0.0,0.0,0.0,0.0,0.0,0.0,0.0,0.0,0.0,0.0,0.0,0.0
2026-09-28 06:00:00,WP252026,19,2026-10-02 00:00:00,3 days 18:00:00,90,41.99,159.2,995.7,33.7,177.2627945565309,0.0,0.0,0.0,0.0,0.0,0.0,0.0,0.0,0.0,0.0,0.0,0.0
2026-09-28 06:00:00,WP252026,19,2026-10-02 06:00:00,4 days 00:00:00,96,43.13,163.25,1003.2,30.9,41.45414776678172,0.0,0.0,0.0,0.0,0.0,0.0,0.0,0.0,0.0,0.0,0.0,0.0
2026-09-28 06:00:00,WP922026(4),19,2026-09-28 06:00:00,0 days 00:00:00,0,16.4,97.6,1001.0,29.0,64.0,0.0,0.0,0.0,0.0,0.0,0.0,0.0,0.0,0.0,0.0,0.0,0.0
2026-09-28 06:00:00,WP922026(4),19,2026-09-28 12:00:00,0 days 06:00:00,6,16.8,96.69,1002.6,27.1,96.63181009968945,0.0,0.0,0.0,0.0,0.0,0.0,0.0,0.0,0.0,0.0,0.0,0.0
2026-09-28 06:00:00,WP922026(4),19,2026-09-28 18:00:00,0 days 12:00:00,12,17.75,96.59,1003.4,24.3,91.73486868684827,0.0,0.0,0.0,0.0,0.0,0.0,0.0,0.0,0.0,0.0,0.0,0.0
2026-09-28 06:00:00,10,2,2026-10-06 12:00:00,8 days 06:00:00,198,16.67,150.7,1002.9,19.6,115.15109107948292,0.0,0.0,0.0,0.0,0.0,0.0,0.0,0.0,0.0,0.0,0.0,0.0
2026-09-28 06:00:00,10,2,2026-10-06 18:00:00,8 days 12:00:00,204,16.1,150.43,1005.9,15.2,77.30760441002175,0.0,0.0,0.0,0.0,0.0,0.0,0.0,0.0,0.0,0.0,0.0,0.0
2026-09-28 06:00:00,10,2,2026-10-07 00:00:00,8 days 18:00:00,210,15.75,149.67,1005.2,22.4,60.4249142269766,0.0,0.0,0.0,0.0,0.0,0.0,0.0,0.0,0.0,0.0,0.0,0.0
2026-09-28 06:00:00,10,2,2026-10-07 06:00:00,9 days 00:00:00,216,16.18,148.49,1006.6,22.7,66.27110081331628,0.0,0.0,0.0,0.0,0.0,0.0,0.0,0.0,0.0,0.0,0.0,0.0
2026-09-28 06:00:00,10,2,2026-10-07 12:00:00,9 days 06:00:00,222,16.35,148.31,1003.9,26.9,110.17456495927838,0.0,0.0,0.0,0.0,0.0,0.0,0.0,0.0,0.0,0.0,0.0,0.0
2026-09-28 06:00:00,10,2,2026-10-07 18:00:00,9 days 12:00:00,228,16.1,147.29,1005.7,22.6,67.21427400250123,0.0,0.0,0.0,0.0,0.0,0.0,0.0,0.0,0.0,0.0,0.0,0.0
2026-09-28 06:00:00,10,2,2026-10-08 00:00:00,9 days 18:00:00,234,16.59,146.36,1002.3,30.3,68.6110941752062,0.0,0.0,0.0,0.0,0.0,0.0,0.0,0.0,0.0,0.0,0.0,0.0
2026-09-28 06:00:00,10,2,2026-10-08 06:00:00,10 days 00:00:00,240,16.54,145.75,1005.5,33.1,69.58987755956232,0.0,0.0,0.0,0.0,0.0,0.0,0.0,0.0,0.0,0.0,0.0,0.0
2026-09-28 06:00:00,10,2,2026-10-08 12:00:00,10 days 06:00:00,246,17.11,145.14,1002.7,23.7,61.22893813457165,0.0,0.0,0.0,0.0,0.0,0.0,0.0,0.0,0.0,0.0,0.0,0.0
2026-09-28 06:00:00,10,2,2026-10-08 18:00:00,10 days 12:00:00,252,17.36,144.53,1003.1,22.1,57.01716620604032,0.0,0.0,0.0,0.0,0.0,0.0,0.0,0.0,0.0,0.0,0.0,0.0
2026-09-28 06:00:00,10,2,2026-10-09 00:00:00,10 days 18:00:00,258,17.61,144.41,1003.5,19.4,63.417262287070585,0.0,0.0,0.0,0.0,0.0,0.0,0.0,0.0,0.0,0.0,0.0,0.0
2026-09-28 06:00:00,10,2,2026-10-09 06:00:00,11 days 00:00:00,264,18.82,144.78,1005.6,21.9,58.40909265314997,0.0,0.0,0.0,0.0,0.0,0.0,0.0,0.0,0.0,0.0,0.0,0.0
2026-09-28 06:00:00,10,2,2026-10-09 12:00:00,11 days 06:00:00,270,19.37,144.79,1001.6,26.3,135.98149476533217,0.0,0.0,0.0,0.0,0.0,0.0,0.0,0.0,0.0,0.0,0.0,0.0
2026-09-28 06:00:00,10,2,2026-10-09 18:00:00,11 days 12:00:00,276,19.45,144.88,1001.6,26.5,69.80283952190577,0.0,0.0,0.0,0.0,0.0,0.0,0.0,0.0,0.0,0.0,0.0,0.0
2026-09-28 06:00:00,10,2,2026-10-10 00:00:00,11 days 18:00:00,282,20.51,145.08,1001.6,27.7,44.90412821915001,0.0,0.0,0.0,0.0,0.0,0.0,0.0,0.0,0.0,0.0,0.0,0.0
2026-09-28 06:00:00,10,2,2026-10-10 06:00:00,12 days 00:00:00,288,21.48,144.61,1001.2,28.5,51.31888520426583,0.0,0.0,0.0,0.0,0.0,0.0,0.0,0.0,0.0,0.0,0.0,0.0
2026-09-28 06:00:00,10,2,2026-10-10 12:00:00,12 days 06:00:00,294,22.1,144.77,996.4,37.8,90.50142291244684,90.50142291244684,4.522302317345318,0.0,3.6479931286635807,0.0,0.0,0.0,0.0,0.0,0.0,0.0,0.0
2026-09-28 06:00:00,10,2,2026-10-10 18:00:00,12 days 12:00:00,300,22.61,144.26,991.3,46.4,31.43578606892004,138.29036638052412,104.45126829766542,70.19842644414499,117.35546088461496,0.0,0.0,0.0,0.0,0.0,0.0,0.0,0.0
2026-09-28 06:00:00,10,2,2026-10-11 00:00:00,12 days 18:00:00,306,22.89,144.31,992.9,44.3,83.13391236610092,173.56211996352835,164.86656574266544,126.1298385950501,138.50554960110225,0.0,0.0,0.0,0.0,0.0,0.0,0.0,0.0
2026-09-28 06:00:00,10,2,2026-10-11 06:00:00,13 days 00:00:00,312,23.31,144.21,995.6,39.8,95.27636797321618,95.27636797321618,23.962806254396803,9.55216513080085,18.967763831845318,0.0,0.0,0.0,0.0,0.0,0.0,0.0,0.0
2026-09-28 06:00:00,10,2,2026-10-11 12:00:00,13 days 06:00:00,318,23.19,144.54,994.6,38.2,86.0476382265164,86.0476382265164,29.382003864851274,26.359432533983544,29.504850346851924,0.0,0.0,0.0,0.0,0.0,0.0,0.0,0.0
2026-09-28 06:00:00,10,2,2026-10-11 18:00:00,13 days 12:00:00,324,23.32,144.13,991.6,43.2,42.66216075378745,135.88848290464375,117.82842984511376,91.04464009291776,116.7257987514114,0.0,0.0,0.0,0.0,0.0,0.0,0.0,0.0
2026-09-28 06:00:00,10,2,2026-10-12 00:00:00,13 days 18:00:00,330,23.25,144.5,993.9,32.2,85.46985493329925,0.0,0.0,0.0,0.0,0.0,0.0,0.0,0.0,0.0,0.0,0.0,0.0
2026-09-28 06:00:00,10,2,2026-10-12 06:00:00,14 days 00:00:00,336,23.13,144.16,993.4,43.6,34.30080645419649,144.01650275168132,138.1147904796071,116.23159296138084,135.30281553741997,0.0,0.0,0.0,0.0,0.0,0.0,0.0,0.0
2026-09-28 06:00:00,10,2,2026-10-12 12:00:00,14 days 06:00:00,342,22.72,144.44,993.6,37.6,34.22497287513224,77.39493997262107,68.11723841100122,62.76870554850328,74.8441183221947,0.0,0.0,0.0,0.0,0.0,0.0,0.0,0.0
2026-09-28 06:00:00,10,2,2026-10-12 18:00:00,14 days 12:00:00,348,22.82,144.61,995.6,31.7,66.56298787705646,0.0,0.0,0.0,0.0,0.0,0.0,0.0,0.0,0.0,0.0,0.0,0.0
2026-09-28 06:00:00,10,2,2026-10-13 00:00:00,14 days 18:00:00,354,22.7,144.65,997.3,28.5,48.98012853165082,0.0,0.0,0.0,0.0,0.0,0.0,0.0,0.0,0.0,0.0,0.0,0.0
2026-09-28 06:00:00,10,2,2026-10-13 06:00:00,15 days 00:00:00,360,23.28,144.62,998.0,25.9,50.772302692548806,0.0,0.0,0.0,0.0,0.0,0.0,0.0,0.0,0.0,0.0,0.0,0.0
2026-09-28 06:00:00,11,2,2026-10-06 18:00:00,8 days 12:00:00,204,14.03,-93.56,997.5,35.6,31.283688987956225,3.193090421858926,0.4234998934324352,2.33398188433479,31.283688987956225,0.0,0.0,0.0,0.0,0.0,0.0,0.0,0.0
2026-09-28 06:00:00,11,2,2026-10-07 00:00:00,8 days 18:00:00,210,14.17,-94.04,990.2,60.4,46.67324136806248,218.9286907387396,215.1734795803514,170.14574292314566,180.41331535790363,46.67324136806248,0.0,0.0,0.0,0.0,0.0,0.0,0.0
2026-09-28 06:00:00,11,2,2026-10-07 06:00:00,9 days 00:00:00,216,13.76,-94.08,993.2,38.8,68.40828735060558,68.40828735060558,0.0,0.0,0.0,0.0,0.0,0.0,0.0,0.0,0.0,0.0,0.0
2026-09-28 06:00:00,11,2,2026-10-07 12:00:00,9 days 06:00:00,222,13.87,-94.8,996.3,45.3,106.85166563936532,199.0220007859696,177.12009783123062,165.08427656376827,178.86720905598926,0.0,0.0,0.0,0.0,0.0,0.0,0.0,0.0
2026-09-28 06:00:00,11,2,2026-10-07 18:00:00,9 days 12:00:00,228,13.63,-94.87,993.9,55.7,22.570654017878034,155.93909512788156,142.72191421434246,130.5369265869422,136.64675878175854,82.64645165761698,75.98560721328164,58.96972824598927,69.56067250774163,0.0,0.0,0.0,0.0
2026-09-28 06:00:00,11,2,2026-10-08 00:00:00,9 days 18:00:00,234,14.44,-95.45,992.7,56.5,13.815458072070818,174.06128776388385,149.99847393014997,134.16878571874622,158.08980622058877,43.87182009227883,38.35453699266226,31.839058974678053,35.37155894386095,0.0,0.0,0.0,0.0
2026-09-28 06:00:00,11,2,2026-10-08 06:00:00,10 days 00:00:00,240,14.17,-96.03,982.6,78.1,29.67686636075829,225.0030527671701,208.5666427119453,201.86850894774045,199.62638315904584,115.76098294608548,104.15781602819337,86.92633238141332,100.84543160012312,32.414975347142736,29.61777429298799,25.57316821581016,27.669379276519965
2026-09-28 06:00:00,11,2,2026-10-08 12:00:00,10 days 06:00:00,246,14.14,-96.38,991.1,60.1,33.60200778716481,202.8734968798756,198.47557963740223,179.29384034106783,185.1063396415925,64.97347275826635,56.33511288338741,44.60629520889634,51.59551944569267,0.0,0.0,0.0,0.0
2026-09-28 06:00:00,11,2,2026-10-08 18:00:00,10 days 12:00:00,252,14.06,-96.58,994.8,50.2,19.40378941635072,89.9538333953277,80.944374389377,69.74035716333606,76.15401598588721,19.40378941635072,14.745409924784113,10.351073820212475,12.834792206567226,0.0,0.0,0.0,0.0
2026-09-28 06:00:00,11,2,2026-10-09 00:00:00,10 days 18:00:00,258,14.11,-96.73,996.9,45.7,22.282480803064345,145.65852125144784,137.947853273718,110.75505272094006,122.29636439230808,0.0,0.0,0.0,0.0,0.0,0.0,0.0,0.0
2026-09-28 06:00:00,11,2,2026-10-09 06:00:00,11 days 00:00:00,264,13.95,-97.12,996.4,50.0,38.90980801757509,13.68498265266398,38.90980801757509,20.43370730015108,17.44230668529252,0.0,0.0,0.0,0.0,0.0,0.0,0.0,0.0
2026-09-28 06:00:00,11,2,2026-10-09 12:00:00,11 days 06:00:00,270,14.02,-97.48,988.2,61.6,25.72152472110145,107.09049956274498,93.66731878824658,71.7462438872517,92.02019282903234,25.72152472110145,2.4474242332044014,0.43364793227056,2.471505878216305,0.0,0.0,0.0,0.0
2026-09-28 06:00:00,11,2,2026-10-09 18:00:00,11 days 12:00:00,276,14.13,-97.5,1002.1,37.8,49.41222603927457,49.41222603927457,34.29554265816595,16.7979997292013,31.50845139522981,0.0,0.0,0.0,0.0,0.0,0.0,0.0,0.0
2026-09-28 06:00:00,11,2,2026-10-10 00:00:00,11 days 18:00:00,282,14.26,-97.78,997.7,47.6,23.714403171768225,78.08338874062429,71.57522996901183,56.08457857441943,65.25314011013548,0.0,0.0,0.0,0.0,0.0,0.0,0.0,0.0
2026-09-28 06:00:00,11,2,2026-10-10 06:00:00,12 days 00:00:00,288,14.08,-98.45,971.3,85.3,21.722999855571025,98.79307408081036,82.2306416052651,62.53776422064472,97.2737793948276,56.845722577504205,49.2315841349988,39.85126960888036,53.79848344259133,31.397899153282975,27.67995964496859,22.98012152301177,28.498539277690483
2026-09-28 06:00:00,11,2,2026-10-10 12:00:00,12 days 06:00:00,294,14.01,-99.01,983.5,74.6,17.918865820951396,125.36878347833954,86.99622178373465,81.12125253152044,109.89847421718878,50.94513183276831,36.62064889538669,26.92330042096728,42.36352474231535,17.918865820951396,5.57930892244633,4.331672191618566,8.335830043500437
2026-09-28 06:00:00,11,2,2026-10-10 18:00:00,12 days 12:00:00,300,13.97,-99.58,975.5,87.3,0.0,74.31771008107619,68.02474207125155,68.69858882225873,76.49942170998591,48.19937892899172,44.57012832951097,43.03128795110416,46.16656368433394,27.595948602112134,26.79992216722017,23.40680545742087,25.2672445180411
2026-09-28 06:00:00,11,2,2026-10-11 00:00:00,12 days 18:00:00,306,13.79,-100.17,948.8,109.8,6.053415786614906,57.53733396510896,26.939304371467955,52.69381470422333,78.7326661000836,29.40848183498955,22.07708851121658,22.70329415033357,33.18415741025308,27.287417095109063,22.07708851121658,20.17624765479439,25.523150788862537
2026-09-28 06:00:00,11,2,2026-10-11 06:00:00,13 days 00:00:00,312,13.7,-100.49,982.7,82.2,36.74317417965087,40.99958841902003,55.07771734868564,46.81101039919158,46.976586699849456,39.86602259020572,32.381850552188936,27.43020329148435,36.19515036971483,36.74317417965087,12.759895675102126,10.469351686216218,13.581977901753143
2026-09-28 06:00:00,11,2,2026-10-11 12:00:00,13 days 06:00:00,318,13.99,-101.21,986.8,66.2,13.917779896915608,76.83909127451525,57.99318818749734,35.619829385407584,66.36702071019512,38.090260671331954,26.28454885137197,17.828826182760153,31.674058800753627,13.917779896915608,3.833535733220917,2.1139731360410337,6.047839086729266
2026-09-28 06:00:00,11,2,2026-10-11 18:00:00,13 days 12:00:00,324,14.02,-102.26,984.3,74.2,15.254096728687893,89.88104507915006,59.05169433955135,43.86027598321966,85.80196041004838,52.52797305865312,40.821672704916594,30.756101904326425,47.60598517405364,26.08173343088573,22.158997504720077,16.85105597682857,23.01206004236845
2026-09-28 06:00:00,11,2,2026-10-12 00:00:00,13 days 18:00:00,330,14.18,-103.15,970.9,88.3,4.730232700297126,81.24091042200885,55.90618478844604,33.69391721791837,68.49871570396239,27.27420176630892,16.607626004491028,10.238779942582882,22.987142743664734,17.70536923686415,13.189807420655368,9.93352261263992,15.176472912382232
2026-09-28 06:00:00,11,2,2026-10-12 06:00:00,14 days 00:00:00,336,14.34,-104.16,980.0,79.3,21.35992693018661,81.41251113420611,65.18311779219485,51.949747037900885,81.39528792370193,50.98727973552941,40.31957478863116,30.419243908597544,44.180135821587164,21.35992693018661,15.333958979048964,12.077189993794232,16.656201945497425
2026-09-28 06:00:00,11,2,2026-10-12 12:00:00,14 days 06:00:00,342,14.53,-105.45,950.8,117.0,22.77021725290713,73.46618093422265,52.6032647360304,30.67196062707292,81.67188404658737,36.88642426436796,23.945431612126587,15.877627903627458,32.53805421900148,22.77021725290713,14.15756567981596,10.995803891002684,17.817451635156672
2026-09-28 06:00:00,11,2,2026-10-12 18:00:00,14 days 12:00:00,348,14.98,-106.5,938.1,134.9,2.2748827403810914,75.08310132303583,47.10476227089164,50.99412207639849,87.43052583494426,38.91356744657176,28.40257202360157,27.171544015029102,36.59800589345818,27.9355748856143,22.465527711756927,19.69863895170843,25.15074526206586
2026-09-28 06:00:00,11,2,2026-10-13 00:00:00,14 days 18:00:00,354,15.5,-107.79,929.9,142.6,12.426613626239536,133.6908276133204,115.7580729581092,81.37378431226198,119.83454108089524,67.84524362416782,50.47394810271716,37.1473511802708,57.03393438340306,49.695007712813286,40.48859941506733,31.85239954103465,42.06069442869814
2026-09-28 06:00:00,11,2,2026-10-13 06:00:00,15 days 00:00:00,360,16.03,-108.64,922.6,146.1,0.0,160.99279367139192,136.87159594340048,153.29452103492918,155.2347738648046,86.1961677050385,80.37033873711492,71.8253914450818,81.40847836497936,51.296729236098166,47.15593662437816,41.34907943629268,47.597666496614224
2026-09-28 06:00:00,3,2,2026-09-28 18:00:00,0 days 12:00:00,12,16.28,154.57,1008.2,23.4,76.89601224394215,0.0,0.0,0.0,0.0,0.0,0.0,0.0,0.0,0.0,0.0,0.0,0.0
2026-09-28 06:00:00,3,2,2026-09-29 00:00:00,0 days 18:00:00,18,15.97,154.67,1006.1,23.9,95.57747448408205,0.0,0.0,0.0,0.0,0.0,0.0,0.0,0.0,0.0,0.0,0.0,0.0
2026-09-28 06:00:00,3,2,2026-09-29 06:00:00,1 days 00:00:00,24,15.62,153.19,1004.9,17.8,108.5694311517614,0.0,0.0,0.0,0.0,0.0,0.0,0.0,0.0,0.0,0.0,0.0,0.0
2026-09-28 06:00:00,3,2,2026-09-29 12:00:00,1 days 06:00:00,30,15.96,152.72,1003.5,22.9,103.91392511936132,0.0,0.0,0.0,0.0,0.0,0.0,0.0,0.0,0.0,0.0,0.0,0.0
2026-09-28 06:00:00,3,2,2026-09-29 18:00:00,1 days 12:00:00,36,15.58,152.26,999.9,28.1,73.03515741515866,0.0,0.0,0.0,0.0,0.0,0.0,0.0,0.0,0.0,0.0,0.0,0.0
2026-09-28 06:00:00,3,2,2026-09-30 00:00:00,1 days 18:00:00,42,16.04,151.74,999.6,29.3,120.28182953245376,0.0,0.0,0.0,0.0,0.0,0.0,0.0,0.0,0.0,0.0,0.0,0.0
2026-09-28 06:00:00,3,2,2026-09-30 06:00:00,2 days 00:00:00,48,15.93,150.85,1000.8,32.7,57.97279822359021,0.0,0.0,0.0,0.0,0.0,0.0,0.0,0.0,0.0,0.0,0.0,0.0
2026-09-28 06:00:00,3,2,2026-09-30 12:00:00,2 days 06:00:00,54,16.12,150.44,997.2,38.9,71.45266476319733,71.45266476319733,0.0,0.0,2.2628135522677777,0.0,0.0,0.0,0.0,0.0,0.0,0.0,0.0
2026-09-28 06:00:00,3,2,2026-09-30 18:00:00,2 days 12:00:00,60,16.35,149.7,995.4,36.4,87.39418526366944,87.39418526366944,48.20439926208458,35.1455440305546,40.57730482439403,0.0,0.0,0.0,0.0,0.0,0.0,0.0,0.0
2026-09-28 06:00:00,3,2,2026-10-01 00:00:00,2 days 18:00:00,66,16.85,149.32,993.2,48.7,70.23382142486668,97.99672341396048,90.00727324966938,71.54616743681264,75.0491427451497,0.0,0.0,0.0,0.0,0.0,0.0,0.0,0.0
2026-09-28 06:00:00,3,2,2026-10-01 06:00:00,3 days 00:00:00,72,16.74,148.89,991.2,55.9,99.4266431413058,236.868892869991,220.341294591919,183.18920528304216,200.5622860178644,99.4266431413058,0.0,0.0,0.0,0.0,0.0,0.0,0.0
2026-09-28 06:00:00,3,2,2026-10-01 12:00:00,3 days 06:00:00,78,17.06,148.41,986.7,58.9,37.31644234646903,210.25841105331256,183.23976229888532,146.25350990661025,169.48728184730226,69.01474764757563,61.26664559792502,43.805025084753424,55.78739411654715,0.0,0.0,0.0,0.0
2026-09-28 06:00:00,3,2,2026-10-01 18:00:00,3 days 12:00:00,84,17.3,147.94,973.1,74.6,64.50363639128115,318.76350744855586,280.1377081001501,235.9590905904642,281.01537407693826,197.07233108044232,183.89332495987117,160.16199331596334,175.6473477184252,105.34626195763482,100.76963295715775,84.75659598639585,92.90922214560663
2026-09-28 06:00:00,3,2,2026-10-02 00:00:00,3 days 18:00:00,90,17.84,147.54,958.7,95.8,43.93686958870168,268.6447168232579,252.86816562874745,221.97290580965975,240.31260057829743,147.940607396532,142.57554848202744,124.60331653330178,133.27640903975777,76.59212029509523,74.33979422545843,63.53303343290349,67.44599269820762
2026-09-28 06:00:00,3,2,2026-10-02 06:00:00,4 days 00:00:00,96,18.78,147.44,944.7,110.4,29.40885005706208,407.1209723400407,399.1514993070416,317.11370893429887,344.8737047263867,186.37840287913872,182.6393709740489,151.46004768742625,161.63064721300464,83.67630407560466,81.16441721636993,68.36936839638054,74.22455236110403
2026-09-28 06:00:00,3,2,2026-10-02 12:00:00,4 days 06:00:00,102,19.44,147.52,959.8,91.4,56.601508461951866,358.190319227147,335.89187646013227,266.9009590493566,301.2480126627652,224.89755559922088,213.4549954821236,180.23911365020027,196.41556092627428,114.48540045645314,110.3795113046767,92.53980406380916,100.5839264474915
2026-09-28 06:00:00,3,2,2026-10-02 18:00:00,4 days 12:00:00,108,20.21,147.64,942.4,115.0,32.09772069462815,380.8459624038078,391.6390792460006,315.4183670664788,333.0012185967935,193.81944988374744,193.04941188491648,164.39017477495509,169.14353346153803,102.26091775265375,100.7287545429972,85.23057103006067,90.32077777522863
2026-09-28 06:00:00,3,2,2026-10-03 00:00:00,4 days 18:00:00,114,21.13,147.82,920.5,136.6,33.31584778184226,486.7493975174224,491.33204932186857,372.6582181043077,404.1203329884032,224.471408516697,221.0190176746038,182.95959680406608,192.21416410042465,124.69217307464352,120.58568398839492,100.52302574126487,109.1863521385498
2026-09-28 06:00:00,3,2,2026-10-03 06:00:00,5 days 00:00:00,120,21.93,147.79,918.9,128.8,40.7925844881416,389.7447214801185,402.6153930552406,338.7969934370665,325.0997042938194,166.75004974408515,178.79102452021698,151.930704166226,147.43629425458147,85.16890520545167,86.32450684904208,73.81600896686143,74.87372466335574
2026-09-28 06:00:00,3,2,2026-10-03 12:00:00,5 days 06:00:00,126,22.52,147.78,918.6,136.0,26.663901950019408,424.97962040112907,423.00510252847016,343.9705275159613,350.89681125008065,182.15665387571065,177.44645817114906,148.43812624770726,157.95568180310147,99.44062239600952,96.1127803322488,81.7752045615307,86.60288722129098
2026-09-28 06:00:00,3,2,2026-10-03 18:00:00,5 days 12:00:00,132,23.1,147.71,924.8,117.2,45.81218610060501,411.3624494559467,396.8809429175506,342.8666457678098,349.9924570943017,250.4201960021056,249.2724851032169,211.6281939617371,218.8850071604141,134.16407960130522,130.9240240004344,112.4701128495382,118.06791271240276
2026-09-28 06:00:00,3,2,2026-10-04 00:00:00,5 days 18:00:00,138,23.78,148.08,924.4,122.2,29.398287284959626,403.1608094940848,415.0323752656405,344.97757525053885,336.1700433687638,194.98827581993987,191.8553451905284,155.04876371863045,167.02084281168504,90.11637404181783,87.05014796280398,71.9340622875012,77.86881883020442
2026-09-28 06:00:00,3,2,2026-10-04 06:00:00,6 days 00:00:00,144,24.23,147.46,921.9,119.1,40.364949786910245,317.5685962699704,326.6766148970098,247.61208545336376,243.0121033834796,48.80689100717217,42.030097921416086,22.909709570128413,32.48439250561985,40.364949786910245,2.24487277670962,0.4720939479592632,0.6518691929453073
2026-09-28 06:00:00,3,2,2026-10-04 12:00:00,6 days 06:00:00,150,24.86,147.01,925.3,119.8,11.454851575816628,491.4615555517893,469.15395892995593,409.4165180422092,434.5460033814637,267.19147222514414,256.54401996048654,223.15930780668964,237.12593922982316,157.38471926910614,150.72237563305936,128.79067076151344,138.7400166542491
2026-09-28 06:00:00,3,2,2026-10-04 18:00:00,6 days 12:00:00,156,25.45,146.77,899.2,129.1,40.17529709517801,611.389050988406,583.8627828488551,493.2510313211736,531.3225209326548,281.01080186974247,279.6333443467294,240.41829077053643,249.92204499643992,133.20294449258958,130.01161130722082,112.43417644299166,117.9466359887064
2026-09-28 06:00:00,3,2,2026-10-05 00:00:00,6 days 18:00:00,162,25.95,146.27,927.0,116.3,28.516977053070114,397.29011937747794,375.0183804117092,306.49901723968225,343.6738085819948,263.1546593754723,244.8135120015257,205.4499886646864,229.35331074297173,147.0062650077133,141.54780592326802,117.63744114076287,128.66681122777476
2026-09-28 06:00:00,3,2,2026-10-05 06:00:00,7 days 00:00:00,168,27.31,146.39,923.0,116.3,31.74254003808449,555.3362238039986,564.4158466170602,478.5622114113638,486.55741594150817,299.06981620813656,302.71816593733115,266.5355819992135,266.9962108027945,182.11668307185215,181.63197422900888,153.8711063584626,161.34108255681696
2026-09-28 06:00:00,3,2,2026-10-05 12:00:00,7 days 06:00:00,174,28.16,146.27,945.6,94.6,56.43168364295221,406.3790755906606,422.0123839717121,352.97956908698075,351.7854143406884,246.9946070998917,254.6678949380552,221.10209001182835,216.0351696968172,132.1218793600733,134.30978153932435,114.8103073651536,117.07035717774389
2026-09-28 06:00:00,3,2,2026-10-05 18:00:00,7 days 12:00:00,180,29.5,146.18,945.7,91.7,80.44849646684686,488.5298820464185,514.9364300413324,436.4555649096524,432.3487290684536,288.51744161685247,296.96103029989706,256.589246610208,254.5029869790945,152.48111570412266,155.1974180234065,130.89377230366816,135.73264088373574
2026-09-28 06:00:00,3,2,2026-10-06 00:00:00,7 days 18:00:00,186,31.28,146.23,946.2,91.0,63.128095697375656,461.8399583195495,492.94860046452857,388.22631521002256,393.7705122064384,276.01525035139264,280.1476926778315,232.43814460314707,235.86219982895864,139.08821653966226,139.8907651756793,115.22344643750488,121.935921546169
2026-09-28 06:00:00,3,2,2026-10-06 06:00:00,8 days 00:00:00,192,33.28,146.83,956.5,79.1,72.37030830772247,416.29820358525535,445.6173431520333,347.0694324075296,350.2561582335809,236.68822888210525,247.90774886194072,211.88497610960133,204.42326103128855,126.71246586818404,131.88001947522775,109.05617889524189,111.71421077558983
2026-09-28 06:00:00,3,2,2026-10-06 12:00:00,8 days 06:00:00,198,35.27,147.98,969.1,72.6,63.4838834188316,433.2498272388699,464.7835234561575,385.452955249548,384.0013150921068,276.8215323367234,290.871968796792,245.7467354791391,238.37839051296908,106.69583796374404,112.48406073578748,93.36037140394996,94.21231691093747
2026-09-28 06:00:00,3,2,2026-10-06 18:00:00,8 days 12:00:00,204,37.77,149.83,966.5,75.3,37.5231438402493,152.81047690660125,212.20369418967084,125.30256139797577,103.78680174347188,20.61857385001241,37.5231438402493,15.422095933734964,4.591788937349932,0.7571570227944164,37.5231438402493,0.7300453531337254,0.0
2026-09-28 06:00:00,3,2,2026-10-07 00:00:00,8 days 18:00:00,210,41.56,152.34,975.1,56.3,65.5045853300323,17.56727666189326,73.86552081014564,42.26779614410178,11.07008425396264,0.0,65.5045853300323,0.0,0.0,0.0,0.0,0.0,0.0
2026-09-28 06:00:00,3,2,2026-10-07 06:00:00,9 days 00:00:00,216,45.27,154.85,979.0,52.3,95.43861253540638,0.291668153780817,95.43861253540638,3.300271281576915,0.0,0.291668153780817,95.43861253540638,3.300271281576915,0.0,0.0,0.0,0.0,0.0
2026-09-28 06:00:00,3,2,2026-10-07 12:00:00,9 days 06:00:00,222,47.95,160.23,979.1,44.3,155.50240388290328,0.0,155.50240388290328,14.57807449081626,0.0,0.0,0.0,0.0,0.0,0.0,0.0,0.0,0.0
2026-09-28 06:00:00,3,2,2026-10-07 18:00:00,9 days 12:00:00,228,50.12,167.27,975.7,54.3,74.84354663281097,0.0,74.84354663281097,74.84354663281097,0.0,0.0,74.84354663281097,1.5410597352907305,0.0,0.0,0.0,0.0,0.0
2026-09-28 06:00:00,3,2,2026-10-08 00:00:00,9 days 18:00:00,234,51.78,169.91,979.8,41.5,148.8898071334907,0.0,0.0,148.8898071334907,0.0,0.0,0.0,0.0,0.0,0.0,0.0,0.0,0.0
2026-09-28 06:00:00,3,2,2026-10-08 06:00:00,10 days 00:00:00,240,51.98,173.56,975.9,44.3,87.90104902195435,87.90104902195435,0.0,1.881550975975495,2.20075174020503,0.0,0.0,0.0,0.0,0.0,0.0,0.0,0.0
2026-09-28 06:00:00,3,2,2026-10-08 12:00:00,10 days 06:00:00,246,52.05,179.79,974.6,43.6,67.71702778501503,3.882372610247924,0.0,67.71702778501503,1.982686799542332,0.0,0.0,0.0,0.0,0.0,0.0,0.0,0.0
2026-09-28 06:00:00,3,2,2026-10-08 18:00:00,10 days 12:00:00,252,51.8,-175.21,966.6,47.3,68.14124020784041,0.0,0.0,68.14124020784041,0.0,0.0,0.0,0.0,0.0,0.0,0.0,0.0,0.0
2026-09-28 06:00:00,3,2,2026-10-09 00:00:00,10 days 18:00:00,258,52.14,-172.18,982.3,37.1,64.67382446086617,64.67382446086617,0.0,1.546821399705891,0.0,0.0,0.0,0.0,0.0,0.0,0.0,0.0,0.0
2026-09-28 06:00:00,3,2,2026-10-09 06:00:00,11 days 00:00:00,264,52.28,-168.89,980.9,36.6,79.77707466651215,79.77707466651215,0.0,4.735990512246392,3.5475251653968947,0.0,0.0,0.0,0.0,0.0,0.0,0.0,0.0
2026-09-28 06:00:00,AL062026,2,2026-09-28 06:00:00,0 days 00:00:00,0,28.3,-43.8,1012.0,25.0,56.0,0.0,0.0,0.0,0.0,0.0,0.0,0.0,0.0,0.0,0.0,0.0,0.0
2026-09-28 06:00:00,AL062026,2,2026-09-28 12:00:00,0 days 06:00:00,6,28.13,-44.27,1012.1,23.0,89.18501073112554,0.0,0.0,0.0,0.0,0.0,0.0,0.0,0.0,0.0,0.0,0.0,0.0
2026-09-28 06:00:00,AL062026,2,2026-09-28 18:00:00,0 days 12:00:00,12,26.95,-45.1,1009.8,27.4,38.01636326830689,0.0,0.0,0.0,0.0,0.0,0.0,0.0,0.0,0.0,0.0,0.0,0.0
2026-09-28 06:00:00,AL062026,2,2026-09-29 00:00:00,0 days 18:00:00,18,26.18,-45.66,1011.1,23.1,105.31221220214726,0.0,0.0,0.0,0.0,0.0,0.0,0.0,0.0,0.0,0.0,0.0,0.0
2026-09-28 06:00:00,AL062026,2,2026-09-29 06:00:00,1 days 00:00:00,24,25.43,-46.61,1010.7,30.3,88.69852081054182,0.0,0.0,0.0,0.0,0.0,0.0,0.0,0.0,0.0,0.0,0.0,0.0
2026-09-28 06:00:00,AL062026,2,2026-09-29 12:00:00,1 days 06:00:00,30,24.89,-47.66,1009.7,21.7,87.45194559100003,0.0,0.0,0.0,0.0,0.0,0.0,0.0,0.0,0.0,0.0,0.0,0.0
2026-09-28 06:00:00,AL062026,2,2026-09-29 18:00:00,1 days 12:00:00,36,24.44,-48.61,1008.6,21.2,77.65280404837995,0.0,0.0,0.0,0.0,0.0,0.0,0.0,0.0,0.0,0.0,0.0,0.0
2026-09-28 06:00:00,AL062026,2,2026-09-30 00:00:00,1 days 18:00:00,42,23.98,-49.93,1008.9,26.2,84.88382054465538,0.0,0.0,0.0,0.0,0.0,0.0,0.0,0.0,0.0,0.0,0.0,0.0
2026-09-28 06:00:00,AL062026,2,2026-09-30 06:00:00,2 days 00:00:00,48,23.44,-50.94,1008.3,29.0,50.4752257436993,0.0,0.0,0.0,0.0,0.0,0.0,0.0,0.0,0.0,0.0,0.0,0.0
2026-09-28 06:00:00,AL912026(2),2,2026-09-28 06:00:00,0 days 00:00:00,0,36.3,-53.1,1013.0,29.0,148.0,0.0,0.0,0.0,0.0,0.0,0.0,0.0,0.0,0.0,0.0,0.0,0.0
2026-09-28 06:00:00,EP152026(2),2,2026-09-28 06:00:00,0 days 00:00:00,0,16.4,-160.8,929.0,134.0,28.0,241.0,185.0,148.0,204.0,93.0,74.0,74.0,93.0,56.0,46.0,37.0,46.0
2026-09-28 06:00:00,EP152026(2),2,2026-09-28 12:00:00,0 days 06:00:00,6,16.79,-161.73,935.3,134.4,21.382619362450164,159.71532441071545,100.2619917360574,97.13230083248811,168.90616238767825,95.81603386682346,66.14691305925116,49.73984223644373,88.32654977533676,49.15177399610745,36.75163742705556,29.08162860724083,42.583576133989695
2026-09-28 06:00:00,EP152026(2),2,2026-09-28 18:00:00,0 days 12:00:00,12,17.3,-162.36,948.9,116.2,15.954101588130545,238.16862146796765,193.15977006771536,122.48552343126832,214.28021143561492,94.32991130890224,71.57888389180432,53.69151165932266,80.07682851628056,45.90886742299914,38.78724611852659,31.132058165258364,40.54275484579732
2026-09-28 06:00:00,EP152026(2),2,2026-09-29 00:00:00,0 days 18:00:00,18,18.23,-163.0,944.5,120.5,15.691227707053926,135.0567465218772,109.70360512593456,77.48040809467958,126.87917699080238,78.8414452202673,61.15932255948342,44.05278654138971,65.78371483826129,41.59140189542333,33.18915376324918,25.215310294537524,33.65216838977778
2026-09-28 06:00:00,EP152026(2),2,2026-09-29 06:00:00,1 days 00:00:00,24,19.21,-163.41,948.1,111.3,18.78538729585821,176.0837846665062,151.22848560124638,75.29114996937918,155.16864838165614,88.70841312835097,76.20769287834631,53.43010153306528,76.54816267496469,46.44012506902827,39.43075876365912,30.7651252442404,38.687210979126014
2026-09-28 06:00:00,EP152026(2),2,2026-09-29 12:00:00,1 days 06:00:00,30,20.27,-163.49,951.6,107.4,19.777256485475057,162.5042955929219,144.2213242400358,91.56767101211014,131.55961294055132,52.011665675421206,43.93360608513477,29.163450563857253,42.17431536219495,19.777256485475057,13.726547963422025,10.687237341566345,12.789886782708558
2026-09-28 06:00:00,EP152026(2),2,2026-09-29 18:00:00,1 days 12:00:00,36,21.25,-163.22,959.2,99.5,17.963334549803655,116.78462451151417,110.1067011175021,50.36135538958117,88.53491688308334,59.115962642141575,55.29271808156449,39.59688276203958,50.00306400903399,21.128027049823935,19.220913798468366,15.979903925645438,16.508874945069667
2026-09-28 06:00:00,EP152026(2),2,2026-09-30 00:00:00,1 days 18:00:00,42,22.08,-163.21,977.7,79.4,57.4280995374664,238.91418093534435,222.89351861145943,154.2109784929089,176.91072870404471,106.58280528649888,96.49119270585092,70.57586268786312,83.02688790674361,57.4280995374664,27.513391947104022,20.84047313623825,24.037111472766068
2026-09-28 06:00:00,EP152026(2),2,2026-09-30 06:00:00,2 days 00:00:00,48,22.72,-163.22,974.9,74.9,48.28094890995666,283.99080748938786,269.1109997408123,200.0073212351704,227.1697553446816,176.68989115123395,168.83132781352856,139.09687529810924,152.46708600176655,85.24521872701081,83.80226192604101,69.15753820511935,74.84661993687189
2026-09-28 06:00:00,EP152026(2),2,2026-09-30 12:00:00,2 days 06:00:00,54,23.39,-163.42,981.0,64.6,67.6354240121259,224.92697154704592,183.08166827358676,128.55125764016134,176.03658060909447,112.14883476573596,98.25932133392804,69.19172679510598,92.65259349271672,67.6354240121259,23.068861949824907,15.873199923821772,22.14391237932952
2026-09-28 06:00:00,EP152026(2),2,2026-09-30 18:00:00,2 days 12:00:00,60,23.27,-163.74,988.0,53.5,78.35240754873325,124.1869633911998,112.29993693006338,85.63860311668043,111.69989512065314,78.35240754873325,1.3073661481065244,0.0,0.1782353512726544,0.0,0.0,0.0,0.0
2026-09-28 06:00:00,EP152026(2),2,2026-10-01 00:00:00,2 days 18:00:00,66,23.43,-163.95,994.0,50.0,110.87113265137609,266.4847964786167,242.5015159578084,207.63931931005808,241.70719451183663,0.0,0.0,0.0,0.0,0.0,0.0,0.0,0.0
2026-09-28 06:00:00,EP152026(2),2,2026-10-01 06:00:00,3 days 00:00:00,72,23.29,-164.34,990.3,50.8,73.65640588106146,217.6079575522849,175.00947425221057,145.41843807924442,192.36287170008652,73.65640588106146,40.615797153070446,29.7638249897671,40.94802284341159,0.0,0.0,0.0,0.0
2026-09-28 06:00:00,EP152026(2),2,2026-10-01 12:00:00,3 days 06:00:00,78,23.26,-164.94,991.3,48.4,62.66566859769322,292.4542376859296,257.9866206808755,215.53629978340524,256.4370093428277,0.0,0.0,0.0,0.0,0.0,0.0,0.0,0.0
2026-09-28 06:00:00,EP152026(2),2,2026-10-01 18:00:00,3 days 12:00:00,84,23.33,-165.29,987.1,50.6,128.20110546467856,168.22835792794308,143.43912756901454,113.47988753734852,147.9440468204548,128.20110546467856,11.936156170024349,6.7325566824096015,11.606658164090277,0.0,0.0,0.0,0.0
2026-09-28 06:00:00,EP152026(2),2,2026-10-02 00:00:00,3 days 18:00:00,90,23.56,-165.52,987.8,52.6,64.07324647562363,181.47659372833544,166.17891775238172,121.56040603086964,147.7451710909607,1.5755023237382964,64.07324647562363,0.0,0.6343096147588578,0.0,0.0,0.0,0.0
2026-09-28 06:00:00,EP152026(2),2,2026-10-02 06:00:00,4 days 00:00:00,96,24.01,-166.05,987.8,57.0,66.338553781572,244.52174800815015,207.75640291646255,150.9201257214819,198.22676608328916,66.338553781572,18.351578552125943,9.5304032961591,16.821777971738605,0.0,0.0,0.0,0.0
2026-09-28 06:00:00,EP152026(2),2,2026-10-02 12:00:00,4 days 06:00:00,102,24.48,-166.15,982.4,61.6,64.09996976719279,235.7718740365711,195.1524290658847,145.1706011176682,185.07466606398805,93.08407936797865,79.81740289285892,54.92218950172997,75.22215459723236,0.0,0.0,0.0,0.0
2026-09-28 06:00:00,EP152026(2),2,2026-10-02 18:00:00,4 days 12:00:00,108,24.53,-166.33,981.2,62.2,38.30002326023623,291.10789536916127,278.0190650431032,230.4313018485318,231.31015559178195,116.1806504984097,110.50613457713688,86.0005957305093,95.50442108734752,0.0,0.0,0.0,0.0
2026-09-28 06:00:00,EP152026(2),2,2026-10-03 00:00:00,4 days 18:00:00,114,24.94,-166.45,986.2,59.5,36.64516727261673,252.4871075506593,227.81080082220672,184.3465152654103,205.6734645381398,99.41431687734836,91.12823752500924,67.02976435922716,80.7328407131011,0.0,0.0,0.0,0.0
2026-09-28 06:00:00,EP152026(2),2,2026-10-03 06:00:00,5 days 00:00:00,120,24.91,-166.53,974.7,74.1,62.32859233636054,194.59517010842137,179.31344914482725,163.82518133730264,174.5474590563026,62.32859233636054,41.27119468877368,62.32859233636054,36.90971534704613,0.0,0.0,62.32859233636054,0.0
2026-09-28 06:00:00,EP152026(2),2,2026-10-03 12:00:00,5 days 06:00:00,126,24.53,-166.92,986.0,60.7,36.9412746052311,232.72899722862533,208.43586755671723,195.81044349540585,214.5680234119182,78.79605193502695,71.62239027762111,53.72092235150377,66.84519301901727,0.0,0.0,0.0,0.0
2026-09-28 06:00:00,EP152026(2),2,2026-10-03 18:00:00,5 days 12:00:00,132,24.8,-167.68,979.4,70.5,41.03148845229978,154.1763499246183,92.8023499037746,75.57858116909972,127.05008959820026,55.96684733434458,41.4406778767592,29.12220836118448,47.59593195517215,41.03148845229978,2.266233183115789,0.2761616117117178,4.312539391843812
2026-09-28 06:00:00,EP152026(2),2,2026-10-04 00:00:00,5 days 18:00:00,138,25.03,-168.83,973.6,79.6,50.77401854057305,177.4063004264483,122.39647535427537,94.86122891826454,153.21058309519844,71.72278623406015,56.5741334568379,42.097994591800216,60.7719322809462,50.77401854057305,16.912672148736306,12.80737108705575,18.257476939199137
2026-09-28 06:00:00,EP152026(2),2,2026-10-04 06:00:00,6 days 00:00:00,144,24.98,-170.14,976.2,79.5,52.57834340202993,190.75214339347144,164.3636211247981,126.89955790569002,168.31964932988808,52.57834340202993,16.52644209715281,10.663780253263424,20.559281179957893,52.57834340202993,0.0,0.0,1.354160699573118
2026-09-28 06:00:00,EP152026(2),2,2026-10-04 12:00:00,6 days 06:00:00,150,25.28,-172.21,978.9,73.8,47.36451387076558,265.0879433174325,231.3866772987344,164.15101647243534,219.7564195719959,94.51346543073149,77.76816771714667,52.12619015179817,77.5209147534555,47.36451387076558,9.67150518611488,5.765954821899512,11.711199464689976
2026-09-28 06:00:00,EP152026(2),2,2026-10-04 18:00:00,6 days 12:00:00,156,25.71,-174.26,975.0,81.1,13.573564997037302,168.46287043159654,146.93673389427153,106.69907651310872,131.47582783826408,20.93620181670159,12.369113924370694,1.8311268586822813,12.302990820876111,13.573564997037302,0.5401079737785464,0.0,1.837662651151788
2026-09-28 06:00:00,EP152026(2),2,2026-10-05 00:00:00,6 days 18:00:00,162,25.8,-175.86,969.3,85.9,25.607551832069845,215.206147094936,174.67515236427573,124.98574492636055,177.3555225034238,111.20530808933644,89.62797156985232,65.5279009840443,93.95428717181454,48.430420653337706,40.80429838327319,31.588890115538533,40.58618185179972
2026-09-28 06:00:00,EP152026(2),2,2026-10-05 06:00:00,7 days 00:00:00,168,26.54,-177.2,975.3,85.6,25.530568104717133,221.57508071471847,170.11071769409008,129.8498373274346,203.9649770847765,106.4966103471854,83.13622799782952,58.87434161099564,90.43574289296151,52.14602641518165,42.81414929499087,31.307912414301025,43.44525463481587
2026-09-28 06:00:00,EP152026(2),2,2026-10-05 12:00:00,7 days 06:00:00,174,26.81,-178.69,984.7,65.5,27.335854833584648,219.1146637526191,140.1527041532097,88.33215510695464,167.10180849189442,86.64927449178458,63.36780673813792,38.76173250027375,67.8755931207105,27.335854833584648,4.360519249188478,0.660035123856801,7.035725888929676
2026-09-28 06:00:00,EP152026(2),2,2026-10-05 18:00:00,7 days 12:00:00,180,27.21,-179.98,992.2,49.0,66.78288084340454,132.29006359338865,100.575159000114,56.681868639754775,112.89471087677548,0.0,0.0,0.0,0.0,0.0,0.0,0.0,0.0
2026-09-28 06:00:00,EP152026(2),2,2026-10-06 00:00:00,7 days 18:00:00,186,27.72,178.7,992.6,51.7,44.98258574100636,187.93679472524204,149.75924315766088,114.56274029002712,157.45803654686523,44.98258574100636,13.171060981833644,5.697750187159696,14.170831626180604,0.0,0.0,0.0,0.0
2026-09-28 06:00:00,EP152026(2),2,2026-10-06 06:00:00,8 days 00:00:00,192,27.95,177.46,997.0,38.9,106.11919700927656,130.6248468181135,113.0071111405455,98.53872388669058,118.80437523164836,0.0,0.0,0.0,0.0,0.0,0.0,0.0,0.0
2026-09-28 06:00:00,EP152026(2),2,2026-10-06 12:00:00,8 days 06:00:00,198,28.1,176.88,1005.6,30.8,78.09081117810354,0.0,0.0,0.0,0.0,0.0,0.0,0.0,0.0,0.0,0.0,0.0,0.0
2026-09-28 06:00:00,EP152026(2),2,2026-10-06 18:00:00,8 days 12:00:00,204,28.17,175.52,1003.3,29.3,49.21601269294501,0.0,0.0,0.0,0.0,0.0,0.0,0.0,0.0,0.0,0.0,0.0,0.0
2026-09-28 06:00:00,EP152026(2),2,2026-10-07 00:00:00,8 days 18:00:00,210,27.49,174.35,1005.7,29.9,56.44493456767665,0.0,0.0,0.0,0.0,0.0,0.0,0.0,0.0,0.0,0.0,0.0,0.0
2026-09-28 06:00:00,EP152026(2),2,2026-10-07 06:00:00,9 days 00:00:00,216,27.12,172.41,1007.4,30.5,66.03215180106588,0.0,0.0,0.0,0.0,0.0,0.0,0.0,0.0,0.0,0.0,0.0,0.0
2026-09-28 06:00:00,EP152026(2),2,2026-10-07 12:00:00,9 days 06:00:00,222,26.7,170.31,1007.4,26.3,101.23279342643312,0.0,0.0,0.0,0.0,0.0,0.0,0.0,0.0,0.0,0.0,0.0,0.0
2026-09-28 06:00:00,EP152026(2),2,2026-10-07 18:00:00,9 days 12:00:00,228,26.57,168.06,1008.9,26.6,51.3472474613148,0.0,0.0,0.0,0.0,0.0,0.0,0.0,0.0,0.0,0.0,0.0,0.0
2026-09-28 06:00:00,EP152026(2),2,2026-10-08 00:00:00,9 days 18:00:00,234,26.59,166.35,1009.5,24.7,79.31410605183433,0.0,0.0,0.0,0.0,0.0,0.0,0.0,0.0,0.0,0.0,0.0,0.0
2026-09-28 06:00:00,EP152026(2),2,2026-10-08 06:00:00,10 days 00:00:00,240,26.15,163.49,1007.5,30.0,57.85135271527564,0.0,0.0,0.0,0.0,0.0,0.0,0.0,0.0,0.0,0.0,0.0,0.0
2026-09-28 06:00:00,EP152026(2),2,2026-10-08 12:00:00,10 days 06:00:00,246,26.27,161.98,1008.2,28.4,56.97973975271052,0.0,0.0,0.0,0.0,0.0,0.0,0.0,0.0,0.0,0.0,0.0,0.0
2026-09-28 06:00:00,EP152026(2),2,2026-10-08 18:00:00,10 days 12:00:00,252,26.7,159.63,1009.2,22.7,52.2764797693613,0.0,0.0,0.0,0.0,0.0,0.0,0.0,0.0,0.0,0.0,0.0,0.0
2026-09-28 06:00:00,EP152026(2),2,2026-10-09 00:00:00,10 days 18:00:00,258,27.6,158.04,1007.1,26.8,46.28988222460176,0.0,0.0,0.0,0.0,0.0,0.0,0.0,0.0,0.0,0.0,0.0,0.0
2026-09-28 06:00:00,EP172026,2,2026-09-28 06:00:00,0 days 00:00:00,0,23.2,-114.0,955.0,105.0,28.0,167.0,148.0,148.0,148.0,102.0,93.0,83.0,83.0,65.0,65.0,65.0,65.0
2026-09-28 06:00:00,EP172026,2,2026-09-28 12:00:00,0 days 06:00:00,6,23.81,-113.69,965.5,94.6,14.60217866240464,117.12887756731868,150.74916528034953,81.77369848321507,69.24349498721239,14.60217866240464,9.17010340982199,0.0,1.5006152333261724,14.60217866240464,1.314425596874461,0.0,0.2571833815247633
2026-09-28 06:00:00,EP172026,2,2026-09-28 18:00:00,0 days 12:00:00,12,24.75,-113.41,976.9,79.8,42.09539844612553,197.28870607638487,197.3050163076943,136.9921827984643,153.86624571679312,117.73036951253624,114.90030797184208,91.76871979557812,99.67679743700728,68.15047739215602,64.9657392830632,52.52697678607154,58.75224604513471
2026-09-28 06:00:00,EP172026,2,2026-09-29 00:00:00,0 days 18:00:00,18,24.98,-113.48,981.1,65.5,77.1486083280708,104.31597335865987,86.68635213491672,61.3391832188933,78.14927361229019,77.1486083280708,52.05593862358752,34.270116183999065,46.05254404402575,77.1486083280708,12.515488263470065,9.01309957705909,14.013217623311668
2026-09-28 06:00:00,EP172026,2,2026-09-29 06:00:00,1 days 00:00:00,24,25.63,-112.56,989.0,50.7,47.61626762767887,107.160790110185,95.27473585758524,72.01754147756085,75.8733487396734,47.61626762767887,40.42570479578511,28.909660283005078,33.39501381807821,0.0,0.0,0.0,0.0
2026-09-28 06:00:00,EP172026,2,2026-09-29 12:00:00,1 days 06:00:00,30,26.75,-111.8,989.0,49.5,66.66065923813132,58.39522362958246,66.66065923813132,41.059044819904656,40.50188298097164,0.0,0.0,0.0,0.0,0.0,0.0,0.0,0.0
2026-09-28 06:00:00,EP172026,2,2026-09-29 18:00:00,1 days 12:00:00,36,27.54,-110.68,991.4,45.1,36.39640549957116,51.66868471359501,45.086736748674525,23.986706070626283,36.77061980209645,0.0,0.0,0.0,0.0,0.0,0.0,0.0,0.0
2026-09-28 06:00:00,EP172026,2,2026-09-30 00:00:00,1 days 18:00:00,42,30.24,-107.45,998.4,31.4,82.85083900053598,0.0,0.0,0.0,0.0,0.0,0.0,0.0,0.0,0.0,0.0,0.0,0.0
2026-09-28 06:00:00,EP182026,2,2026-09-28 06:00:00,0 days 00:00:00,0,13.2,-100.0,1001.0,41.0,93.0,222.0,185.0,148.0,222.0,0.0,0.0,0.0,0.0,0.0,0.0,0.0,0.0
2026-09-28 06:00:00,EP182026,2,2026-09-28 12:00:00,0 days 06:00:00,6,12.99,-100.65,995.5,47.6,46.19420701368439,136.24581543937873,120.395965628941,94.4941382811828,113.49625799492723,0.0,0.0,0.0,0.0,0.0,0.0,0.0,0.0
2026-09-28 06:00:00,EP182026,2,2026-09-28 18:00:00,0 days 12:00:00,12,13.68,-101.78,997.0,53.8,52.07984673324029,183.6516321674189,172.72689239493133,147.62457710326805,167.61937293445737,52.07984673324029,12.46110443921518,8.512837518922332,9.49888598781318,0.0,0.0,0.0,0.0
2026-09-28 06:00:00,EP182026,2,2026-09-29 00:00:00,0 days 18:00:00,18,13.88,-102.54,986.4,57.9,43.30887871615207,145.12667168821528,105.65797401399058,78.33195795358549,118.8401683466782,43.30887871615207,27.035878341733657,18.7842829252338,28.21229230684009,0.0,0.0,0.0,0.0
2026-09-28 06:00:00,EP182026,2,2026-09-29 06:00:00,1 days 00:00:00,24,14.39,-103.76,991.4,52.5,56.95614422340127,240.06239018224449,201.74623654296428,150.439182891739,204.56128787628668,84.45962433712953,71.7217761976451,52.13873792234603,70.08330877245871,0.0,0.0,0.0,0.0
2026-09-28 06:00:00,EP182026,2,2026-09-29 12:00:00,1 days 06:00:00,30,14.91,-104.84,984.4,66.2,49.222784285351885,168.43111912334152,130.13094280288786,77.30592698408164,124.7221593322717,49.222784285351885,10.299746942600091,0.3767455015469583,13.569657741269989,49.222784285351885,0.0,0.0,0.5699234578488227
2026-09-28 06:00:00,EP182026,2,2026-09-29 18:00:00,1 days 12:00:00,36,15.67,-105.55,975.1,79.5,19.025285120597477,227.52909665026263,189.49867458303476,152.3949419008212,198.3175165250168,108.17235132061651,94.38442538313048,73.55084220519625,90.95671698181776,35.41902693977988,31.505643581059346,24.89189741059112,30.39274632117526
2026-09-28 06:00:00,EP182026,2,2026-09-30 00:00:00,1 days 18:00:00,42,16.32,-106.09,952.3,105.2,22.076372306124423,253.0949643546325,209.6700586022221,142.58339913168953,196.4355374734044,78.47316113150222,60.88208763562045,39.50341578128187,63.251531442662014,41.59537891667526,34.541578354797,26.64964620228288,35.47048410654112
2026-09-28 06:00:00,EP182026,2,2026-09-30 06:00:00,2 days 00:00:00,48,16.75,-106.82,946.3,115.2,62.19392250563463,258.11840869021654,231.31786084598863,163.7980466719541,227.44196497120947,123.2317669226284,104.72103993899184,84.49359272282484,107.82120022562012,75.14898951053084,68.07655238112504,55.15707805301796,65.5373762741394
2026-09-28 06:00:00,EP182026,2,2026-09-30 12:00:00,2 days 06:00:00,54,17.08,-107.16,945.3,117.4,32.596047829228766,222.726601723008,160.6666964804549,129.96766280828203,179.88730556079977,95.85510022131764,73.64083061213111,52.15588774836759,84.51391667363973,55.03698031309388,46.08419351237697,36.353885513662405,47.97279734717014
2026-09-28 06:00:00,EP182026,2,2026-09-30 18:00:00,2 days 12:00:00,60,17.67,-107.65,947.9,107.8,36.13810964319936,204.10444415526243,160.52995898250583,137.3500862483799,170.2235640591923,111.99657560488032,91.33936767277916,64.49890951494989,96.31566258372446,52.75647922792392,45.628727102610455,34.74075249952983,46.97600645127585
2026-09-28 06:00:00,EP182026,2,2026-10-01 00:00:00,2 days 18:00:00,66,18.2,-108.11,936.4,127.5,29.24913953632509,271.0210858796548,260.0465396115184,194.65978055765072,222.98226901349145,153.44468023094635,144.01154645369024,122.22544532721264,130.4377183897654,73.39863875738824,69.60433590434327,58.90888058328768,65.74289679867447
2026-09-28 06:00:00,EP182026,2,2026-10-01 06:00:00,3 days 00:00:00,72,18.55,-108.34,952.4,103.9,35.66151318203177,162.27092915558245,174.1723100131557,144.1848567062724,132.93446806753838,66.25243657967636,66.82247433961805,58.279748178159934,58.01008199082739,36.01935901354037,36.80405229816503,32.39273718247549,31.605828135345668
2026-09-28 06:00:00,EP182026,2,2026-10-01 12:00:00,3 days 06:00:00,78,18.54,-108.6,961.6,93.3,25.17166454705343,203.22260574283683,189.07570441500536,206.4994874580248,211.89123074568127,128.1793909167069,124.63171286409478,118.67055988526393,123.69206883936708,78.57903027646142,76.94024976518654,67.53288162615408,71.6388226106051
2026-09-28 06:00:00,EP182026,2,2026-10-01 18:00:00,3 days 12:00:00,84,18.56,-108.73,973.3,65.4,56.363671739333135,140.81560324495845,141.80994457140895,144.1383278245108,144.67919888670085,77.3835236065241,71.50200298572929,69.01057041938054,71.46218692947028,39.23666223344734,56.363671739333135,33.87042586745234,35.81620949597482
2026-09-28 06:00:00,EP182026,2,2026-10-02 00:00:00,3 days 18:00:00,90,18.07,-109.03,970.2,77.0,24.022849849061917,144.88587967278,146.68635249700856,151.21408165266803,150.3835626213504,81.73829637040762,81.7022158184991,72.87188248119992,73.53598191605943,39.46489831813778,38.681248318896905,34.406026720475666,34.84175467209798
2026-09-28 06:00:00,EP182026,2,2026-10-02 06:00:00,4 days 00:00:00,96,18.38,-108.71,970.5,77.0,16.098153054083415,128.33216750120602,152.70995626473814,173.4290194759761,132.85325319330644,86.91922330649818,95.30157285767385,90.94139696258428,78.78310549661836,33.301137526213424,36.57654872533449,34.13258065240512,29.849173636791733
2026-09-28 06:00:00,EP182026,2,2026-10-02 12:00:00,4 days 06:00:00,102,18.29,-108.58,979.4,77.7,32.229638890905285,141.88628394184033,121.67125791767911,113.65153864185842,128.42331986045986,94.33841437193922,85.03935074278829,69.88226329614471,81.4295324287443,38.06653250991631,35.94333599433502,29.237555242151437,33.33263257479702
2026-09-28 06:00:00,EP182026,2,2026-10-02 18:00:00,4 days 12:00:00,108,18.33,-108.54,984.9,63.4,43.5040807089816,237.48816939601815,233.0947974411033,224.52668569385207,231.2218166110196,144.86171296410544,141.0156549458091,119.04738620897004,125.1592300906866,0.0,0.0,0.0,0.0
2026-09-28 06:00:00,EP182026,2,2026-10-03 00:00:00,4 days 18:00:00,114,18.32,-108.46,979.1,73.7,18.33361300076863,130.24411298461396,129.43394364900226,118.7141673133505,127.47257707733718,97.63824210323074,93.1004184806372,81.38649450598412,87.48341064585843,46.64104946197397,44.549929472615474,37.95376907219629,41.33935418707077
2026-09-28 06:00:00,EP182026,2,2026-10-03 06:00:00,5 days 00:00:00,120,18.1,-108.4,988.2,58.0,25.974921658614196,115.98741337067496,104.48378293620118,94.52272669134015,101.17874793836629,52.77414635089826,48.57560818003213,35.014638429461854,44.28021341956699,0.0,0.0,0.0,0.0
2026-09-28 06:00:00,EP182026,2,2026-10-03 12:00:00,5 days 06:00:00,126,18.67,-108.72,980.9,68.9,26.13426731440605,131.75335718413658,129.41270220968175,111.65147198165114,112.87129518020676,71.10216452014951,68.76298254252947,58.13078061674506,63.00954809876033,33.14553121391229,32.175654670519954,27.15843669234464,29.62673018844738
2026-09-28 06:00:00,EP182026,2,2026-10-03 18:00:00,5 days 12:00:00,132,18.29,-108.84,988.2,64.3,37.53819380619922,156.49158416405132,125.2496957926613,113.0326661257873,131.86229860102628,62.85663704431554,53.84841411537108,41.07986328177591,54.31385296075594,37.53819380619922,11.702917527409888,9.832810843007834,11.717035624173404
2026-09-28 06:00:00,EP182026,2,2026-10-04 00:00:00,5 days 18:00:00,138,18.45,-108.86,970.5,86.5,39.46959328188587,118.7079791964446,111.80258082846512,101.42061306653449,102.70014144889322,61.13170232299388,59.39192643893965,53.129606521704304,56.300719769809874,39.46959328188587,37.0617463783886,32.142525698945896,34.61617133804019
2026-09-28 06:00:00,EP182026,2,2026-10-04 06:00:00,6 days 00:00:00,144,18.28,-109.19,968.8,86.0,33.5238304719118,136.55708693404904,110.3053557326182,118.547214472482,133.3548713508926,70.36475697289586,63.43375921345937,53.19444846689234,65.69124201141271,36.48897331660573,33.25708215374089,28.39441037827083,32.293875512430205
2026-09-28 06:00:00,EP182026,2,2026-10-04 12:00:00,6 days 06:00:00,150,18.62,-109.61,962.7,91.6,27.62842543911524,215.4252588206532,181.806246252364,159.2577883511957,204.86257966957797,88.96394563141295,77.21611856336972,66.05730675498911,78.78910750757879,37.569701295199074,34.144737099092886,29.51526435355707,33.43233807622707
2026-09-28 06:00:00,EP182026,2,2026-10-04 18:00:00,6 days 12:00:00,156,18.76,-110.27,968.7,82.8,33.68669859712219,215.10359563107303,188.34192084928637,152.54195096781712,176.39936182679287,76.57439430926837,63.77160950076916,53.61942055783007,64.96596553313532,33.68669859712219,26.41527741156756,22.04124528274987,26.208632935799983
2026-09-28 06:00:00,EP182026,2,2026-10-05 00:00:00,6 days 18:00:00,162,18.98,-110.65,955.9,94.6,35.00747382640981,182.9185217777735,120.91980844635589,121.95095646823084,172.15372074365146,94.53610792542692,73.93941255557704,58.15982728729182,83.50255121491574,35.00747382640981,26.83501585855898,22.377306960700984,29.024828147132347
2026-09-28 06:00:00,EP182026,2,2026-10-05 06:00:00,7 days 00:00:00,168,18.91,-111.26,956.7,105.2,19.003296075466142,193.6770623612075,155.02643576251205,164.5433101967435,207.54111622042632,95.77798079022978,82.6641539758749,71.31630432257681,93.03610219379269,52.91927982319433,47.52354071737512,39.006656299102254,47.01483412388477
2026-09-28 06:00:00,EP182026,2,2026-10-05 12:00:00,7 days 06:00:00,174,18.87,-112.12,960.0,99.0,15.067776746742505,192.72240024830307,157.0722761503314,142.73365652368614,168.71107241510165,82.28932953708488,65.42311895534554,55.997492382290574,74.92586962004232,49.82694890129458,43.94044544306716,35.79255764770739,43.62123739194821
2026-09-28 06:00:00,EP182026,2,2026-10-05 18:00:00,7 days 12:00:00,180,19.09,-112.98,970.4,88.4,13.786298735653643,110.99284195608595,92.804662218516,73.85046771104567,97.49990124254872,42.00618489475295,27.409420050010027,20.969955222193747,35.98758140145591,16.457071646622936,11.108291532364028,7.628544309742935,13.543343916701474
2026-09-28 06:00:00,EP182026,2,2026-10-06 00:00:00,7 days 18:00:00,186,19.32,-114.07,951.8,109.0,6.573302572596287,158.10888933207826,110.87891439272408,81.2090920810547,143.908023061761,98.32061901301104,72.64910759041564,52.9710556919027,86.0262772387399,48.26447052321733,37.68658708389567,29.421796241008323,40.78362324562078
2026-09-28 06:00:00,EP182026,2,2026-10-06 06:00:00,8 days 00:00:00,192,19.2,-115.33,974.3,86.7,24.84250502849709,152.01255553900734,131.58167724842588,103.2020883628767,135.29415620708656,85.67398905580214,73.29266145697676,61.858678044163774,78.25224503611926,43.60108182756346,38.68624519201212,32.96382496033535,38.39381513708642
2026-09-28 06:00:00,EP182026,2,2026-10-06 12:00:00,8 days 06:00:00,198,19.39,-116.22,945.8,115.6,23.48875813498954,165.33631341053808,116.51364305723536,82.4846589168273,147.44266081309726,80.96601828108857,53.84831140072493,38.032298594296215,71.06985728677284,51.06947843218929,40.104366422410365,30.196802643552356,43.7271549946717
2026-09-28 06:00:00,EP182026,2,2026-10-06 18:00:00,8 days 12:00:00,204,19.38,-117.32,955.9,108.8,21.747987551873727,168.62847498602025,136.4588526213212,124.69989425475744,169.31308858681396,86.85068474750594,67.95676792018368,56.890225235645865,82.92573146136363,57.75939551822495,48.57680885071255,40.148097848869256,51.36649812381611
2026-09-28 06:00:00,EP182026,2,2026-10-07 00:00:00,8 days 18:00:00,210,19.42,-118.2,961.1,92.9,19.32688826924211,154.0063474108897,109.136925468258,112.1587891374308,160.72685457596435,83.6488626103083,70.40784065099169,62.316096723063865,79.20078687468572,49.55806416010164,43.48721081042816,38.27653682596673,43.90187662562889
2026-09-28 06:00:00,EP182026,2,2026-10-07 06:00:00,9 days 00:00:00,216,19.29,-119.08,949.8,110.0,13.75035457308266,194.84896065581768,149.47556572852545,149.46881840103208,187.43827018873344,101.92749104153928,81.5701393078811,70.94559813003451,94.60161814665707,66.74116495248202,59.07622967328422,49.15193475904224,59.39271299500075
2026-09-28 06:00:00,EP182026,2,2026-10-07 12:00:00,9 days 06:00:00,222,19.4,-119.78,958.0,104.3,37.15392184682936,179.7723966904029,118.01503272307252,125.0185428511018,177.76844253005316,71.1766650185797,53.04294487070672,50.92518509487383,68.94981097570907,38.71951867317381,32.43664226077528,29.31875246497022,34.86216779134419
2026-09-28 06:00:00,EP182026,2,2026-10-07 18:00:00,9 days 12:00:00,228,19.5,-120.3,970.0,83.6,27.443025115600676,158.39970939360256,123.3370764782253,115.11557950191644,178.3702615768091,118.4718276680246,100.88958130534849,85.10409411072311,111.06268197815012,62.272807737515336,55.477179756941176,45.695940548852505,54.8509015068674
2026-09-28 06:00:00,EP182026,2,2026-10-08 00:00:00,9 days 18:00:00,234,19.64,-121.44,964.0,89.6,33.39523272462358,164.58884031101456,113.17925257738716,124.8018562812905,165.5772985430109,73.0946323601973,56.08800280355672,53.09534569331288,68.00248870809378,33.39523272462358,26.48917602601972,25.54047009458418,28.943468264088537
2026-09-28 06:00:00,EP182026,2,2026-10-08 06:00:00,10 days 00:00:00,240,19.86,-122.07,971.0,86.3,24.0351325704188,198.8127237739632,155.50693026701128,147.0662538717297,202.6593394757674,105.05694084794276,90.35199852392384,78.26499163051244,97.06319565924878,61.44087450388247,55.02158378006868,45.62082709429205,54.75440896323994
2026-09-28 06:00:00,EP182026,2,2026-10-08 12:00:00,10 days 06:00:00,246,20.12,-122.74,974.7,86.4,31.47831644945498,173.60535143642676,131.8219400242233,124.83642679774226,169.69571481647768,100.6803342002919,84.35806111810945,71.60667973372557,93.19217984202714,55.06354052532771,48.8379249756677,40.65618871497216,48.533820319268784
2026-09-28 06:00:00,EP182026,2,2026-10-08 18:00:00,10 days 12:00:00,252,20.22,-123.34,980.9,73.6,17.590493941958336,199.15043240026785,150.09767409504337,123.69857077653106,185.98766317439825,100.04204332048388,85.16805241081278,68.45920747605544,88.1642378562006,40.842077687061774,36.69478145182877,28.909554182522456,35.99518507567855
2026-09-28 06:00:00,EP182026,2,2026-10-09 00:00:00,10 days 18:00:00,258,20.23,-123.62,970.7,85.3,34.64532762572463,142.6996417626882,106.65671069838962,94.1017876083692,139.73738367343338,67.76427434739662,55.52487091971941,44.3402044178636,58.1450309097373,34.64532762572463,22.58029141583709,18.186047706813625,22.949115387541823
2026-09-28 06:00:00,EP182026,2,2026-10-09 06:00:00,11 days 00:00:00,264,20.23,-124.07,992.2,61.0,35.47452888649917,200.0905736852212,174.9198127219244,145.09743017778348,184.1259444165888,55.51729237698554,44.5141297492865,29.4379079559364,45.02581580168854,0.0,0.0,0.0,0.0
2026-09-28 06:00:00,EP182026,2,2026-10-09 12:00:00,11 days 06:00:00,270,20.41,-124.08,983.1,62.2,41.902294305736575,136.02912180192283,113.98004318753172,94.71395080836994,118.97362283481549,41.902294305736575,36.332890470120034,25.824903162387837,34.39716132686395,0.0,0.0,0.0,0.0
2026-09-28 06:00:00,EP182026,2,2026-10-09 18:00:00,11 days 12:00:00,276,20.5,-124.49,989.0,61.2,6.518037463661715,103.8609390558089,78.84935584223265,64.93894996197808,84.92323094771511,70.90050168229597,61.39282957151258,47.73956430325106,58.83375880392258,0.0,0.0,0.0,0.0
2026-09-28 06:00:00,EP182026,2,2026-10-10 00:00:00,11 days 18:00:00,282,20.84,-124.48,988.0,57.3,20.93543653430081,186.85477246596923,151.24013193651805,109.23702289430636,145.97369391810076,79.18341302636244,68.61477701333666,48.864456357106064,65.74052447584549,0.0,0.0,0.0,0.0
2026-09-28 06:00:00,EP182026,2,2026-10-10 06:00:00,12 days 00:00:00,288,21.18,-124.89,993.7,51.6,28.670123259191925,117.6074829310036,92.97051525160134,67.82569898074789,98.70252191210916,44.75412548102268,34.74328870984695,23.348767207060007,36.52288381047956,0.0,0.0,0.0,0.0
2026-09-28 06:00:00,EP182026,2,2026-10-10 12:00:00,12 days 06:00:00,294,21.47,-125.01,993.2,49.4,66.88169902585365,186.7845744615232,158.7216995946477,128.80556636025386,153.50118096735082,0.0,0.0,0.0,0.0,0.0,0.0,0.0,0.0
2026-09-28 06:00:00,EP182026,2,2026-10-10 18:00:00,12 days 12:00:00,300,21.83,-125.27,997.8,43.0,78.8870241758975,162.89946961908964,147.2530451064743,111.77066389962954,135.20454250880294,0.0,0.0,0.0,0.0,0.0,0.0,0.0,0.0
2026-09-28 06:00:00,EP182026,2,2026-10-11 00:00:00,12 days 18:00:00,306,22.37,-125.52,998.3,36.1,81.92294475658281,129.6138020611519,119.57751611938464,80.30462170397038,102.85506995388975,0.0,0.0,0.0,0.0,0.0,0.0,0.0,0.0
2026-09-28 06:00:00,EP182026,2,2026-10-11 06:00:00,13 days 00:00:00,312,22.6,-125.84,997.2,43.4,47.29114337886515,100.52509878789172,83.62210582279414,51.55432103303263,74.49621922237375,0.0,0.0,0.0,0.0,0.0,0.0,0.0,0.0
2026-09-28 06:00:00,EP182026,2,2026-10-11 12:00:00,13 days 06:00:00,318,22.79,-125.84,1000.5,35.1,71.89664799204996,71.89664799204996,63.24153108435629,43.42320079547628,47.26916233750978,0.0,0.0,0.0,0.0,0.0,0.0,0.0,0.0
2026-09-28 06:00:00,EP182026,2,2026-10-11 18:00:00,13 days 12:00:00,324,23.2,-126.22,1002.5,27.1,72.02329708804444,0.0,0.0,0.0,0.0,0.0,0.0,0.0,0.0,0.0,0.0,0.0,0.0
2026-09-28 06:00:00,EP182026,2,2026-10-12 00:00:00,13 days 18:00:00,330,23.93,-126.03,1004.0,32.8,99.36146138000748,0.0,0.0,0.0,0.0,0.0,0.0,0.0,0.0,0.0,0.0,0.0,0.0
2026-09-28 06:00:00,EP182026,2,2026-10-12 06:00:00,14 days 00:00:00,336,24.63,-126.36,1001.4,36.3,69.53512254296729,222.51477084867008,204.8564136894672,158.5537688495586,178.9140809594363,0.0,0.0,0.0,0.0,0.0,0.0,0.0,0.0
2026-09-28 06:00:00,EP182026,2,2026-10-12 12:00:00,14 days 06:00:00,342,25.38,-126.87,1000.5,38.2,68.51864027817084,68.51864027817084,35.27284211011015,10.66955605849764,33.65938077407908,0.0,0.0,0.0,0.0,0.0,0.0,0.0,0.0
2026-09-28 06:00:00,EP182026,2,2026-10-12 18:00:00,14 days 12:00:00,348,26.06,-127.99,1006.3,28.7,38.27494040154669,0.0,0.0,0.0,0.0,0.0,0.0,0.0,0.0,0.0,0.0,0.0,0.0
2026-09-28 06:00:00,EP182026,2,2026-10-13 00:00:00,14 days 18:00:00,354,26.68,-128.64,1003.0,30.4,48.26459429860115,0.0,0.0,0.0,0.0,0.0,0.0,0.0,0.0,0.0,0.0,0.0,0.0
2026-09-28 06:00:00,EP912026(3),2,2026-09-28 06:00:00,0 days 00:00:00,0,12.7,-136.6,1005.0,29.0,93.0,0.0,0.0,0.0,0.0,0.0,0.0,0.0,0.0,0.0,0.0,0.0,0.0
2026-09-28 06:00:00,WP252026,2,2026-09-28 06:00:00,0 days 00:00:00,0,27.5,131.6,954.0,99.0,9.0,148.0,158.0,148.0,121.0,,,,,,,,
2026-09-28 06:00:00,WP252026,2,2026-09-28 12:00:00,0 days 06:00:00,6,27.58,132.59,982.4,71.3,18.173996916623945,108.10234751532788,149.10150473431878,128.3503826974395,88.08925494275036,23.912160169994124,25.236542489377754,20.375351014879023,17.11373795062699,0.1935905435952134,18.173996916623945,0.710035466377003,0.0
2026-09-28 06:00:00,WP252026,2,2026-09-28 18:00:00,0 days 12:00:00,12,27.97,133.25,994.3,39.8,58.01815462911861,166.93612846021642,174.2854427846296,146.72123616986778,133.90077113676034,0.0,0.0,0.0,0.0,0.0,0.0,0.0,0.0
2026-09-28 06:00:00,WP252026,2,2026-09-29 00:00:00,0 days 18:00:00,18,28.17,134.14,990.7,52.4,60.13630342879841,60.74875970961362,72.0796810695916,57.06660279052392,45.31847535676991,60.13630342879841,0.0,0.0,0.0,0.0,0.0,0.0,0.0
2026-09-28 06:00:00,WP252026,2,2026-09-29 06:00:00,1 days 00:00:00,24,29.04,134.79,992.1,42.6,104.05412655486003,147.59984939750805,159.2341025259847,129.88096910110454,120.83584542795272,0.0,0.0,0.0,0.0,0.0,0.0,0.0,0.0
2026-09-28 06:00:00,WP252026,2,2026-09-29 12:00:00,1 days 06:00:00,30,28.99,135.61,994.7,37.4,106.74058450420732,162.18934439645926,174.05486119098254,144.2819854977288,143.56145420002315,0.0,0.0,0.0,0.0,0.0,0.0,0.0,0.0
2026-09-28 06:00:00,WP252026,2,2026-09-29 18:00:00,1 days 12:00:00,36,29.55,136.12,995.9,41.4,77.64571796776272,84.77576179592211,98.43144284294294,80.84875149310574,66.12927030152707,0.0,0.0,0.0,0.0,0.0,0.0,0.0,0.0
2026-09-28 06:00:00,WP252026,2,2026-09-30 00:00:00,1 days 18:00:00,42,29.79,137.02,999.0,35.5,96.92881372119788,96.92881372119788,20.494260109250177,9.59280739493375,16.49342317429901,0.0,0.0,0.0,0.0,0.0,0.0,0.0,0.0
2026-09-28 06:00:00,WP252026,2,2026-09-30 06:00:00,2 days 00:00:00,48,30.31,137.57,1004.8,31.7,78.25133470287247,0.0,0.0,0.0,0.0,0.0,0.0,0.0,0.0,0.0,0.0,0.0,0.0
2026-09-28 06:00:00,WP252026,2,2026-09-30 12:00:00,2 days 06:00:00,54,30.84,138.21,1002.7,27.0,89.72432037075919,0.0,0.0,0.0,0.0,0.0,0.0,0.0,0.0,0.0,0.0,0.0,0.0
2026-09-28 06:00:00,WP252026,2,2026-09-30 18:00:00,2 days 12:00:00,60,31.65,138.24,1000.0,32.8,85.72477802839659,0.0,0.0,0.0,0.0,0.0,0.0,0.0,0.0,0.0,0.0,0.0,0.0
2026-09-28 06:00:00,WP252026,2,2026-10-01 00:00:00,2 days 18:00:00,66,32.92,138.88,1004.6,25.8,150.22018460007143,0.0,0.0,0.0,0.0,0.0,0.0,0.0,0.0,0.0,0.0,0.0,0.0
2026-09-28 06:00:00,WP252026,2,2026-10-01 06:00:00,3 days 00:00:00,72,34.02,140.38,999.5,30.0,118.82890829282088,0.0,0.0,0.0,0.0,0.0,0.0,0.0,0.0,0.0,0.0,0.0,0.0
2026-09-28 06:00:00,WP252026,2,2026-10-01 12:00:00,3 days 06:00:00,78,35.94,143.48,1000.7,29.4,77.31891989752012,0.0,0.0,0.0,0.0,0.0,0.0,0.0,0.0,0.0,0.0,0.0,0.0
2026-09-28 06:00:00,WP922026(4),2,2026-09-28 06:00:00,0 days 00:00:00,0,16.4,97.6,1001.0,29.0,64.0,0.0,0.0,0.0,0.0,0.0,0.0,0.0,0.0,0.0,0.0,0.0,0.0
2026-09-28 06:00:00,WP922026(4),2,2026-09-28 12:00:00,0 days 06:00:00,6,17.62,97.12,1000.7,21.1,70.09138870863042,0.0,0.0,0.0,0.0,0.0,0.0,0.0,0.0,0.0,0.0,0.0,0.0
2026-09-28 06:00:00,20,20,2026-10-04 12:00:00,6 days 06:00:00,150,14.19,159.77,997.4,37.2,52.11045396125806,55.27383378831536,42.7453975683718,37.57370300517425,41.20557438699253,0.0,0.0,0.0,0.0,0.0,0.0,0.0,0.0
2026-09-28 06:00:00,20,20,2026-10-04 18:00:00,6 days 12:00:00,156,13.02,160.18,999.5,37.1,87.98859549434532,87.98859549434532,0.6335482580784415,1.780973036798029,0.0,0.0,0.0,0.0,0.0,0.0,0.0,0.0,0.0
2026-09-28 06:00:00,20,20,2026-10-05 00:00:00,6 days 18:00:00,162,11.62,160.56,993.4,47.7,33.25674853126547,80.61779162993153,70.12034375570462,64.34237330191326,72.61537105213786,0.0,0.0,0.0,0.0,0.0,0.0,0.0,0.0
2026-09-28 06:00:00,20,20,2026-10-05 06:00:00,7 days 00:00:00,168,11.6,161.24,997.2,33.3,102.28689039461683,0.0,0.0,0.0,0.0,0.0,0.0,0.0,0.0,0.0,0.0,0.0,0.0
2026-09-28 06:00:00,20,20,2026-10-05 12:00:00,7 days 06:00:00,174,10.93,161.94,995.8,37.9,43.037992992527336,1.584722722615595,10.452314149613372,43.037992992527336,5.784296862876175,0.0,0.0,0.0,0.0,0.0,0.0,0.0,0.0
2026-09-28 06:00:00,20,20,2026-10-05 18:00:00,7 days 12:00:00,180,10.66,162.36,997.7,37.4,98.09307132795522,1.2568138574240135,2.873842897795459,98.09307132795522,1.4587530525970074,0.0,0.0,0.0,0.0,0.0,0.0,0.0,0.0
2026-09-28 06:00:00,20,20,2026-10-06 00:00:00,7 days 18:00:00,186,11.32,162.63,999.0,33.5,64.94563639427615,0.0,0.0,0.0,0.0,0.0,0.0,0.0,0.0,0.0,0.0,0.0,0.0
2026-09-28 06:00:00,20,20,2026-10-06 06:00:00,8 days 00:00:00,192,11.99,162.64,994.6,40.6,80.44241267237095,80.44241267237095,22.20223826709408,13.10392715236205,16.901857047590088,0.0,0.0,0.0,0.0,0.0,0.0,0.0,0.0
2026-09-28 06:00:00,20,20,2026-10-06 12:00:00,8 days 06:00:00,198,12.69,161.83,990.7,51.5,42.6937065820529,23.574764440348467,42.6937065820529,9.869708520815404,17.627060377842408,1.86096822239994,42.6937065820529,1.0394773442976382,1.318262051299426,0.0,0.0,0.0,0.0
2026-09-28 06:00:00,20,20,2026-10-06 18:00:00,8 days 12:00:00,204,13.52,161.32,980.0,68.6,3.6340750765671466,92.86969179314625,77.5536631371611,71.69270258424037,67.92967958084154,0.0,0.0,3.6340750765671466,0.0,0.0,0.0,3.6340750765671466,0.0
2026-09-28 06:00:00,20,20,2026-10-07 00:00:00,8 days 18:00:00,210,14.41,159.97,994.5,51.3,45.83844663797781,111.78843206275548,90.91029270813752,62.80204165661055,82.84358413413855,0.6210051312019598,45.83844663797781,0.0,0.0,0.0,0.0,0.0,0.0
2026-09-28 06:00:00,20,20,2026-10-07 06:00:00,9 days 00:00:00,216,15.44,158.55,982.2,67.1,12.837034971022986,70.77286752235007,49.33881554226448,29.473742734652213,56.394092159747125,18.710099000747604,10.810629627082609,4.115926147119224,11.850740052087009,12.837034971022986,2.327742960472689,0.3820064015729472,3.5667914899991
2026-09-28 06:00:00,20,20,2026-10-07 12:00:00,9 days 06:00:00,222,16.44,156.75,957.1,94.5,18.872241136064417,234.51712095688413,193.29401900148787,180.15106244529483,218.96498792651997,120.2602650531862,102.14124993350252,88.78019455646321,107.00925291779564,63.2656761913076,54.75197018751376,46.84476502420146,56.19168356018732
2026-09-28 06:00:00,20,20,2026-10-07 18:00:00,9 days 12:00:00,228,17.42,155.46,964.0,88.3,8.499621700593512,226.6321444031697,190.23580000719517,165.67376491744287,203.73345819157635,117.52339932847735,103.03405065573357,81.50035842364893,101.42696974254788,58.9173433606617,52.09577632873889,40.90763058164061,50.43673425684799
2026-09-28 06:00:00,20,20,2026-10-08 00:00:00,9 days 18:00:00,234,18.21,154.08,949.8,106.0,15.95302257831368,295.90622112381425,279.28670938714674,241.47406084298404,252.7030253715651,25.855087626357232,18.72168281405647,12.93211752508974,23.30668182257839,15.95302257831368,10.143388535132008,6.76713990603429,11.20432781524618
2026-09-28 06:00:00,20,20,2026-10-08 06:00:00,10 days 00:00:00,240,19.17,152.88,943.5,110.2,5.364478502408881,273.12101392980446,259.7412596275897,217.47403973595613,216.5929839338148,5.364478502408881,1.0271155061376365,0.0,1.78939626370315,5.364478502408881,1.0271155061376365,0.0,1.78939626370315
2026-09-28 06:00:00,20,20,2026-10-08 12:00:00,10 days 06:00:00,246,20.05,150.96,931.9,129.7,7.284781950446188,213.23695051540744,167.74188839869612,164.90026717010642,191.0113674734928,105.41690905286146,89.15104601034056,75.66553253781075,95.16233616618824,60.85213363846242,52.80625031747954,44.90573722163205,54.81184369413887
2026-09-28 06:00:00,20,20,2026-10-08 18:00:00,10 days 12:00:00,252,20.76,149.84,927.3,122.1,15.729761002805285,322.39901681162394,280.99914485416343,242.146370893172,299.5805840883547,180.6234705250493,163.51641800818646,139.00763359027405,162.1078167693267,101.58592534393104,93.01662346910402,77.50421191374826,90.06895420153683
2026-09-28 06:00:00,20,20,2026-10-09 00:00:00,10 days 18:00:00,258,21.72,148.42,933.2,125.1,6.9907161778581255,228.4303612141889,188.49498377214707,157.4317664903163,204.7146533855967,120.36085796839376,101.54539759011992,86.32928758106104,108.47714160027458,69.21921397586965,60.62023496078877,51.0413560082194,62.42705778143451
2026-09-28 06:00:00,20,20,2026-10-09 06:00:00,11 days 00:00:00,264,22.18,147.19,923.6,128.0,17.583885816970557,227.68930767066047,190.3286117263946,164.6632898187945,203.219232570502,118.58450505779092,104.79604616152056,86.40353419385309,108.48255457248344,69.22001015543576,61.7025464303585,51.00639148414191,60.96720340624844
2026-09-28 06:00:00,20,20,2026-10-09 12:00:00,11 days 06:00:00,270,22.84,146.33,936.1,115.3,0.0,164.74813424144713,110.38824538262702,101.44178608484776,149.85593847681162,43.450499152013606,29.989803581305097,26.215600141314496,41.12410292240526,22.993128525396287,18.421878816844213,13.795073022764685,21.33442874570332
2026-09-28 06:00:00,20,20,2026-10-09 18:00:00,11 days 12:00:00,276,23.51,145.15,945.2,100.4,31.3546699925286,367.12567728480406,332.41288179178264,284.82149826813003,309.77814338517624,31.3546699925286,4.995468804610861,0.0,31.3546699925286,2.948047493952115,0.2092611128853039,0.0,31.3546699925286
2026-09-28 06:00:00,20,20,2026-10-10 00:00:00,11 days 18:00:00,282,24.15,143.92,971.2,79.0,1.893104176467053,226.3437083100401,188.02177888196283,151.78895245249478,209.9553971331649,105.21984844528842,91.05344872479802,74.32675662506675,95.04409069148376,55.119567944636685,48.83774158748652,40.14285303065449,48.010813294486304
2026-09-28 06:00:00,20,20,2026-10-10 06:00:00,12 days 00:00:00,288,24.62,143.45,968.4,77.4,39.82692841448615,323.0892225732663,285.3280167449565,225.0128961098374,265.6629865110555,150.48179585917316,135.96837718434824,110.71339063196552,132.33788652232028,78.78224778417277,71.04592480006843,56.8875169267381,66.88391486839096
2026-09-28 06:00:00,20,20,2026-10-10 12:00:00,12 days 06:00:00,294,25.49,142.74,964.4,82.0,9.074387687907116,183.0053458039515,164.4481378704963,131.93705585581307,148.612926126846,9.074387687907116,9.074387687907116,0.4922476335144843,2.2674841443942357,9.074387687907116,0.0,0.0,0.0
2026-09-28 06:00:00,20,20,2026-10-10 18:00:00,12 days 12:00:00,300,26.56,142.16,951.3,84.8,11.612661106928384,261.17183715548083,264.3784829662856,207.1944085695534,203.1983190946371,11.612661106928384,11.612661106928384,0.0,3.427274151578466,11.612661106928384,2.047630766897395,0.0,2.005438831213331
2026-09-28 06:00:00,20,20,2026-10-11 00:00:00,12 days 18:00:00,306,27.41,141.38,965.8,75.4,67.7610600820875,276.4627350872391,269.1139428309593,207.98260925246112,217.25645638347095,67.7610600820875,42.04288394294804,26.62386872964377,35.08124649993924,67.7610600820875,1.626457004942938,0.0,2.8933525143408616
2026-09-28 06:00:00,20,20,2026-10-11 06:00:00,13 days 00:00:00,312,28.44,140.76,971.2,65.8,3.872371007620586,223.15374942486147,222.9998402399692,187.02581326392897,193.4885116866573,79.7951465584639,74.43952813466936,59.6498975290648,70.18859732560202,41.29317198946872,37.98100523327297,29.40845356135809,34.39137571296358
2026-09-28 06:00:00,20,20,2026-10-11 12:00:00,13 days 06:00:00,318,28.92,140.5,979.4,56.1,80.21066680091235,366.25981955238063,359.612340960794,307.06395728822,323.8211311929334,93.3371039668929,90.96613667714216,77.10753944623065,80.9104944224865,0.0,0.0,0.0,0.0
2026-09-28 06:00:00,20,20,2026-10-11 18:00:00,13 days 12:00:00,324,29.59,140.41,975.9,55.9,131.9611825806022,414.3579937533582,410.4420140780069,371.9951302974306,373.0161215191455,131.9611825806022,91.84021440194468,77.46350758262375,81.08894778889743,0.0,0.0,0.0,0.0
2026-09-28 06:00:00,20,20,2026-10-12 00:00:00,13 days 18:00:00,330,29.98,140.22,977.1,60.9,106.270379912954,343.4044730846508,342.5768746674512,297.7706013326533,300.6290138408367,25.594327311575853,106.270379912954,22.65772231453957,23.56117618654025,0.0,0.0,0.0,0.0
2026-09-28 06:00:00,20,20,2026-10-12 06:00:00,14 days 00:00:00,336,30.76,140.56,981.3,56.1,94.49004184635226,326.528352673129,340.5108012691255,294.91982744358995,282.936071042041,94.49004184635226,34.16843939914244,27.12261583254245,28.27512333364545,0.0,0.0,0.0,0.0
2026-09-28 06:00:00,20,20,2026-10-12 12:00:00,14 days 06:00:00,342,31.48,141.51,981.4,51.8,85.83547250011219,300.9934484130296,317.2245703629131,267.0534974165336,256.7779760574916,17.553695719953268,85.83547250011219,16.38842733049755,14.10600879121249,0.0,0.0,0.0,0.0
2026-09-28 06:00:00,20,20,2026-10-12 18:00:00,14 days 12:00:00,348,33.08,142.59,980.5,52.3,48.02461304368208,236.456289258176,256.8032231612668,187.0858143694742,178.39748760527567,2.615351146171738,48.02461304368208,1.435110791415517,0.0,0.0,0.0,0.0,0.0
2026-09-28 06:00:00,20,20,2026-10-13 00:00:00,14 days 18:00:00,354,34.53,144.72,982.4,51.6,71.96417136546499,250.63671266470251,286.9720343614238,228.17963579988384,190.4175091652013,1.8844727668008885,71.96417136546499,4.453923340368081,0.0,0.0,0.0,0.0,0.0
2026-09-28 06:00:00,20,20,2026-10-13 06:00:00,15 days 00:00:00,360,36.79,148.14,983.6,52.0,103.07104471307478,373.0280374564029,416.1319354486061,346.19172876882465,306.21395320757074,142.29805142797522,147.92739337001177,122.750514763366,119.72819891220918,0.0,0.0,0.0,0.0
2026-09-28 06:00:00,3,20,2026-09-29 00:00:00,0 days 18:00:00,18,15.61,154.71,1008.7,18.7,71.82363732197632,0.0,0.0,0.0,0.0,0.0,0.0,0.0,0.0,0.0,0.0,0.0,0.0
2026-09-28 06:00:00,3,20,2026-09-29 06:00:00,1 days 00:00:00,24,15.65,153.72,1003.5,24.6,89.37963945454851,0.0,0.0,0.0,0.0,0.0,0.0,0.0,0.0,0.0,0.0,0.0,0.0
2026-09-28 06:00:00,3,20,2026-09-29 12:00:00,1 days 06:00:00,30,15.77,152.86,1001.4,25.6,89.84046855896192,0.0,0.0,0.0,0.0,0.0,0.0,0.0,0.0,0.0,0.0,0.0,0.0
2026-09-28 06:00:00,3,20,2026-09-29 18:00:00,1 days 12:00:00,36,15.57,151.89,1003.9,25.5,66.25007038328724,0.0,0.0,0.0,0.0,0.0,0.0,0.0,0.0,0.0,0.0,0.0,0.0
2026-09-28 06:00:00,3,20,2026-09-30 00:00:00,1 days 18:00:00,42,15.9,151.39,1004.0,21.9,69.55389890545047,0.0,0.0,0.0,0.0,0.0,0.0,0.0,0.0,0.0,0.0,0.0,0.0
2026-09-28 06:00:00,3,20,2026-09-30 06:00:00,2 days 00:00:00,48,16.0,150.88,1004.4,21.2,102.60188436976418,0.0,0.0,0.0,0.0,0.0,0.0,0.0,0.0,0.0,0.0,0.0,0.0
2026-09-28 06:00:00,3,20,2026-09-30 12:00:00,2 days 06:00:00,54,16.16,149.64,1005.2,22.2,95.10894244478534,0.0,0.0,0.0,0.0,0.0,0.0,0.0,0.0,0.0,0.0,0.0,0.0
2026-09-28 06:00:00,3,20,2026-09-30 18:00:00,2 days 12:00:00,60,16.47,148.9,1003.0,25.6,140.63803869454995,0.0,0.0,0.0,0.0,0.0,0.0,0.0,0.0,0.0,0.0,0.0,0.0
2026-09-28 06:00:00,3,20,2026-10-01 00:00:00,2 days 18:00:00,66,16.48,147.57,1002.0,26.5,87.22238932758637,0.0,0.0,0.0,0.0,0.0,0.0,0.0,0.0,0.0,0.0,0.0,0.0
2026-09-28 06:00:00,3,20,2026-10-01 06:00:00,3 days 00:00:00,72,16.44,146.17,998.7,39.2,98.97223735733158,115.39118899245602,104.2338979343744,86.5431942232037,96.05552682366688,0.0,0.0,0.0,0.0,0.0,0.0,0.0,0.0
2026-09-28 06:00:00,3,20,2026-10-01 12:00:00,3 days 06:00:00,78,16.66,145.07,998.6,35.9,82.7527872468795,82.7527872468795,24.972889885466383,29.30498381685856,29.428666724166845,0.0,0.0,0.0,0.0,0.0,0.0,0.0,0.0
2026-09-28 06:00:00,3,20,2026-10-01 18:00:00,3 days 12:00:00,84,16.61,144.69,997.7,38.1,71.12270363376233,173.82309692213866,150.5549266017119,127.98972293477468,142.70507839351848,0.0,0.0,0.0,0.0,0.0,0.0,0.0,0.0
2026-09-28 06:00:00,3,20,2026-10-02 00:00:00,3 days 18:00:00,90,16.2,144.03,986.2,56.3,108.5830141349056,250.73266002002995,242.5881195520687,220.36729232525536,228.91684601826492,108.5830141349056,86.36903008510473,74.98939433227456,77.14319590417634,0.0,0.0,0.0,0.0
2026-09-28 06:00:00,3,20,2026-10-02 06:00:00,4 days 00:00:00,96,16.69,143.54,983.4,59.2,60.1186315729448,300.415474806337,276.46268634355897,226.15259025593576,247.32795967166783,113.91250868591312,107.2894075308228,83.87306741895583,94.32631050987364,0.0,0.0,0.0,0.0
2026-09-28 06:00:00,3,20,2026-10-02 12:00:00,4 days 06:00:00,102,17.02,143.46,978.4,67.2,44.34802647001501,191.22082717346095,180.54077114165688,147.3699057345029,160.36718256356812,101.15676815628126,97.68937848256184,81.92225430023555,85.74903257569724,44.34802647001501,0.0,0.0,0.0
2026-09-28 06:00:00,3,20,2026-10-02 18:00:00,4 days 12:00:00,108,17.54,143.29,976.0,69.4,47.10118369609195,366.2179519277933,332.2837556916397,259.27424031398886,302.7048380777502,206.28993839684333,189.90637548038083,154.4920686960574,176.49289220037664,104.20630710499728,97.80792888264097,80.85244634759215,90.20899181682032
2026-09-28 06:00:00,3,20,2026-10-03 00:00:00,4 days 18:00:00,114,18.08,142.74,960.5,89.0,36.36112746424824,251.2382490304976,236.6952108250037,184.25880205707293,210.3064379272112,90.80430523881908,80.51797448613368,62.2180660879161,76.32479246961731,44.04200303124852,39.32749878487477,30.06321120600542,36.49289537730086
2026-09-28 06:00:00,3,20,2026-10-03 06:00:00,5 days 00:00:00,120,18.78,142.85,949.8,96.4,15.28828100029216,356.3520688329072,349.6785572830595,296.66871606701625,297.9144380207872,121.02248113412725,117.2559125001701,93.97527836750236,101.19078746188984,63.12672684486404,59.95147548523971,49.18986360028089,54.45689893724807
2026-09-28 06:00:00,3,20,2026-10-03 12:00:00,5 days 06:00:00,126,19.13,142.78,939.2,112.2,40.29158614574652,403.2022772709116,383.4615257052064,337.2492277644626,355.1080533528917,241.14144765421796,233.1779350846499,203.6677839192648,217.09311819284505,133.2544610195841,129.35158548906588,109.47195607114418,117.38589735412216
2026-09-28 06:00:00,3,20,2026-10-03 18:00:00,5 days 12:00:00,132,19.52,142.65,954.8,97.4,42.69732876010424,273.4432798541875,273.0429612804306,254.5199056198366,246.72464411808895,67.10059152533852,59.189612823844605,45.8554578417065,61.135248991388174,42.69732876010424,27.91696747993431,21.41971192004524,26.701392163681227
2026-09-28 06:00:00,3,20,2026-10-04 00:00:00,5 days 18:00:00,138,20.34,142.63,961.2,86.2,32.754551957363304,384.5875132397049,385.3927007307141,319.7956204388741,326.7732079111985,228.85344115391172,223.42114675642924,187.04307996480856,197.71237598006664,120.3683339393515,117.01642179680552,96.69772721579356,104.31771024290737
2026-09-28 06:00:00,3,20,2026-10-04 06:00:00,6 days 00:00:00,144,20.84,142.4,971.5,73.2,81.93208871934223,436.9475079078937,407.9422912778553,318.90356164681646,361.301079959139,136.59532604580264,124.48251999523391,96.88702020801544,116.52694012938716,81.93208871934223,63.75841031646552,50.86473549368021,59.09674472063821
2026-09-28 06:00:00,3,20,2026-10-04 12:00:00,6 days 06:00:00,150,21.08,142.41,952.9,92.5,26.280903552459428,277.3897777950198,268.03357538344085,239.95275528101155,236.26990685554065,142.42796022520713,136.40308211099358,118.8493229185147,124.4319040807666,75.26343570464334,71.91942582804776,61.70908279633214,65.7852077122385
2026-09-28 06:00:00,3,20,2026-10-04 18:00:00,6 days 12:00:00,156,21.76,142.45,950.4,97.3,26.454826700841306,389.9942352777729,388.0491488593793,333.3042311030724,340.5974311933409,230.00205729853647,226.5086817501074,189.7298495682627,203.4342546033183,124.35422031546524,120.23135776972003,100.47221164458942,107.63181975595477
2026-09-28 06:00:00,3,20,2026-10-05 00:00:00,6 days 18:00:00,162,22.83,142.58,948.1,102.6,13.882513809114585,289.7753513424973,287.3609735253599,244.89146963087387,242.98395621156624,166.12685245089733,159.9742366743401,137.03053094416123,145.5146339437274,89.85801227702802,86.06804289833826,71.92172984971103,77.60252992800463
2026-09-28 06:00:00,3,20,2026-10-05 06:00:00,7 days 00:00:00,168,23.27,142.71,928.3,117.1,28.708222870596128,356.321154254823,379.8260455329285,326.5558980336057,306.9682196629909,166.52531353062454,168.49481067854248,146.4368655270199,145.06066102458257,92.7222922198874,91.54320967189076,77.63003391588268,80.80245509691466
2026-09-28 06:00:00,3,20,2026-10-05 12:00:00,7 days 06:00:00,174,24.54,142.82,936.8,111.5,8.230845673562996,288.1813551538245,307.04682873293086,258.0190582460109,241.9093712945976,163.57254691335805,166.6048926717445,140.74262020513123,142.79685771208807,90.8302211472091,89.72806665108877,75.63901761743358,78.65121135148271
2026-09-28 06:00:00,3,20,2026-10-05 18:00:00,7 days 12:00:00,180,25.4,142.96,929.2,116.3,21.974415735901303,397.06369952782,419.0677830915067,358.76134041044554,340.3746092682101,141.1556718893393,146.80580330178225,118.52928109769856,117.62202047488718,76.49243142485967,76.21313804896383,63.8084982750481,65.89951674560989
2026-09-28 06:00:00,3,20,2026-10-06 00:00:00,7 days 18:00:00,186,26.88,143.32,934.7,116.4,22.209223977814684,318.4851180532402,357.2109353414206,315.52250093893804,281.03329870598253,184.5302984563965,194.0196514577388,169.34484820176596,165.15232475131842,106.1310604288835,106.31341695943615,90.55588244529892,93.0282056695536
2026-09-28 06:00:00,3,20,2026-10-06 06:00:00,8 days 00:00:00,192,27.94,144.11,936.1,118.1,2.253738867256331,309.91914184164625,387.1320093399778,332.4466528721,272.01486053993096,183.28461555049893,201.4261099829023,174.65676521824156,155.6458436199444,100.24854107024127,104.93367052331205,88.558264471477,87.77653163300715
2026-09-28 06:00:00,3,20,2026-10-06 12:00:00,8 days 06:00:00,198,29.31,144.87,947.4,99.5,1.5977539097363085,275.7503533292626,315.30135409051445,264.2645820073609,216.3511388035147,151.41009708422203,159.77585180056752,130.5690423817207,126.70924163528562,82.52162921552866,81.83711078711175,67.80620407754978,70.3752479971931
2026-09-28 06:00:00,3,20,2026-10-06 18:00:00,8 days 12:00:00,204,31.36,145.47,947.3,100.5,32.89186054608987,382.85457922186674,417.7752894504234,346.0868070430039,325.7554370033504,3.30621800892054,32.89186054608987,4.909753436566506,0.0,0.0,32.89186054608987,0.0,0.0
2026-09-28 06:00:00,3,20,2026-10-07 00:00:00,8 days 18:00:00,210,33.82,146.58,959.5,79.8,43.69487962507691,249.2829833790804,290.14277570383047,232.25320730690373,208.3947705782898,27.075755178067453,43.69487962507691,26.67763988554444,20.628255739014435,0.0,43.69487962507691,0.4395576958508691,0.0
2026-09-28 06:00:00,3,20,2026-10-07 06:00:00,9 days 00:00:00,216,36.85,149.13,963.7,73.7,25.82246126665541,303.0261053145407,362.328885761468,299.8098545876991,242.00984882079467,191.8357613252955,208.2202349223336,175.93572854492942,160.15572317935215,70.97543098152042,73.19530951576627,60.22021609302506,59.76417044331049
2026-09-28 06:00:00,3,20,2026-10-07 12:00:00,9 days 06:00:00,222,40.37,152.71,969.7,64.7,33.30303618527335,298.41621216403723,364.5245819750765,299.90397341358903,229.63589830074773,101.25117801995576,118.713661947581,93.90646227314052,81.40538466845936,13.245749503056688,33.30303618527335,11.381885597095966,9.11726453681002
2026-09-28 06:00:00,3,20,2026-10-07 18:00:00,9 days 12:00:00,228,44.21,156.33,979.4,47.0,17.346318136687046,7.512578025317566,51.548465489856085,24.679388368778632,0.0,0.0,0.0,0.0,0.0,0.0,0.0,0.0,0.0
2026-09-28 06:00:00,3,20,2026-10-08 00:00:00,9 days 18:00:00,234,48.16,161.31,979.9,52.3,161.82469318460463,8.785022296914217,161.82469318460463,161.82469318460463,1.0000155309159648,0.4541875470451382,1.0756714182308782,161.82469318460463,1.0000155309159648,0.0,0.0,0.0,0.0
2026-09-28 06:00:00,AL062026,20,2026-09-28 06:00:00,0 days 00:00:00,0,28.3,-43.8,1012.0,25.0,56.0,0.0,0.0,0.0,0.0,0.0,0.0,0.0,0.0,0.0,0.0,0.0,0.0
2026-09-28 06:00:00,AL062026,20,2026-09-28 12:00:00,0 days 06:00:00,6,28.53,-45.02,1014.7,22.3,125.57721727417372,0.0,0.0,0.0,0.0,0.0,0.0,0.0,0.0,0.0,0.0,0.0,0.0
2026-09-28 06:00:00,AL062026,20,2026-09-28 18:00:00,0 days 12:00:00,12,27.2,-44.43,1010.7,24.7,61.80276702730275,0.0,0.0,0.0,0.0,0.0,0.0,0.0,0.0,0.0,0.0,0.0,0.0
2026-09-28 06:00:00,AL912026(2),20,2026-09-28 06:00:00,0 days 00:00:00,0,36.3,-53.1,1013.0,29.0,148.0,0.0,0.0,0.0,0.0,0.0,0.0,0.0,0.0,0.0,0.0,0.0,0.0
2026-09-28 06:00:00,EP152026(2),20,2026-09-28 06:00:00,0 days 00:00:00,0,16.4,-160.8,929.0,134.0,28.0,241.0,185.0,148.0,204.0,93.0,74.0,74.0,93.0,56.0,46.0,37.0,46.0
2026-09-28 06:00:00,EP152026(2),20,2026-09-28 12:00:00,0 days 06:00:00,6,16.71,-161.6,946.2,118.4,0.0,137.18441808883952,112.63016249415284,89.38210676557054,115.0410703496324,18.883622414461087,7.008206546503342,3.664809470330487,15.124580890888286,9.372120392016178,5.011204282009001,3.664809470330487,8.83492812943951
2026-09-28 06:00:00,EP152026(2),20,2026-09-28 18:00:00,0 days 12:00:00,12,17.22,-162.54,954.3,114.5,0.0,190.30033831312903,168.0384350011568,134.79998367668384,181.76753867150865,107.05619426429077,86.7213167783641,69.74074843328862,95.26093446991536,57.55101107426936,50.18173535281835,40.5031183464647,50.35315106151256
2026-09-28 06:00:00,EP152026(2),20,2026-09-29 00:00:00,0 days 18:00:00,18,18.09,-162.96,944.4,118.9,0.0,161.01734663834117,143.47787762224314,88.15927191199002,128.833930690962,14.01489973554594,2.920899750757723,0.0,9.284924534715564,4.816862246888329,0.7586832589585693,0.0,2.9045289440890527
2026-09-28 06:00:00,EP152026(2),20,2026-09-29 06:00:00,1 days 00:00:00,24,19.04,-163.35,961.3,99.2,19.281385433132087,183.80141421237812,156.36987825934148,103.66290084196034,144.76907130909944,90.35332188068853,79.10196278485184,58.77499510014918,73.65258713612545,47.26855715133093,42.35343363754484,35.483343525507046,42.16776365855651
2026-09-28 06:00:00,EP152026(2),20,2026-09-29 12:00:00,1 days 06:00:00,30,19.85,-163.61,964.3,87.0,20.35262156934816,183.8685907980378,153.11504757262878,101.652060045079,131.20688452543956,20.35262156934816,6.144080323470154,0.0,9.709708614714629,20.35262156934816,1.692200074387484,0.0,2.7452767066264854
2026-09-28 06:00:00,EP152026(2),20,2026-09-29 18:00:00,1 days 12:00:00,36,20.63,-163.81,982.4,70.1,21.76477675287896,170.4744721516929,170.00624224955186,117.75800772138848,131.89911137363208,84.27105414050425,82.75569994330158,59.98046393536743,69.48088568347896,41.15463617740795,39.82341929231819,33.16346359029595,35.322731934800856
2026-09-28 06:00:00,EP152026(2),20,2026-09-30 00:00:00,1 days 18:00:00,42,21.46,-163.66,990.7,54.4,31.493899095153477,199.6063744733277,189.51149809454336,122.33624645445872,142.8810685423,3.94015430051014,31.493899095153477,0.0,0.3932966282113059,0.0,0.0,0.0,0.0
2026-09-28 06:00:00,EP152026(2),20,2026-09-30 06:00:00,2 days 00:00:00,48,21.95,-163.41,992.9,56.6,27.46654992951423,209.9735558301615,205.85078335651383,159.67050656525677,176.33664439162146,61.62278192680928,58.13980249055349,44.19998719748678,50.06423652716087,0.0,0.0,0.0,0.0
2026-09-28 06:00:00,EP152026(2),20,2026-09-30 12:00:00,2 days 06:00:00,54,22.14,-163.37,983.8,57.1,47.40958793150784,144.62391681831008,133.9348558442475,102.85830695053632,128.5142003590994,47.40958793150784,13.817383289183391,10.292249609651378,16.735983686751442,0.0,0.0,0.0,0.0
2026-09-28 06:00:00,EP152026(2),20,2026-09-30 18:00:00,2 days 12:00:00,60,22.33,-163.45,990.7,51.9,129.3213180092065,207.4983140962908,191.13448300577855,156.27779329800535,176.02452741276255,129.3213180092065,7.817746557457841,4.640060810210148,7.525358199027657,0.0,0.0,0.0,0.0
2026-09-28 06:00:00,EP152026(2),20,2026-10-01 00:00:00,2 days 18:00:00,66,21.9,-163.64,992.5,47.5,65.1144490234501,227.8064874376479,203.35104081001407,174.10741563144762,200.16561408226372,0.0,0.0,0.0,0.0,0.0,0.0,0.0,0.0
2026-09-28 06:00:00,EP152026(2),20,2026-10-01 06:00:00,3 days 00:00:00,72,21.87,-163.9,994.4,42.5,83.91380733266183,169.7262169249699,144.41177975259563,129.72368107912246,153.9107217293838,0.0,0.0,0.0,0.0,0.0,0.0,0.0,0.0
2026-09-28 06:00:00,EP152026(2),20,2026-10-01 12:00:00,3 days 06:00:00,78,21.76,-164.23,991.9,46.0,97.94474136426422,0.0,8.632229048006746,97.94474136426422,7.1604302138122815,0.0,0.0,0.0,0.0,0.0,0.0,0.0,0.0
2026-09-28 06:00:00,EP152026(2),20,2026-10-01 18:00:00,3 days 12:00:00,84,21.96,-164.67,989.6,49.2,63.79324839300492,106.87821435532108,91.21191468537162,79.57377140255598,95.0368612225667,0.0,0.0,0.0,0.0,0.0,0.0,0.0,0.0
2026-09-28 06:00:00,EP152026(2),20,2026-10-02 00:00:00,3 days 18:00:00,90,22.15,-164.73,985.5,52.8,102.94802414627372,131.63115036325198,108.45301052546496,88.33814223475005,102.94802414627372,0.0,0.0,0.0,102.94802414627372,0.0,0.0,0.0,0.0
2026-09-28 06:00:00,EP152026(2),20,2026-10-02 06:00:00,4 days 00:00:00,96,22.6,-164.99,992.3,48.4,107.03463799439022,136.20527632568923,117.25927202421336,101.40048423229224,111.09152218202944,0.0,0.0,0.0,0.0,0.0,0.0,0.0,0.0
2026-09-28 06:00:00,EP152026(2),20,2026-10-02 12:00:00,4 days 06:00:00,102,23.42,-165.47,992.0,50.0,54.83452037687539,203.23416573930947,179.25186658701787,123.5687556332003,158.73971711485817,54.83452037687539,23.262211661817812,15.844658810077227,20.58096017821893,0.0,0.0,0.0,0.0
2026-09-28 06:00:00,EP152026(2),20,2026-10-02 18:00:00,4 days 12:00:00,108,23.73,-166.25,988.2,54.5,60.07929465934114,167.57679311361915,138.5795702495453,104.69581210262952,123.4755629301691,60.07929465934114,0.0,0.325767171512803,0.1679525932571177,0.0,0.0,0.0,0.0
2026-09-28 06:00:00,EP152026(2),20,2026-10-03 00:00:00,4 days 18:00:00,114,23.75,-166.85,990.3,51.8,86.14243345032565,19.937834270356028,2.8786698500080377,8.512413079287349,86.14243345032565,0.0,0.0,0.0,86.14243345032565,0.0,0.0,0.0,0.0
2026-09-28 06:00:00,EP152026(2),20,2026-10-03 06:00:00,5 days 00:00:00,120,23.61,-167.83,986.0,54.5,63.4227136127324,163.7249448825736,131.75713566375117,110.20669771835192,138.22076157647786,63.4227136127324,0.1368726334464511,0.0,0.5018772398439033,0.0,0.0,0.0,0.0
2026-09-28 06:00:00,EP152026(2),20,2026-10-03 12:00:00,5 days 06:00:00,126,23.99,-168.8,985.3,61.6,62.55301452997932,171.17363547163424,133.72690570916265,113.62478811550248,148.40654379646867,1.7682929427356586,0.0,0.0857952060145108,62.55301452997932,0.0,0.0,0.0,0.0
2026-09-28 06:00:00,EP152026(2),20,2026-10-03 18:00:00,5 days 12:00:00,132,23.79,-170.33,990.0,60.6,48.595757230010506,170.6699453860016,124.7158855799854,109.52368426089528,149.4789818758669,133.70210920521765,123.54434873390082,105.15221541882252,112.40712769773924,0.0,0.0,0.0,0.0
2026-09-28 06:00:00,EP152026(2),20,2026-10-04 00:00:00,5 days 18:00:00,138,23.98,-171.33,988.4,55.2,34.530787436998736,143.87360584376069,113.11596029020578,87.1521901913963,120.17968708082668,34.530787436998736,0.0,0.0,2.087637368795105,0.0,0.0,0.0,0.0
2026-09-28 06:00:00,EP152026(2),20,2026-10-04 06:00:00,6 days 00:00:00,144,24.34,-172.98,989.5,58.1,67.7867840739894,187.2512137612756,160.68582343130606,120.94863754546202,156.1512298220648,67.7867840739894,25.5134398259584,19.34733193013417,25.320998830535245,0.0,0.0,0.0,0.0
2026-09-28 06:00:00,EP152026(2),20,2026-10-04 12:00:00,6 days 06:00:00,150,24.86,-174.32,977.5,66.8,36.435396671408,197.30770001362907,172.84304139342203,127.62428811512336,156.9800661720692,36.435396671408,3.207736039345008,0.6497501569029964,2.8587007797605324,36.435396671408,0.0,0.0,0.3332490912325063
2026-09-28 06:00:00,EP152026(2),20,2026-10-04 18:00:00,6 days 12:00:00,156,25.65,-175.58,966.2,79.9,38.52908133463944,245.09457734843707,212.93189711103773,150.64350202962348,189.87843486398145,38.52908133463944,8.788610999193189,0.0,8.816503553036537,38.52908133463944,1.5319800187650632,0.0,3.001934928692521
2026-09-28 06:00:00,EP152026(2),20,2026-10-05 00:00:00,6 days 18:00:00,162,26.37,-177.09,964.5,85.0,17.250374290029363,129.97535139653417,113.80735669960666,70.83466602261063,99.84744859457848,17.250374290029363,1.574743670132116,0.0,17.250374290029363,0.5091406514774136,0.0,0.0,17.250374290029363
2026-09-28 06:00:00,EP152026(2),20,2026-10-05 06:00:00,7 days 00:00:00,168,27.09,-177.96,954.0,102.2,24.60891284010835,209.4202432100386,174.19659997323515,136.01255682122934,183.5033400737675,103.09172525019672,85.83316204736649,67.25459809728008,89.75422043972823,53.49421185472082,45.29015933204197,36.0912756688137,46.0350258293058
2026-09-28 06:00:00,EP152026(2),20,2026-10-05 12:00:00,7 days 06:00:00,174,27.48,-178.66,955.2,101.7,21.841617940833345,107.07177755565004,73.31358118654532,23.66543290444706,84.50607924427896,21.841617940833345,5.280010689567032,1.699262730155425,14.548000648305669,21.841617940833345,3.12929115264245,1.699262730155425,6.937066370852488
2026-09-28 06:00:00,EP152026(2),20,2026-10-05 18:00:00,7 days 12:00:00,180,27.82,-179.75,959.2,92.9,30.574956822428504,147.7289179484929,115.73288462295936,78.19739316386998,108.33068858024086,30.574956822428504,5.391494321400261,0.0,6.317806630605614,30.574956822428504,0.5206235547023939,0.0,1.8763121790495696
2026-09-28 06:00:00,EP152026(2),20,2026-10-06 00:00:00,7 days 18:00:00,186,27.8,179.46,956.3,97.4,34.516090964114674,207.03801237645348,170.99093929805,154.2577626392557,198.32875671010368,121.55628979582931,104.49144329303212,88.3731632285617,109.27132035374382,66.36863985654321,58.73712244723505,50.09230143078808,59.34923582340727
2026-09-28 06:00:00,EP152026(2),20,2026-10-06 06:00:00,8 days 00:00:00,192,27.45,178.44,969.4,80.6,54.44742927745428,193.68232359942573,151.65953213897342,152.7050315422765,197.30137788154173,107.435544101079,96.62908767141194,79.9980074735295,97.5872708015486,56.88669106902303,50.94167246093754,42.59390776751744,50.377277065323895
2026-09-28 06:00:00,EP152026(2),20,2026-10-06 12:00:00,8 days 06:00:00,198,26.67,177.71,978.2,71.7,26.578663710241106,80.62317486619766,55.96384361022108,46.16995141110233,72.48174076143336,26.578663710241106,6.802515258264335,0.7824000931323756,11.452600180712608,26.578663710241106,0.8412272266682055,0.3418538803486943,2.744900923752525
2026-09-28 06:00:00,EP152026(2),20,2026-10-06 18:00:00,8 days 12:00:00,204,26.19,176.76,987.4,61.0,30.19194308092245,92.46843543005464,73.41843358606579,54.40768312023785,91.10496655388994,1.6246920995406304,0.0,0.0,30.19194308092245,0.0,0.0,0.0,0.0
2026-09-28 06:00:00,EP152026(2),20,2026-10-07 00:00:00,8 days 18:00:00,210,25.3,175.26,1000.2,49.1,45.74616964095622,24.5441170416752,13.198067488426895,3.20244031202909,45.74616964095622,0.0,0.0,0.0,0.0,0.0,0.0,0.0,0.0
2026-09-28 06:00:00,EP152026(2),20,2026-10-07 06:00:00,9 days 00:00:00,216,24.71,174.1,1000.2,40.7,78.42601781673346,171.53920827697794,150.6260105375875,121.5440635290331,148.70629982277188,0.0,0.0,0.0,0.0,0.0,0.0,0.0,0.0
2026-09-28 06:00:00,EP152026(2),20,2026-10-07 12:00:00,9 days 06:00:00,222,24.28,172.25,1001.0,39.1,66.76878080198928,66.76878080198928,6.820271524690297,4.314616136387296,14.008676390580682,0.0,0.0,0.0,0.0,0.0,0.0,0.0,0.0
2026-09-28 06:00:00,EP152026(2),20,2026-10-07 18:00:00,9 days 12:00:00,228,23.68,170.52,1003.8,31.6,54.8386168398164,0.0,0.0,0.0,0.0,0.0,0.0,0.0,0.0,0.0,0.0,0.0,0.0
2026-09-28 06:00:00,EP152026(2),20,2026-10-08 00:00:00,9 days 18:00:00,234,22.46,168.81,1005.3,30.4,114.26282049649154,0.0,0.0,0.0,0.0,0.0,0.0,0.0,0.0,0.0,0.0,0.0,0.0
2026-09-28 06:00:00,EP152026(2),20,2026-10-08 06:00:00,10 days 00:00:00,240,22.51,167.3,1006.6,27.1,141.91197114801986,0.0,0.0,0.0,0.0,0.0,0.0,0.0,0.0,0.0,0.0,0.0,0.0
2026-09-28 06:00:00,EP152026(2),20,2026-10-08 12:00:00,10 days 06:00:00,246,22.06,165.45,1003.9,28.8,121.1896003785777,0.0,0.0,0.0,0.0,0.0,0.0,0.0,0.0,0.0,0.0,0.0,0.0
2026-09-28 06:00:00,EP152026(2),20,2026-10-08 18:00:00,10 days 12:00:00,252,21.38,163.71,1006.5,26.5,147.0876346724496,0.0,0.0,0.0,0.0,0.0,0.0,0.0,0.0,0.0,0.0,0.0,0.0
2026-09-28 06:00:00,EP172026,20,2026-09-28 06:00:00,0 days 00:00:00,0,23.2,-114.0,955.0,105.0,28.0,167.0,148.0,148.0,148.0,102.0,93.0,83.0,83.0,65.0,65.0,65.0,65.0
2026-09-28 06:00:00,EP172026,20,2026-09-28 12:00:00,0 days 06:00:00,6,24.1,-113.76,961.6,88.6,0.0,89.97524933143862,110.8835397021827,58.36040598454915,57.41244501126644,28.452121972843354,31.95977494640325,18.151101490981283,19.02997699818865,14.70275665164955,14.033019681341022,10.714019665669031,11.60004188521929
2026-09-28 06:00:00,EP172026,20,2026-09-28 18:00:00,0 days 12:00:00,12,24.79,-113.32,962.6,88.7,38.79405904136731,154.43433888239082,190.18190795082964,143.34109861796918,111.76078429438574,78.56503032182323,86.73837254644553,67.62705458186784,65.18260775078079,42.71723652548716,42.318115673799255,35.127410244178314,36.29343412890074
2026-09-28 06:00:00,EP172026,20,2026-09-29 00:00:00,0 days 18:00:00,18,25.22,-112.75,973.2,77.5,9.960905283201384,184.58260194004535,238.6465632916884,183.0196434340669,144.91693728701978,100.11622786261388,112.51807448110368,86.41608028764131,82.05855562784109,51.62885199479615,53.17078761705153,42.59143348292446,44.03797729539736
2026-09-28 06:00:00,EP172026,20,2026-09-29 06:00:00,1 days 00:00:00,24,26.24,-111.78,981.2,56.2,38.16680037880761,31.561604218909466,44.21192614825623,16.337022508480857,18.89297705007405,3.2850008500238523,38.16680037880761,1.654788955172382,0.7741628230684512,0.0,0.0,0.0,0.0
2026-09-28 06:00:00,EP172026,20,2026-09-29 12:00:00,1 days 06:00:00,30,27.36,-111.11,989.6,47.5,55.84242636351513,100.81592224109043,89.80166463325224,55.372313726571775,63.862330502078976,0.0,0.0,0.0,0.0,0.0,0.0,0.0,0.0
2026-09-28 06:00:00,EP172026,20,2026-09-29 18:00:00,1 days 12:00:00,36,28.83,-109.87,1000.2,40.8,42.41423559063509,19.22540524217677,21.835164222365613,12.43348644077096,42.41423559063509,0.0,0.0,0.0,0.0,0.0,0.0,0.0,0.0
2026-09-28 06:00:00,EP182026,20,2026-09-28 06:00:00,0 days 00:00:00,0,13.2,-100.0,1001.0,41.0,93.0,222.0,185.0,148.0,222.0,0.0,0.0,0.0,0.0,0.0,0.0,0.0,0.0
2026-09-28 06:00:00,EP182026,20,2026-09-28 12:00:00,0 days 06:00:00,6,13.44,-100.57,993.0,53.1,80.30725615042348,172.31864259537969,149.01312151457077,130.38585473756874,146.92571865500497,80.30725615042348,0.0,0.0,0.0,0.0,0.0,0.0,0.0
2026-09-28 06:00:00,EP182026,20,2026-09-28 18:00:00,0 days 12:00:00,12,13.63,-101.07,993.4,53.9,49.073583714859296,166.20824288110316,145.57852337908434,121.57016503802356,151.42486143230417,54.645424541458056,51.3319862637286,44.182776250112624,48.12276260427802,0.0,0.0,0.0,0.0
2026-09-28 06:00:00,EP182026,20,2026-09-29 00:00:00,0 days 18:00:00,18,14.18,-101.93,995.8,45.6,52.25341964797642,154.59019690078563,129.47834299990916,100.18202530143624,119.29638417940365,0.0,0.0,0.0,0.0,0.0,0.0,0.0,0.0
2026-09-28 06:00:00,EP182026,20,2026-09-29 06:00:00,1 days 00:00:00,24,14.33,-103.15,994.5,48.1,39.78093474559135,0.0,0.0,39.78093474559135,0.0,0.0,0.0,0.0,0.0,0.0,0.0,0.0,0.0
2026-09-28 06:00:00,EP182026,20,2026-09-29 12:00:00,1 days 06:00:00,30,15.24,-103.69,993.7,49.4,77.68465250825466,156.83808694312262,121.79119871158524,98.15140976006066,120.48762745919,0.0,0.0,0.0,0.0,0.0,0.0,0.0,0.0
2026-09-28 06:00:00,EP182026,20,2026-09-29 18:00:00,1 days 12:00:00,36,16.23,-104.59,996.2,48.0,54.72712603649728,125.51896294196052,106.30390540468557,74.93616425246381,97.05220311461852,0.0,0.0,0.0,0.0,0.0,0.0,0.0,0.0
2026-09-28 06:00:00,EP182026,20,2026-09-30 00:00:00,1 days 18:00:00,42,16.84,-105.64,989.6,54.5,40.23807553940991,184.5678527722223,170.9695100343863,144.29332023630258,157.94260114857315,101.79247446002984,99.89516984395496,84.9511583889689,88.02706946423032,0.0,0.0,0.0,0.0
2026-09-28 06:00:00,EP182026,20,2026-09-30 06:00:00,2 days 00:00:00,48,17.52,-106.26,987.8,63.1,56.60639367325095,152.20669559888276,119.75341819176477,88.16887430737798,111.75198972493423,56.60639367325095,25.675254473559768,13.108257754306305,23.11477067922136,0.0,0.0,0.0,0.0
2026-09-28 06:00:00,EP182026,20,2026-09-30 12:00:00,2 days 06:00:00,54,18.12,-106.73,983.8,70.7,36.14315160172632,187.7989842198666,158.40007240210866,116.12720501388075,157.6717548230057,89.31216454407752,70.50402565142309,46.4105507182818,72.28679332915664,37.7431751227094,30.069414361053305,20.143170052930216,30.447184563366747
2026-09-28 06:00:00,EP182026,20,2026-09-30 18:00:00,2 days 12:00:00,60,18.13,-107.39,969.0,95.0,40.97606316154906,162.75487488909175,135.21005152963676,122.5433310918786,153.85843966313723,87.8681917330207,72.57286548333968,64.47048114471164,79.65671972320979,47.24755302429054,41.97955746429244,36.18771107587693,42.97545997538441
2026-09-28 06:00:00,EP182026,20,2026-10-01 00:00:00,2 days 18:00:00,66,18.99,-107.77,966.5,93.9,25.040165675138557,174.9623400385276,153.7871705201269,114.91117552993536,144.0369268725883,77.53086964936631,60.952958690180935,41.047486457323714,64.44680745435107,34.48155953405137,28.11861745519417,20.23541136426695,27.930329872035173
2026-09-28 06:00:00,EP182026,20,2026-10-01 06:00:00,3 days 00:00:00,72,19.14,-107.96,959.9,99.9,25.870927642482016,165.28895114554462,145.70142334754675,108.31337426257129,129.06538124718088,72.79558163580458,60.90100939071797,45.91646084464272,62.383151484454174,35.87310022282995,30.859768366405465,24.36455650536118,30.549020389668662
2026-09-28 06:00:00,EP182026,20,2026-10-01 12:00:00,3 days 06:00:00,78,19.19,-108.28,952.7,107.8,32.083853277015606,139.60975216570773,142.49378245780716,139.72841004065117,144.6982808556627,78.03356218334733,75.69393495508234,65.94700675187609,71.7814909870279,44.68774901416687,42.04585495351492,36.00362805890243,39.37330100136003
2026-09-28 06:00:00,EP182026,20,2026-10-01 18:00:00,3 days 12:00:00,84,19.49,-108.65,963.6,101.4,25.45993625668352,215.84683047241123,186.4479275040008,181.1137657103434,203.78073631962667,119.42024895436204,102.26007590865578,89.68260452944656,109.83488449254337,63.30770273169537,56.263247573323184,48.83872573975361,56.41680668160735
2026-09-28 06:00:00,EP182026,20,2026-10-02 00:00:00,3 days 18:00:00,90,19.25,-108.71,959.6,95.6,24.31551808858512,152.8835286246067,161.04212220929548,133.87081522069275,144.27426140727766,75.51342365936125,74.83112799666378,63.82253133904214,65.94295390306797,39.90935060685752,39.35588470046241,34.07076374133567,35.5177692795387
2026-09-28 06:00:00,EP182026,20,2026-10-02 06:00:00,4 days 00:00:00,96,19.29,-108.69,976.8,75.8,15.941282956724422,113.4050426336048,107.72398170362362,114.7141392747484,118.19832102617056,25.68246874433089,29.61754028620618,26.892941794962667,24.47055537896045,12.886024297538327,15.941282956724422,11.37675822764615,10.704260488583188
2026-09-28 06:00:00,EP182026,20,2026-10-02 12:00:00,4 days 06:00:00,102,19.32,-108.46,986.2,61.2,20.152324942926693,152.7892561457416,151.9893587957033,144.97331031277648,137.67449772134722,58.7799101841068,57.24004591309751,50.0318028471927,50.11368390842191,0.0,0.0,0.0,0.0
2026-09-28 06:00:00,EP182026,20,2026-10-02 18:00:00,4 days 12:00:00,108,19.29,-108.42,976.2,72.0,22.33582001868899,141.04592466474264,134.50811444652084,104.58962542028496,114.741209946225,56.38053680844413,49.22332623395568,35.48096168696247,45.20393938719087,22.91616869320248,20.375300886460167,14.589789865119611,18.711886446349357
2026-09-28 06:00:00,EP182026,20,2026-10-03 00:00:00,4 days 18:00:00,114,19.2,-108.11,986.8,57.4,23.775771849031752,93.62019129220025,103.50589683060328,83.80707625199099,76.80211558690976,47.022681674810194,45.886830516495294,33.0307715512401,35.97911485394759,0.0,0.0,0.0,0.0
2026-09-28 06:00:00,EP182026,20,2026-10-03 06:00:00,5 days 00:00:00,120,19.48,-108.38,983.6,63.4,20.084255791468173,161.59742852346915,141.81443731993272,103.38569535073124,122.25083397566576,68.56350378195809,61.38182349031859,44.64448763342674,51.57355049007446,0.0,0.0,0.0,0.0
2026-09-28 06:00:00,EP182026,20,2026-10-03 12:00:00,5 days 06:00:00,126,19.47,-108.4,980.5,67.9,25.488125290506915,271.3181141141918,247.32115596791783,213.6364498967697,234.04793510898,68.29547129820625,61.92733531538354,46.40713365344955,56.03601078571262,30.49956427584158,27.29632386170296,22.04124866950653,25.39790630850677
2026-09-28 06:00:00,EP182026,20,2026-10-03 18:00:00,5 days 12:00:00,132,19.39,-107.85,927.4,131.2,29.39171082339657,74.06347324874149,135.17325426346187,163.96017567391593,89.92125883584904,37.670776392676046,53.96846628456058,65.6470052577107,39.8675031451148,29.785764911458,35.82009128495321,34.94840732619508,28.6940702055773
2026-09-28 06:00:00,EP182026,20,2026-10-04 00:00:00,5 days 18:00:00,138,19.57,-108.61,979.1,81.1,33.23930320944761,114.35906561000964,116.93924351029568,117.33707864950694,112.25198840404497,58.44026929609434,50.43552834919161,38.47736398184528,50.73195919755097,33.23930320944761,23.01001742096071,18.17851232565531,23.03650979621977
2026-09-28 06:00:00,EP182026,20,2026-10-04 06:00:00,6 days 00:00:00,144,19.94,-108.6,964.9,92.3,15.673889501187148,96.56763995232104,101.99146166794998,110.51018030169882,95.40324443083176,45.41036772083902,46.28557363600754,41.09950958970518,45.223327383210176,24.245162926452902,22.83474424342125,18.64073820059245,21.0270103188746
2026-09-28 06:00:00,EP182026,20,2026-10-04 12:00:00,6 days 06:00:00,150,20.1,-108.97,948.0,112.6,44.3781090921098,333.9043077355275,295.4692826846075,235.039523928354,285.3295625622833,55.3897462882094,44.30073053826493,30.031051090457645,49.86286998005721,44.3781090921098,22.91143230642704,16.95588227481339,23.156086671028056
2026-09-28 06:00:00,EP182026,20,2026-10-04 18:00:00,6 days 12:00:00,156,20.63,-109.42,964.4,90.0,19.536552189481966,172.03205228824868,143.7992732203321,105.93156550894722,150.69073763124368,81.93958789754936,69.70498378651433,54.73654942584926,70.37009000622467,39.86320971795503,34.89323878957803,28.233813161839823,34.20443684309375
2026-09-28 06:00:00,EP182026,20,2026-10-05 00:00:00,6 days 18:00:00,162,20.85,-109.77,960.8,95.4,22.848111824111584,153.6054615808307,120.9099429320404,100.27009105724028,137.55362250884446,71.50502870502305,56.27224712849784,42.43137442074453,62.96656663434078,34.60382219038888,28.644297649478403,21.65164854768375,28.698147057854957
2026-09-28 06:00:00,EP182026,20,2026-10-05 06:00:00,7 days 00:00:00,168,20.95,-110.33,961.4,99.6,41.74920036436888,132.14297463598254,87.0895151843479,74.29069265362834,136.2064631254745,62.81539229709291,46.17339338115203,40.40999241580489,57.86958365145584,41.74920036436888,27.933991066643934,24.733385692582782,30.634774851381025
2026-09-28 06:00:00,EP182026,20,2026-10-05 12:00:00,7 days 06:00:00,174,21.24,-111.2,952.5,111.8,33.09596928674247,157.74984291538584,118.51621263960963,107.55870674628258,160.26381242417443,82.43559669979251,64.78758680722521,57.63361714919428,76.73372125669854,47.34024335345474,41.20950424409477,36.25390180065641,43.56502521515108
2026-09-28 06:00:00,EP182026,20,2026-10-05 18:00:00,7 days 12:00:00,180,21.35,-112.06,963.0,94.8,20.10388234837257,114.24101914805092,99.9852844176259,108.33916599634767,120.07433173764689,65.92424726609538,52.65107158829268,48.2317617642501,64.75426284083673,38.10432358003448,31.95001171992261,27.16517599226329,34.66123006357775
2026-09-28 06:00:00,EP182026,20,2026-10-06 00:00:00,7 days 18:00:00,186,21.5,-112.93,947.1,109.2,46.01650323753028,151.1476066171973,115.91800172051973,102.8257872801702,149.91970697248362,87.72123659699452,71.07237271579295,58.92966063705443,78.66763241902908,50.15610080921512,42.37912740359048,37.816894963381145,46.594246080099296
2026-09-28 06:00:00,EP182026,20,2026-10-06 06:00:00,8 days 00:00:00,192,21.84,-114.32,972.0,83.8,37.54717367576088,148.53931435761334,118.3457621305064,101.91270313055544,140.2320049254658,76.29286454562862,57.66135419178168,45.599387502787,66.89588248957796,37.54717367576088,30.28554067021598,24.22178276406409,32.92251364471931
2026-09-28 06:00:00,EP182026,20,2026-10-06 12:00:00,8 days 06:00:00,198,22.06,-115.08,967.1,82.8,16.070628664090364,133.83372409572598,107.70684157533384,90.0321174124478,126.67207282810249,67.18619303320233,54.36181174207225,42.08802061114351,58.954230088089616,31.84135117485878,26.401222850908525,20.25470970462934,26.328217547570564
2026-09-28 06:00:00,EP182026,20,2026-10-06 18:00:00,8 days 12:00:00,204,22.01,-116.15,980.4,70.9,0.0,131.51883502675554,96.97008942759834,82.82070099714903,107.66603773706804,51.7255713305332,40.90675070108367,28.27074385549473,42.5999156822752,22.828041542610308,17.96928506604978,12.01131458428192,18.204577479324456
2026-09-28 06:00:00,EP182026,20,2026-10-07 00:00:00,8 days 18:00:00,210,22.69,-117.2,971.4,84.4,15.760629441586511,96.2707923827416,80.3991459467722,69.500874450418,97.6469913900715,45.37026736256287,32.655003766034085,23.09185591326105,41.07890647265437,20.792812779038456,15.04901896438431,10.60405115701978,16.766482366793273
2026-09-28 06:00:00,EP182026,20,2026-10-07 06:00:00,9 days 00:00:00,216,22.83,-117.87,983.4,59.8,45.11497147054613,149.68611632025147,109.51037265127007,94.58956777038742,127.73103781193532,118.67635473751932,109.51037265127007,94.58956777038742,100.8241580276711,0.0,0.0,0.0,0.0
2026-09-28 06:00:00,EP182026,20,2026-10-07 12:00:00,9 days 06:00:00,222,23.25,-118.54,985.9,57.5,10.468904833195609,127.75529892419218,105.07804067889134,69.42752252756372,98.07071837385678,10.468904833195609,5.268403189145861,0.1518785755764042,6.142116717115989,0.0,0.0,0.0,0.0
2026-09-28 06:00:00,EP182026,20,2026-10-07 18:00:00,9 days 12:00:00,228,23.74,-119.19,989.2,52.2,12.515160128009745,116.679641495698,80.26303907050644,59.731429504205344,94.66968243045416,12.515160128009745,1.6996194328757437,0.0125284307783761,6.130198414074779,0.0,0.0,0.0,0.0
2026-09-28 06:00:00,EP182026,20,2026-10-08 00:00:00,9 days 18:00:00,234,24.62,-119.85,974.7,74.3,11.699071555927643,55.7180393284584,36.84256338060281,16.826499231155744,37.44860464086999,11.699071555927643,2.338560237209961,0.0,3.380685951691728,11.699071555927643,0.0,0.0,0.0
2026-09-28 06:00:00,EP182026,20,2026-10-08 06:00:00,10 days 00:00:00,240,24.98,-120.81,992.2,50.6,28.64204769654572,127.3874378238978,97.13604380013874,77.95415824258077,105.6701234598096,28.64204769654572,0.5128656271968595,0.2848504871173389,1.5449830590144842,0.0,0.0,0.0,0.0
2026-09-28 06:00:00,EP182026,20,2026-10-08 12:00:00,10 days 06:00:00,246,25.94,-121.91,999.3,39.1,53.62212452812582,53.62212452812582,0.0,0.0,11.088278332061009,0.0,0.0,0.0,0.0,0.0,0.0,0.0,0.0
2026-09-28 06:00:00,EP182026,20,2026-10-08 18:00:00,10 days 12:00:00,252,26.97,-123.52,1002.5,33.3,64.45679640841234,0.0,0.0,0.0,0.0,0.0,0.0,0.0,0.0,0.0,0.0,0.0,0.0
2026-09-28 06:00:00,EP182026,20,2026-10-09 00:00:00,10 days 18:00:00,258,27.84,-124.51,1007.5,26.8,51.53589618364148,0.0,0.0,0.0,0.0,0.0,0.0,0.0,0.0,0.0,0.0,0.0,0.0
2026-09-28 06:00:00,EP912026(3),20,2026-09-28 06:00:00,0 days 00:00:00,0,12.7,-136.6,1005.0,29.0,93.0,0.0,0.0,0.0,0.0,0.0,0.0,0.0,0.0,0.0,0.0,0.0,0.0
2026-09-28 06:00:00,WP252026,20,2026-09-28 06:00:00,0 days 00:00:00,0,27.5,131.6,954.0,99.0,9.0,148.0,158.0,148.0,121.0,,,,,,,,
2026-09-28 06:00:00,WP252026,20,2026-09-28 12:00:00,0 days 06:00:00,6,27.67,132.56,976.6,64.1,69.31983632119821,133.23248207814038,159.41513567555842,127.09304858598009,104.5064979395984,69.31983632119821,69.31983632119821,1.648787209101917,0.0,69.31983632119821,0.0,0.0,0.0
2026-09-28 06:00:00,WP252026,20,2026-09-28 18:00:00,0 days 12:00:00,12,28.07,133.37,980.4,56.5,3.890626028722537,127.77662262764946,157.53151846166838,95.10471718149915,83.7108167686921,31.539486440524144,34.681955856744416,21.321959531426327,19.13956920714082,0.0,0.0,0.0,0.0
2026-09-28 06:00:00,WP252026,20,2026-09-29 00:00:00,0 days 18:00:00,18,28.54,134.03,992.6,40.5,30.39152489049276,188.1807172668219,184.8831945834752,151.09817514541731,152.65313647331544,0.0,0.0,0.0,0.0,0.0,0.0,0.0,0.0
2026-09-28 06:00:00,WP252026,20,2026-09-29 06:00:00,1 days 00:00:00,24,29.25,134.93,993.0,46.1,59.74193336530298,59.74193336530298,26.91523400878146,12.51108369523688,11.82054472020894,0.0,0.0,0.0,0.0,0.0,0.0,0.0,0.0
2026-09-28 06:00:00,WP252026,20,2026-09-29 12:00:00,1 days 06:00:00,30,29.71,136.29,995.9,42.4,82.91453087699081,3.3806187147503763,82.91453087699081,6.570074593694077,0.0,0.0,0.0,0.0,0.0,0.0,0.0,0.0,0.0
2026-09-28 06:00:00,WP252026,20,2026-09-29 18:00:00,1 days 12:00:00,36,30.42,137.47,994.4,39.9,11.667644581827297,80.13770807344852,82.40759702639949,64.07198777664742,61.683849428853925,0.0,0.0,0.0,0.0,0.0,0.0,0.0,0.0
2026-09-28 06:00:00,WP252026,20,2026-09-30 00:00:00,1 days 18:00:00,42,31.57,139.11,998.0,33.7,58.001892713133344,0.0,0.0,0.0,0.0,0.0,0.0,0.0,0.0,0.0,0.0,0.0,0.0
2026-09-28 06:00:00,WP252026,20,2026-09-30 06:00:00,2 days 00:00:00,48,32.33,140.23,997.3,38.1,33.16734355506408,13.32088321540651,33.16734355506408,2.6061869905078225,1.4087586779990886,0.0,0.0,0.0,0.0,0.0,0.0,0.0,0.0
2026-09-28 06:00:00,WP252026,20,2026-09-30 12:00:00,2 days 06:00:00,54,33.16,141.42,997.7,40.4,59.08830752274584,80.30005842148203,69.84053810062011,47.00217679456931,50.96936286871469,0.0,0.0,0.0,0.0,0.0,0.0,0.0,0.0
2026-09-28 06:00:00,WP252026,20,2026-09-30 18:00:00,2 days 12:00:00,60,34.13,143.02,1002.0,34.9,172.47596117092817,172.47596117092817,0.0,0.0,0.0065161488240335,0.0,0.0,0.0,0.0,0.0,0.0,0.0,0.0
2026-09-28 06:00:00,WP252026,20,2026-10-01 00:00:00,2 days 18:00:00,66,35.49,143.96,995.7,28.8,66.45988630803049,0.0,0.0,0.0,0.0,0.0,0.0,0.0,0.0,0.0,0.0,0.0,0.0
2026-09-28 06:00:00,WP922026(4),20,2026-09-28 06:00:00,0 days 00:00:00,0,16.4,97.6,1001.0,29.0,64.0,0.0,0.0,0.0,0.0,0.0,0.0,0.0,0.0,0.0,0.0,0.0,0.0
2026-09-28 06:00:00,WP922026(4),20,2026-09-28 12:00:00,0 days 06:00:00,6,17.48,97.12,1001.5,22.0,115.84858436971716,0.0,0.0,0.0,0.0,0.0,0.0,0.0,0.0,0.0,0.0,0.0,0.0
2026-09-28 06:00:00,WP922026(4),20,2026-09-28 18:00:00,0 days 12:00:00,12,18.1,96.15,1003.4,21.4,61.18706048953051,0.0,0.0,0.0,0.0,0.0,0.0,0.0,0.0,0.0,0.0,0.0,0.0
2026-09-28 06:00:00,20,21,2026-10-02 18:00:00,4 days 12:00:00,108,14.54,158.29,1004.1,27.4,52.09891647231682,0.0,0.0,0.0,0.0,0.0,0.0,0.0,0.0,0.0,0.0,0.0,0.0
2026-09-28 06:00:00,20,21,2026-10-03 00:00:00,4 days 18:00:00,114,15.2,158.35,1002.9,29.9,69.14889814798514,0.0,0.0,0.0,0.0,0.0,0.0,0.0,0.0,0.0,0.0,0.0,0.0
2026-09-28 06:00:00,20,21,2026-10-03 06:00:00,5 days 00:00:00,120,15.86,158.72,1001.9,31.4,113.89140590643837,0.0,0.0,0.0,0.0,0.0,0.0,0.0,0.0,0.0,0.0,0.0,0.0
2026-09-28 06:00:00,20,21,2026-10-03 12:00:00,5 days 06:00:00,126,16.05,159.35,1004.2,29.9,75.20242202935464,0.0,0.0,0.0,0.0,0.0,0.0,0.0,0.0,0.0,0.0,0.0,0.0
2026-09-28 06:00:00,20,21,2026-10-03 18:00:00,5 days 12:00:00,132,16.36,159.42,997.7,34.9,61.937535619860455,61.937535619860455,52.44983117021821,23.803418167632145,36.842811076668966,0.0,0.0,0.0,0.0,0.0,0.0,0.0,0.0
2026-09-28 06:00:00,20,21,2026-10-04 00:00:00,5 days 18:00:00,138,16.44,159.63,992.2,39.1,54.76229695952791,90.38368009189492,85.36434476000343,65.34436353712121,75.9527460700708,0.0,0.0,0.0,0.0,0.0,0.0,0.0,0.0
2026-09-28 06:00:00,20,21,2026-10-04 06:00:00,6 days 00:00:00,144,16.15,160.41,993.0,42.6,67.175572225944,158.8229833729695,140.30617011912014,101.25603532563572,122.1198489364566,0.0,0.0,0.0,0.0,0.0,0.0,0.0,0.0
2026-09-28 06:00:00,20,21,2026-10-04 12:00:00,6 days 06:00:00,150,16.06,160.9,993.3,38.9,60.105514939703816,4.749812831251788,60.105514939703816,6.203117828740858,5.069466036930951,0.0,0.0,0.0,0.0,0.0,0.0,0.0,0.0
2026-09-28 06:00:00,20,21,2026-10-04 18:00:00,6 days 12:00:00,156,15.87,161.07,992.0,43.3,66.24128128139603,189.9359740880909,184.2883714105571,143.35543613086543,155.1417256762441,0.0,0.0,0.0,0.0,0.0,0.0,0.0,0.0
2026-09-28 06:00:00,20,21,2026-10-05 00:00:00,6 days 18:00:00,162,15.56,161.49,995.9,45.2,62.10819377303402,130.9619109782046,125.34347470501936,107.52973898293776,114.43116984918538,0.0,0.0,0.0,0.0,0.0,0.0,0.0,0.0
2026-09-28 06:00:00,20,21,2026-10-05 06:00:00,7 days 00:00:00,168,15.41,161.94,986.7,53.4,80.59364467735243,267.09422666625574,270.7026368330055,227.68358510842208,230.03356210805333,80.59364467735243,51.965184296505925,39.292420485534606,42.59209199740679,0.0,0.0,0.0,0.0
2026-09-28 06:00:00,20,21,2026-10-05 12:00:00,7 days 06:00:00,174,15.54,162.16,991.8,47.7,71.09284878361377,163.26224941292156,158.82524540329598,123.3534707990684,135.34554978622208,0.0,0.0,0.0,0.0,0.0,0.0,0.0,0.0
2026-09-28 06:00:00,20,21,2026-10-05 18:00:00,7 days 12:00:00,180,15.27,161.9,978.8,63.4,80.48027914040452,502.507337324462,465.1178489317036,413.3943917649407,450.8008278475074,208.50028098496205,196.61622291554275,159.74447809070034,176.30605501594397,0.0,0.0,0.0,0.0
2026-09-28 06:00:00,20,21,2026-10-06 00:00:00,7 days 18:00:00,186,15.48,161.16,972.7,74.2,63.20142429665078,482.2463692499968,451.2358469996359,389.7364920077214,415.08456041505406,103.34979730224828,87.10153828336182,61.06296902882446,79.25922748069435,63.20142429665078,0.0,0.0,0.0
2026-09-28 06:00:00,20,21,2026-10-06 06:00:00,8 days 00:00:00,192,15.62,160.56,970.2,76.2,75.35086745007521,440.59725148693065,396.09412815256354,350.23855841808654,387.19625491761366,194.98794217365656,172.15060588676212,140.91591349932762,167.45406973135096,75.35086745007521,50.565431748268864,40.45846993259966,48.51660647397644
2026-09-28 06:00:00,20,21,2026-10-06 12:00:00,8 days 06:00:00,198,15.95,159.56,966.1,81.8,76.38121763168431,370.15721650596873,336.69623908054234,263.2574855982478,318.41052250532607,122.57877333979232,101.191172833716,76.0952100147485,102.95879508170678,76.38121763168431,27.826234150485234,22.228676279915835,28.82834997937192
2026-09-28 06:00:00,20,21,2026-10-06 18:00:00,8 days 12:00:00,204,16.31,158.95,950.2,105.6,50.155326129113725,388.8323194863451,366.7165311521149,306.3973636722769,335.4719829696355,200.50789844168173,181.8989195562267,147.62749823584815,172.64615823215985,92.98155785362364,84.17925617629089,70.53568728850104,79.68930729436667
2026-09-28 06:00:00,20,21,2026-10-07 00:00:00,8 days 18:00:00,210,17.07,157.51,944.1,109.6,42.03521039448722,339.3864107828296,308.7697144375579,269.3043750963983,281.6525340623912,148.15232346117227,133.184918144326,103.77726337925418,126.3097688549642,64.72668781140005,57.34203866703282,47.1842472676759,55.43004710428468
2026-09-28 06:00:00,20,21,2026-10-07 06:00:00,9 days 00:00:00,216,17.77,156.2,941.6,113.7,10.71139673569683,374.34290756095874,352.46094976182906,299.8113218005765,320.4929453208615,208.1804234074673,194.0934622273745,165.1443751339268,182.76250719608575,121.36440416544971,115.633480347158,99.50193149791838,106.04470197406005
2026-09-28 06:00:00,20,21,2026-10-07 12:00:00,9 days 06:00:00,222,18.57,155.08,925.9,124.7,0.0,398.5373726188732,354.78312884879267,299.910145307278,353.9459953471723,148.03802240994503,125.1269536931028,100.4410581504904,129.05274343386992,76.39402714773853,70.79412813953853,60.94684761076365,69.43520128793037
2026-09-28 06:00:00,20,21,2026-10-07 18:00:00,9 days 12:00:00,228,19.28,153.38,925.6,129.4,24.35484316381087,403.9828525162475,337.52416568662966,273.5103291915975,350.2835431283852,183.51321584482616,161.16580002156934,130.5586901339933,158.97048766179705,103.21919100396453,96.565304775796,81.87743832707861,92.30327346685748
2026-09-28 06:00:00,20,21,2026-10-08 00:00:00,9 days 18:00:00,234,20.42,151.8,922.3,132.8,30.48008695160621,407.2878346329076,357.69107749703755,301.4208450252496,365.2845286703166,182.73979591728997,162.4358562921813,128.90083468366385,156.58637373987904,96.90949202129627,86.80744422823625,73.09285387389951,84.41943717886886
2026-09-28 06:00:00,20,21,2026-10-08 06:00:00,10 days 00:00:00,240,21.11,150.24,931.6,123.9,42.21728831861343,404.3659963601604,375.7925563652843,314.0605473976952,340.1302730701142,159.28791845159947,140.7640220984877,106.96269141038098,131.9554367951134,69.36320583357798,60.80231918335767,51.443752557070624,60.29869470989173
2026-09-28 06:00:00,20,21,2026-10-08 12:00:00,10 days 06:00:00,246,22.13,148.34,914.0,138.8,1.0545828036682678,452.56006298472767,393.61444178517695,325.24136608402387,392.857896800128,249.03974986686603,230.2712950493426,197.0123350476688,224.5993538970085,151.36940527021557,144.71971400391612,125.00563738072331,135.74998974215623
2026-09-28 06:00:00,20,21,2026-10-08 18:00:00,10 days 12:00:00,252,23.09,146.68,916.0,138.6,12.827617626550168,384.4157496856809,332.7777765087225,282.69342999272715,337.92487755369194,217.4862511440451,198.95904545438827,170.65691430259557,195.84565114433693,140.82606256012605,131.56340952687555,113.94879265434972,124.27042813598968
2026-09-28 06:00:00,20,21,2026-10-09 00:00:00,10 days 18:00:00,258,24.22,145.9,934.1,113.0,17.198697521475978,401.0725685313576,376.9793993008785,310.7652235508042,338.9492638606061,205.53880999703543,189.4926919672845,152.766814632542,175.26320461933437,111.12558694300444,103.7170684806206,86.71150239977258,95.83662765440624
2026-09-28 06:00:00,20,21,2026-10-09 06:00:00,11 days 00:00:00,264,25.42,144.95,929.0,118.1,19.92270448956736,369.0079878771869,344.47560250431366,268.33098981973785,295.3754624086462,183.34335344318055,170.702334198235,139.2509688519767,154.90870981126193,107.028829620761,100.43948452540828,84.68192104742106,92.08518335833176
2026-09-28 06:00:00,20,21,2026-10-09 12:00:00,11 days 06:00:00,270,26.6,144.59,940.9,102.2,72.99742255697578,402.9765463622115,393.3730751049249,297.5343963620504,315.2630831319433,96.14096550642668,84.72504536586848,49.69437023257176,67.00721150459543,72.99742255697578,7.636790913714658,3.3138201171726576,7.491243185647249
2026-09-28 06:00:00,20,21,2026-10-09 18:00:00,11 days 12:00:00,276,27.59,144.42,957.7,90.7,30.82724352524364,332.48824639378654,339.03976388999115,248.86669507239384,267.6849882472172,189.03832507680312,183.12698931721167,146.06931965266782,156.0043817262254,105.57628103119592,102.67610230652564,85.08787675824716,89.19184654805062
2026-09-28 06:00:00,20,21,2026-10-10 00:00:00,11 days 18:00:00,282,29.37,144.96,958.0,81.4,14.000379893758948,298.27370963925443,335.0786504019287,256.5842080851746,233.30816182888375,124.04814062772373,133.25031289755083,105.19098768722304,96.79209363146938,59.99246502124373,64.02341184058932,53.294732231065865,51.159498719131534
2026-09-28 06:00:00,20,21,2026-10-10 06:00:00,12 days 00:00:00,288,31.33,145.3,959.3,78.8,31.19716757159836,290.15714730118003,357.3144844605217,264.2982484492345,218.13116359577597,105.97104430275816,124.8386343668876,97.00768874298774,80.06218821205354,47.54462769068687,55.84327131369066,47.30871145120978,40.86738167052021
2026-09-28 06:00:00,20,21,2026-10-10 12:00:00,12 days 06:00:00,294,33.45,146.67,951.8,89.7,14.068423621856953,330.53163798773414,378.96525852524087,301.94987283081184,260.44175943206346,164.2891357981554,183.44218341106733,150.92302339597265,137.80530287919584,88.48925103842124,93.8348154692388,80.84095248192888,76.60348909069542
2026-09-28 06:00:00,20,21,2026-10-10 18:00:00,12 days 12:00:00,300,35.11,148.47,966.2,67.5,86.43155609025814,343.96334473972456,387.5649818426468,301.0707386557074,253.75837523225076,104.19887212188382,120.2857821364862,83.58580416948382,75.73190293305902,13.068596476935523,86.43155609025814,12.900767595371777,9.569770426132692
2026-09-28 06:00:00,20,21,2026-10-11 00:00:00,12 days 18:00:00,306,36.42,151.44,965.3,64.8,57.91670321823535,511.7453918788685,572.7303772119894,487.3439723051313,446.2926323746823,213.2140695537999,236.15627082276788,192.4692862610804,178.90344653360825,52.9797261143878,62.59418060157024,51.41036439875236,46.949651123205854
2026-09-28 06:00:00,25,21,2026-10-05 06:00:00,7 days 00:00:00,168,13.26,-95.79,1010.9,14.9,168.07781987904747,0.0,0.0,0.0,0.0,0.0,0.0,0.0,0.0,0.0,0.0,0.0,0.0
2026-09-28 06:00:00,25,21,2026-10-05 12:00:00,7 days 06:00:00,174,12.57,-96.27,1005.9,22.6,61.08737614659776,0.0,0.0,0.0,0.0,0.0,0.0,0.0,0.0,0.0,0.0,0.0,0.0
2026-09-28 06:00:00,25,21,2026-10-05 18:00:00,7 days 12:00:00,180,12.22,-97.12,1005.6,28.5,65.50212247922047,0.0,0.0,0.0,0.0,0.0,0.0,0.0,0.0,0.0,0.0,0.0,0.0
2026-09-28 06:00:00,25,21,2026-10-06 00:00:00,7 days 18:00:00,186,12.34,-97.24,1006.0,21.7,96.95154334337442,0.0,0.0,0.0,0.0,0.0,0.0,0.0,0.0,0.0,0.0,0.0,0.0
2026-09-28 06:00:00,25,21,2026-10-06 06:00:00,8 days 00:00:00,192,12.15,-97.92,1006.5,28.6,41.618000004569694,0.0,0.0,0.0,0.0,0.0,0.0,0.0,0.0,0.0,0.0,0.0,0.0
2026-09-28 06:00:00,25,21,2026-10-06 12:00:00,8 days 06:00:00,198,11.47,-97.96,1006.7,24.8,58.573298324109146,0.0,0.0,0.0,0.0,0.0,0.0,0.0,0.0,0.0,0.0,0.0,0.0
2026-09-28 06:00:00,25,21,2026-10-06 18:00:00,8 days 12:00:00,204,10.59,-97.77,1004.2,29.2,111.36036178526736,0.0,0.0,0.0,0.0,0.0,0.0,0.0,0.0,0.0,0.0,0.0,0.0
2026-09-28 06:00:00,25,21,2026-10-07 00:00:00,8 days 18:00:00,210,10.71,-98.23,1002.7,31.1,95.59711287734424,0.0,0.0,0.0,0.0,0.0,0.0,0.0,0.0,0.0,0.0,0.0,0.0
2026-09-28 06:00:00,25,21,2026-10-07 06:00:00,9 days 00:00:00,216,11.03,-98.98,1004.4,30.0,49.142758489953,0.0,0.0,0.0,0.0,0.0,0.0,0.0,0.0,0.0,0.0,0.0,0.0
2026-09-28 06:00:00,25,21,2026-10-07 12:00:00,9 days 06:00:00,222,10.99,-99.28,1005.0,26.8,26.78840259897788,0.0,0.0,0.0,0.0,0.0,0.0,0.0,0.0,0.0,0.0,0.0,0.0
2026-09-28 06:00:00,25,21,2026-10-07 18:00:00,9 days 12:00:00,228,11.41,-100.07,1004.0,25.8,70.3923991076973,0.0,0.0,0.0,0.0,0.0,0.0,0.0,0.0,0.0,0.0,0.0,0.0
2026-09-28 06:00:00,25,21,2026-10-08 00:00:00,9 days 18:00:00,234,11.34,-101.4,1002.2,31.3,82.25081756991186,0.0,0.0,0.0,0.0,0.0,0.0,0.0,0.0,0.0,0.0,0.0,0.0
2026-09-28 06:00:00,25,21,2026-10-08 06:00:00,10 days 00:00:00,240,11.86,-101.68,1004.7,29.7,89.04737895720427,0.0,0.0,0.0,0.0,0.0,0.0,0.0,0.0,0.0,0.0,0.0,0.0
2026-09-28 06:00:00,25,21,2026-10-08 12:00:00,10 days 06:00:00,246,11.83,-101.73,1003.4,33.2,66.46127504145323,0.0,0.0,0.0,0.0,0.0,0.0,0.0,0.0,0.0,0.0,0.0,0.0
2026-09-28 06:00:00,25,21,2026-10-08 18:00:00,10 days 12:00:00,252,11.78,-102.3,1002.4,40.2,46.7775460050373,46.7775460050373,30.91256424456295,19.10544606231801,35.56466353367192,0.0,0.0,0.0,0.0,0.0,0.0,0.0,0.0
2026-09-28 06:00:00,25,21,2026-10-09 00:00:00,10 days 18:00:00,258,12.16,-102.39,993.7,42.6,25.07755123550781,25.07755123550781,13.397320554921713,8.606562994773377,13.569860198980756,0.0,0.0,0.0,0.0,0.0,0.0,0.0,0.0
2026-09-28 06:00:00,25,21,2026-10-09 06:00:00,11 days 00:00:00,264,12.36,-102.67,1001.7,46.3,69.5741284713537,69.5741284713537,8.70003591461112,6.711558299845706,11.908692288413892,0.0,0.0,0.0,0.0,0.0,0.0,0.0,0.0
2026-09-28 06:00:00,25,21,2026-10-09 12:00:00,11 days 06:00:00,270,12.47,-102.94,998.3,43.1,62.69095772851416,126.14361113200395,102.51756002494704,76.36352350268166,107.29976350009086,0.0,0.0,0.0,0.0,0.0,0.0,0.0,0.0
2026-09-28 06:00:00,25,21,2026-10-09 18:00:00,11 days 12:00:00,276,12.72,-103.39,996.5,46.0,62.89914901649433,62.89914901649433,8.05885516541542,3.006353215825399,0.0883554160705841,0.0,0.0,0.0,0.0,0.0,0.0,0.0,0.0
2026-09-28 06:00:00,25,21,2026-10-10 00:00:00,11 days 18:00:00,282,13.0,-103.61,998.7,48.5,57.57852797063705,151.4881336619818,137.4548080649688,100.97355013180172,120.55352472851698,0.0,0.0,0.0,0.0,0.0,0.0,0.0,0.0
2026-09-28 06:00:00,25,21,2026-10-10 06:00:00,12 days 00:00:00,288,13.32,-104.03,993.1,48.5,54.1008204043746,102.46864811154502,89.01046309776177,66.49684657558335,82.39920913399165,0.0,0.0,0.0,0.0,0.0,0.0,0.0,0.0
2026-09-28 06:00:00,25,21,2026-10-10 12:00:00,12 days 06:00:00,294,13.78,-104.45,992.6,55.8,55.90491105173268,153.2443761647324,132.3068884213444,92.47898414391722,121.11275582686416,55.90491105173268,13.3740396181883,5.656944841103586,11.1114994025191,0.0,0.0,0.0,0.0
2026-09-28 06:00:00,25,21,2026-10-10 18:00:00,12 days 12:00:00,300,14.26,-104.93,982.0,77.7,27.735093068510597,107.556691171913,89.82601399631793,61.83365609676163,90.43936632037602,68.8081615496155,56.63655678178559,44.05519937666698,58.23917555986617,36.21518827715476,31.704597338323875,24.32142840948064,31.076522455475768
2026-09-28 06:00:00,25,21,2026-10-11 00:00:00,12 days 18:00:00,306,14.49,-105.41,981.1,76.7,2.043042191664469,173.4430081345409,160.4064917026028,114.60320630366012,139.91221261192578,25.741842837011447,18.22105217341493,9.174520715317104,15.550684726863151,2.043042191664469,0.0102395829805834,0.0,0.1055584521496004
2026-09-28 06:00:00,25,21,2026-10-11 06:00:00,13 days 00:00:00,312,15.11,-105.98,956.9,107.1,5.704320341706465,134.74156308396738,102.79080538951074,68.27131633131995,115.7797052741648,45.46775277782185,30.971532649096552,22.85403528905103,39.509000121515314,26.80738848057091,21.648980716352483,16.6621410314691,23.448932441110635
2026-09-28 06:00:00,25,21,2026-10-11 12:00:00,13 days 06:00:00,318,15.53,-106.62,970.1,85.7,7.491175140769642,173.28595056113056,146.27585352994438,93.25467849042744,137.94210139071475,61.5362013608908,49.08040860856131,33.52175150951577,48.83726221858807,24.235050873340786,20.58042292245228,14.675593793960992,20.67995416617206
2026-09-28 06:00:00,25,21,2026-10-11 18:00:00,13 days 12:00:00,324,15.93,-106.88,958.7,110.5,9.564436415736694,240.9518066229537,219.1976728978164,148.05143318281216,193.39205988772687,62.3185915708589,45.08278113254711,24.48855321360796,45.34024225025797,22.187451602495088,16.123477310190054,10.12606769390771,18.456232950562278
2026-09-28 06:00:00,25,21,2026-10-12 00:00:00,13 days 18:00:00,330,16.37,-107.38,942.9,117.6,17.96256628683276,238.10536907647003,222.9393949482616,160.37857108200805,197.7880341757806,36.49429090192126,21.316465029945405,10.078110047728192,27.910495808083024,18.153454288983752,12.704242870679826,9.387673698481883,15.605718258484451
2026-09-28 06:00:00,25,21,2026-10-12 06:00:00,14 days 00:00:00,336,16.19,-107.83,925.9,132.3,4.125749317634899,256.4297668128752,235.41593904449175,196.73106949790144,231.4264918350616,89.91909248216348,74.98877762893068,62.96546871943076,82.67576834434743,55.87631434076005,47.55244027799739,39.32179297178232,49.24335647551578
2026-09-28 06:00:00,25,21,2026-10-12 12:00:00,14 days 06:00:00,342,17.07,-108.24,951.2,113.9,30.28805257897648,166.9773114188805,133.60935231460618,89.3130864071328,146.55143473218962,61.331247676807926,47.03321703537063,31.34691502309213,50.39058040046788,40.08901342465981,33.46952351277976,25.023760674132348,33.51891724430151
2026-09-28 06:00:00,25,21,2026-10-12 18:00:00,14 days 12:00:00,348,17.46,-108.47,955.7,101.1,29.744525920309883,151.10585679127036,138.59105481330235,96.42149516120098,121.73172392741677,76.26843092063359,63.12799280974232,46.70074949408705,64.85492535772616,50.5074055755383,42.68915098158128,33.68319363390138,42.96305277782456
2026-09-28 06:00:00,25,21,2026-10-13 00:00:00,14 days 18:00:00,354,18.19,-108.78,958.6,110.4,12.89338331724963,210.4419360991858,208.91041238759487,137.65736374672122,148.72437846814614,47.119684428533645,36.41391224120173,13.436168059033278,26.23121856368428,22.300887500329598,17.649974177757763,12.30574893009387,17.096322768890147
2026-09-28 06:00:00,25,21,2026-10-13 06:00:00,15 days 00:00:00,360,18.95,-108.75,947.5,116.2,23.90815599060346,234.5029424935035,229.56033146503023,160.82646380630172,189.3338833027124,80.98502118335432,70.81559279198825,48.19434748842093,66.67598232113653,46.77487446352637,38.75954870341906,29.90754915148696,37.97698131453751
2026-09-28 06:00:00,33,21,2026-10-09 06:00:00,11 days 00:00:00,264,13.46,124.16,999.2,33.3,48.78580713374606,0.0,0.0,0.0,0.0,0.0,0.0,0.0,0.0,0.0,0.0,0.0,0.0
2026-09-28 06:00:00,33,21,2026-10-09 12:00:00,11 days 06:00:00,270,13.37,124.34,1002.9,18.4,106.1011864802025,0.0,0.0,0.0,0.0,0.0,0.0,0.0,0.0,0.0,0.0,0.0,0.0
2026-09-28 06:00:00,33,21,2026-10-09 18:00:00,11 days 12:00:00,276,13.93,124.58,1002.1,26.8,96.19882539807726,0.0,0.0,0.0,0.0,0.0,0.0,0.0,0.0,0.0,0.0,0.0,0.0
2026-09-28 06:00:00,33,21,2026-10-10 00:00:00,11 days 18:00:00,282,14.2,124.69,995.2,36.1,57.173508090944445,35.27889278808068,21.59224854640499,25.99055453242585,57.173508090944445,0.0,0.0,0.0,0.0,0.0,0.0,0.0,0.0
2026-09-28 06:00:00,33,21,2026-10-10 06:00:00,12 days 00:00:00,288,14.33,125.38,992.6,33.8,45.0548971734753,0.0,0.0,0.0,0.0,0.0,0.0,0.0,0.0,0.0,0.0,0.0,0.0
2026-09-28 06:00:00,33,21,2026-10-10 12:00:00,12 days 06:00:00,294,15.21,126.08,998.2,37.7,50.11492176184403,70.85531208813455,69.56485784613302,51.0377673040257,58.889824602477375,0.0,0.0,0.0,0.0,0.0,0.0,0.0,0.0
2026-09-28 06:00:00,33,21,2026-10-10 18:00:00,12 days 12:00:00,300,15.32,126.55,993.8,48.0,72.54633963006347,72.54633963006347,60.63055677742693,43.543568269452514,53.965373806554695,0.0,0.0,0.0,0.0,0.0,0.0,0.0,0.0
2026-09-28 06:00:00,33,21,2026-10-11 00:00:00,12 days 18:00:00,306,15.23,126.88,991.0,55.3,58.8171404526913,331.0176880437293,299.4329317912925,260.67557092717766,285.30175460465324,58.8171404526913,46.401366762886745,33.34134134394803,40.672986764264486,0.0,0.0,0.0,0.0
2026-09-28 06:00:00,33,21,2026-10-11 06:00:00,13 days 00:00:00,312,15.3,127.12,985.0,53.3,63.22787068099233,163.8471360344862,157.91763832946984,147.28961226564405,146.4484266292069,12.854682380502473,63.22787068099233,11.955739331738728,9.948254710914975,0.0,0.0,0.0,0.0
2026-09-28 06:00:00,33,21,2026-10-11 12:00:00,13 days 06:00:00,318,15.36,127.18,977.2,78.2,23.269998036116785,155.8560220236741,147.4588831968988,137.1833601470201,132.8612539780322,23.269998036116785,19.02944490235306,13.632758758778772,14.27028368885659,23.269998036116785,0.0,0.0,0.0
2026-09-28 06:00:00,33,21,2026-10-11 18:00:00,13 days 12:00:00,324,15.55,127.36,972.4,80.2,34.3498293644035,107.01533139571642,102.17534917108898,92.61516564346962,97.79886000349016,41.338842639987526,40.44931650593094,35.40497624947705,36.08117523029189,34.3498293644035,23.83589632178814,19.880409808347128,22.229972453234687
2026-09-28 06:00:00,33,21,2026-10-12 00:00:00,13 days 18:00:00,330,15.8,127.34,968.4,82.1,10.862663541441703,130.58346542599935,134.42365824514468,107.13568124608884,109.77726549885467,10.862663541441703,10.862663541441703,0.0,0.0,0.3020488392980203,10.862663541441703,0.0,0.0
2026-09-28 06:00:00,33,21,2026-10-12 06:00:00,14 days 00:00:00,336,16.2,127.49,966.8,89.4,6.088552075659734,166.03933942501607,169.98960793428654,128.2348442891533,137.6185758801666,45.24204204151897,40.404060703979646,27.11390978025145,32.409102116765524,14.425808139718924,13.187372768160689,9.301260936926631,11.077164448895845
2026-09-28 06:00:00,33,21,2026-10-12 12:00:00,14 days 06:00:00,342,16.62,127.31,928.6,130.9,13.279025285736909,201.9543022866451,189.70465952429004,164.60450125144234,181.14121911874963,36.764677457408055,26.49710392288381,18.778676067440276,27.53269660914501,25.38867603969922,20.413233282012328,15.959257622139631,21.692211542892775
2026-09-28 06:00:00,33,21,2026-10-12 18:00:00,14 days 12:00:00,348,17.0,127.13,938.9,125.9,3.334182303225369,115.77511735398755,109.99919417877511,90.29017473143465,93.68987298010592,3.334182303225369,0.0,0.0,0.0,3.334182303225369,0.0,0.0,0.0
2026-09-28 06:00:00,33,21,2026-10-13 00:00:00,14 days 18:00:00,354,17.29,126.65,957.9,102.4,0.4521748156959564,152.49253490494814,130.26356438863536,113.78735130827376,137.58139574605758,12.203091767896115,0.0,0.0,6.936385327734348,0.0,0.0,0.0,0.5059995758004762
2026-09-28 06:00:00,33,21,2026-10-13 06:00:00,15 days 00:00:00,360,17.56,126.26,930.1,128.6,10.351995614197222,225.249843517915,193.49201676061057,174.9728498710174,210.23073917621517,66.979703533274,47.391713291435735,38.037464653793,58.13934396705372,39.036637981424064,30.59105341929171,25.014760304383344,33.8378771294756
2026-09-28 06:00:00,35,21,2026-10-10 00:00:00,11 days 18:00:00,282,16.28,143.37,999.6,29.1,40.160518367867496,0.0,0.0,0.0,0.0,0.0,0.0,0.0,0.0,0.0,0.0,0.0,0.0
2026-09-28 06:00:00,35,21,2026-10-10 06:00:00,12 days 00:00:00,288,17.68,144.26,1005.7,19.9,47.541528999328165,0.0,0.0,0.0,0.0,0.0,0.0,0.0,0.0,0.0,0.0,0.0,0.0
2026-09-28 06:00:00,35,21,2026-10-10 12:00:00,12 days 06:00:00,294,18.91,146.58,1005.1,27.9,38.49520650967462,0.0,0.0,0.0,0.0,0.0,0.0,0.0,0.0,0.0,0.0,0.0,0.0
2026-09-28 06:00:00,35,21,2026-10-10 18:00:00,12 days 12:00:00,300,21.16,147.51,1000.5,35.5,94.53447224250236,5.076157446398035,94.53447224250236,9.69359703073275,0.3190857583261461,0.0,0.0,0.0,0.0,0.0,0.0,0.0,0.0
2026-09-28 06:00:00,35,21,2026-10-11 00:00:00,12 days 18:00:00,306,22.42,148.41,995.6,41.3,59.621152880807344,24.40996209615352,59.621152880807344,15.28871318564902,13.442313262218494,0.0,0.0,0.0,0.0,0.0,0.0,0.0,0.0
2026-09-28 06:00:00,35,21,2026-10-11 06:00:00,13 days 00:00:00,312,24.16,149.49,1002.4,38.6,85.57057475906211,5.418520915234236,85.57057475906211,6.72438923662952,0.0,0.0,0.0,0.0,0.0,0.0,0.0,0.0,0.0
2026-09-28 06:00:00,35,21,2026-10-11 12:00:00,13 days 06:00:00,318,25.49,150.92,996.9,46.1,58.68427470477599,16.88729144467954,58.68427470477599,6.372071246569552,1.5341174795761423,0.0,0.0,0.0,0.0,0.0,0.0,0.0,0.0
2026-09-28 06:00:00,35,21,2026-10-11 18:00:00,13 days 12:00:00,324,27.71,151.92,996.1,48.5,17.138032733171585,30.61932103763502,35.0657431565203,19.70236705434013,18.15065859788662,0.0,0.0,0.0,0.0,0.0,0.0,0.0,0.0
2026-09-28 06:00:00,35,21,2026-10-12 00:00:00,13 days 18:00:00,330,29.39,153.26,999.0,37.8,77.48964012659869,77.48964012659869,30.170294552739424,8.116158813277927,16.71241003179224,0.0,0.0,0.0,0.0,0.0,0.0,0.0,0.0
2026-09-28 06:00:00,35,21,2026-10-12 06:00:00,14 days 00:00:00,336,30.63,154.34,992.0,40.8,31.38804635456768,105.17291499445103,103.84581180254622,82.23414214119953,83.09350521649617,0.0,0.0,0.0,0.0,0.0,0.0,0.0,0.0
2026-09-28 06:00:00,35,21,2026-10-12 12:00:00,14 days 06:00:00,342,31.55,154.76,999.9,37.6,57.56031478122776,9.476904410187249,57.56031478122776,0.486662874033243,5.1928475094834,0.0,0.0,0.0,0.0,0.0,0.0,0.0,0.0
2026-09-28 06:00:00,35,21,2026-10-12 18:00:00,14 days 12:00:00,348,33.36,154.94,1009.6,28.4,139.98119615099262,0.0,0.0,0.0,0.0,0.0,0.0,0.0,0.0,0.0,0.0,0.0,0.0
2026-09-28 06:00:00,35,21,2026-10-13 00:00:00,14 days 18:00:00,354,32.79,155.84,1006.8,36.4,107.941759270722,107.941759270722,1.3958457075686006,5.719061731888012,6.489454265430227,0.0,0.0,0.0,0.0,0.0,0.0,0.0,0.0
2026-09-28 06:00:00,7,21,2026-09-29 12:00:00,1 days 06:00:00,30,16.47,152.91,1004.0,28.2,144.96738000332084,0.0,0.0,0.0,0.0,0.0,0.0,0.0,0.0,0.0,0.0,0.0,0.0
2026-09-28 06:00:00,7,21,2026-09-29 18:00:00,1 days 12:00:00,36,16.31,151.91,1004.5,23.0,76.63994299851231,0.0,0.0,0.0,0.0,0.0,0.0,0.0,0.0,0.0,0.0,0.0,0.0
2026-09-28 06:00:00,7,21,2026-09-30 00:00:00,1 days 18:00:00,42,16.7,151.03,1007.8,17.1,107.05363112839748,0.0,0.0,0.0,0.0,0.0,0.0,0.0,0.0,0.0,0.0,0.0,0.0
2026-09-28 06:00:00,7,21,2026-09-30 06:00:00,2 days 00:00:00,48,16.95,150.23,1002.3,28.2,75.0555195532817,0.0,0.0,0.0,0.0,0.0,0.0,0.0,0.0,0.0,0.0,0.0,0.0
2026-09-28 06:00:00,7,21,2026-09-30 12:00:00,2 days 06:00:00,54,17.45,148.51,1002.7,28.5,67.17761512023208,0.0,0.0,0.0,0.0,0.0,0.0,0.0,0.0,0.0,0.0,0.0,0.0
2026-09-28 06:00:00,7,21,2026-09-30 18:00:00,2 days 12:00:00,60,17.43,147.46,1003.0,27.2,150.91040271714655,0.0,0.0,0.0,0.0,0.0,0.0,0.0,0.0,0.0,0.0,0.0,0.0
2026-09-28 06:00:00,7,21,2026-10-01 00:00:00,2 days 18:00:00,66,18.14,145.58,999.4,30.5,59.04437768327588,0.0,0.0,0.0,0.0,0.0,0.0,0.0,0.0,0.0,0.0,0.0,0.0
2026-09-28 06:00:00,7,21,2026-10-01 06:00:00,3 days 00:00:00,72,17.85,144.14,995.7,42.2,75.56687971354708,75.56687971354708,19.357924264745822,15.014328218650292,15.929715407117705,0.0,0.0,0.0,0.0,0.0,0.0,0.0,0.0
2026-09-28 06:00:00,7,21,2026-10-01 12:00:00,3 days 06:00:00,78,17.91,143.65,993.4,44.6,45.20026722383843,141.55112416339472,130.5451037185567,105.0763062576947,121.33211997762535,0.0,0.0,0.0,0.0,0.0,0.0,0.0,0.0
2026-09-28 06:00:00,7,21,2026-10-01 18:00:00,3 days 12:00:00,84,17.99,143.04,992.3,48.1,44.25019207549349,391.6493920322664,363.4242210247139,315.200291702462,356.3192636948661,0.0,0.0,0.0,0.0,0.0,0.0,0.0,0.0
2026-09-28 06:00:00,7,21,2026-10-02 00:00:00,3 days 18:00:00,90,17.93,141.83,985.5,66.8,43.53264472337012,229.71428434990676,195.0538952370638,169.52914577497097,203.51891226862088,77.25833492598,64.04274760051707,46.832820753785896,62.59944990553865,43.53264472337012,10.243947500564854,7.914081980121308,10.9702820751524
2026-09-28 06:00:00,7,21,2026-10-02 06:00:00,4 days 00:00:00,96,18.22,141.11,976.1,68.7,27.95710086552488,204.3236687574424,168.81911711251155,143.31534854394164,177.2729425147692,93.272483162728,74.402508614413,58.14627230526272,78.1905085252744,35.69765559388195,30.0929747773244,23.68433797585015,30.47324085134028
2026-09-28 06:00:00,7,21,2026-10-02 12:00:00,4 days 06:00:00,102,18.17,140.53,971.0,78.4,19.548972853100565,181.59311190523997,146.00531007074807,127.15947921822178,156.88838222464022,102.12988828172188,86.78218449235624,70.16916753218175,89.19068363173011,49.04595586655279,42.925193929832645,34.69348936828529,41.69896446382339
2026-09-28 06:00:00,7,21,2026-10-02 18:00:00,4 days 12:00:00,108,18.04,140.03,944.5,102.9,11.724322849316072,178.49933050675415,152.73047221591486,147.35300926934602,182.43234656947183,111.3188647251006,96.04902903531662,86.52528275360177,106.05703508623075,72.77160665670758,63.37541285838351,52.54445819381812,63.4381923673738
2026-09-28 06:00:00,7,21,2026-10-03 00:00:00,4 days 18:00:00,114,17.99,139.35,940.2,112.6,17.30714821246455,265.3904742591523,227.10118339852485,209.89476514982331,244.8432702763877,149.59411666166386,132.38193345218042,116.72827282957176,138.5565258874356,87.64781653471792,78.22871289027265,64.81786012545233,76.8873372293634
2026-09-28 06:00:00,7,21,2026-10-03 06:00:00,5 days 00:00:00,120,18.29,139.17,940.0,113.7,9.53130629673764,297.07279753230694,273.5330418785992,241.48666093750523,252.8348715883625,64.20253742256298,52.76418533590575,39.13007496372505,51.50848990861999,15.8623693998199,13.23045990087696,9.646985786199693,13.311461440839803
2026-09-28 06:00:00,7,21,2026-10-03 12:00:00,5 days 06:00:00,126,18.17,138.88,951.5,99.2,14.21796667527397,299.94105076596367,275.5916482946439,254.666169611927,284.1574753945123,184.1770473561447,173.20070900243078,155.57720509920597,173.71283393423107,111.46319568506313,102.96353113142423,87.57617220527018,97.35117206036423
2026-09-28 06:00:00,7,21,2026-10-03 18:00:00,5 days 12:00:00,132,18.24,138.75,930.1,122.9,7.006382221254597,246.83938397442773,221.4108766737802,210.1350681571878,218.59572129610387,80.97609478853735,69.18169428531183,60.97719397422321,74.19816432936801,47.3531934779372,41.57674203254791,34.920010770147655,41.01420152069596
2026-09-28 06:00:00,7,21,2026-10-04 00:00:00,5 days 18:00:00,138,18.19,138.61,922.7,130.3,2.595325134586026,345.49588168365347,360.54355787441295,336.96508173061505,317.3196155560888,192.3663180650472,197.1507474239994,181.39696837802532,177.60394825864964,119.51227396835895,116.98497778032272,102.25196027550444,104.9979439048
2026-09-28 06:00:00,7,21,2026-10-04 06:00:00,6 days 00:00:00,144,18.69,138.98,945.8,103.6,26.45819644953295,347.98540618628886,380.1497358570418,319.088723070023,289.17812338317094,169.862309871281,177.6507875618263,152.558699417007,143.00227681038024,93.95480081425472,96.26024463933015,82.35271314934681,80.67759829980798
2026-09-28 06:00:00,7,21,2026-10-04 12:00:00,6 days 06:00:00,150,19.09,139.0,924.4,131.0,48.45804921003198,420.1661145604817,405.2372226385637,364.14964568863127,351.1511976023127,199.53869815889948,202.6154314825709,175.6996134971518,175.4856165336392,109.14310792055475,108.35582622588484,93.10855271806074,94.87992240308964
2026-09-28 06:00:00,7,21,2026-10-04 18:00:00,6 days 12:00:00,156,19.33,138.69,943.6,106.9,23.12110342112794,398.60158865605285,363.8439021289898,305.4797662666776,349.33121804786515,220.11060277605333,211.5778988837341,186.56597004332664,198.38054397557727,139.79559898581147,135.73307024093577,117.18565484270258,123.12513886681587
2026-09-28 06:00:00,7,21,2026-10-05 00:00:00,6 days 18:00:00,162,19.69,139.0,934.9,113.1,18.62791332235224,288.6753771673866,344.36820770718805,319.0043853593197,253.6225878212172,175.7979908842426,201.6394675802585,178.55860010586184,160.7506079613231,107.993752799126,110.70598848364487,95.66056787757908,93.10201762281396
2026-09-28 06:00:00,7,21,2026-10-05 06:00:00,7 days 00:00:00,168,20.63,139.01,941.3,106.5,36.873975043884,327.5670792022289,336.0379812639569,265.28700088490314,259.3604565895768,140.68878429029286,142.68103453733156,118.74058999761414,116.42766019782286,82.94196798546231,83.04255643101972,70.51013440702876,70.50012786303816
2026-09-28 06:00:00,7,21,2026-10-05 12:00:00,7 days 06:00:00,174,21.07,139.02,924.6,120.5,28.20609524636967,453.8173152334467,436.0482733992735,334.23736476212275,365.5842490802845,183.4860154415512,181.41412444172,147.53715275711613,152.9110833984152,98.6545971238347,99.70837485099604,84.59545475266646,85.75439652559209
2026-09-28 06:00:00,7,21,2026-10-05 18:00:00,7 days 12:00:00,180,22.16,138.6,934.3,123.0,51.83842572282643,332.9416325258371,319.3895773002664,250.974924177104,260.36974491646265,175.93104532536847,168.25012009363513,140.52519660817882,152.14194772747442,115.19220711848736,109.40438439246832,93.59229303731524,98.29225725421566
2026-09-28 06:00:00,7,21,2026-10-06 00:00:00,7 days 18:00:00,186,22.63,138.64,915.7,129.3,40.16196493708492,402.9198173661789,405.07358991141655,345.40848957979847,351.849012574218,235.2392380930712,233.5402887353964,201.96226992852667,206.64750036340024,146.03875363215104,143.94244009680767,123.86898275417592,126.65677480929288
2026-09-28 06:00:00,7,21,2026-10-06 06:00:00,8 days 00:00:00,192,24.19,138.66,906.0,143.5,3.980033857658032,407.7947150627607,425.81282276852505,337.97507593401446,338.147279215786,228.66452027023877,246.8105879399768,213.6901533004466,202.63633532675271,151.3599025245902,155.8087971930441,134.84662333276577,132.5839812499714
2026-09-28 06:00:00,7,21,2026-10-06 12:00:00,8 days 06:00:00,198,25.5,138.91,937.8,110.3,14.21214808802307,405.0759192591936,447.760171077492,355.9953027038832,334.7897362676845,208.74079454188563,225.02422790704557,190.3337525424156,180.91710443344985,123.73024727886524,128.74046813965992,109.55030298592874,107.3276362954084
2026-09-28 06:00:00,7,21,2026-10-06 18:00:00,8 days 12:00:00,204,26.65,139.13,936.0,107.8,80.93322440562713,444.1013091535986,477.6097710449703,374.55193270207695,360.0420154601234,199.3809102931341,202.68150364583545,163.02188447362047,163.85316811594413,84.92246560102765,85.59531520105685,71.15001773616007,71.2239687707689
2026-09-28 06:00:00,7,21,2026-10-07 00:00:00,8 days 18:00:00,210,28.57,139.71,941.7,99.6,85.21117428059392,420.0161338975141,472.8471542549692,391.17585613040535,340.9777657059812,148.5624447568904,165.72458778183434,131.80629641877135,119.81959559902478,52.109791005656064,85.21117428059392,46.44213202719707,43.10248241721828
2026-09-28 06:00:00,7,21,2026-10-07 06:00:00,9 days 00:00:00,216,30.88,139.78,956.2,88.9,27.781380148279936,492.741657860716,517.8058187671104,410.8075015910531,409.2137962010024,281.18843996308124,308.96658523411566,266.01655156855554,246.0948729307944,150.75705076407144,163.89643217656396,141.65849908712664,132.7604079916556
2026-09-28 06:00:00,7,21,2026-10-07 12:00:00,9 days 06:00:00,222,33.65,140.08,962.3,74.2,21.17304771860532,345.34270479535047,361.2727030119968,259.1866802635061,262.55588903961507,69.6181739282986,76.1317519885085,49.241490092914205,48.73800189037672,10.397887227052369,21.17304771860532,9.022461214744062,7.461450042356525
2026-09-28 06:00:00,7,21,2026-10-07 18:00:00,9 days 12:00:00,228,37.15,141.1,972.4,68.0,53.3999574084592,538.997717413515,507.7512665951284,417.8103758615791,458.0467414054122,247.7339548659545,246.5982791528591,206.73257289433485,212.95058988798883,89.15408013583598,94.91710169029128,83.13103030182808,80.30786741471086
2026-09-28 06:00:00,7,21,2026-10-08 00:00:00,9 days 18:00:00,234,41.03,142.75,986.4,47.1,66.59356747966942,66.59356747966942,63.577555208302776,23.85932923363728,28.6167119805914,0.0,0.0,0.0,0.0,0.0,0.0,0.0,0.0
2026-09-28 06:00:00,7,21,2026-10-08 06:00:00,10 days 00:00:00,240,43.26,144.01,997.5,33.6,172.77981250862297,0.0,0.0,0.0,0.0,0.0,0.0,0.0,0.0,0.0,0.0,0.0,0.0
2026-09-28 06:00:00,7,21,2026-10-08 12:00:00,10 days 06:00:00,246,45.71,145.07,989.7,37.2,74.08180330987398,74.08180330987398,0.0,0.0,0.0,0.0,0.0,0.0,0.0,0.0,0.0,0.0,0.0
2026-09-28 06:00:00,7,21,2026-10-08 18:00:00,10 days 12:00:00,252,45.65,146.43,992.0,23.6,127.84371144922108,0.0,0.0,0.0,0.0,0.0,0.0,0.0,0.0,0.0,0.0,0.0,0.0
2026-09-28 06:00:00,AL062026,21,2026-09-28 06:00:00,0 days 00:00:00,0,28.3,-43.8,1012.0,25.0,56.0,0.0,0.0,0.0,0.0,0.0,0.0,0.0,0.0,0.0,0.0,0.0,0.0
2026-09-28 06:00:00,AL912026(2),21,2026-09-28 06:00:00,0 days 00:00:00,0,36.3,-53.1,1013.0,29.0,148.0,0.0,0.0,0.0,0.0,0.0,0.0,0.0,0.0,0.0,0.0,0.0,0.0
2026-09-28 06:00:00,AL912026(2),21,2026-09-28 12:00:00,0 days 06:00:00,6,36.69,-51.42,1004.4,33.6,67.53039090722356,0.0,0.0,0.0,0.0,0.0,0.0,0.0,0.0,0.0,0.0,0.0,0.0
2026-09-28 06:00:00,AL912026(2),21,2026-09-28 18:00:00,0 days 12:00:00,12,36.86,-48.02,1009.1,39.0,117.2422083525534,0.828470990043229,117.2422083525534,0.0,0.0,0.0,0.0,0.0,0.0,0.0,0.0,0.0,0.0
2026-09-28 06:00:00,EP152026(2),21,2026-09-28 06:00:00,0 days 00:00:00,0,16.4,-160.8,929.0,134.0,28.0,241.0,185.0,148.0,204.0,93.0,74.0,74.0,93.0,56.0,46.0,37.0,46.0
2026-09-28 06:00:00,EP152026(2),21,2026-09-28 12:00:00,0 days 06:00:00,6,16.68,-161.79,938.2,125.5,12.118866735649457,211.337530788109,133.79209950394045,100.1041303497213,196.09863207456743,96.31357863815636,60.617338444942106,43.31847562099557,84.38726193933095,62.409338153674014,49.55460069172828,37.80958557103528,54.7308211598254
2026-09-28 06:00:00,EP152026(2),21,2026-09-28 18:00:00,0 days 12:00:00,12,17.29,-162.55,954.6,111.4,28.142233179695147,245.7759865031969,187.0636829685872,92.02361559142268,187.88870183051708,125.20802766279776,91.75880042561155,64.7917083231826,104.82383210584923,71.63682718648016,58.719718728911786,45.67547888041422,61.461134409986975
2026-09-28 06:00:00,EP152026(2),21,2026-09-29 00:00:00,0 days 18:00:00,18,18.23,-163.39,946.7,118.0,21.156107336883192,200.42919943587347,148.48206594431497,91.06218167717486,168.32351120954877,91.08375191083388,67.13512928901906,45.41941194014639,72.62927607257711,55.327838303457625,45.55495943793463,35.62388527309743,47.671872437967416
2026-09-28 06:00:00,EP152026(2),21,2026-09-29 06:00:00,1 days 00:00:00,24,19.21,-163.7,948.2,119.8,40.5730018521121,187.69023361499487,137.53946887841076,84.39974325206154,150.1544085328249,92.59200894214511,75.25811831930255,54.2750085393575,76.43341960020169,61.08644883824727,52.550517557667455,41.26350955340084,51.55529341982903
2026-09-28 06:00:00,EP152026(2),21,2026-09-29 12:00:00,1 days 06:00:00,30,20.02,-164.06,962.4,97.1,39.684630529738975,187.5356108065768,152.9112711803379,79.92442444879609,136.3604826217462,86.52413240844942,67.31115430688465,44.47712137976746,65.53317328175058,50.30000664902056,42.4447447947263,32.747426071672095,41.26406564494933
2026-09-28 06:00:00,EP152026(2),21,2026-09-29 18:00:00,1 days 12:00:00,36,21.27,-163.94,972.3,96.5,45.53285570465224,199.65624797408,181.6648325684853,106.43847040843336,158.7323708569612,125.86922169392724,114.71620527791946,84.40292109947241,102.34696215150306,75.6230803418173,68.2401108505066,55.38625357820853,63.38817504570301
2026-09-28 06:00:00,EP152026(2),21,2026-09-30 00:00:00,1 days 18:00:00,42,22.1,-163.6,972.1,79.0,29.781913313498396,203.1532528464084,182.84432704343808,130.6488286687179,159.25407930603797,129.4453485258745,114.60069394226277,84.97078330717878,106.25363039121328,64.60322166505028,55.80643310967574,44.944409821582845,53.26934367603221
2026-09-28 06:00:00,EP152026(2),21,2026-09-30 06:00:00,2 days 00:00:00,48,22.68,-163.48,980.5,70.3,56.00403414579322,327.83954572664675,334.15337166536625,249.1162176417272,255.10106933676184,119.72078201780305,115.21025159273498,81.96375872260825,92.50003295835684,56.00403414579322,23.933478252735995,17.449244321930422,19.57663777085384
2026-09-28 06:00:00,EP152026(2),21,2026-09-30 12:00:00,2 days 06:00:00,54,23.1,-163.77,985.8,62.8,25.105178612036923,265.5285990627243,238.8817128641693,171.38903109528263,227.0863200252778,79.56238027467379,67.57034513363374,44.7596324465082,63.69197625531184,0.0,0.0,0.0,0.0
2026-09-28 06:00:00,EP152026(2),21,2026-09-30 18:00:00,2 days 12:00:00,60,23.16,-163.63,984.3,58.4,122.44547678941233,263.16749709672644,238.99333566775655,196.09413604652173,222.48753365114007,122.44547678941233,34.604766150535696,22.724031175136066,32.20677077840773,0.0,0.0,0.0,0.0
2026-09-28 06:00:00,EP152026(2),21,2026-10-01 00:00:00,2 days 18:00:00,66,23.0,-163.72,983.6,64.4,83.93960106364429,154.34033900052262,133.4628105564506,101.5418293418313,116.43549785316566,83.93960106364429,0.864939866424276,83.93960106364429,1.3073178034980195,0.475529396926317,0.3586904578830285,83.93960106364429,0.4374814614332432
2026-09-28 06:00:00,EP152026(2),21,2026-10-01 06:00:00,3 days 00:00:00,72,22.83,-164.03,990.2,59.6,129.5166366884015,143.1195634977129,109.11364746903268,106.37512178352478,119.73569181134955,129.5166366884015,0.0,0.0,0.0,0.0,0.0,0.0,0.0
2026-09-28 06:00:00,EP152026(2),21,2026-10-01 12:00:00,3 days 06:00:00,78,23.17,-164.89,990.7,54.9,57.55103361292269,195.11525077639735,139.95650877298274,118.90685504351502,165.46587566173653,57.55103361292269,21.4725054765852,11.796850743730392,24.459214432558888,0.0,0.0,0.0,0.0
2026-09-28 06:00:00,EP152026(2),21,2026-10-01 18:00:00,3 days 12:00:00,84,23.41,-165.47,990.4,52.1,63.49023336889283,141.53953267465283,125.427681168631,108.6123794788306,126.78443071495906,63.49023336889283,7.509028727963503,5.7829162866554,10.166481580625067,0.0,0.0,0.0,0.0
2026-09-28 06:00:00,EP152026(2),21,2026-10-02 00:00:00,3 days 18:00:00,90,23.3,-165.9,992.7,46.9,98.2664437448802,220.45497565571915,204.7887835681593,165.68990822772275,178.52047594303065,0.0,0.0,0.0,0.0,0.0,0.0,0.0,0.0
2026-09-28 06:00:00,EP152026(2),21,2026-10-02 06:00:00,4 days 00:00:00,96,23.57,-166.09,986.3,52.3,92.11202141128317,103.86574826579417,78.12479106953597,51.39781999810789,75.13091197384642,92.11202141128317,0.0,0.0,0.0828060583335208,0.0,0.0,0.0,0.0
2026-09-28 06:00:00,EP152026(2),21,2026-10-02 12:00:00,4 days 06:00:00,102,23.89,-166.53,987.1,47.9,89.40002236118185,133.74303713289274,112.55931891920298,84.59560369008673,110.05112053255284,0.0,0.0,0.0,0.0,0.0,0.0,0.0,0.0
2026-09-28 06:00:00,EP152026(2),21,2026-10-02 18:00:00,4 days 12:00:00,108,24.2,-166.89,992.3,46.4,54.102311137687856,54.102311137687856,30.30545921972889,24.68021499598569,34.29058936784857,0.0,0.0,0.0,0.0,0.0,0.0,0.0,0.0
2026-09-28 06:00:00,EP152026(2),21,2026-10-03 00:00:00,4 days 18:00:00,114,24.31,-167.63,989.8,50.7,40.1834947793829,216.97223167128664,178.82322531801674,141.4982605155477,184.7436018103881,40.1834947793829,9.43877075903088,3.7342058226931982,12.7439861838605,0.0,0.0,0.0,0.0
2026-09-28 06:00:00,EP152026(2),21,2026-10-03 06:00:00,5 days 00:00:00,120,23.98,-168.47,985.1,58.1,83.32195528854196,380.5781475359296,342.0888068035406,291.21678193381643,338.0881516285764,88.10541042679509,71.1930161063114,49.831081234786566,69.5514904759603,0.0,0.0,0.0,0.0
2026-09-28 06:00:00,EP152026(2),21,2026-10-03 12:00:00,5 days 06:00:00,126,23.79,-169.67,985.7,64.6,42.55149857587671,253.46294621161172,212.99401291790755,170.78398482141893,224.60882448339083,82.37271694720839,62.71670905056947,42.23315496166224,64.65883589144738,42.55149857587671,10.861990258548232,7.1755898822260775,11.929534427478432
2026-09-28 06:00:00,EP152026(2),21,2026-10-03 18:00:00,5 days 12:00:00,132,23.75,-171.0,984.0,63.6,27.2500572269115,212.3902041326083,176.52192340674588,130.8005057136774,180.29699495923316,30.818515130353223,20.01679689488079,10.296074732423977,22.322632846010134,0.0,0.0,0.0,0.0
2026-09-28 06:00:00,EP152026(2),21,2026-10-04 00:00:00,5 days 18:00:00,138,24.17,-172.59,982.3,66.1,14.569364405799035,225.06966863583196,170.5091932071075,139.7162314728369,194.9028281430972,50.21577405852196,31.12200222566726,14.57194501225286,34.77648859442314,14.569364405799035,0.5735636447849348,0.0,2.925661432393998
2026-09-28 06:00:00,EP152026(2),21,2026-10-04 06:00:00,6 days 00:00:00,144,24.96,-174.29,982.5,63.5,25.39984198594808,318.95209701024726,271.0697425918154,216.0053670354442,267.9903268670303,75.72889490257452,54.98496057539148,32.26517892461453,53.839192273694735,0.0,0.0,0.0,0.0
2026-09-28 06:00:00,EP152026(2),21,2026-10-04 12:00:00,6 days 06:00:00,150,25.6,-175.82,978.5,71.9,33.206068608853045,296.177284510668,260.06563219374226,206.54755729924184,257.9505717772514,75.15699817487919,58.03543341409261,35.735533521076775,56.05050630816649,33.206068608853045,1.478924731021397,0.0,3.516833230082267
2026-09-28 06:00:00,EP152026(2),21,2026-10-04 18:00:00,6 days 12:00:00,156,26.29,-177.27,976.8,73.5,54.8291323534393,249.5171518108737,203.7335770984868,136.44329883129302,191.6259689907124,91.61877928739963,73.02405227285774,49.70182847521641,71.33613865635597,54.8291323534393,23.807168662052767,16.890949336569548,24.039543602855275
2026-09-28 06:00:00,EP152026(2),21,2026-10-05 00:00:00,6 days 18:00:00,162,27.17,-178.3,974.0,76.5,21.95960237960708,269.8314468316903,224.1571901626146,157.86821024735104,212.23766022525436,97.4500834916737,76.32076080892773,49.1469375919794,75.85755881925354,36.91759936159639,29.84746499928451,21.73704838838998,29.881397357767355
2026-09-28 06:00:00,EP152026(2),21,2026-10-05 06:00:00,7 days 00:00:00,168,27.75,-178.96,973.7,71.6,54.28105875710175,248.4025223412022,203.6311708728753,155.46043002514233,205.80714431105525,173.72059868003603,150.66997266376487,120.9497524463067,148.8737070918579,85.07161127171001,74.40566961742482,59.91531364567089,72.15332019647118
2026-09-28 06:00:00,EP152026(2),21,2026-10-05 12:00:00,7 days 06:00:00,174,28.45,-179.57,970.0,79.6,35.43502522232876,282.98975104585713,243.51007041153684,176.25536066371026,230.1598068367377,103.54960652377912,86.10402863235254,56.417216976327325,78.62036168009303,35.43502522232876,28.864631144714025,20.47187243196636,29.02140491826262
2026-09-28 06:00:00,EP152026(2),21,2026-10-05 18:00:00,7 days 12:00:00,180,28.72,-179.65,977.1,69.2,56.24745044065902,355.82942173789115,333.0383403509362,254.430304135604,294.10342212213186,80.37400293439617,68.6020028081436,41.328519545018885,58.62901974588672,56.24745044065902,0.0411446243138624,0.0,0.0
2026-09-28 06:00:00,EP152026(2),21,2026-10-06 00:00:00,7 days 18:00:00,186,28.83,179.85,983.6,66.8,92.8788368654399,334.0473155708287,298.53471720915104,264.9810225869105,285.9182795663278,92.8788368654399,36.33038011485587,24.161245525045217,33.672243870619525,92.8788368654399,0.0,0.0,0.0
2026-09-28 06:00:00,EP152026(2),21,2026-10-06 06:00:00,8 days 00:00:00,192,28.74,179.69,977.4,67.4,65.3031725822719,135.92780536661115,128.6853284394225,140.6406577709442,147.53877493216032,78.22995081040044,66.10506228094897,59.06260507674824,67.72714727636307,65.3031725822719,36.48136191210834,30.78880995697644,34.53493240527371
2026-09-28 06:00:00,EP152026(2),21,2026-10-06 12:00:00,8 days 06:00:00,198,27.75,179.02,988.0,56.5,71.82493290309401,211.14805001626712,162.186375696529,145.21856626529876,187.0960492905879,71.82493290309401,26.82232416380485,17.292178721227014,32.60869488261264,0.0,0.0,0.0,0.0
2026-09-28 06:00:00,EP152026(2),21,2026-10-06 18:00:00,8 days 12:00:00,204,26.69,178.28,994.0,57.6,61.02651072198731,94.10116368804104,59.652401497408135,49.514489600561774,92.04617961460856,61.02651072198731,0.9554602638961072,0.0,9.658599899635853,0.0,0.0,0.0,0.0
2026-09-28 06:00:00,EP152026(2),21,2026-10-07 00:00:00,8 days 18:00:00,210,25.7,177.15,982.8,69.4,16.66106285023882,203.29859721835896,144.46200146653524,122.15327558937167,185.62601693333505,57.781505955163965,33.63413646347867,21.9270032383754,47.30057215592724,16.66106285023882,6.26858429727033,4.119226500124368,10.79809233783693
2026-09-28 06:00:00,EP152026(2),21,2026-10-07 06:00:00,9 days 00:00:00,216,24.78,175.9,990.8,59.0,48.26916782443723,183.4377751845892,141.06411031288997,129.63981116261408,181.31519918455385,48.26916782443723,21.03525232771947,11.138482322033967,29.04187542103931,0.0,0.0,0.0,0.0
2026-09-28 06:00:00,EP152026(2),21,2026-10-07 12:00:00,9 days 06:00:00,222,24.17,173.88,991.6,55.8,24.097046703647123,140.6778019933402,104.9882506115606,75.46433412013903,125.55188855586648,24.097046703647123,3.0557789414844123,0.0,11.114902976739089,0.0,0.0,0.0,0.0
2026-09-28 06:00:00,EP152026(2),21,2026-10-07 18:00:00,9 days 12:00:00,228,23.53,171.55,989.0,55.4,7.848447144889782,239.56397820156965,183.01082175564085,138.1082863133892,207.96599257772044,47.45142705349306,26.327692063939725,10.02469026360347,33.062915718012945,0.0,0.0,0.0,0.0
2026-09-28 06:00:00,EP152026(2),21,2026-10-08 00:00:00,9 days 18:00:00,234,22.92,169.18,984.5,71.9,52.13707154936517,123.58306753288156,91.66999030467014,75.16119313606636,103.22461731383171,52.13707154936517,3.4641985980656687,0.0,52.13707154936517,1.271154101953489,0.0,0.0,52.13707154936517
2026-09-28 06:00:00,EP152026(2),21,2026-10-08 06:00:00,10 days 00:00:00,240,23.03,166.91,977.7,71.7,34.80784538934916,231.8422178207329,191.77508710613355,152.38296127469425,196.7483334359457,66.26373082936996,45.02630759608336,26.93306823489578,45.97355527969032,34.80784538934916,6.390928211038887,3.6601019173573546,9.421765704790122
2026-09-28 06:00:00,EP152026(2),21,2026-10-08 12:00:00,10 days 06:00:00,246,22.77,164.61,975.4,80.6,31.387004368571013,251.3178325486258,207.94779275522967,161.45533700067205,211.04175695585369,73.35606640650357,54.36439084251828,35.84481031010439,57.69750345421272,31.387004368571013,13.831707147360436,9.891769602169504,16.897829726648354
2026-09-28 06:00:00,EP152026(2),21,2026-10-08 18:00:00,10 days 12:00:00,252,23.06,162.46,980.1,71.3,22.004897875392544,249.9810647564857,206.94023240318523,154.9287674186424,212.84589221525596,93.84382964824448,70.86868719656184,49.079170473850816,73.727619355558,24.869582255514477,18.87370990703329,13.41405576319478,21.214676926845783
2026-09-28 06:00:00,EP152026(2),21,2026-10-09 00:00:00,10 days 18:00:00,258,23.85,160.74,984.3,67.7,39.44011808418399,258.5755669408965,207.027980273211,169.66470659393875,217.9394929363031,61.65440197655765,44.94792404771576,30.20572150834416,47.502782160652885,39.44011808418399,1.7849204394160023,0.643490277530078,3.831826563081295
2026-09-28 06:00:00,EP152026(2),21,2026-10-09 06:00:00,11 days 00:00:00,264,24.69,159.53,994.7,49.9,41.18103420927952,179.05159977134338,145.7991717525282,116.3240178492307,143.9649591303221,0.0,0.0,0.0,0.0,0.0,0.0,0.0,0.0
2026-09-28 06:00:00,EP152026(2),21,2026-10-09 12:00:00,11 days 06:00:00,270,26.13,158.62,997.0,48.1,63.91183742454184,118.19494272741704,92.42641383285864,57.44090647181909,78.76650890571791,0.0,0.0,0.0,0.0,0.0,0.0,0.0,0.0
2026-09-28 06:00:00,EP152026(2),21,2026-10-09 18:00:00,11 days 12:00:00,276,27.79,157.99,1003.2,34.9,123.40311542244962,123.40311542244962,11.628009558801008,0.0,7.521071033664479,0.0,0.0,0.0,0.0,0.0,0.0,0.0,0.0
2026-09-28 06:00:00,EP152026(2),21,2026-10-10 00:00:00,11 days 18:00:00,282,29.69,158.03,1008.6,23.2,86.27226595956773,0.0,0.0,0.0,0.0,0.0,0.0,0.0,0.0,0.0,0.0,0.0,0.0
2026-09-28 06:00:00,EP152026(2),21,2026-10-10 06:00:00,12 days 00:00:00,288,32.05,157.99,1005.8,26.4,67.08854810046651,0.0,0.0,0.0,0.0,0.0,0.0,0.0,0.0,0.0,0.0,0.0,0.0
2026-09-28 06:00:00,EP152026(2),21,2026-10-10 12:00:00,12 days 06:00:00,294,34.49,159.32,1001.9,28.8,47.10947680342713,0.0,0.0,0.0,0.0,0.0,0.0,0.0,0.0,0.0,0.0,0.0,0.0
2026-09-28 06:00:00,EP172026,21,2026-09-28 06:00:00,0 days 00:00:00,0,23.2,-114.0,955.0,105.0,28.0,167.0,148.0,148.0,148.0,102.0,93.0,83.0,83.0,65.0,65.0,65.0,65.0
2026-09-28 06:00:00,EP172026,21,2026-09-28 12:00:00,0 days 06:00:00,6,23.81,-113.48,953.7,101.1,8.936681700700944,148.0107487858949,195.24604067109357,111.00218776004763,101.97196198494942,31.65253781114075,34.92711934533168,13.588731735574507,14.051048658694237,16.76591039422027,15.899139364714832,9.562025684324524,11.53422666247711
2026-09-28 06:00:00,EP172026,21,2026-09-28 18:00:00,0 days 12:00:00,12,24.75,-113.38,971.1,86.8,40.09214551521808,186.6679737426088,203.92148631237987,130.0306093744485,130.1848881009447,112.8177597902982,111.08507198179316,85.65546499554776,90.38505483840078,64.90788923411537,60.15404943776507,46.80717323096075,53.179862256870834
2026-09-28 06:00:00,EP172026,21,2026-09-29 00:00:00,0 days 18:00:00,18,25.31,-113.02,977.7,77.7,25.67620985702274,129.5653242516598,136.7551815724736,97.0318493717815,73.70068984882698,85.86636970494794,82.54575218922093,60.077191473834006,64.68610553940871,44.83157193836878,42.249325585601824,32.555227124446354,37.34337101293576
2026-09-28 06:00:00,EP172026,21,2026-09-29 06:00:00,1 days 00:00:00,24,26.56,-111.78,979.9,66.4,19.6498424473643,217.55842727420003,219.7510760051725,166.12582934025625,177.89985736881002,83.00873879923188,75.44131875543474,56.415690524548346,62.94166411118951,26.4404510058787,24.42218205132003,18.558102230349814,21.740940118126897
2026-09-28 06:00:00,EP172026,21,2026-09-29 12:00:00,1 days 06:00:00,30,27.44,-111.23,987.0,52.2,63.79710194026829,171.507858051849,173.36530421831705,116.58899430207428,118.51025418042413,19.19424177253444,63.79710194026829,9.164017632574076,8.586718691768272,0.0,0.0,0.0,0.0
2026-09-28 06:00:00,EP172026,21,2026-09-29 18:00:00,1 days 12:00:00,36,29.98,-109.82,1002.0,22.0,67.56117376217338,0.0,0.0,0.0,0.0,0.0,0.0,0.0,0.0,0.0,0.0,0.0,0.0
2026-09-28 06:00:00,EP182026,21,2026-09-28 06:00:00,0 days 00:00:00,0,13.2,-100.0,1001.0,41.0,93.0,222.0,185.0,148.0,222.0,0.0,0.0,0.0,0.0,0.0,0.0,0.0,0.0
2026-09-28 06:00:00,EP182026,21,2026-09-28 12:00:00,0 days 06:00:00,6,12.96,-100.81,998.9,43.8,62.944176862094366,62.944176862094366,36.60036763847058,19.631288780344043,44.01840339962622,0.0,0.0,0.0,0.0,0.0,0.0,0.0,0.0
2026-09-28 06:00:00,EP182026,21,2026-09-28 18:00:00,0 days 12:00:00,12,13.58,-102.11,996.8,49.2,102.2992491640701,102.2992491640701,20.77004827198516,8.371822147211718,22.097092065484883,0.0,0.0,0.0,0.0,0.0,0.0,0.0,0.0
2026-09-28 06:00:00,EP182026,21,2026-09-29 00:00:00,0 days 18:00:00,18,14.18,-103.27,997.5,48.3,85.99153186097857,212.4138885493751,167.4783473390363,130.0534107727276,164.75529855427203,0.0,0.0,0.0,0.0,0.0,0.0,0.0,0.0
2026-09-28 06:00:00,EP182026,21,2026-09-29 06:00:00,1 days 00:00:00,24,14.45,-104.27,993.9,56.0,63.47050310186202,107.10152758540796,85.25599153318007,53.219887167075,75.56018718460138,63.47050310186202,0.0,0.0,1.3905094750836016,0.0,0.0,0.0,0.0
2026-09-28 06:00:00,EP182026,21,2026-09-29 12:00:00,1 days 06:00:00,30,15.03,-105.13,993.2,53.5,103.20769632692802,103.20769632692802,66.41509650030544,39.07041913305018,60.44003006606202,103.20769632692802,0.0,0.0,0.0,0.0,0.0,0.0,0.0
2026-09-28 06:00:00,EP182026,21,2026-09-29 18:00:00,1 days 12:00:00,36,15.48,-106.23,985.6,62.4,35.904152187669816,242.60049357230216,208.03016182593697,156.42590106141137,198.89863532457025,67.6110225054415,52.747532637148346,35.236361656443705,52.23129420945503,0.0,0.0,0.0,0.0
2026-09-28 06:00:00,EP182026,21,2026-09-30 00:00:00,1 days 18:00:00,42,16.12,-106.82,978.9,75.4,48.91337313040528,363.0181910877416,310.7372336872619,254.4027096740374,294.6171617910512,160.76432612072728,142.60568663796636,113.59473560838155,128.73466505989288,52.57709214877001,50.41484944894327,38.85136577448927,45.95292302684024
2026-09-28 06:00:00,EP182026,21,2026-09-30 06:00:00,2 days 00:00:00,48,17.08,-107.43,974.3,79.5,34.51133399063343,265.4904016484855,230.9834886413053,156.41804370131078,197.91585559134376,99.78823781700372,80.61928748832722,58.00792058127782,78.04834207038778,34.51133399063343,27.503344897160893,20.754697477112604,27.038025070551967
2026-09-28 06:00:00,EP182026,21,2026-09-30 12:00:00,2 days 06:00:00,54,17.67,-108.32,970.6,75.8,31.230797886486044,239.35883692201637,204.8232953339173,153.61604704582578,194.9307177223968,115.18565334864536,95.4244455736706,73.49171009122276,94.75447730532824,49.54368655591848,42.95247431323847,33.23757611511804,41.50438404323921
2026-09-28 06:00:00,EP182026,21,2026-09-30 18:00:00,2 days 12:00:00,60,17.95,-108.71,972.0,84.8,33.87774593351735,186.3275677393894,158.8450747212818,122.84099758028152,159.45148845538807,94.58628886319296,75.5167692231744,55.03889334068294,78.44792021594846,45.45900951610832,38.16507823620582,28.940269952392384,38.113359673821
2026-09-28 06:00:00,EP182026,21,2026-10-01 00:00:00,2 days 18:00:00,66,18.39,-109.37,964.8,89.5,18.60455580647414,217.0748318756448,190.58949865597708,135.17046331071165,177.1998191513303,139.37577506887726,115.66429297714387,92.3192077099427,116.7882973280299,75.8566665805863,66.42628505277901,53.05246401671991,64.4647745369515
2026-09-28 06:00:00,EP182026,21,2026-10-01 06:00:00,3 days 00:00:00,72,18.87,-109.54,972.0,79.2,26.60902090155372,238.7480024379454,219.59967566732237,165.6056352089645,198.4456143020761,73.12140403449462,58.91052157587478,39.23455407507487,55.88099767245899,26.60902090155372,15.946066489776626,10.765151875361523,16.246418541464763
2026-09-28 06:00:00,EP182026,21,2026-10-01 12:00:00,3 days 06:00:00,78,18.86,-110.0,966.7,85.0,23.913546867089128,169.06421978794862,154.171534254891,130.15180599244138,148.14716315892602,86.35528048684317,71.93847103228617,56.8146076877975,75.4901838481525,45.46268553730096,38.99806769000452,31.515896289883237,38.90613067297718
2026-09-28 06:00:00,EP182026,21,2026-10-01 18:00:00,3 days 12:00:00,84,19.27,-109.89,955.1,109.7,31.618043999650595,250.2473758129912,263.7314364886369,195.5070488291675,191.70282503523995,116.87978700639052,114.28600700030871,89.37267926794976,92.01128861160674,61.55777058183604,60.51622266247007,48.72633505283595,53.9813255783676
2026-09-28 06:00:00,EP182026,21,2026-10-02 00:00:00,3 days 18:00:00,90,19.24,-110.16,976.7,71.7,50.32334669665177,241.0994135400126,223.20269746205892,188.18860107951437,201.684129929278,85.20955116056268,76.34150616840353,55.98400438794018,69.1406524880573,50.32334669665177,21.114106615156945,16.722758596733684,20.8208856163418
2026-09-28 06:00:00,EP182026,21,2026-10-02 06:00:00,4 days 00:00:00,96,19.24,-110.55,971.2,79.6,32.12838778264977,164.31526734924245,155.9008541915235,142.30898128670827,149.612321441913,77.36323208072163,67.95520630848799,57.757090266191526,68.63926251846001,34.78622856151806,30.85315427894604,24.70589357012482,30.5348833852781
2026-09-28 06:00:00,EP182026,21,2026-10-02 12:00:00,4 days 06:00:00,102,19.3,-110.79,971.1,75.1,20.1905334251681,157.49342226308204,136.72209927598033,116.63247561423616,141.9737758955008,106.23146089252045,92.79140309983676,76.29615290675389,93.7422461384562,57.35177777387486,50.2590453391233,40.110316880000425,48.735619213616985
2026-09-28 06:00:00,EP182026,21,2026-10-02 18:00:00,4 days 12:00:00,108,19.42,-111.15,975.1,73.0,21.37309715972641,147.07611481414665,124.06783530526074,112.48202155509392,134.52977039426105,90.89949009475798,78.15335091328122,66.31676348604461,81.6522199704405,50.50272845774485,43.96062443363421,35.778566689387524,42.46445691558217
2026-09-28 06:00:00,EP182026,21,2026-10-03 00:00:00,4 days 18:00:00,114,19.81,-111.5,961.2,95.5,35.31671596887746,178.84891681937924,153.91484707071666,121.31589029160271,153.24282611516242,93.70604763078413,75.03786577061321,60.819307089710605,80.00800871104333,50.52476029425164,44.027375167352574,35.57626430335338,42.85127861781383
2026-09-28 06:00:00,EP182026,21,2026-10-03 06:00:00,5 days 00:00:00,120,19.72,-111.95,963.1,91.6,25.681958111070827,163.38566514067338,123.2074833767448,110.17410622882504,157.96892174588368,85.45387477948373,62.32944150072245,49.49029327362268,75.55244838191174,40.756691993659416,32.95541905824143,26.14427296476147,35.39028993391196
2026-09-28 06:00:00,EP182026,21,2026-10-03 12:00:00,5 days 06:00:00,126,19.87,-112.56,966.2,83.3,41.36584725848553,113.1600172158963,108.47036506314656,102.31247322368964,117.05663348371316,79.33970490226545,65.87581379022082,55.3323942489762,73.9921141445937,49.926108110443,43.50267388312025,35.058998333604634,43.655915308328666
2026-09-28 06:00:00,EP182026,21,2026-10-03 18:00:00,5 days 12:00:00,132,19.64,-112.94,967.8,87.2,27.26808473748157,184.45523988861865,170.7382112257965,161.33588635407605,189.3426966147821,99.28629181762145,82.18921181841785,66.4447323263378,87.56343655440233,49.23517854966426,42.32622575444626,33.34770386434036,42.40995519381751
2026-09-28 06:00:00,EP182026,21,2026-10-04 00:00:00,5 days 18:00:00,138,19.91,-113.12,968.0,81.2,26.053032925236465,173.0352773587381,163.1952558045455,129.89777146764015,145.36602064699548,107.71676693552254,98.76402471100394,78.05740513904425,93.41438648407632,58.82780922834839,52.286740460278125,42.275910055122,49.928646860129874
2026-09-28 06:00:00,EP182026,21,2026-10-04 06:00:00,6 days 00:00:00,144,19.8,-113.34,983.9,67.7,34.37729894430289,182.4813002357448,169.0185409254642,146.26121347721926,159.72106605847853,111.94420144522502,100.64948187581584,81.14569453773072,96.30455695967623,51.407240063035786,45.3671909875558,36.906610393045696,43.40227235069048
2026-09-28 06:00:00,EP182026,21,2026-10-04 12:00:00,6 days 06:00:00,150,19.94,-113.9,972.2,74.8,19.81241574569392,191.779334051336,172.05987659313382,136.74108327950287,166.84038517322512,93.4129068224257,78.44153705747974,61.58613031624502,79.07428761988595,37.249318634635245,31.767108442065503,24.70324708803441,32.079147302425184
2026-09-28 06:00:00,EP182026,21,2026-10-04 18:00:00,6 days 12:00:00,156,19.96,-114.25,982.5,66.1,30.933870887034686,142.85442824818597,120.70718123654524,104.51655369627554,116.09820694864914,65.65176689563066,56.318012141986856,44.78019256518877,54.08990345576672,30.933870887034686,19.97485234894228,15.425696164704249,19.426694579690007
2026-09-28 06:00:00,EP182026,21,2026-10-05 00:00:00,6 days 18:00:00,162,20.19,-114.73,987.2,56.2,51.84407849726681,183.1922738940405,159.0230595126237,116.3640255729928,145.16765058712718,51.84407849726681,14.98550206989384,6.2728112971944086,14.695821428636702,0.0,0.0,0.0,0.0
2026-09-28 06:00:00,EP182026,21,2026-10-05 06:00:00,7 days 00:00:00,168,20.21,-115.18,987.6,55.2,23.44470919164129,218.21163505756056,200.5237934512164,154.85647357663618,192.12993537619604,62.29062789682338,51.370175185109474,32.37771503383519,48.869075893495335,0.0,0.0,0.0,0.0
2026-09-28 06:00:00,EP182026,21,2026-10-05 12:00:00,7 days 06:00:00,174,20.47,-115.5,982.2,71.3,19.755333649881667,198.58818519748283,179.13801783949685,130.5297519782074,166.84064161112929,56.89422439447754,42.98831672761949,26.63856147057053,41.12950127668349,19.755333649881667,9.670066751866193,5.932248026984807,9.087801270089573
2026-09-28 06:00:00,EP182026,21,2026-10-05 18:00:00,7 days 12:00:00,180,20.69,-116.15,970.5,79.9,23.06410737092816,169.15322425395323,140.86438862130495,104.25780859824953,139.6844116882877,85.96178192911111,70.39822363745469,52.921687713891615,71.31209548437647,38.40436988694917,32.947605611634785,25.572421510340163,32.63908904329444
2026-09-28 06:00:00,EP182026,21,2026-10-06 00:00:00,7 days 18:00:00,186,21.03,-116.66,978.1,72.8,30.16569441564381,205.78837981634248,168.3019368127798,129.8052170601424,175.06632221821997,94.3441166953233,77.45912912393761,55.93887311945285,76.24315382272687,35.25087888680111,29.907073382727305,22.508021572491163,29.91805101963547
2026-09-28 06:00:00,EP182026,21,2026-10-06 06:00:00,8 days 00:00:00,192,21.26,-117.57,973.7,82.7,11.78625771754147,210.264872447826,175.02526692892914,134.34868882961035,184.63214292748543,43.57411576099714,25.695064216323896,14.82296020866497,34.37532975060065,11.78625771754147,6.413317257891933,3.5240299482391477,8.533146901714739
2026-09-28 06:00:00,EP182026,21,2026-10-06 12:00:00,8 days 06:00:00,198,21.45,-117.94,972.1,77.4,22.87263435159798,208.16479944459945,173.83079152729613,128.03617882545348,182.0895852490296,100.7398977498658,81.48001239203722,60.88379639119006,84.22450945663081,42.61782145823764,35.744062112093985,27.820018779052237,37.12652617934462
2026-09-28 06:00:00,EP182026,21,2026-10-06 18:00:00,8 days 12:00:00,204,21.8,-118.46,973.9,76.5,31.306696158579086,159.5398237019082,128.3772000940875,93.08776780524124,130.411352005084,65.81735071214393,48.90789329834513,34.85957094497408,54.25144020290169,31.306696158579086,22.49023747043458,17.58320520828204,24.569726790927863
2026-09-28 06:00:00,EP182026,21,2026-10-07 00:00:00,8 days 18:00:00,210,22.05,-119.12,977.4,68.6,17.165846712623534,134.74612432513288,101.52147386089663,88.25532278878129,119.1238985666485,83.1204214491826,65.0439135803083,50.68437922971266,71.02594053109166,39.27031012179931,33.732838702045285,26.471116034020696,33.499177762584765
2026-09-28 06:00:00,EP182026,21,2026-10-07 06:00:00,9 days 00:00:00,216,22.18,-119.28,984.1,64.7,45.8952621416197,115.9357621870484,83.40624081721319,56.50071759952032,92.46334734401844,73.90958643214819,61.01713398647961,45.14647642381406,61.35669183981891,45.8952621416197,35.460264409639315,27.97881909166844,33.88960997585835
2026-09-28 06:00:00,EP182026,21,2026-10-07 12:00:00,9 days 06:00:00,222,22.35,-119.74,984.4,64.4,43.48668050514433,182.9372570563993,153.3768870428397,104.0288069912578,154.12966291792856,57.51786224303852,42.73672472372803,24.310698489966743,41.92011385807066,43.48668050514433,12.121260523606452,7.47716309189255,11.527886025137564
2026-09-28 06:00:00,EP182026,21,2026-10-07 18:00:00,9 days 12:00:00,228,22.51,-120.18,985.2,60.6,24.425276529169132,204.96715911432568,175.50028599710944,133.6013996294187,171.5541322441427,61.78548789987133,47.06506924064739,33.080127991375406,47.69110780677836,0.0,0.0,0.0,0.0
2026-09-28 06:00:00,EP182026,21,2026-10-08 00:00:00,9 days 18:00:00,234,22.69,-120.73,988.4,52.4,39.01297916603269,165.78927866791693,125.15875888934713,100.5793271171169,129.41169895333522,39.01297916603269,5.326751963562546,1.8681943649106303,8.388362429926328,0.0,0.0,0.0,0.0
2026-09-28 06:00:00,EP182026,21,2026-10-08 06:00:00,10 days 00:00:00,240,22.76,-121.23,989.6,58.6,52.15538470451244,133.6346904266068,110.07125980552752,89.37391967178712,107.46278228271134,52.15538470451244,6.38184597649255,1.842268354898568,6.732282322057239,0.0,0.0,0.0,0.0
2026-09-28 06:00:00,EP182026,21,2026-10-08 12:00:00,10 days 06:00:00,246,23.1,-121.85,992.2,53.7,31.927705189891444,197.78151476098293,158.96087012209307,114.07365446117048,164.3477015308707,41.48341109455819,30.978258800138704,16.2330495615925,29.210754700374228,0.0,0.0,0.0,0.0
2026-09-28 06:00:00,EP182026,21,2026-10-08 18:00:00,10 days 12:00:00,252,23.22,-122.31,993.0,48.4,29.14514735890293,101.44575325091338,83.2056864901335,66.46928820071733,90.7643411075953,0.0,0.0,0.0,0.0,0.0,0.0,0.0,0.0
2026-09-28 06:00:00,EP182026,21,2026-10-09 00:00:00,10 days 18:00:00,258,23.34,-122.71,996.3,52.1,29.63445236390709,123.89611107949054,103.64709314563248,82.18774605968889,101.11467966203404,29.63445236390709,13.426246457550327,5.784950280983383,10.742833241324435,0.0,0.0,0.0,0.0
2026-09-28 06:00:00,EP182026,21,2026-10-09 06:00:00,11 days 00:00:00,264,23.64,-123.44,996.7,50.3,38.20021376473778,73.52758679923909,53.897550028775896,28.78050307552087,54.44742677695413,38.20021376473778,0.0,0.0,0.0,0.0,0.0,0.0,0.0
2026-09-28 06:00:00,EP182026,21,2026-10-09 12:00:00,11 days 06:00:00,270,23.71,-123.91,1002.8,39.5,82.72241398139514,82.72241398139514,7.421783879308007,4.01539786192914,18.77029931838011,0.0,0.0,0.0,0.0,0.0,0.0,0.0,0.0
2026-09-28 06:00:00,EP182026,21,2026-10-09 18:00:00,11 days 12:00:00,276,23.49,-124.43,1006.7,27.2,108.45206358224708,0.0,0.0,0.0,0.0,0.0,0.0,0.0,0.0,0.0,0.0,0.0,0.0
2026-09-28 06:00:00,EP182026,21,2026-10-10 00:00:00,11 days 18:00:00,282,23.31,-125.08,1002.6,30.6,45.91935436192087,0.0,0.0,0.0,0.0,0.0,0.0,0.0,0.0,0.0,0.0,0.0,0.0
2026-09-28 06:00:00,EP182026,21,2026-10-10 06:00:00,12 days 00:00:00,288,22.83,-125.64,1005.7,30.6,52.70009365848463,0.0,0.0,0.0,0.0,0.0,0.0,0.0,0.0,0.0,0.0,0.0,0.0
2026-09-28 06:00:00,EP182026,21,2026-10-10 12:00:00,12 days 06:00:00,294,22.46,-126.27,1004.4,28.2,60.07064108581835,0.0,0.0,0.0,0.0,0.0,0.0,0.0,0.0,0.0,0.0,0.0,0.0
2026-09-28 06:00:00,EP182026,21,2026-10-10 18:00:00,12 days 12:00:00,300,22.01,-127.34,1008.2,23.0,147.56113492962606,0.0,0.0,0.0,0.0,0.0,0.0,0.0,0.0,0.0,0.0,0.0,0.0
2026-09-28 06:00:00,EP182026,21,2026-10-11 00:00:00,12 days 18:00:00,306,21.58,-128.24,1006.4,26.8,99.59567630867484,0.0,0.0,0.0,0.0,0.0,0.0,0.0,0.0,0.0,0.0,0.0,0.0
2026-09-28 06:00:00,EP182026,21,2026-10-11 06:00:00,13 days 00:00:00,312,21.08,-129.5,1007.7,21.9,153.01963000690284,0.0,0.0,0.0,0.0,0.0,0.0,0.0,0.0,0.0,0.0,0.0,0.0
2026-09-28 06:00:00,EP182026,21,2026-10-11 12:00:00,13 days 06:00:00,318,20.78,-130.79,1006.2,30.4,121.33437113687734,0.0,0.0,0.0,0.0,0.0,0.0,0.0,0.0,0.0,0.0,0.0,0.0
2026-09-28 06:00:00,EP182026,21,2026-10-11 18:00:00,13 days 12:00:00,324,20.44,-131.81,1009.0,23.3,99.0354349846159,0.0,0.0,0.0,0.0,0.0,0.0,0.0,0.0,0.0,0.0,0.0,0.0
2026-09-28 06:00:00,EP182026,21,2026-10-12 00:00:00,13 days 18:00:00,330,19.45,-132.81,1006.8,25.1,155.47161212992123,0.0,0.0,0.0,0.0,0.0,0.0,0.0,0.0,0.0,0.0,0.0,0.0
2026-09-28 06:00:00,EP912026(3),21,2026-09-28 06:00:00,0 days 00:00:00,0,12.7,-136.6,1005.0,29.0,93.0,0.0,0.0,0.0,0.0,0.0,0.0,0.0,0.0,0.0,0.0,0.0,0.0
2026-09-28 06:00:00,WP252026,21,2026-09-28 06:00:00,0 days 00:00:00,0,27.5,131.6,954.0,99.0,9.0,148.0,158.0,148.0,121.0,,,,,,,,
2026-09-28 06:00:00,WP252026,21,2026-09-28 12:00:00,0 days 06:00:00,6,27.49,132.51,980.1,74.0,15.91363743750624,133.84205814262037,142.6568532996395,139.92600352272297,98.27553648217535,15.91363743750624,17.570745053884437,11.663753320371418,6.4661801201757445,15.91363743750624,0.0,0.0,0.0
2026-09-28 06:00:00,WP252026,21,2026-09-28 18:00:00,0 days 12:00:00,12,28.08,133.07,992.5,54.3,73.78002452111984,178.7113791278265,168.23175703365433,128.86281227274398,141.19573501049393,73.78002452111984,23.83852463265314,14.644682025046835,18.222419148586543,0.0,0.0,0.0,0.0
2026-09-28 06:00:00,WP252026,21,2026-09-29 00:00:00,0 days 18:00:00,18,28.39,134.0,993.9,43.4,59.87233827229345,117.50021926621126,109.02423875976072,83.8648182657815,86.77496082825789,0.0,0.0,0.0,0.0,0.0,0.0,0.0,0.0
2026-09-28 06:00:00,WP252026,21,2026-09-29 06:00:00,1 days 00:00:00,24,28.84,134.8,999.1,39.5,38.435471497432886,69.3412970232163,70.00183598753908,47.41105577921565,47.50624598636611,0.0,0.0,0.0,0.0,0.0,0.0,0.0,0.0
2026-09-28 06:00:00,WP252026,21,2026-09-29 12:00:00,1 days 06:00:00,30,29.23,135.7,996.8,37.2,123.72199419055733,123.72199419055733,9.71756181920614,4.482974683975499,4.010537738351218,0.0,0.0,0.0,0.0,0.0,0.0,0.0,0.0
2026-09-28 06:00:00,WP252026,21,2026-09-29 18:00:00,1 days 12:00:00,36,29.74,136.63,998.4,35.7,32.6418408308064,35.5698512936808,49.05297023017559,31.770516139366244,26.365538098991703,0.0,0.0,0.0,0.0,0.0,0.0,0.0,0.0
2026-09-28 06:00:00,WP252026,21,2026-09-30 00:00:00,1 days 18:00:00,42,30.12,137.27,996.7,41.1,68.44314206459308,68.44314206459308,10.138553101006838,5.11396449289855,1.6219842066246404,0.0,0.0,0.0,0.0,0.0,0.0,0.0,0.0
2026-09-28 06:00:00,WP252026,21,2026-09-30 06:00:00,2 days 00:00:00,48,30.98,137.88,999.1,33.7,47.90336013908616,0.0,0.0,0.0,0.0,0.0,0.0,0.0,0.0,0.0,0.0,0.0,0.0
2026-09-28 06:00:00,WP252026,21,2026-09-30 12:00:00,2 days 06:00:00,54,31.87,139.12,1005.3,32.5,65.31034526638122,0.0,0.0,0.0,0.0,0.0,0.0,0.0,0.0,0.0,0.0,0.0,0.0
2026-09-28 06:00:00,WP252026,21,2026-09-30 18:00:00,2 days 12:00:00,60,33.03,140.19,1002.6,32.7,132.04005984666537,0.0,0.0,0.0,0.0,0.0,0.0,0.0,0.0,0.0,0.0,0.0,0.0
2026-09-28 06:00:00,WP252026,21,2026-10-01 00:00:00,2 days 18:00:00,66,34.17,142.37,994.0,44.3,17.64336694533506,28.736114143671784,44.215248772545465,29.218620354506072,11.08268509911153,0.0,0.0,0.0,0.0,0.0,0.0,0.0,0.0
2026-09-28 06:00:00,WP252026,21,2026-10-01 06:00:00,3 days 00:00:00,72,35.5,143.99,998.1,33.4,97.00835230463416,0.0,0.0,0.0,0.0,0.0,0.0,0.0,0.0,0.0,0.0,0.0,0.0
2026-09-28 06:00:00,WP922026(4),21,2026-09-28 06:00:00,0 days 00:00:00,0,16.4,97.6,1001.0,29.0,64.0,0.0,0.0,0.0,0.0,0.0,0.0,0.0,0.0,0.0,0.0,0.0,0.0
2026-09-28 06:00:00,WP922026(4),21,2026-09-28 12:00:00,0 days 06:00:00,6,17.62,97.01,1004.1,27.4,59.45253545051796,0.0,0.0,0.0,0.0,0.0,0.0,0.0,0.0,0.0,0.0,0.0,0.0
2026-09-28 06:00:00,15,22,2026-10-06 00:00:00,7 days 18:00:00,186,13.34,-94.81,1007.1,23.0,146.4630400038585,0.0,0.0,0.0,0.0,0.0,0.0,0.0,0.0,0.0,0.0,0.0,0.0
2026-09-28 06:00:00,15,22,2026-10-06 06:00:00,8 days 00:00:00,192,13.47,-95.26,1005.4,30.9,103.9509936688631,0.0,0.0,0.0,0.0,0.0,0.0,0.0,0.0,0.0,0.0,0.0,0.0
2026-09-28 06:00:00,15,22,2026-10-06 12:00:00,8 days 06:00:00,198,13.0,-95.97,1000.0,42.7,79.6719818383542,95.67905238805636,93.29693902932864,79.69584909679065,81.42094939693693,0.0,0.0,0.0,0.0,0.0,0.0,0.0,0.0
2026-09-28 06:00:00,15,22,2026-10-06 18:00:00,8 days 12:00:00,204,12.91,-96.6,1001.8,38.7,63.449255388435766,32.16530429038785,63.449255388435766,24.86298687252726,28.627392211132157,0.0,0.0,0.0,0.0,0.0,0.0,0.0,0.0
2026-09-28 06:00:00,15,22,2026-10-07 00:00:00,8 days 18:00:00,210,13.08,-97.88,990.7,58.1,24.11176232214705,57.75623320567354,37.48804670568204,29.285058357384564,55.76812490840201,33.58769590610375,26.100528477163607,19.5394212634083,28.934048253642576,0.0,0.0,0.0,0.0
2026-09-28 06:00:00,15,22,2026-10-07 06:00:00,9 days 00:00:00,216,12.64,-98.76,978.8,82.7,7.453897467683674,94.16168517937984,80.17314610832342,63.182852710856906,91.57523454428264,54.77410728702914,45.99203414922136,38.069867741706176,49.21195379272163,22.55162620471539,18.873746353418632,15.62178463597645,18.66845487033249
2026-09-28 06:00:00,15,22,2026-10-07 12:00:00,9 days 06:00:00,222,12.55,-99.41,975.8,83.9,20.34390203007048,107.922985292549,89.95918853747975,85.73529797431209,110.17169693744862,60.75418088744473,50.23849973475524,41.78027207194101,54.48243743146102,27.625794272156945,24.356284702099423,20.450858794451783,24.450118707796157
2026-09-28 06:00:00,15,22,2026-10-07 18:00:00,9 days 12:00:00,228,12.76,-100.04,979.2,86.8,30.50946793702588,94.51779325395316,94.84425386383036,90.13884250293188,98.09660493912202,51.00205192838278,45.01522920214725,43.24818297203517,47.11115096998224,30.50946793702588,25.116968697061733,22.16827451843313,24.50579851078895
2026-09-28 06:00:00,15,22,2026-10-08 00:00:00,9 days 18:00:00,234,12.82,-100.8,984.7,70.2,5.408189794757959,133.09214199847713,106.64640374829024,88.64392894638434,116.44451340792484,72.81966957922793,60.08961486904826,48.88799395662557,63.08146487196717,19.85673217239072,16.45197046254046,13.522159168369818,16.88681449495239
2026-09-28 06:00:00,15,22,2026-10-08 06:00:00,10 days 00:00:00,240,12.46,-101.73,976.6,83.1,25.90756951666897,155.7397404121934,125.02775980212864,119.5937238814596,148.42795145080268,84.42551868566517,72.24973164137903,56.85395607083138,73.7181558926825,25.90756951666897,17.436473294657063,14.23536391636675,17.990750542031126
2026-09-28 06:00:00,15,22,2026-10-08 12:00:00,10 days 06:00:00,246,12.46,-101.84,978.5,78.5,24.68818998300037,120.07233332593415,107.29872893797872,98.87383915214632,110.74244081277666,69.77192279623623,61.068393789154825,54.16605791081108,64.84484443523486,38.61327278771237,36.09780730149095,30.805069178607138,35.39786072555522
2026-09-28 06:00:00,15,22,2026-10-08 18:00:00,10 days 12:00:00,252,12.79,-102.0,959.2,90.2,19.31926157230713,73.21577277298161,75.56961796023955,73.39033350527774,67.0901850377131,65.95018618598442,64.53781930271049,56.0792126722142,61.97634366706706,32.26559363837484,30.111624794051632,25.64745863983733,26.92706759735773
2026-09-28 06:00:00,15,22,2026-10-09 00:00:00,10 days 18:00:00,258,13.58,-102.12,967.4,90.6,5.622499083536516,204.28747929226645,195.318325307893,121.37988227927364,149.14970167629195,96.0422329905733,82.80974492637759,58.50543584728989,75.9904505080053,43.498234683435655,37.54014442755759,28.41897903229828,35.01936519619311
2026-09-28 06:00:00,15,22,2026-10-09 06:00:00,11 days 00:00:00,264,13.94,-102.69,948.0,120.2,10.077127087630224,171.44061276371377,137.4483201328166,122.20067130510344,156.06090797698178,76.25225451801299,60.83836641109294,46.81691167572676,67.09901077089266,42.80348346636346,35.15519075876168,28.240867953856142,35.903962547209886
2026-09-28 06:00:00,15,22,2026-10-09 12:00:00,11 days 06:00:00,270,14.14,-103.42,950.3,106.2,10.423436541585945,154.20334966539394,115.0054654073822,104.88612861827596,137.03137451254406,68.16701688924377,56.15919746129953,48.65399594091912,62.9461716686626,39.80712396975616,36.05061403543141,30.455916852233884,35.92195167862303
2026-09-28 06:00:00,15,22,2026-10-09 18:00:00,11 days 12:00:00,276,14.0,-103.85,938.7,125.0,12.679587254849746,227.40335321587736,200.56058039130485,185.59909939112535,227.3546617720465,109.23039680854842,94.40758877419114,81.34681579229331,99.7309779872602,65.13300266439578,58.97761302548045,48.962668608548086,59.1098246750078
2026-09-28 06:00:00,15,22,2026-10-10 00:00:00,11 days 18:00:00,282,14.49,-104.4,952.7,106.0,0.0,229.2171468269657,215.25280152216965,160.8447451455749,185.97017627479036,86.17753144086389,82.65719162932706,69.61327736394419,72.83090205247134,43.377470169507134,41.24235745050568,36.669966673449885,37.3494922071597
2026-09-28 06:00:00,15,22,2026-10-10 06:00:00,12 days 00:00:00,288,15.02,-104.47,956.8,108.9,26.88763082834697,224.47162845034725,201.61480347817132,121.5473501263723,169.9798449024464,85.3000483614274,74.56568084390865,50.971634408758405,67.01125649751575,35.59142433468906,30.0221859979929,22.746324316037867,29.5037314393441
2026-09-28 06:00:00,15,22,2026-10-10 12:00:00,12 days 06:00:00,294,15.42,-104.94,945.7,123.2,18.8012963402958,225.74963600471168,181.34543543218584,133.5461301211945,185.130161450689,72.38932679281194,50.78264206571245,36.9621011953843,59.09040392946143,33.601681552832055,25.205632365559644,19.22251162895439,27.9777303056664
2026-09-28 06:00:00,15,22,2026-10-10 18:00:00,12 days 12:00:00,300,15.69,-105.49,949.3,110.3,27.081481045926232,268.2458861479556,234.39876765576415,161.82131668095127,216.0947186543981,102.55557001106024,83.48088784859476,62.04866543530619,83.23053743761552,52.24685309907305,44.42199482012027,35.53302340750132,44.61777046060931
2026-09-28 06:00:00,15,22,2026-10-11 00:00:00,12 days 18:00:00,306,16.51,-105.72,926.0,135.6,20.99666484753675,257.3511835491436,213.39148949548576,143.23855625689953,222.22182836326328,118.28379367967068,94.10072855744944,70.85530414339007,105.17833624675757,66.09238980459668,55.12158481219518,43.22404110107982,56.31462810307994
2026-09-28 06:00:00,15,22,2026-10-11 06:00:00,13 days 00:00:00,312,16.87,-105.87,953.4,101.2,10.45920947038951,244.08434612559049,230.1153313103545,170.7634716952062,191.00963773341655,105.46544037568268,92.12214089364832,66.52230704883027,85.55154192670363,45.48255935120842,38.98920881365308,31.39622875212937,37.93350237903109
2026-09-28 06:00:00,15,22,2026-10-11 12:00:00,13 days 06:00:00,318,17.26,-106.09,943.4,114.1,60.01233579459534,240.51554870820573,238.9352249328051,176.85973899893386,172.63968012984867,90.0035394326126,80.43736590329601,60.12974304874095,73.69875981118379,60.01233579459534,37.84287494482099,30.829671886378105,36.37248280010547
2026-09-28 06:00:00,15,22,2026-10-11 18:00:00,13 days 12:00:00,324,17.87,-106.29,966.6,89.8,23.276690061222556,187.43257407828327,166.6458520977603,95.46877739297568,124.95963185234898,62.335475010701735,49.61370468437114,29.399597473922405,46.23502754705946,23.276690061222556,11.058369167810758,6.391844295450753,10.316344095648205
2026-09-28 06:00:00,15,22,2026-10-12 00:00:00,13 days 18:00:00,330,18.7,-106.36,953.0,103.4,29.65109381510912,251.8157873157417,229.6065620625604,147.423286593769,190.8673142639336,109.36196407115948,90.08269515067022,61.96485976256033,89.22613961948039,58.26055315332738,48.736186531005536,37.95028870686747,48.12438030056639
2026-09-28 06:00:00,15,22,2026-10-12 06:00:00,14 days 00:00:00,336,19.27,-106.82,962.3,91.2,31.12702060795906,184.44718825327263,172.2774749123386,124.67790443339146,158.67692847527013,114.301360101982,99.10955688078104,72.91392647590483,92.3828385966942,53.896816192106655,47.95024354546342,35.99989633541853,45.31817654145777
2026-09-28 06:00:00,15,22,2026-10-12 12:00:00,14 days 06:00:00,342,19.97,-107.67,967.5,93.4,30.361723423641564,156.658036270281,146.0135538347006,76.24254238630513,123.03840309063192,79.65931484905127,64.70609064541068,46.50133200953032,62.95253057835709,47.111819151585,41.081408482731376,31.952697633136125,39.800681090232814
2026-09-28 06:00:00,15,22,2026-10-12 18:00:00,14 days 12:00:00,348,20.46,-108.12,971.2,87.9,34.63561984431267,140.87258513591905,115.85267977028104,82.62662191175679,123.67175201373315,82.61659456190236,67.78630298103273,46.10948346098342,69.38729299441314,34.63561984431267,26.45643843454241,19.402108478605747,26.030433714609973
2026-09-28 06:00:00,15,22,2026-10-13 00:00:00,14 days 18:00:00,354,20.91,-108.96,974.2,89.2,8.820301111753201,178.7726415136337,152.83807605207542,105.13638244804947,150.1277254310837,78.88905698561814,61.429898741026506,44.49698253203558,65.16669345210144,42.37204171978343,35.81287027053446,27.65465292451057,35.41472089007374
2026-09-28 06:00:00,15,22,2026-10-13 06:00:00,15 days 00:00:00,360,21.23,-109.51,969.8,95.2,7.42822339296325,197.6307960178096,160.36463503759583,140.86016120877275,180.24727479232692,93.6186316652796,74.29319762871836,62.41001565746791,84.88211729000243,43.42015538773188,38.02272015585445,30.99116463088438,39.23624033378036
2026-09-28 06:00:00,16,22,2026-10-08 06:00:00,10 days 00:00:00,240,11.55,155.72,1009.5,14.9,114.82658133987589,0.0,0.0,0.0,0.0,0.0,0.0,0.0,0.0,0.0,0.0,0.0,0.0
2026-09-28 06:00:00,16,22,2026-10-08 12:00:00,10 days 06:00:00,246,11.76,154.26,1009.5,13.9,99.49889574713404,0.0,0.0,0.0,0.0,0.0,0.0,0.0,0.0,0.0,0.0,0.0,0.0
2026-09-28 06:00:00,16,22,2026-10-08 18:00:00,10 days 12:00:00,252,12.91,153.56,1007.4,21.1,114.65781455799304,0.0,0.0,0.0,0.0,0.0,0.0,0.0,0.0,0.0,0.0,0.0,0.0
2026-09-28 06:00:00,16,22,2026-10-09 00:00:00,10 days 18:00:00,258,12.63,154.04,1002.8,25.5,127.84697309478844,0.0,0.0,0.0,0.0,0.0,0.0,0.0,0.0,0.0,0.0,0.0,0.0
2026-09-28 06:00:00,16,22,2026-10-09 06:00:00,11 days 00:00:00,264,12.66,152.95,1005.9,22.4,110.75503532464596,0.0,0.0,0.0,0.0,0.0,0.0,0.0,0.0,0.0,0.0,0.0,0.0
2026-09-28 06:00:00,16,22,2026-10-09 12:00:00,11 days 06:00:00,270,13.01,152.22,1003.4,26.5,74.80666746107673,0.0,0.0,0.0,0.0,0.0,0.0,0.0,0.0,0.0,0.0,0.0,0.0
2026-09-28 06:00:00,16,22,2026-10-09 18:00:00,11 days 12:00:00,276,12.72,151.85,1003.9,30.3,100.78400235737443,0.0,0.0,0.0,0.0,0.0,0.0,0.0,0.0,0.0,0.0,0.0,0.0
2026-09-28 06:00:00,16,22,2026-10-10 00:00:00,11 days 18:00:00,282,12.72,150.87,996.3,41.3,35.715444890525674,138.94098898858914,121.59325962073456,101.8651729252756,116.3510867404452,0.0,0.0,0.0,0.0,0.0,0.0,0.0,0.0
2026-09-28 06:00:00,16,22,2026-10-10 06:00:00,12 days 00:00:00,288,12.47,150.0,1000.9,33.5,49.96965042526846,0.0,0.0,0.0,0.0,0.0,0.0,0.0,0.0,0.0,0.0,0.0,0.0
2026-09-28 06:00:00,16,22,2026-10-10 12:00:00,12 days 06:00:00,294,12.4,149.64,997.7,42.2,44.812740439234005,94.30592886104888,94.79324740793606,95.75021424343412,92.44357288909646,0.0,0.0,0.0,0.0,0.0,0.0,0.0,0.0
2026-09-28 06:00:00,16,22,2026-10-10 18:00:00,12 days 12:00:00,300,12.31,149.57,999.6,37.1,82.00822648815198,161.87387595103442,155.55714507703553,143.78332518159723,144.52437963566192,0.0,0.0,0.0,0.0,0.0,0.0,0.0,0.0
2026-09-28 06:00:00,16,22,2026-10-11 00:00:00,12 days 18:00:00,306,12.32,148.99,997.5,37.3,51.54032824521229,130.7981885597111,107.73916042214444,82.04930080715866,115.2207094032472,0.0,0.0,0.0,0.0,0.0,0.0,0.0,0.0
2026-09-28 06:00:00,16,22,2026-10-11 06:00:00,13 days 00:00:00,312,12.72,149.24,999.8,37.5,64.79723966166866,222.2071378174757,212.59021413985147,182.9196741675308,186.91629475461144,0.0,0.0,0.0,0.0,0.0,0.0,0.0,0.0
2026-09-28 06:00:00,16,22,2026-10-11 12:00:00,13 days 06:00:00,318,12.97,148.83,998.3,42.5,70.65104471282609,92.07186425127692,74.25438620684477,62.94824208497944,73.17929481236767,0.0,0.0,0.0,0.0,0.0,0.0,0.0,0.0
2026-09-28 06:00:00,16,22,2026-10-11 18:00:00,13 days 12:00:00,324,13.15,148.46,997.9,36.2,96.01624925314766,96.01624925314766,50.34903537975401,36.72814545326226,47.52824206614519,0.0,0.0,0.0,0.0,0.0,0.0,0.0,0.0
2026-09-28 06:00:00,16,22,2026-10-12 00:00:00,13 days 18:00:00,330,13.23,148.34,998.1,47.2,59.809042839684864,104.39325889914862,97.98944997306052,82.94466154052621,90.488427014422,0.0,0.0,0.0,0.0,0.0,0.0,0.0,0.0
2026-09-28 06:00:00,16,22,2026-10-12 06:00:00,14 days 00:00:00,336,13.81,148.2,998.0,50.2,44.04430018653494,97.11976075200118,94.90301987693068,74.14169463540975,82.30596991746711,0.0157641655106459,44.04430018653494,0.0,0.0,0.0,0.0,0.0,0.0
2026-09-28 06:00:00,16,22,2026-10-12 12:00:00,14 days 06:00:00,342,14.15,148.4,996.4,48.8,61.39137122400726,147.5655419146742,134.72599380592067,98.58891962062717,112.44658065523988,0.0,0.0,0.0,0.0,0.0,0.0,0.0,0.0
2026-09-28 06:00:00,16,22,2026-10-12 18:00:00,14 days 12:00:00,348,14.6,147.5,996.4,40.3,67.94374339715854,94.67829981122546,82.54728207772764,58.909306845008594,81.77242827232351,0.0,0.0,0.0,0.0,0.0,0.0,0.0,0.0
2026-09-28 06:00:00,16,22,2026-10-13 00:00:00,14 days 18:00:00,354,15.03,146.99,995.4,47.5,78.5477131030358,102.88418630501106,88.26163300989886,71.63783659998896,84.20645708583623,0.0,0.0,0.0,0.0,0.0,0.0,0.0,0.0
2026-09-28 06:00:00,16,22,2026-10-13 06:00:00,15 days 00:00:00,360,15.69,146.54,989.4,65.8,32.66913018089181,96.75413348220437,98.47651154082068,62.315327401515134,72.23681040627065,32.66913018089181,7.602806705749467,2.33964845237423,6.072777212709157,32.66913018089181,0.1043618192869288,0.0,0.0017967550109634
2026-09-28 06:00:00,2,22,2026-09-28 12:00:00,0 days 06:00:00,6,15.26,155.65,1006.0,24.2,111.59260881889578,0.0,0.0,0.0,0.0,0.0,0.0,0.0,0.0,0.0,0.0,0.0,0.0
2026-09-28 06:00:00,2,22,2026-09-28 18:00:00,0 days 12:00:00,12,15.36,155.73,1007.0,21.2,156.45235706072702,0.0,0.0,0.0,0.0,0.0,0.0,0.0,0.0,0.0,0.0,0.0,0.0
2026-09-28 06:00:00,2,22,2026-09-29 00:00:00,0 days 18:00:00,18,16.02,155.25,1009.5,22.5,115.9080567064854,0.0,0.0,0.0,0.0,0.0,0.0,0.0,0.0,0.0,0.0,0.0,0.0
2026-09-28 06:00:00,2,22,2026-09-29 06:00:00,1 days 00:00:00,24,16.0,153.95,1007.0,23.1,84.77233298907386,0.0,0.0,0.0,0.0,0.0,0.0,0.0,0.0,0.0,0.0,0.0,0.0
2026-09-28 06:00:00,2,22,2026-09-29 12:00:00,1 days 06:00:00,30,15.96,153.57,1003.3,26.4,59.2820534817549,0.0,0.0,0.0,0.0,0.0,0.0,0.0,0.0,0.0,0.0,0.0,0.0
2026-09-28 06:00:00,2,22,2026-09-29 18:00:00,1 days 12:00:00,36,16.02,153.44,1007.1,20.1,108.85738838955488,0.0,0.0,0.0,0.0,0.0,0.0,0.0,0.0,0.0,0.0,0.0,0.0
2026-09-28 06:00:00,2,22,2026-09-30 00:00:00,1 days 18:00:00,42,16.24,152.83,1002.3,28.6,62.532864617597824,0.0,0.0,0.0,0.0,0.0,0.0,0.0,0.0,0.0,0.0,0.0,0.0
2026-09-28 06:00:00,2,22,2026-09-30 06:00:00,2 days 00:00:00,48,16.81,152.23,1000.3,25.5,131.8802036467623,0.0,0.0,0.0,0.0,0.0,0.0,0.0,0.0,0.0,0.0,0.0,0.0
2026-09-28 06:00:00,2,22,2026-09-30 12:00:00,2 days 06:00:00,54,16.73,150.82,1002.0,29.5,107.69232562822828,0.0,0.0,0.0,0.0,0.0,0.0,0.0,0.0,0.0,0.0,0.0,0.0
2026-09-28 06:00:00,2,22,2026-09-30 18:00:00,2 days 12:00:00,60,16.84,149.51,1000.5,35.6,68.29653658589864,68.29653658589864,55.33578220098931,43.32923665198254,57.46565183229341,0.0,0.0,0.0,0.0,0.0,0.0,0.0,0.0
2026-09-28 06:00:00,2,22,2026-10-01 00:00:00,2 days 18:00:00,66,16.87,148.2,998.2,37.5,60.58138670671124,60.58138670671124,54.928048671767,40.99886133738473,49.62939510419096,0.0,0.0,0.0,0.0,0.0,0.0,0.0,0.0
2026-09-28 06:00:00,2,22,2026-10-01 06:00:00,3 days 00:00:00,72,16.65,146.67,986.6,60.7,22.0031439349507,123.70913707777656,120.5474441519157,111.5442300525993,120.6439387023679,13.28835143834776,22.0031439349507,9.165414390783862,10.27240270704801,0.0,0.0,0.0,0.0
2026-09-28 06:00:00,2,22,2026-10-01 12:00:00,3 days 06:00:00,78,16.61,145.52,987.4,52.6,42.28544388086743,103.20294573199568,93.73685000513284,77.33141563976938,89.73775041160297,42.28544388086743,0.0,0.0,0.0,0.0,0.0,0.0,0.0
2026-09-28 06:00:00,2,22,2026-10-01 18:00:00,3 days 12:00:00,84,16.47,144.76,984.6,61.8,41.54691817016841,160.748275569472,146.27684385966222,132.60574546762996,141.36337479620664,41.54691817016841,19.61511210623687,13.340306056031954,19.754568373851956,0.0,0.0,0.0,0.0
2026-09-28 06:00:00,2,22,2026-10-02 00:00:00,3 days 18:00:00,90,16.71,144.09,978.7,69.2,27.029562892249015,159.74391427091587,149.89781703705108,132.379231085134,131.49421215816875,27.029562892249015,11.449034757520948,6.534350434316739,11.645009499664017,27.029562892249015,0.0,0.0,0.0
2026-09-28 06:00:00,2,22,2026-10-02 06:00:00,4 days 00:00:00,96,16.81,143.52,968.6,83.7,21.271492590024188,198.3551711412108,179.88734994402924,147.66405499229597,170.40795347502063,79.89137395641077,70.82302725566124,57.34059161755778,68.37737340011188,34.33076405193032,32.54420677872886,27.248322833011454,31.18327471714245
2026-09-28 06:00:00,2,22,2026-10-02 12:00:00,4 days 06:00:00,102,17.08,143.16,934.8,123.8,22.816294737874728,288.36176440056835,262.8757928054013,261.3131279429436,276.7784145364409,139.8362864809376,130.4554304154356,119.52275335032895,131.16560265285227,85.4964677939735,81.51009537797104,71.1205739008183,77.57760979263742
2026-09-28 06:00:00,2,22,2026-10-02 18:00:00,4 days 12:00:00,108,17.5,142.91,920.8,134.2,13.822837883569576,285.8891581010985,290.51688257078604,242.9107346786656,251.785984833665,122.49848211887472,118.31823260579164,99.79920224765314,109.78410895457812,71.61093586423148,67.94638309235954,57.72339582582728,62.94179714022443
2026-09-28 06:00:00,2,22,2026-10-03 00:00:00,4 days 18:00:00,114,18.14,143.06,926.0,130.3,26.97972584728018,330.416958632376,341.1454927249879,289.89357372279665,281.9112867316626,162.1813126212587,160.2280255091414,136.92860262399336,144.42497679891585,90.4056543051322,87.59842749045401,74.96060659539262,80.15289599974176
2026-09-28 06:00:00,2,22,2026-10-03 06:00:00,5 days 00:00:00,120,18.6,143.21,900.2,146.3,0.0,277.17863116896285,323.51590917308283,242.9080732784057,231.79151658412331,17.4689201613158,24.339361555622283,14.804517966617912,7.023119270035934,0.0999729385319991,2.402611709132185,0.9413204565540524,0.0797160437755812
2026-09-28 06:00:00,2,22,2026-10-03 12:00:00,5 days 06:00:00,126,19.52,142.97,931.9,120.5,1.9935094308218844,372.8281981555722,370.87661268035686,314.4894847654832,287.13752282405466,130.04827549937718,129.52162604310692,106.43738194361262,109.13427067419968,55.91645302123993,55.69185662847687,48.802667318716,48.213537307715
2026-09-28 06:00:00,2,22,2026-10-03 18:00:00,5 days 12:00:00,132,20.16,142.93,916.4,132.5,0.0,298.4736666851062,310.7293486467514,251.7535122233157,242.0573675725451,118.89821304962732,115.30369723902236,89.29067168280199,99.8328818968605,55.72793928468083,51.56530286836261,42.55863375959102,46.34747305363621
2026-09-28 06:00:00,2,22,2026-10-04 00:00:00,5 days 18:00:00,138,20.77,143.09,918.4,130.7,36.08010613744922,338.34076130052256,363.1855426686852,307.3295847803545,269.5599273543123,156.84785799351,167.61056845214918,144.85208542016193,136.00913082097074,94.85731754504889,96.49959466024556,84.10168908607682,83.42749856177241
2026-09-28 06:00:00,2,22,2026-10-04 06:00:00,6 days 00:00:00,144,21.46,142.96,914.8,138.8,6.335126950580616,318.86374563881145,328.0792193657817,249.94203460398603,251.79694677746195,146.3719120867254,144.90886939126176,113.77917452139856,118.37307818562432,65.8053442106484,61.6985046635823,51.45474360561866,53.95071952616354
2026-09-28 06:00:00,2,22,2026-10-04 12:00:00,6 days 06:00:00,150,22.35,143.01,906.0,136.6,4.813544567160427,396.8742285862323,387.4704967772771,351.4863102803323,332.37010792112574,182.39021935801955,183.71946617421776,153.87034835103762,157.22650299336115,89.59436675762738,86.74203981411844,74.0401607823721,77.18949840260258
2026-09-28 06:00:00,2,22,2026-10-04 18:00:00,6 days 12:00:00,156,23.35,143.09,929.7,120.0,4.491554027579944,340.09879433292,350.7198790664646,300.7969183981959,286.763481943465,186.83351127155865,189.73991510780573,156.0637435760487,161.53612344581018,106.22791035456244,105.02090441067236,88.25709438001724,91.7042621585366
2026-09-28 06:00:00,2,22,2026-10-05 00:00:00,6 days 18:00:00,162,24.5,143.43,919.5,125.4,23.026675551456805,288.2920091475835,297.6174693049926,243.28329995600117,243.58131889261887,145.3145017544028,149.4181646052136,123.32730587767948,124.3327208665691,69.19631964792804,68.31541922121096,58.02508700868452,60.020144051563584
2026-09-28 06:00:00,2,22,2026-10-05 06:00:00,7 days 00:00:00,168,25.9,143.8,920.1,121.6,16.691732270197825,357.6464445198187,388.1123188738201,298.2082468261864,293.8969710164046,128.29208697115627,137.5907965879195,109.69279613635013,107.33067608968648,43.95295094704052,44.38484748014302,36.655336631327074,38.0636040846436
2026-09-28 06:00:00,2,22,2026-10-05 12:00:00,7 days 06:00:00,174,27.75,144.26,935.6,105.7,10.384710343406432,434.55247810639617,458.7492084527937,362.7161184172023,355.71902237695264,208.92848172620697,219.68934152665796,182.90358594095724,179.47023981539627,115.4949060696534,117.1063017471474,97.15780946016716,101.1829784153038
2026-09-28 06:00:00,2,22,2026-10-05 18:00:00,7 days 12:00:00,180,29.18,144.71,934.1,107.6,16.5289420223839,385.5409895138065,421.51778768638,321.54840616461735,313.21510634619267,188.15418764691051,193.01097983494583,153.59026688892777,156.93011014575364,85.78467640437181,85.44921663013875,70.02605668013987,73.302939774394
2026-09-28 06:00:00,2,22,2026-10-06 00:00:00,7 days 18:00:00,186,31.2,145.98,945.5,95.1,42.30388241668032,388.7865586871749,414.2727058524183,346.6479124529137,318.8956461190987,195.69982005587303,202.5657841645448,165.1718239102322,163.55904427792825,82.15063690835757,83.77178960420645,68.42006452409464,70.11571315581739
2026-09-28 06:00:00,2,22,2026-10-06 06:00:00,8 days 00:00:00,192,33.5,146.75,954.3,77.2,87.79811086298844,445.6414199515865,496.21970721639775,390.7240122979805,357.1363917516188,177.93149239013957,195.6482725245036,155.82508155312934,147.52315204562262,21.27544752967178,87.79811086298844,21.98029843470958,17.69769956238048
2026-09-28 06:00:00,2,22,2026-10-06 12:00:00,8 days 06:00:00,198,35.54,148.88,970.0,67.3,58.76345106499639,416.98146099058704,468.2821008957226,369.5900881723628,344.4143778427388,186.5691911209824,204.117122194868,167.38128662492318,154.37136577333695,51.613314958957744,59.46356591579058,49.08968488183734,44.20988645834496
2026-09-28 06:00:00,2,22,2026-10-06 18:00:00,8 days 12:00:00,204,38.16,151.48,965.2,65.9,96.0032037614456,325.5527543627313,387.2591674413093,310.3391477249255,271.88022848438385,57.749753922767255,96.0032037614456,51.45611253215909,42.59200730100788,0.2952763457646248,96.0032037614456,1.1527591837673692,0.0
2026-09-28 06:00:00,2,22,2026-10-07 00:00:00,8 days 18:00:00,210,41.01,154.62,970.0,61.0,137.77606581365256,393.39564851424217,449.972016309433,349.13812503448395,328.54593964564754,77.04179474257347,137.77606581365256,71.99216046578721,60.86026139505572,0.0,0.0,0.0,0.0
2026-09-28 06:00:00,2,22,2026-10-07 06:00:00,9 days 00:00:00,216,43.68,157.7,973.4,53.9,153.72015585218287,3.429066595503869,153.72015585218287,24.1426482282252,0.0,3.429066595503869,153.72015585218287,7.056612451831356,0.0,0.0,0.0,0.0,0.0
2026-09-28 06:00:00,2,22,2026-10-07 12:00:00,9 days 06:00:00,222,47.9,158.6,970.4,52.4,109.79480042824824,1.8676235061239763,109.79480042824824,3.0360890269789547,0.0,0.0,109.79480042824824,0.3002892390769522,0.0,0.0,0.0,0.0,0.0
2026-09-28 06:00:00,AL062026,22,2026-09-28 06:00:00,0 days 00:00:00,0,28.3,-43.8,1012.0,25.0,56.0,0.0,0.0,0.0,0.0,0.0,0.0,0.0,0.0,0.0,0.0,0.0,0.0
2026-09-28 06:00:00,AL062026,22,2026-09-28 12:00:00,0 days 06:00:00,6,27.58,-44.11,1008.4,30.4,96.6905412947376,0.0,0.0,0.0,0.0,0.0,0.0,0.0,0.0,0.0,0.0,0.0,0.0
2026-09-28 06:00:00,AL062026,22,2026-09-28 18:00:00,0 days 12:00:00,12,26.94,-45.08,1009.7,27.3,105.45757656670116,0.0,0.0,0.0,0.0,0.0,0.0,0.0,0.0,0.0,0.0,0.0,0.0
2026-09-28 06:00:00,AL062026,22,2026-09-29 00:00:00,0 days 18:00:00,18,25.64,-45.81,1009.2,34.4,107.38340000432878,107.38340000432878,0.7020993904599706,0.1675067905065219,2.4192946515572373,0.0,0.0,0.0,0.0,0.0,0.0,0.0,0.0
2026-09-28 06:00:00,AL062026,22,2026-09-29 06:00:00,1 days 00:00:00,24,25.07,-46.45,1005.3,34.9,33.50189212133682,3.605710215571836,33.50189212133682,0.0,0.0,0.0,0.0,0.0,0.0,0.0,0.0,0.0,0.0
2026-09-28 06:00:00,AL062026,22,2026-09-29 12:00:00,1 days 06:00:00,30,24.36,-47.7,1007.5,32.5,60.362533607133344,0.0,0.0,0.0,0.0,0.0,0.0,0.0,0.0,0.0,0.0,0.0,0.0
2026-09-28 06:00:00,AL062026,22,2026-09-29 18:00:00,1 days 12:00:00,36,24.04,-48.66,1007.3,30.1,86.81654583626256,0.0,0.0,0.0,0.0,0.0,0.0,0.0,0.0,0.0,0.0,0.0,0.0
2026-09-28 06:00:00,AL062026,22,2026-09-30 00:00:00,1 days 18:00:00,42,23.47,-50.39,1007.6,38.4,61.77571661174158,61.77571661174158,0.0,0.0,6.0669382415498365,0.0,0.0,0.0,0.0,0.0,0.0,0.0,0.0
2026-09-28 06:00:00,AL062026,22,2026-09-30 06:00:00,2 days 00:00:00,48,23.31,-51.46,1006.0,31.3,66.81267815102845,0.0,0.0,0.0,0.0,0.0,0.0,0.0,0.0,0.0,0.0,0.0,0.0
2026-09-28 06:00:00,AL062026,22,2026-09-30 12:00:00,2 days 06:00:00,54,22.91,-52.87,1009.1,32.5,95.88762751721832,0.0,0.0,0.0,0.0,0.0,0.0,0.0,0.0,0.0,0.0,0.0,0.0
2026-09-28 06:00:00,AL062026,22,2026-09-30 18:00:00,2 days 12:00:00,60,22.58,-54.33,1009.7,30.7,52.02660851857743,0.0,0.0,0.0,0.0,0.0,0.0,0.0,0.0,0.0,0.0,0.0,0.0
2026-09-28 06:00:00,AL062026,22,2026-10-01 00:00:00,2 days 18:00:00,66,22.27,-55.5,1009.8,37.7,73.54268640222247,73.54268640222247,32.089301464491584,20.4553053116912,32.041542392784834,0.0,0.0,0.0,0.0,0.0,0.0,0.0,0.0
2026-09-28 06:00:00,AL912026(2),22,2026-09-28 06:00:00,0 days 00:00:00,0,36.3,-53.1,1013.0,29.0,148.0,0.0,0.0,0.0,0.0,0.0,0.0,0.0,0.0,0.0,0.0,0.0,0.0
2026-09-28 06:00:00,EP152026(2),22,2026-09-28 06:00:00,0 days 00:00:00,0,16.4,-160.8,929.0,134.0,28.0,241.0,185.0,148.0,204.0,93.0,74.0,74.0,93.0,56.0,46.0,37.0,46.0
2026-09-28 06:00:00,EP152026(2),22,2026-09-28 12:00:00,0 days 06:00:00,6,16.39,-161.64,919.5,139.8,28.09378519542457,150.8201984742011,108.85689152215669,116.3648359078837,159.3650327035123,69.96098962728243,54.0005138615895,51.57364631665117,68.77455263159858,52.6082814104257,44.37663313909158,38.31281431702931,48.08476264126909
2026-09-28 06:00:00,EP152026(2),22,2026-09-28 18:00:00,0 days 12:00:00,12,17.24,-162.22,975.5,87.5,40.0615099582545,147.70808998131184,125.1012338147096,71.10664869111397,116.93757078428584,83.49501624244044,74.96449890761707,58.236098112865946,70.41301702534494,46.885966097127465,43.91520699588517,34.70748363705478,39.95801285517595
2026-09-28 06:00:00,EP152026(2),22,2026-09-29 00:00:00,0 days 18:00:00,18,17.96,-163.06,968.5,87.1,32.75518480457926,147.3412955206074,111.36979826215423,56.194545521710666,110.46036095068354,70.12548967905634,57.29709044437742,38.46737930956255,55.6779203031545,34.0583999697816,28.844348000463437,21.23424171879167,28.09724998648779
2026-09-28 06:00:00,EP152026(2),22,2026-09-29 06:00:00,1 days 00:00:00,24,18.91,-163.19,961.1,103.1,43.5845862059958,220.32645920105983,208.65933402490623,111.28109268729013,187.69876143659792,73.50870070352957,59.74037988226816,37.83274250426152,53.50889376909001,43.5845862059958,23.33432592157539,17.41595493552024,22.356001009873047
2026-09-28 06:00:00,EP152026(2),22,2026-09-29 12:00:00,1 days 06:00:00,30,19.73,-163.53,958.7,96.7,14.98924301601653,194.9097263318288,199.10400230453683,126.70002859701162,142.1411288059562,14.98924301601653,0.6987472598339082,0.0,0.4202357286958751,14.98924301601653,0.3524811439070099,0.0,0.4202357286958751
2026-09-28 06:00:00,EP152026(2),22,2026-09-29 18:00:00,1 days 12:00:00,36,21.17,-163.72,970.8,88.5,29.51020626161187,176.93478234280656,164.46663185680563,91.24493849703516,132.53665674707725,61.14911490172079,54.31485147860059,35.38697961245656,47.27657175953061,29.51020626161187,22.18267646704672,16.1538434571811,19.38935511915173
2026-09-28 06:00:00,EP152026(2),22,2026-09-30 00:00:00,1 days 18:00:00,42,22.08,-163.45,980.6,78.2,29.36592746289969,175.08106322481893,174.39232600008555,100.01736528457644,140.46881564483942,89.4700159499863,79.97960110948628,51.27678723413753,66.77461642001904,29.36592746289969,16.0870001188418,9.396520462419671,14.75404657293402
2026-09-28 06:00:00,EP152026(2),22,2026-09-30 06:00:00,2 days 00:00:00,48,23.17,-163.48,982.1,78.8,44.3081816878734,185.2462032718105,170.97885653793034,130.40815453422692,134.19929743625116,93.5442671180057,82.83450924494817,64.61341615503292,76.6676050866306,44.3081816878734,26.65121130944471,19.356161438946007,23.39737853827601
2026-09-28 06:00:00,EP152026(2),22,2026-09-30 12:00:00,2 days 06:00:00,54,23.45,-163.38,990.3,59.9,72.54303868490783,324.7646777617413,296.47102341435044,242.4954970765653,270.03381370327827,107.90338150615612,98.02856448293994,69.68287354455622,87.8841754476271,0.0,0.0,0.0,0.0
2026-09-28 06:00:00,EP152026(2),22,2026-09-30 18:00:00,2 days 12:00:00,60,23.48,-163.25,985.2,61.1,23.111334257564263,182.5562043931671,171.30272133146835,150.9657049303072,155.64303241566407,56.66568782442479,51.081148411234,41.50629843458731,47.24875428044111,0.0,0.0,0.0,0.0
2026-09-28 06:00:00,EP152026(2),22,2026-10-01 00:00:00,2 days 18:00:00,66,23.74,-163.23,993.9,46.4,89.34551509172567,219.25752252900577,220.0758990518521,189.29311341335028,192.14549302099613,0.0,0.0,0.0,0.0,0.0,0.0,0.0,0.0
2026-09-28 06:00:00,EP152026(2),22,2026-10-01 06:00:00,3 days 00:00:00,72,23.97,-163.07,994.5,43.2,74.47651714734513,253.72192214924465,246.73444553656668,198.60600250618015,212.1513044593462,0.0,0.0,0.0,0.0,0.0,0.0,0.0,0.0
2026-09-28 06:00:00,EP152026(2),22,2026-10-01 12:00:00,3 days 06:00:00,78,24.23,-163.15,998.2,39.3,78.88730011247944,78.88730011247944,27.66405956447656,16.116389119747907,22.653994623077647,0.0,0.0,0.0,0.0,0.0,0.0,0.0,0.0
2026-09-28 06:00:00,EP152026(2),22,2026-10-01 18:00:00,3 days 12:00:00,84,24.79,-163.94,1000.6,35.3,127.75408001743222,127.75408001743222,15.240065412389484,4.709497116340415,18.71636955839152,0.0,0.0,0.0,0.0,0.0,0.0,0.0,0.0
2026-09-28 06:00:00,EP152026(2),22,2026-10-02 00:00:00,3 days 18:00:00,90,25.34,-164.0,996.4,35.6,94.62851204956692,94.62851204956692,0.3073066641982542,0.0,5.323642405583195,0.0,0.0,0.0,0.0,0.0,0.0,0.0,0.0
2026-09-28 06:00:00,EP152026(2),22,2026-10-02 06:00:00,4 days 00:00:00,96,25.59,-164.77,992.1,46.5,52.694711051856416,184.66006909057103,164.36171733669767,120.29282799125964,155.4293331491482,0.0,0.0,0.0,0.0,0.0,0.0,0.0,0.0
2026-09-28 06:00:00,EP152026(2),22,2026-10-02 12:00:00,4 days 06:00:00,102,26.24,-165.78,990.0,46.1,65.0726161364031,82.807053775996,69.95514165053257,66.08728537959973,76.69376678330408,0.0,0.0,0.0,0.0,0.0,0.0,0.0,0.0
2026-09-28 06:00:00,EP152026(2),22,2026-10-02 18:00:00,4 days 12:00:00,108,26.48,-165.98,992.7,44.0,74.87764092477616,74.87764092477616,39.72110488082913,36.71416419066754,54.73148755464663,0.0,0.0,0.0,0.0,0.0,0.0,0.0,0.0
2026-09-28 06:00:00,EP152026(2),22,2026-10-03 00:00:00,4 days 18:00:00,114,26.22,-166.5,990.4,43.9,71.05309620833577,95.05449429056392,70.21229846780432,60.11340253388653,82.44951445562896,0.0,0.0,0.0,0.0,0.0,0.0,0.0,0.0
2026-09-28 06:00:00,EP152026(2),22,2026-10-03 06:00:00,5 days 00:00:00,120,25.91,-166.8,997.8,43.0,43.26598244403528,41.41370760972253,29.666647657385354,32.089049044983426,44.20323469104266,0.0,0.0,0.0,0.0,0.0,0.0,0.0,0.0
2026-09-28 06:00:00,EP152026(2),22,2026-10-03 12:00:00,5 days 06:00:00,126,25.64,-167.31,992.6,50.6,76.12302632725071,145.41154484534457,122.89042952412449,102.19334006714288,132.74843459036833,76.12302632725071,0.4615729468188116,0.0,2.969080130474515,0.0,0.0,0.0,0.0
2026-09-28 06:00:00,EP152026(2),22,2026-10-03 18:00:00,5 days 12:00:00,132,25.61,-168.57,989.6,54.0,62.79769208684672,102.63809849102552,84.03067861387296,80.44541189178045,99.23508296221462,0.0776759916601683,0.0,0.0,62.79769208684672,0.0,0.0,0.0,0.0
2026-09-28 06:00:00,EP152026(2),22,2026-10-04 00:00:00,5 days 18:00:00,138,25.62,-169.61,996.4,49.4,47.160634295352665,58.481457375728425,45.16533320941579,38.325333388633176,53.20136423879258,0.0,0.0,0.0,0.0,0.0,0.0,0.0,0.0
2026-09-28 06:00:00,EP152026(2),22,2026-10-04 06:00:00,6 days 00:00:00,144,25.57,-170.71,994.4,54.1,32.63175172119281,160.7593966495359,131.34319734120413,108.14053555790832,142.14828592826228,32.63175172119281,0.3288194503288562,0.0,1.9393154636560048,0.0,0.0,0.0,0.0
2026-09-28 06:00:00,EP152026(2),22,2026-10-04 12:00:00,6 days 06:00:00,150,25.89,-171.97,985.5,66.4,51.67655681703332,147.4517261529495,103.5701640451432,72.30332116887939,118.11324284876014,51.67655681703332,26.971789380303647,14.36670352119387,29.446762675544136,51.67655681703332,0.0,0.0,0.9913634513427
2026-09-28 06:00:00,EP152026(2),22,2026-10-04 18:00:00,6 days 12:00:00,156,26.21,-173.44,984.4,68.7,66.50269806293926,132.84263018031987,112.174043577756,74.74180174111062,102.37120260404068,66.50269806293926,13.563121864440689,5.092418333460064,14.430549710464785,66.50269806293926,0.0,0.0,0.6668315482840632
2026-09-28 06:00:00,EP152026(2),22,2026-10-05 00:00:00,6 days 18:00:00,162,26.66,-174.73,992.8,61.2,44.89228498439266,125.93217451875512,100.06989428614452,66.41958680287543,102.79832651653066,44.89228498439266,12.170835811242531,7.637623795099684,13.6322453305003,0.0,0.0,0.0,0.0
2026-09-28 06:00:00,EP152026(2),22,2026-10-05 06:00:00,7 days 00:00:00,168,26.86,-175.52,989.4,63.2,51.30345518374733,98.49911382448651,62.695411857995765,44.364397908820536,80.36855858415623,51.30345518374733,8.219197938474618,4.1872009177818015,13.004233042853931,0.0,0.0,0.0,0.0
2026-09-28 06:00:00,EP152026(2),22,2026-10-05 12:00:00,7 days 06:00:00,174,26.74,-176.03,992.1,55.8,47.07848950809914,169.12296405014058,135.20374453952817,105.51706622725234,146.45577430495754,47.07848950809914,0.0,0.0,1.4299198063949683,0.0,0.0,0.0,0.0
2026-09-28 06:00:00,EP152026(2),22,2026-10-05 18:00:00,7 days 12:00:00,180,26.93,-177.12,995.0,51.3,55.34947860124689,153.64571504231796,124.97479687204878,89.86145424699887,135.73833494268,55.34947860124689,7.133749485443564,4.049858293664808,8.718951797797585,0.0,0.0,0.0,0.0
2026-09-28 06:00:00,EP152026(2),22,2026-10-06 00:00:00,7 days 18:00:00,186,26.94,-178.18,1003.1,38.7,62.18179996985805,62.18179996985805,0.0,0.0,8.375654351041703,0.0,0.0,0.0,0.0,0.0,0.0,0.0,0.0
2026-09-28 06:00:00,EP152026(2),22,2026-10-06 06:00:00,8 days 00:00:00,192,27.0,-179.14,1007.7,29.5,115.08519789087762,0.0,0.0,0.0,0.0,0.0,0.0,0.0,0.0,0.0,0.0,0.0,0.0
2026-09-28 06:00:00,EP152026(2),22,2026-10-06 12:00:00,8 days 06:00:00,198,26.4,179.86,1011.1,25.2,61.99066927659831,0.0,0.0,0.0,0.0,0.0,0.0,0.0,0.0,0.0,0.0,0.0,0.0
2026-09-28 06:00:00,EP152026(2),22,2026-10-06 18:00:00,8 days 12:00:00,204,25.9,179.36,1009.6,20.1,154.95262443715973,0.0,0.0,0.0,0.0,0.0,0.0,0.0,0.0,0.0,0.0,0.0,0.0
2026-09-28 06:00:00,EP172026,22,2026-09-28 06:00:00,0 days 00:00:00,0,23.2,-114.0,955.0,105.0,28.0,167.0,148.0,148.0,148.0,102.0,93.0,83.0,83.0,65.0,65.0,65.0,65.0
2026-09-28 06:00:00,EP172026,22,2026-09-28 12:00:00,0 days 06:00:00,6,23.89,-113.82,976.6,81.5,30.27929134670921,117.20809094539624,145.20856042262653,90.26948392179048,70.94745520399249,64.77630496244208,63.63407858281028,44.90342187102053,48.3804443038897,30.27929134670921,24.400445862088034,18.93640570424597,21.45193431388584
2026-09-28 06:00:00,EP172026,22,2026-09-28 18:00:00,0 days 12:00:00,12,24.43,-113.29,950.6,105.5,30.337351668810506,163.0984010962169,185.257133752682,137.5696377679883,120.18582783134276,0.0,30.337351668810506,0.0,0.0,0.0,30.337351668810506,0.0,0.0
2026-09-28 06:00:00,EP172026,22,2026-09-29 00:00:00,0 days 18:00:00,18,25.23,-113.3,979.2,67.1,51.64218687409058,168.666103308731,174.12345750312784,113.9395135070972,111.4015786653473,51.64218687409058,34.69413403340606,15.964162165675075,26.071690012585464,51.64218687409058,1.67413253654603,0.0,0.9701065510227188
2026-09-28 06:00:00,EP172026,22,2026-09-29 06:00:00,1 days 00:00:00,24,25.76,-112.18,978.9,77.5,31.57720144029046,102.68009594862065,147.58896672432667,89.87709469603806,66.03119836304657,72.31214409717234,70.56840169556463,56.02797624658753,53.521509538005255,32.47110235776388,30.36974858048716,24.459135519788006,26.6654875173714
2026-09-28 06:00:00,EP172026,22,2026-09-29 12:00:00,1 days 06:00:00,30,27.58,-111.37,984.8,54.6,55.74883539365199,156.8955631584725,137.2824338712452,111.08703653856368,127.69614099899916,55.74883539365199,0.0,0.0,0.0,0.0,0.0,0.0,0.0
2026-09-28 06:00:00,EP172026,22,2026-09-29 18:00:00,1 days 12:00:00,36,29.11,-109.44,997.3,29.1,73.84227199286185,0.0,0.0,0.0,0.0,0.0,0.0,0.0,0.0,0.0,0.0,0.0,0.0
2026-09-28 06:00:00,EP172026,22,2026-09-30 00:00:00,1 days 18:00:00,42,32.28,-105.83,998.7,43.1,0.0,67.06882330304737,50.36595143901768,12.577663742885946,39.3211181417368,0.0,0.0,0.0,0.0,0.0,0.0,0.0,0.0
2026-09-28 06:00:00,EP182026,22,2026-09-28 06:00:00,0 days 00:00:00,0,13.2,-100.0,1001.0,41.0,93.0,222.0,185.0,148.0,222.0,0.0,0.0,0.0,0.0,0.0,0.0,0.0,0.0
2026-09-28 06:00:00,EP182026,22,2026-09-28 12:00:00,0 days 06:00:00,6,13.05,-100.82,991.9,61.9,59.61668651898346,241.86754411229265,240.11035354472855,224.0384961852202,218.8048441943582,59.61668651898346,4.858605530417988,2.882872786555912,6.495072211622484,0.0,0.0,0.0,0.0
2026-09-28 06:00:00,EP182026,22,2026-09-28 18:00:00,0 days 12:00:00,12,13.75,-101.54,986.8,66.7,36.43500232763717,162.3977686785316,130.40112387063914,103.49025503788567,131.47069082485524,36.43500232763717,25.90195483784653,16.559136655153072,25.76550150591775,36.43500232763717,0.4778961292445993,0.0,0.9259230275492942
2026-09-28 06:00:00,EP182026,22,2026-09-29 00:00:00,0 days 18:00:00,18,14.5,-102.85,991.8,56.1,74.97336756222592,245.3753632917877,209.62176381441932,154.41443420987991,199.3324363263,74.97336756222592,15.940533318271306,7.634086657806232,16.78749750752367,0.0,0.0,0.0,0.0
2026-09-28 06:00:00,EP182026,22,2026-09-29 06:00:00,1 days 00:00:00,24,14.99,-103.64,996.3,56.0,42.439273281792985,221.93050909460015,205.67638856713825,171.8856429910374,194.20179591455,56.91363314219073,50.640793376279575,34.14032479759252,45.27879020679797,0.0,0.0,0.0,0.0
2026-09-28 06:00:00,EP182026,22,2026-09-29 12:00:00,1 days 06:00:00,30,15.67,-104.76,991.7,60.3,45.83464670665832,176.08618312442144,146.46021764477166,116.87753006403749,152.43519194943707,45.83464670665832,0.1884703650054753,0.0,0.8400492011135261,0.0,0.0,0.0,0.0
2026-09-28 06:00:00,EP182026,22,2026-09-29 18:00:00,1 days 12:00:00,36,16.13,-105.32,985.1,69.0,31.897474287144195,177.26749449711951,162.54658942076804,121.54365098279644,144.61559372014966,31.897474287144195,31.897474287144195,7.624307858009483,10.960806752143515,0.3949968263999814,31.897474287144195,0.7653500791241316,0.4373938291155026
2026-09-28 06:00:00,EP182026,22,2026-09-30 00:00:00,1 days 18:00:00,42,16.79,-106.27,959.1,98.2,6.448978335321112,232.61662408795263,225.41084435710857,155.94656610134206,187.52350133760848,11.729382759446173,7.023165734851317,0.0,6.448978335321112,0.6636371092838891,0.0,0.0,6.448978335321112
2026-09-28 06:00:00,EP182026,22,2026-09-30 06:00:00,2 days 00:00:00,48,17.47,-106.91,957.8,103.4,0.0,242.9328525950973,221.0950491476449,167.27407084000606,183.71562758918617,95.69757731103824,80.29899056535146,54.8573794204454,76.93807940759837,30.91508266742045,24.545465133630444,17.555130940510196,24.99523120571945
2026-09-28 06:00:00,EP182026,22,2026-09-30 12:00:00,2 days 06:00:00,54,18.14,-107.41,950.4,105.7,9.120325501069985,294.55833276010173,278.30981151825165,207.39439768584884,225.7735001868109,129.36945314125444,120.83653403926132,93.59194135072772,107.28774752876524,72.36514619693165,67.98389324300118,55.0485067781964,61.34610908259984
2026-09-28 06:00:00,EP182026,22,2026-09-30 18:00:00,2 days 12:00:00,60,18.77,-107.98,951.8,112.2,41.26847478506696,267.1037737038756,239.4886587626082,171.66797521723157,212.37895430806816,134.36914520060233,116.1894912673541,87.95090098866415,116.25214354714336,74.49648794559506,65.26084004052419,53.16843499034845,62.71031199028275
2026-09-28 06:00:00,EP182026,22,2026-10-01 00:00:00,2 days 18:00:00,66,19.21,-107.99,949.4,108.8,26.81331368775864,222.4105990898679,204.0858036853024,159.80474895302905,181.7331894132076,103.83434681943618,93.64546875710948,77.89011282182764,89.62256663723383,65.30538151827932,60.197748110222165,49.88813088052848,56.87555475614499
2026-09-28 06:00:00,EP182026,22,2026-10-01 06:00:00,3 days 00:00:00,72,18.99,-108.25,956.7,100.7,60.047619751349856,99.5676828518147,100.85217742447212,102.17585905869656,112.81068103187732,66.09455674799942,62.6703329770986,58.05212665048399,62.70460609439348,60.047619751349856,44.16402804014601,38.31501526093416,42.0698812962801
2026-09-28 06:00:00,EP182026,22,2026-10-01 12:00:00,3 days 06:00:00,78,19.1,-108.54,965.4,87.0,39.8591730354864,188.2164664842961,175.12430266675398,171.73717494706807,174.20472612612826,114.11316189969374,103.71016529701949,90.23568903605232,102.98177156733314,62.39192860177902,57.52361838153443,48.33063137132904,53.90733308256835
2026-09-28 06:00:00,EP182026,22,2026-10-01 18:00:00,3 days 12:00:00,84,19.4,-108.34,965.2,88.1,52.45106240746514,188.66744690158956,200.95729337719223,201.37623344366855,160.84661551984453,116.83195257685874,120.1528099278752,106.7537824194362,104.75379496309398,66.07744334940887,65.57860627385897,56.92092217373313,58.63440504207146
2026-09-28 06:00:00,EP182026,22,2026-10-02 00:00:00,3 days 18:00:00,90,19.39,-108.03,970.8,80.6,58.63481517705867,111.89652539761332,146.21025730773994,153.85373339757797,115.43132674951256,73.63251232159183,78.97106472944341,69.39864292767808,66.86505265882485,35.39534230822848,58.63481517705867,32.16191027365864,30.724782798207546
2026-09-28 06:00:00,EP182026,22,2026-10-02 06:00:00,4 days 00:00:00,96,19.62,-108.01,976.8,74.7,27.681331510346084,216.2243847122428,230.0770149149616,212.7970261539345,206.85903550975357,122.44727504640858,119.72188363744309,96.9619381490968,105.5597686668778,37.24426061035771,36.5695984654002,30.172061412935225,32.67981719141345
2026-09-28 06:00:00,EP182026,22,2026-10-02 12:00:00,4 days 06:00:00,102,19.45,-108.09,974.5,73.4,25.05307727493133,178.0439530877553,167.11475362640883,153.45374720593298,170.86821400560166,101.00878701297412,95.11336683013592,80.84543572842553,88.35135609592037,42.04610799826112,39.867288390832016,33.286123489026934,36.79174834239623
2026-09-28 06:00:00,EP182026,22,2026-10-02 18:00:00,4 days 12:00:00,108,19.64,-107.7,975.8,75.6,23.1440314818418,203.45652695608825,223.61259682165667,200.28176048371972,179.0534810759372,99.63840622121164,102.81958110257928,89.08358030186263,86.45694268497653,41.40928221569675,42.24863539784188,36.90208637373085,36.27291898769632
2026-09-28 06:00:00,EP182026,22,2026-10-03 00:00:00,4 days 18:00:00,114,19.94,-107.46,968.1,87.1,61.94578714375746,218.34234632938683,220.67798750366777,179.1188426676779,176.12339788825304,111.55212963280658,106.55642664030805,84.9325262276229,92.02366728757494,61.94578714375746,39.56359628101552,32.46875521193231,34.697478689844594
2026-09-28 06:00:00,EP182026,22,2026-10-03 06:00:00,5 days 00:00:00,120,20.07,-107.37,970.4,85.1,42.30365885325297,146.25711262685917,157.21820480107456,154.57609866481755,147.9381688857119,82.30350120143078,86.4330207732706,77.03737721650701,74.57353914885115,39.15742159449054,42.30365885325297,36.2417576711797,34.47882834843009
2026-09-28 06:00:00,EP182026,22,2026-10-03 12:00:00,5 days 06:00:00,126,20.69,-107.18,963.1,101.6,40.49095819860848,225.2097924889148,214.549839878571,143.47671484917112,181.79038587328495,119.03720871389802,110.53982446584789,89.0279648017446,101.81894834263808,64.29638169053516,59.519230619370674,47.93387559566814,54.55769133028864
2026-09-28 06:00:00,EP182026,22,2026-10-03 18:00:00,5 days 12:00:00,132,20.87,-106.86,982.7,63.5,29.004684399075007,157.27698235037352,144.15046613321107,116.30434509358716,127.08476385909466,57.82673433840553,53.46246848888634,40.84515228951372,49.3467526450125,0.0,0.0,0.0,0.0
2026-09-28 06:00:00,EP182026,22,2026-10-04 00:00:00,5 days 18:00:00,138,21.32,-106.17,969.5,79.8,5.562243917203158,171.04204782918237,180.81842816228436,147.34484416626717,136.0835281110704,94.86885304095296,92.93228272949716,79.95557699389849,81.88893753133561,44.78989255445927,43.25644175626604,36.90565727707104,37.66671542841541
2026-09-28 06:00:00,EP182026,22,2026-10-04 06:00:00,6 days 00:00:00,144,22.19,-105.72,985.9,66.0,34.41632454477561,133.66563226557273,140.9311177272074,99.70424862653309,114.86743176472386,34.41632454477561,26.277626425733825,13.894978662264434,23.42800409236577,34.41632454477561,1.8217787054581684,0.0,3.2462501744042656
2026-09-28 06:00:00,EP182026,22,2026-10-04 12:00:00,6 days 06:00:00,150,22.9,-106.66,989.0,59.0,43.56792345984083,66.51536392596526,48.2034589306791,34.53058739882652,65.57067394917969,43.56792345984083,12.335383042106868,8.02693854564988,13.918547331947757,0.0,0.0,0.0,0.0
2026-09-28 06:00:00,EP182026,22,2026-10-04 18:00:00,6 days 12:00:00,156,23.5,-106.86,978.8,70.7,29.618059731556546,127.52540936127816,130.6144766343898,118.54730762428646,121.0145112153382,38.82736429800423,33.02529871555163,23.2022611313766,33.40284389380379,29.618059731556546,5.074447517266848,2.919667222342871,5.604290918369516
2026-09-28 06:00:00,EP182026,22,2026-10-05 00:00:00,6 days 18:00:00,162,24.31,-107.52,984.4,62.5,27.72934421372429,136.9185174758968,109.24406087302629,81.3718380982827,122.41783628731562,52.317413920849646,42.78373893269644,32.278118951535845,46.37063340162652,0.0,0.0,0.0,0.0
2026-09-28 06:00:00,EP182026,22,2026-10-05 06:00:00,7 days 00:00:00,168,24.99,-108.54,986.4,48.8,41.58074958413524,75.22506464589655,67.79270640018399,59.02256379131697,66.36678938006582,0.0,0.0,0.0,0.0,0.0,0.0,0.0,0.0
2026-09-28 06:00:00,EP182026,22,2026-10-05 12:00:00,7 days 06:00:00,174,25.4,-109.34,995.4,43.0,37.7898389836134,119.69908680670324,107.64734892018204,71.35909499989643,93.89928580228192,0.0,0.0,0.0,0.0,0.0,0.0,0.0,0.0
2026-09-28 06:00:00,EP182026,22,2026-10-05 18:00:00,7 days 12:00:00,180,25.6,-110.14,990.3,53.4,14.755050479506696,121.83797010617413,84.52571148701395,61.356564060512014,101.60049001753062,42.22332489529198,33.821752202810686,24.69679288029681,34.534081782450336,0.0,0.0,0.0,0.0
2026-09-28 06:00:00,EP182026,22,2026-10-06 00:00:00,7 days 18:00:00,186,26.05,-111.04,991.9,45.6,9.74797267078568,113.51274899978262,79.46661572445984,59.55018305127139,96.26370748685908,0.0,0.0,0.0,0.0,0.0,0.0,0.0,0.0
2026-09-28 06:00:00,EP182026,22,2026-10-06 06:00:00,8 days 00:00:00,192,26.1,-112.36,1002.3,33.8,55.24298493260071,0.0,0.0,0.0,0.0,0.0,0.0,0.0,0.0,0.0,0.0,0.0,0.0
2026-09-28 06:00:00,EP182026,22,2026-10-06 12:00:00,8 days 06:00:00,198,26.31,-113.41,1007.1,21.7,36.54876275965695,0.0,0.0,0.0,0.0,0.0,0.0,0.0,0.0,0.0,0.0,0.0,0.0
2026-09-28 06:00:00,EP182026,22,2026-10-06 18:00:00,8 days 12:00:00,204,26.03,-114.29,1005.7,20.0,137.27161944328938,0.0,0.0,0.0,0.0,0.0,0.0,0.0,0.0,0.0,0.0,0.0,0.0
2026-09-28 06:00:00,EP912026(3),22,2026-09-28 06:00:00,0 days 00:00:00,0,12.7,-136.6,1005.0,29.0,93.0,0.0,0.0,0.0,0.0,0.0,0.0,0.0,0.0,0.0,0.0,0.0,0.0
2026-09-28 06:00:00,WP252026,22,2026-09-28 06:00:00,0 days 00:00:00,0,27.5,131.6,954.0,99.0,9.0,148.0,158.0,148.0,121.0,,,,,,,,
2026-09-28 06:00:00,WP252026,22,2026-09-28 12:00:00,0 days 06:00:00,6,27.62,132.29,981.8,68.0,48.60101872299447,156.2651484126102,158.71087272402383,144.43292139287576,126.58997878840694,48.60101872299447,48.60101872299447,1.012626744499734,0.1586972469913199,0.2088439023945838,48.60101872299447,0.7541364729478808,0.1586972469913199
2026-09-28 06:00:00,WP252026,22,2026-09-28 18:00:00,0 days 12:00:00,12,28.06,133.2,990.9,50.8,52.26726808600675,133.06667071640524,136.6617346677869,106.7502524190645,98.73032745470388,55.14550064455533,48.39373149871656,36.80026205709227,41.91998998768126,0.0,0.0,0.0,0.0
2026-09-28 06:00:00,WP252026,22,2026-09-29 00:00:00,0 days 18:00:00,18,28.59,134.23,993.8,49.2,78.07114157077534,135.9652008234039,153.27026479784809,119.63163301918492,112.41244187299652,0.0,0.0,0.0,0.0,0.0,0.0,0.0,0.0
2026-09-28 06:00:00,WP252026,22,2026-09-29 06:00:00,1 days 00:00:00,24,28.37,135.39,993.8,49.5,61.05133445928414,131.41787193107118,155.15770103614827,127.96966030824925,111.2109735150158,0.0,0.0,0.0,0.0,0.0,0.0,0.0,0.0
2026-09-28 06:00:00,WP252026,22,2026-09-29 12:00:00,1 days 06:00:00,30,28.9,135.79,995.8,38.0,70.99467422295618,29.807813517130228,70.99467422295618,32.26963981964062,31.454716429629315,0.0,0.0,0.0,0.0,0.0,0.0,0.0,0.0
2026-09-28 06:00:00,WP252026,22,2026-09-29 18:00:00,1 days 12:00:00,36,29.44,136.77,993.4,42.4,76.24508635279909,151.7707581584986,161.8008616255055,135.14117336281691,125.02587135476084,0.0,0.0,0.0,0.0,0.0,0.0,0.0,0.0
2026-09-28 06:00:00,WP252026,22,2026-09-30 00:00:00,1 days 18:00:00,42,29.8,137.36,1001.6,33.1,62.96921248533124,0.0,0.0,0.0,0.0,0.0,0.0,0.0,0.0,0.0,0.0,0.0,0.0
2026-09-28 06:00:00,WP252026,22,2026-09-30 06:00:00,2 days 00:00:00,48,30.6,137.82,999.4,25.1,104.68997147048836,0.0,0.0,0.0,0.0,0.0,0.0,0.0,0.0,0.0,0.0,0.0,0.0
2026-09-28 06:00:00,WP252026,22,2026-09-30 12:00:00,2 days 06:00:00,54,31.14,138.47,1004.5,25.0,104.0164392741366,0.0,0.0,0.0,0.0,0.0,0.0,0.0,0.0,0.0,0.0,0.0,0.0
2026-09-28 06:00:00,WP252026,22,2026-09-30 18:00:00,2 days 12:00:00,60,32.56,139.84,1001.2,26.2,41.47325364272354,0.0,0.0,0.0,0.0,0.0,0.0,0.0,0.0,0.0,0.0,0.0,0.0
2026-09-28 06:00:00,WP252026,22,2026-10-01 00:00:00,2 days 18:00:00,66,33.65,140.7,1001.2,26.2,64.75054005722781,0.0,0.0,0.0,0.0,0.0,0.0,0.0,0.0,0.0,0.0,0.0,0.0
2026-09-28 06:00:00,WP252026,22,2026-10-01 06:00:00,3 days 00:00:00,72,35.04,142.3,997.7,37.9,54.05082612354386,174.1701046334,178.93856862892957,147.60609207086566,145.33381644321383,0.0,0.0,0.0,0.0,0.0,0.0,0.0,0.0
2026-09-28 06:00:00,WP252026,22,2026-10-01 12:00:00,3 days 06:00:00,78,36.95,145.39,999.7,32.3,97.31909805874642,0.0,0.0,0.0,0.0,0.0,0.0,0.0,0.0,0.0,0.0,0.0,0.0
2026-09-28 06:00:00,WP252026,22,2026-10-01 18:00:00,3 days 12:00:00,84,38.69,149.14,995.3,41.2,115.54133714263594,0.0,5.058608487569359,115.54133714263594,0.0,0.0,0.0,0.0,0.0,0.0,0.0,0.0,0.0
2026-09-28 06:00:00,WP922026(4),22,2026-09-28 06:00:00,0 days 00:00:00,0,16.4,97.6,1001.0,29.0,64.0,0.0,0.0,0.0,0.0,0.0,0.0,0.0,0.0,0.0,0.0,0.0,0.0
2026-09-28 06:00:00,WP922026(4),22,2026-09-28 12:00:00,0 days 06:00:00,6,17.65,96.4,999.1,35.0,78.41291642782508,3.346123212509636,78.41291642782508,1.209529038448343,0.1614436945616213,0.0,0.0,0.0,0.0,0.0,0.0,0.0,0.0
2026-09-28 06:00:00,WP922026(4),22,2026-09-28 18:00:00,0 days 12:00:00,12,18.31,96.55,1005.8,21.8,80.96651057589345,0.0,0.0,0.0,0.0,0.0,0.0,0.0,0.0,0.0,0.0,0.0,0.0
2026-09-28 06:00:00,WP922026(4),22,2026-09-29 00:00:00,0 days 18:00:00,18,18.75,95.86,1006.5,19.6,86.06733098729053,0.0,0.0,0.0,0.0,0.0,0.0,0.0,0.0,0.0,0.0,0.0,0.0
2026-09-28 06:00:00,21,23,2026-10-05 00:00:00,6 days 18:00:00,162,10.05,163.09,1007.2,14.6,95.33141147097832,0.0,0.0,0.0,0.0,0.0,0.0,0.0,0.0,0.0,0.0,0.0,0.0
2026-09-28 06:00:00,21,23,2026-10-05 06:00:00,7 days 00:00:00,168,9.95,162.63,1005.2,20.2,116.36509791286932,0.0,0.0,0.0,0.0,0.0,0.0,0.0,0.0,0.0,0.0,0.0,0.0
2026-09-28 06:00:00,21,23,2026-10-05 12:00:00,7 days 06:00:00,174,9.6,162.99,1006.6,17.1,153.45613001716896,0.0,0.0,0.0,0.0,0.0,0.0,0.0,0.0,0.0,0.0,0.0,0.0
2026-09-28 06:00:00,21,23,2026-10-05 18:00:00,7 days 12:00:00,180,9.88,162.54,1007.6,22.0,138.2140824164425,0.0,0.0,0.0,0.0,0.0,0.0,0.0,0.0,0.0,0.0,0.0,0.0
2026-09-28 06:00:00,21,23,2026-10-06 00:00:00,7 days 18:00:00,186,10.57,161.87,1001.9,26.9,112.5050064233368,0.0,0.0,0.0,0.0,0.0,0.0,0.0,0.0,0.0,0.0,0.0,0.0
2026-09-28 06:00:00,21,23,2026-10-06 06:00:00,8 days 00:00:00,192,11.08,161.11,998.8,33.0,127.42523015599922,0.0,0.0,0.0,0.0,0.0,0.0,0.0,0.0,0.0,0.0,0.0,0.0
2026-09-28 06:00:00,21,23,2026-10-06 12:00:00,8 days 06:00:00,198,11.39,160.67,995.3,47.6,70.71675784391823,154.1833496746449,124.29860517462794,84.68023332114262,113.2606243635014,0.0,0.0,0.0,0.0,0.0,0.0,0.0,0.0
2026-09-28 06:00:00,21,23,2026-10-06 18:00:00,8 days 12:00:00,204,12.67,159.96,992.3,47.7,108.13293294326786,233.0530531185996,222.7716058949541,159.19169178452876,192.11608267761312,0.0,0.0,0.0,0.0,0.0,0.0,0.0,0.0
2026-09-28 06:00:00,21,23,2026-10-07 00:00:00,8 days 18:00:00,210,13.51,159.33,988.0,59.4,55.47247752987804,268.0744239588525,249.84911670053708,221.9564162751757,226.3054364356477,55.47247752987804,0.5083735801756664,0.0,0.7137524757379303,0.0,0.0,0.0,0.0
2026-09-28 06:00:00,21,23,2026-10-07 06:00:00,9 days 00:00:00,216,14.0,158.38,991.1,54.3,120.9929944270324,345.4534195435058,313.40904879128107,260.58552975245016,281.0009308656072,120.9929944270324,19.54212546673728,12.782125971601488,16.531466465095857,0.0,0.0,0.0,0.0
2026-09-28 06:00:00,21,23,2026-10-07 12:00:00,9 days 06:00:00,222,14.81,157.11,994.9,56.2,92.81954505061992,269.88021859980927,235.92907312517,207.05136529470656,240.20064994204745,92.81954505061992,5.382848534648012,3.438555046750153,11.103285754177676,0.0,0.0,0.0,0.0
2026-09-28 06:00:00,21,23,2026-10-07 18:00:00,9 days 12:00:00,228,15.04,156.42,984.5,61.7,119.91865294006786,547.3323095755037,494.3730171995225,400.4934454091044,480.04151654650855,276.7450486083916,259.74247524353643,206.27068273457,222.4091773719753,0.0,0.0,0.0,0.0
2026-09-28 06:00:00,21,23,2026-10-08 00:00:00,9 days 18:00:00,234,15.25,155.04,979.8,57.1,67.00591917139073,357.29116875693785,309.85703177789753,250.4732935717101,307.0464642370005,139.5593534402737,119.90779585261636,88.01342205618207,106.53791924317888,0.0,0.0,0.0,0.0
2026-09-28 06:00:00,21,23,2026-10-08 06:00:00,10 days 00:00:00,240,15.77,154.03,971.1,75.9,18.55922167762922,333.55749941832016,292.1483168895383,253.98506784209425,284.2987820421555,157.55231222367684,138.02880171662065,109.60399557470066,126.7522395527418,42.09473274664772,38.238013332641344,30.539802682826306,35.9997603810832
2026-09-28 06:00:00,21,23,2026-10-08 12:00:00,10 days 06:00:00,246,16.19,152.94,971.2,83.4,84.25326968849629,515.4952318488527,464.14639000852,363.83986865605857,426.31381013709006,244.82933489186397,225.0735708051409,184.59095493750715,206.3527191623409,84.25326968849629,79.20711025558955,63.70117519832138,71.60135848606183
2026-09-28 06:00:00,21,23,2026-10-08 18:00:00,10 days 12:00:00,252,16.89,151.91,955.0,94.5,52.15482878571963,471.76127909775096,413.6108702136116,325.25547454704304,389.12931781151735,236.9911440043961,216.9473349081109,180.78417705952572,205.26241859519908,132.02868524183643,126.50996093870968,103.74179800107784,117.0232069732442
2026-09-28 06:00:00,21,23,2026-10-09 00:00:00,10 days 18:00:00,258,17.61,150.78,940.4,113.1,53.49903098992082,429.6454825930026,379.7187687883992,311.8778240672135,358.5356034860929,196.80247332301155,181.3374758150041,152.92547006826834,174.33692224055656,98.75492455374264,92.49491001363002,76.30462809969302,87.4815624529092
2026-09-28 06:00:00,21,23,2026-10-09 06:00:00,11 days 00:00:00,264,17.81,150.32,920.7,133.6,19.15772054681065,420.1814040807194,362.828996496688,313.0537503083415,368.0944721658302,216.15000608399328,190.62036669053987,159.14371515861876,184.74647363233495,110.75483966573267,104.39666371927468,85.08309858081316,98.4041953681094
2026-09-28 06:00:00,21,23,2026-10-09 12:00:00,11 days 06:00:00,270,18.82,149.43,933.2,117.6,0.0,309.421431976525,251.2996123666944,215.8220827467784,283.4462676776644,160.35569024753227,139.8780497047565,110.4932957719072,130.58792347149017,87.45775007002882,78.73116288626156,64.27566904889427,75.51753839201211
2026-09-28 06:00:00,21,23,2026-10-09 18:00:00,11 days 12:00:00,276,19.63,148.62,927.1,123.1,22.6871233438432,361.2808457344512,333.6965719512027,285.057945555426,317.7703340573452,152.6043804440843,139.06035489601135,110.00181029910009,124.33115680659918,65.88330736469455,61.43045730258992,50.719652300131145,58.53406729913746
2026-09-28 06:00:00,21,23,2026-10-10 00:00:00,11 days 18:00:00,282,20.28,147.82,937.7,112.7,28.54704696721461,389.616972550039,346.7289313256828,283.77704759744154,334.3284643204963,202.051806386515,180.5610904310471,146.21648244778453,168.87857148205234,96.82588098634857,88.9792108022288,69.87277356420145,82.71620700295443
2026-09-28 06:00:00,21,23,2026-10-10 06:00:00,12 days 00:00:00,288,20.98,147.24,941.4,110.7,14.018531071782672,343.2469427750183,314.03683494361974,266.5079168591859,317.32271820261053,197.45529063024253,179.14959604124584,147.23168934995962,165.65328483484598,107.54292265919392,99.79756260072742,82.13814050364184,93.57227596071968
2026-09-28 06:00:00,21,23,2026-10-10 12:00:00,12 days 06:00:00,294,21.66,146.5,933.4,121.1,4.472415373691902,281.36325183849146,259.98801982884254,214.3843199044419,274.86711061632195,134.19256853999957,112.26833065344798,87.93992615956,105.35185717300148,66.40772855422074,58.93290327547369,47.98960048636843,57.01039297185551
2026-09-28 06:00:00,21,23,2026-10-10 18:00:00,12 days 12:00:00,300,22.68,146.21,944.6,106.4,24.0603565048529,354.383493459205,337.9925841823474,278.14527978307905,294.5302770394772,192.4958137346266,186.402788447705,152.8656627105448,165.5556319981293,118.1381476202807,110.61453980202202,92.44269789775508,102.57228937941936
2026-09-28 06:00:00,21,23,2026-10-11 00:00:00,12 days 18:00:00,306,23.3,146.29,946.0,103.7,33.1345803654773,376.3129387530139,374.5877105046413,287.13816520114835,312.06506419566216,180.54374580790733,176.57307784315543,137.1350085537568,147.63577736481284,71.73255374654437,67.18938385913694,52.98903154624975,60.54703482738605
2026-09-28 06:00:00,21,23,2026-10-11 06:00:00,13 days 00:00:00,312,24.5,146.36,948.7,96.2,32.034334646377545,343.77680733339804,351.1515235873762,271.4083577834753,278.0696111428009,176.5601086923163,178.1256494472349,144.54538509362578,149.71326556102795,110.84348259640892,106.0654011252699,89.12283217719079,95.67589525810412
2026-09-28 06:00:00,21,23,2026-10-11 12:00:00,13 days 06:00:00,318,25.49,146.46,957.9,85.5,35.857073728856385,374.230982368072,376.71377493111214,276.5286872688584,291.6861439163287,193.9641290904492,196.58733403406708,157.7309140807183,161.35979441072584,97.28094000318872,94.11580633166813,77.09628760956971,82.28465020718959
2026-09-28 06:00:00,21,23,2026-10-11 18:00:00,13 days 12:00:00,324,26.76,146.42,968.8,72.8,48.44339195079334,348.32012831867723,361.19885655845474,289.42633657161423,273.98421767041737,158.18033949156666,155.17034222199118,110.90978113943254,119.36568750388608,48.44339195079334,2.5108126906598223,0.0,1.2467875122596688
2026-09-28 06:00:00,21,23,2026-10-12 00:00:00,13 days 18:00:00,330,28.53,146.35,966.6,71.6,68.25956517051327,428.91211787434736,425.0364426126305,326.0805720783153,341.4972373025091,254.33547544670532,249.2255779151984,201.75803492123407,212.16850446340695,87.9820494422305,86.65063646666192,68.51265233198677,75.92221517571045
2026-09-28 06:00:00,21,23,2026-10-12 06:00:00,14 days 00:00:00,336,30.25,146.37,960.3,81.9,30.043578504171748,383.2682087864168,375.7403712667524,307.1189993950257,277.61875743372457,92.48031864367384,89.7609213106995,59.88484621545529,66.67064998272141,30.043578504171748,1.3211229084027465,0.0,0.7869409328899593
2026-09-28 06:00:00,21,23,2026-10-12 12:00:00,14 days 06:00:00,342,32.43,146.9,962.9,71.2,19.001780612765952,412.3908098877083,400.1182877505722,345.4528034706696,341.9833347837957,194.0444794764072,189.1346934748125,141.98035820247287,150.90049878209044,19.631514806131072,18.812804690656897,14.654914552946252,17.35015243591606
2026-09-28 06:00:00,21,23,2026-10-12 18:00:00,14 days 12:00:00,348,34.8,147.69,962.1,66.5,115.74352944371816,663.0058903892608,690.8012514578394,569.1331245994883,555.6638922138831,343.24911902345247,357.03767774372443,293.6986522778104,281.5947560135388,57.42204293171109,115.74352944371816,52.12949126514996,51.46150317331278
2026-09-28 06:00:00,21,23,2026-10-13 00:00:00,14 days 18:00:00,354,37.72,149.39,963.1,68.8,124.82679797871064,624.8460353116357,657.7966035335926,560.1771023984179,538.837253763033,356.9357856169892,370.0656727753429,313.21750717237444,303.2106077409942,90.6635185953794,124.82679797871064,82.30591974242836,81.17460345283658
2026-09-28 06:00:00,21,23,2026-10-13 06:00:00,15 days 00:00:00,360,41.1,150.99,970.1,54.7,67.68920689001152,69.55226904034862,74.55152068547022,59.267618767922045,17.672549071714684,20.363297355266862,67.68920689001152,11.599852447945324,11.869571011461945,0.0,0.0,0.0,0.0
2026-09-28 06:00:00,38,23,2026-10-09 00:00:00,10 days 18:00:00,258,19.0,-92.46,1001.1,34.9,87.1500538722525,87.1500538722525,19.71069247289981,8.70420957928852,23.442839187657544,0.0,0.0,0.0,0.0,0.0,0.0,0.0,0.0
2026-09-28 06:00:00,38,23,2026-10-09 06:00:00,11 days 00:00:00,264,20.52,-92.76,999.6,36.2,104.41546476055956,104.41546476055956,13.347315466072445,4.577099068314972,10.81222042503434,0.0,0.0,0.0,0.0,0.0,0.0,0.0,0.0
2026-09-28 06:00:00,38,23,2026-10-09 12:00:00,11 days 06:00:00,270,19.4,-92.68,999.2,33.5,93.76728423149927,0.0,0.0,0.0,0.0,0.0,0.0,0.0,0.0,0.0,0.0,0.0,0.0
2026-09-28 06:00:00,38,23,2026-10-09 18:00:00,11 days 12:00:00,276,19.9,-92.83,1002.6,32.5,67.4041566044103,0.0,0.0,0.0,0.0,0.0,0.0,0.0,0.0,0.0,0.0,0.0,0.0
2026-09-28 06:00:00,38,23,2026-10-10 00:00:00,11 days 18:00:00,282,19.74,-93.0,996.4,42.9,235.3638677323952,266.13844358237884,250.36220558691457,169.23993317301938,207.8655777711008,0.0,0.0,0.0,0.0,0.0,0.0,0.0,0.0
2026-09-28 06:00:00,38,23,2026-10-10 06:00:00,12 days 00:00:00,288,19.52,-93.14,999.4,37.3,139.61241835090175,219.98963574727352,192.75852217550317,133.59038375821862,185.95627149746716,0.0,0.0,0.0,0.0,0.0,0.0,0.0,0.0
2026-09-28 06:00:00,38,23,2026-10-10 12:00:00,12 days 06:00:00,294,19.98,-93.17,997.6,36.6,94.30560714233776,94.96277323196932,82.39227186335711,46.68553760888637,68.76828159960536,0.0,0.0,0.0,0.0,0.0,0.0,0.0,0.0
2026-09-28 06:00:00,38,23,2026-10-10 18:00:00,12 days 12:00:00,300,20.94,-93.67,1003.7,45.7,103.24479890811756,209.7661775448225,181.4488207330246,113.99050234223569,168.03998227549278,0.0,0.0,0.0,0.0,0.0,0.0,0.0,0.0
2026-09-28 06:00:00,38,23,2026-10-11 00:00:00,12 days 18:00:00,306,21.96,-94.21,998.7,44.7,187.77366976765097,323.4175103094501,295.4620537692838,210.15550139768789,251.8989668621041,0.0,0.0,0.0,0.0,0.0,0.0,0.0,0.0
2026-09-28 06:00:00,38,23,2026-10-11 06:00:00,13 days 00:00:00,312,22.79,-94.34,998.4,46.7,97.96174048535391,104.14544168742223,85.86633210236135,44.538100712137606,73.27143978300546,0.0,0.0,0.0,0.0,0.0,0.0,0.0,0.0
2026-09-28 06:00:00,38,23,2026-10-11 12:00:00,13 days 06:00:00,318,23.3,-94.62,998.9,51.2,96.93236112367734,198.85268792006872,165.0393215030175,106.54276650827674,143.72956651680138,96.93236112367734,0.0,0.0,0.2860683881132111,0.0,0.0,0.0,0.0
2026-09-28 06:00:00,38,23,2026-10-11 18:00:00,13 days 12:00:00,324,24.65,-94.62,994.3,56.3,47.7396691317586,177.37791062435406,154.25768039476304,89.09226804087325,127.83683947840548,47.7396691317586,26.491725232755627,14.439413079945991,19.35235908290906,0.0,0.0,0.0,0.0
2026-09-28 06:00:00,38,23,2026-10-12 00:00:00,13 days 18:00:00,330,25.35,-94.23,987.0,66.0,41.42799023247804,173.654241508374,170.71132609504264,97.00098304290586,122.21955628862584,58.58663346224992,49.37745621476958,32.06820635480408,38.0744563567942,41.42799023247804,0.0,0.0,0.0
2026-09-28 06:00:00,38,23,2026-10-12 06:00:00,14 days 00:00:00,336,25.72,-93.56,990.1,52.4,34.03829999661784,125.2044150099174,132.98689701192862,80.7323288939487,90.77953472023177,65.69669209884029,56.01802608944468,37.11353988185888,44.82563430658144,0.0,0.0,0.0,0.0
2026-09-28 06:00:00,38,23,2026-10-12 12:00:00,14 days 06:00:00,342,26.31,-92.58,986.1,68.5,15.516511951975277,98.38951551166728,105.27537016704042,47.92785468701767,62.88641764801409,37.23304594373003,31.41050406038734,16.646135097569886,27.205626165946622,15.516511951975277,0.0,0.0,0.0
2026-09-28 06:00:00,38,23,2026-10-12 18:00:00,14 days 12:00:00,348,27.18,-91.66,986.9,64.6,57.55770055875564,211.75038800306905,229.63370205649156,143.84635783393605,149.02298917430198,57.55770055875564,57.55770055875564,33.50027688372393,36.055457629003286,0.0,57.55770055875564,0.5526081751385448,0.0
2026-09-28 06:00:00,38,23,2026-10-13 00:00:00,14 days 18:00:00,354,27.99,-90.32,981.6,69.8,30.471956885583268,75.31113066732496,117.17718360465096,42.36512286678379,43.8588730196214,0.0,30.471956885583268,0.4138734305106268,0.0,0.0,30.471956885583268,0.4138734305106268,0.0
2026-09-28 06:00:00,38,23,2026-10-13 06:00:00,15 days 00:00:00,360,28.59,-88.0,974.4,74.1,16.049488862990934,107.34346609214018,122.86337199313633,80.60936187403031,74.7226709425742,69.59120392081607,61.9904456550404,40.44163440122721,45.60754968829649,16.049488862990934,6.635541166259795,5.012010624783716,8.46410052460348
2026-09-28 06:00:00,45,23,2026-10-10 12:00:00,12 days 06:00:00,294,11.45,128.74,1004.6,17.1,66.95660413418139,0.0,0.0,0.0,0.0,0.0,0.0,0.0,0.0,0.0,0.0,0.0,0.0
2026-09-28 06:00:00,45,23,2026-10-10 18:00:00,12 days 12:00:00,300,11.4,128.55,1000.2,25.1,72.68204670438594,0.0,0.0,0.0,0.0,0.0,0.0,0.0,0.0,0.0,0.0,0.0,0.0
2026-09-28 06:00:00,45,23,2026-10-11 00:00:00,12 days 18:00:00,306,11.93,128.79,1003.9,21.8,92.93876697834114,0.0,0.0,0.0,0.0,0.0,0.0,0.0,0.0,0.0,0.0,0.0,0.0
2026-09-28 06:00:00,45,23,2026-10-11 06:00:00,13 days 00:00:00,312,12.02,129.8,1001.2,28.3,94.05363797151422,0.0,0.0,0.0,0.0,0.0,0.0,0.0,0.0,0.0,0.0,0.0,0.0
2026-09-28 06:00:00,45,23,2026-10-11 12:00:00,13 days 06:00:00,318,12.27,129.2,1004.0,26.4,107.42401295862987,0.0,0.0,0.0,0.0,0.0,0.0,0.0,0.0,0.0,0.0,0.0,0.0
2026-09-28 06:00:00,45,23,2026-10-11 18:00:00,13 days 12:00:00,324,12.53,130.43,1001.2,26.3,96.53305519073685,0.0,0.0,0.0,0.0,0.0,0.0,0.0,0.0,0.0,0.0,0.0,0.0
2026-09-28 06:00:00,45,23,2026-10-12 00:00:00,13 days 18:00:00,330,13.23,130.36,1004.1,19.4,83.68762260741948,0.0,0.0,0.0,0.0,0.0,0.0,0.0,0.0,0.0,0.0,0.0,0.0
2026-09-28 06:00:00,45,23,2026-10-12 06:00:00,14 days 00:00:00,336,13.67,130.69,1001.3,30.7,41.373114417847496,0.0,0.0,0.0,0.0,0.0,0.0,0.0,0.0,0.0,0.0,0.0,0.0
2026-09-28 06:00:00,45,23,2026-10-12 12:00:00,14 days 06:00:00,342,13.61,130.72,1001.7,28.1,48.99997555956446,0.0,0.0,0.0,0.0,0.0,0.0,0.0,0.0,0.0,0.0,0.0,0.0
2026-09-28 06:00:00,45,23,2026-10-12 18:00:00,14 days 12:00:00,348,13.74,129.9,999.7,29.0,68.79545845760472,0.0,0.0,0.0,0.0,0.0,0.0,0.0,0.0,0.0,0.0,0.0,0.0
2026-09-28 06:00:00,45,23,2026-10-13 00:00:00,14 days 18:00:00,354,13.67,130.14,998.4,37.0,104.88033606824884,104.88033606824884,37.51752433746559,28.161094237013128,39.47634795154019,0.0,0.0,0.0,0.0,0.0,0.0,0.0,0.0
2026-09-28 06:00:00,45,23,2026-10-13 06:00:00,15 days 00:00:00,360,14.15,129.89,1000.0,33.3,59.99870603733462,0.0,0.0,0.0,0.0,0.0,0.0,0.0,0.0,0.0,0.0,0.0,0.0
2026-09-28 06:00:00,5,23,2026-09-29 06:00:00,1 days 00:00:00,24,15.81,154.28,1005.8,19.4,119.10684532557651,0.0,0.0,0.0,0.0,0.0,0.0,0.0,0.0,0.0,0.0,0.0,0.0
2026-09-28 06:00:00,5,23,2026-09-29 12:00:00,1 days 06:00:00,30,16.28,153.96,1006.3,18.2,116.37147976173028,0.0,0.0,0.0,0.0,0.0,0.0,0.0,0.0,0.0,0.0,0.0,0.0
2026-09-28 06:00:00,5,23,2026-09-29 18:00:00,1 days 12:00:00,36,15.96,152.82,1006.2,17.3,130.22325459983404,0.0,0.0,0.0,0.0,0.0,0.0,0.0,0.0,0.0,0.0,0.0,0.0
2026-09-28 06:00:00,5,23,2026-09-30 00:00:00,1 days 18:00:00,42,15.5,152.01,1004.1,21.4,73.75785968052696,0.0,0.0,0.0,0.0,0.0,0.0,0.0,0.0,0.0,0.0,0.0,0.0
2026-09-28 06:00:00,5,23,2026-09-30 06:00:00,2 days 00:00:00,48,15.81,151.6,1003.3,23.7,88.4228714344556,0.0,0.0,0.0,0.0,0.0,0.0,0.0,0.0,0.0,0.0,0.0,0.0
2026-09-28 06:00:00,5,23,2026-09-30 12:00:00,2 days 06:00:00,54,16.07,150.65,1003.2,24.1,83.55504634125812,0.0,0.0,0.0,0.0,0.0,0.0,0.0,0.0,0.0,0.0,0.0,0.0
2026-09-28 06:00:00,5,23,2026-09-30 18:00:00,2 days 12:00:00,60,16.44,149.38,999.2,31.4,85.96248277290172,0.0,0.0,0.0,0.0,0.0,0.0,0.0,0.0,0.0,0.0,0.0,0.0
2026-09-28 06:00:00,5,23,2026-10-01 00:00:00,2 days 18:00:00,66,16.29,148.39,994.0,37.6,56.6507461147778,4.614728076554741,1.8984237270423705,56.6507461147778,4.502638224398908,0.0,0.0,0.0,0.0,0.0,0.0,0.0,0.0
2026-09-28 06:00:00,5,23,2026-10-01 06:00:00,3 days 00:00:00,72,16.46,147.47,999.8,37.7,66.26346616849719,66.26346616849719,16.839945617022934,11.13251344606605,21.354148400617557,0.0,0.0,0.0,0.0,0.0,0.0,0.0,0.0
2026-09-28 06:00:00,5,23,2026-10-01 12:00:00,3 days 06:00:00,78,16.5,146.61,994.6,52.1,79.99282468438312,120.22838237847527,98.67094653902969,79.99282468438312,107.57462414199549,0.0,0.0,79.99282468438312,0.0,0.0,0.0,0.0,0.0
2026-09-28 06:00:00,5,23,2026-10-01 18:00:00,3 days 12:00:00,84,17.13,145.89,991.3,53.9,52.61196755175287,173.78716937480934,160.07840415030745,125.79492714339491,145.89264681214496,52.61196755175287,0.6620925773090232,0.0,0.2018549191443126,0.0,0.0,0.0,0.0
2026-09-28 06:00:00,5,23,2026-10-02 00:00:00,3 days 18:00:00,90,17.28,144.93,977.9,71.0,14.473895826237774,246.2530629859362,208.82524782264184,171.8527953473576,226.1579665808989,139.98292399938651,122.92995981542244,100.10969487730972,119.30517942070378,43.8630898901063,39.045149698131056,32.225402401280455,37.634192700844665
2026-09-28 06:00:00,5,23,2026-10-02 06:00:00,4 days 00:00:00,96,17.78,144.94,978.9,66.9,43.84793807935407,238.4057775903688,241.5916979574536,187.4243633760998,189.82772806425783,91.21316589485048,86.6731078212768,62.83061175483755,67.94832709050138,43.84793807935407,2.26589975860821,0.5103787062677174,0.4557648568453114
2026-09-28 06:00:00,5,23,2026-10-02 12:00:00,4 days 06:00:00,102,17.81,144.62,927.0,127.9,26.57374143897252,242.648205650617,233.60147178564372,190.6320238523781,207.06867694235493,96.2836585686236,89.65800243587611,71.27375683019181,82.21615808405221,56.34556126245337,49.94313187426991,41.76729727022632,48.75437130434256
2026-09-28 06:00:00,5,23,2026-10-02 18:00:00,4 days 12:00:00,108,18.3,144.43,934.9,122.2,15.95773402529714,429.7381795095095,433.04676473579497,350.80875584679893,359.6504387796287,210.83201470649536,218.65152865341335,180.1167245857663,178.10130318291553,95.65971613897548,93.25061151174609,78.66636519389203,82.35894784810631
2026-09-28 06:00:00,5,23,2026-10-03 00:00:00,4 days 18:00:00,114,18.75,144.98,940.8,115.9,40.57492541113126,271.57851437751594,292.4322433067085,240.01511878814236,220.6142180124615,146.03407545487573,158.77945842807517,134.15868291062483,127.3043913674574,101.34335161298822,98.4316147606614,84.2793424556048,87.09030625026315
2026-09-28 06:00:00,5,23,2026-10-03 06:00:00,5 days 00:00:00,120,19.47,145.61,919.1,138.7,19.814105152651827,328.5655180561936,365.11837710755617,294.21061468053455,264.80086492065595,112.53258752906903,128.12133226183073,102.63832145321028,91.9806730951268,67.29470480718746,66.04530203197771,55.39225347316395,57.01171285752639
2026-09-28 06:00:00,5,23,2026-10-03 12:00:00,5 days 06:00:00,126,20.42,145.73,909.7,147.1,6.655919956090603,283.4290833587063,338.30868217040586,292.175327647794,255.0565072396608,41.59617078639064,57.56354443984584,44.39409183533213,36.79921163707296,41.59617078639064,42.52876390279407,35.09989108333361,36.79921163707296
2026-09-28 06:00:00,5,23,2026-10-03 18:00:00,5 days 12:00:00,132,21.08,146.02,909.6,145.2,21.333876125058424,424.918880543467,434.09445482233366,389.4463084333422,388.142623710664,194.30591380728436,207.8591260728489,173.90043322589725,168.94096099954322,95.24359045178304,95.68477372768008,80.37059978001847,84.37235384069508
2026-09-28 06:00:00,5,23,2026-10-04 00:00:00,5 days 18:00:00,138,21.51,146.16,922.5,140.1,41.927131774360056,374.5032192448716,420.55170552973993,365.6664591288488,335.8095579496587,189.84343637103936,208.46822592017855,179.1947744627613,165.49267528083695,117.08563291817318,119.05786300259324,102.57915682687415,101.77847899912982
2026-09-28 06:00:00,5,23,2026-10-04 06:00:00,6 days 00:00:00,144,22.19,146.39,915.9,127.6,9.100120455395412,410.2795460373046,410.2270746358365,354.1954329908189,390.5978316066689,240.20960211584824,239.2894818559924,203.730112835806,210.10888535770655,132.52097964555185,132.4103321322131,112.82518124046696,116.54346035683028
2026-09-28 06:00:00,5,23,2026-10-04 12:00:00,6 days 06:00:00,150,23.14,146.25,920.9,131.8,24.84391660612944,498.0574503380978,480.98964825086136,422.9637817983498,441.1131636992204,257.7013855777929,259.80268162580336,220.3428305888421,223.58050741404924,147.04259388439985,144.93237010661255,120.178997817195,128.5856866582574
2026-09-28 06:00:00,5,23,2026-10-04 18:00:00,6 days 12:00:00,156,24.14,146.33,911.3,136.6,33.85277259671972,420.4427512650002,414.05820606543006,369.5904569288457,377.27455458006455,200.716393600334,192.34127685104409,159.11881579644665,171.30821603779424,99.07001498289011,96.4034345727648,80.35008822984476,87.13497238510955
2026-09-28 06:00:00,5,23,2026-10-05 00:00:00,6 days 18:00:00,162,24.78,145.94,920.7,119.0,47.57893216780497,526.8467606016119,510.5321305319408,431.9653774718985,456.577690025135,296.9030831364302,297.2512688628868,248.3999454276436,260.56356687412097,149.14888957198238,149.20156038062595,121.96130565195432,129.84259575237914
2026-09-28 06:00:00,5,23,2026-10-05 06:00:00,7 days 00:00:00,168,25.88,146.06,910.2,137.8,21.27334513502779,386.7901259916959,397.800588665244,337.41274213207544,335.7094576493949,154.78970702773802,164.41299545445708,133.53663566294824,130.26941948759804,67.45454846113282,64.0712776984046,54.46436381639375,57.71956471001431
2026-09-28 06:00:00,5,23,2026-10-05 12:00:00,7 days 06:00:00,174,27.49,146.06,899.3,147.8,31.121938103048716,532.4111084651506,540.8786702537797,484.6579979338688,482.766928494521,240.27474269670023,243.74993510886057,207.1839905535918,210.23594802989288,125.32326108647652,125.56805521591528,107.8426784026964,111.96554138340387
2026-09-28 06:00:00,5,23,2026-10-05 18:00:00,7 days 12:00:00,180,28.73,146.06,914.4,125.7,30.29839941572949,441.4651209689267,460.33532208085455,381.4247444130579,378.0322769543796,227.5674338496298,236.6437956582111,194.7706223291009,196.95804806892195,126.73389063656316,125.53099709343336,105.43275074309426,111.91079662667538
2026-09-28 06:00:00,5,23,2026-10-06 00:00:00,7 days 18:00:00,186,30.13,146.46,936.1,100.2,42.02189576281094,408.7960384099489,432.1689186174125,350.35391247871627,336.54975912029244,211.17923832246296,221.6840109773092,183.8702862033105,181.2198931461645,114.20433588473053,114.75817124647978,94.89084757893032,98.79295523836836
2026-09-28 06:00:00,5,23,2026-10-06 06:00:00,8 days 00:00:00,192,32.19,147.7,940.5,104.3,49.10162421562035,283.3499945072837,347.71370708467583,292.8718943328696,208.91850585751988,61.74482798606125,84.57041838561697,63.92834865328902,51.85565318582002,8.924987419617754,49.10162421562035,8.26862171574046,6.320192143588784
2026-09-28 06:00:00,5,23,2026-10-06 12:00:00,8 days 06:00:00,198,33.78,149.48,955.1,87.4,35.49690442254993,336.3229334495932,390.30002360546746,312.54071169341967,258.52898937809493,55.4204528433587,69.76802938843682,52.79780209767651,43.66878624391016,0.0,35.49690442254993,0.1532663904144007,0.0
2026-09-28 06:00:00,5,23,2026-10-06 18:00:00,8 days 12:00:00,204,36.21,151.39,974.0,62.0,98.05305863034128,444.16463667451126,543.8591282391396,431.61760034200097,342.1052696633386,236.3840641596306,257.9905382563072,215.5965178893992,195.51150515756572,0.0,0.0,0.0,0.0
2026-09-28 06:00:00,5,23,2026-10-07 00:00:00,8 days 18:00:00,210,39.22,154.54,969.1,60.0,78.91116616049356,298.85925000905104,365.4198313223978,304.0291538757799,227.14367476403456,72.10358623167107,83.14022662262664,59.31616305661467,47.8861803386265,0.0,0.0,0.0,0.0
2026-09-28 06:00:00,5,23,2026-10-07 06:00:00,9 days 00:00:00,216,41.91,158.53,977.6,53.2,140.0215516292584,240.78677231945187,316.7338208898516,245.33279104133817,184.20291641162623,65.08424887317611,140.0215516292584,57.11662166517752,44.18916573794195,0.0,0.0,0.0,0.0
2026-09-28 06:00:00,5,23,2026-10-07 12:00:00,9 days 06:00:00,222,44.95,163.5,973.0,49.5,137.03911067086196,320.9184451626571,392.62797045368586,321.614969703547,266.77606300109096,0.0,0.0,0.0,0.0,0.0,0.0,0.0,0.0
2026-09-28 06:00:00,5,23,2026-10-07 18:00:00,9 days 12:00:00,228,49.39,167.0,963.2,47.9,177.8835360674375,0.0,47.60253178649441,177.8835360674375,0.0,0.0,0.0,0.0,0.0,0.0,0.0,0.0,0.0
2026-09-28 06:00:00,5,23,2026-10-08 00:00:00,9 days 18:00:00,234,52.77,170.85,949.6,49.9,197.7126748681112,51.56262314530159,114.60133054077232,197.7126748681112,55.037715810166446,0.0,0.0,0.0,0.0,0.0,0.0,0.0,0.0
2026-09-28 06:00:00,AL062026,23,2026-09-28 06:00:00,0 days 00:00:00,0,28.3,-43.8,1012.0,25.0,56.0,0.0,0.0,0.0,0.0,0.0,0.0,0.0,0.0,0.0,0.0,0.0,0.0
2026-09-28 06:00:00,AL062026,23,2026-09-28 12:00:00,0 days 06:00:00,6,27.48,-44.64,1009.6,28.6,75.21019629879277,0.0,0.0,0.0,0.0,0.0,0.0,0.0,0.0,0.0,0.0,0.0,0.0
2026-09-28 06:00:00,AL062026,23,2026-09-28 18:00:00,0 days 12:00:00,12,26.69,-44.99,1009.5,31.2,108.90739938723092,0.0,0.0,0.0,0.0,0.0,0.0,0.0,0.0,0.0,0.0,0.0,0.0
2026-09-28 06:00:00,AL062026,23,2026-09-29 00:00:00,0 days 18:00:00,18,25.97,-45.92,1009.1,35.1,37.30578166704657,0.0,0.0,37.30578166704657,0.7175403343382314,0.0,0.0,0.0,0.0,0.0,0.0,0.0,0.0
2026-09-28 06:00:00,AL062026,23,2026-09-29 06:00:00,1 days 00:00:00,24,25.17,-46.46,1008.9,33.2,82.1029172474482,0.0,0.0,0.0,0.0,0.0,0.0,0.0,0.0,0.0,0.0,0.0,0.0
2026-09-28 06:00:00,AL062026,23,2026-09-29 12:00:00,1 days 06:00:00,30,23.73,-47.56,1011.1,30.9,87.51144170769336,0.0,0.0,0.0,0.0,0.0,0.0,0.0,0.0,0.0,0.0,0.0,0.0
2026-09-28 06:00:00,AL912026(2),23,2026-09-28 06:00:00,0 days 00:00:00,0,36.3,-53.1,1013.0,29.0,148.0,0.0,0.0,0.0,0.0,0.0,0.0,0.0,0.0,0.0,0.0,0.0,0.0
2026-09-28 06:00:00,AL912026(2),23,2026-09-28 12:00:00,0 days 06:00:00,6,36.62,-51.26,1003.0,45.2,84.57391394883223,97.88226360645784,94.918515927959,48.5391756062524,68.60401903997507,0.0,0.0,0.0,0.0,0.0,0.0,0.0,0.0
2026-09-28 06:00:00,AL912026(2),23,2026-09-28 18:00:00,0 days 12:00:00,12,36.8,-49.35,1005.4,40.7,76.80151160238566,22.25047570194248,76.80151160238566,3.968786872567613,12.37036551027948,0.0,0.0,0.0,0.0,0.0,0.0,0.0,0.0
2026-09-28 06:00:00,AL912026(2),23,2026-09-29 00:00:00,0 days 18:00:00,18,36.0,-47.6,1006.4,32.5,49.56192790125826,0.0,0.0,0.0,0.0,0.0,0.0,0.0,0.0,0.0,0.0,0.0,0.0
2026-09-28 06:00:00,AL912026(2),23,2026-09-29 06:00:00,1 days 00:00:00,24,35.11,-45.83,1005.2,34.5,152.39612457209216,177.30900810220123,161.64044056405567,122.48183278766123,145.95793494552947,0.0,0.0,0.0,0.0,0.0,0.0,0.0,0.0
2026-09-28 06:00:00,AL912026(2),23,2026-09-29 12:00:00,1 days 06:00:00,30,34.32,-44.81,1004.2,36.6,108.2418144773179,1.6999153967391791,2.8565536448492,0.0,108.2418144773179,0.0,0.0,0.0,0.0,0.0,0.0,0.0,0.0
2026-09-28 06:00:00,AL912026(2),23,2026-09-29 18:00:00,1 days 12:00:00,36,33.9,-43.81,1003.9,38.5,51.58762304953086,51.58762304953086,0.0,0.0,0.7767359957557574,0.0,0.0,0.0,0.0,0.0,0.0,0.0,0.0
2026-09-28 06:00:00,AL912026(2),23,2026-09-30 00:00:00,1 days 18:00:00,42,33.26,-42.55,1005.2,37.8,65.65715262730919,74.05696494874951,61.74579697016384,33.98362740028404,62.37846150744394,0.0,0.0,0.0,0.0,0.0,0.0,0.0,0.0
2026-09-28 06:00:00,AL912026(2),23,2026-09-30 06:00:00,2 days 00:00:00,48,33.49,-41.32,1003.2,38.5,111.4898004933749,246.4568115536763,224.3428274692244,148.93656734807564,204.3312344645592,0.0,0.0,0.0,0.0,0.0,0.0,0.0,0.0
2026-09-28 06:00:00,AL912026(2),23,2026-09-30 12:00:00,2 days 06:00:00,54,33.19,-40.92,1003.8,35.6,102.74143551779493,102.74143551779493,0.0,0.0,0.0,0.0,0.0,0.0,0.0,0.0,0.0,0.0,0.0
2026-09-28 06:00:00,AL912026(2),23,2026-09-30 18:00:00,2 days 12:00:00,60,33.67,-40.31,1008.2,29.9,104.01332045531802,0.0,0.0,0.0,0.0,0.0,0.0,0.0,0.0,0.0,0.0,0.0,0.0
2026-09-28 06:00:00,AL912026(2),23,2026-10-01 00:00:00,2 days 18:00:00,66,33.6,-39.32,1004.6,31.7,95.25072524831288,0.0,0.0,0.0,0.0,0.0,0.0,0.0,0.0,0.0,0.0,0.0,0.0
2026-09-28 06:00:00,AL912026(2),23,2026-10-01 06:00:00,3 days 00:00:00,72,34.57,-39.11,1008.4,34.1,115.02286385681816,152.5543755556591,145.08569858395254,94.30176753636124,126.36582958013298,0.0,0.0,0.0,0.0,0.0,0.0,0.0,0.0
2026-09-28 06:00:00,AL912026(2),23,2026-10-01 12:00:00,3 days 06:00:00,78,35.11,-38.18,1009.1,31.6,78.76244707815306,0.0,0.0,0.0,0.0,0.0,0.0,0.0,0.0,0.0,0.0,0.0,0.0
2026-09-28 06:00:00,AL912026(2),23,2026-10-01 18:00:00,3 days 12:00:00,84,35.75,-37.03,1008.3,32.0,140.87575706271468,0.0,0.0,0.0,0.0,0.0,0.0,0.0,0.0,0.0,0.0,0.0,0.0
2026-09-28 06:00:00,AL912026(2),23,2026-10-02 00:00:00,3 days 18:00:00,90,36.11,-35.56,1009.8,26.1,91.24537268730916,0.0,0.0,0.0,0.0,0.0,0.0,0.0,0.0,0.0,0.0,0.0,0.0
2026-09-28 06:00:00,AL912026(2),23,2026-10-02 06:00:00,4 days 00:00:00,96,36.57,-34.12,1005.2,37.2,133.05456596136634,148.59731603862863,145.47033392776103,108.45098317837876,122.74665801951892,0.0,0.0,0.0,0.0,0.0,0.0,0.0,0.0
2026-09-28 06:00:00,EP152026(2),23,2026-09-28 06:00:00,0 days 00:00:00,0,16.4,-160.8,929.0,134.0,28.0,241.0,185.0,148.0,204.0,93.0,74.0,74.0,93.0,56.0,46.0,37.0,46.0
2026-09-28 06:00:00,EP152026(2),23,2026-09-28 12:00:00,0 days 06:00:00,6,16.7,-161.88,932.1,130.0,20.722144885364628,224.7002754894679,152.65813408455006,129.19480926841015,203.22608528115325,126.26263506595932,95.18675170115124,69.30141352042983,104.67379271913364,70.32559255406079,57.78188237462496,46.95046861479932,63.002403634087614
2026-09-28 06:00:00,EP152026(2),23,2026-09-28 18:00:00,0 days 12:00:00,12,17.27,-162.58,945.7,119.5,26.175525095419918,219.7073811077653,156.68944587478586,99.70966857250642,180.9993205641076,125.98212840064456,91.90918486324664,63.08867804921732,99.73971908424755,67.64753577679545,55.68652991049174,44.0876380574976,60.46263564416654
2026-09-28 06:00:00,EP152026(2),23,2026-09-29 00:00:00,0 days 18:00:00,18,18.35,-163.42,948.5,112.3,0.0,159.9207794179979,130.58005553797034,92.76200153631784,130.11810113559238,51.96442734835,39.51315683468465,23.61755196718096,42.39113383979196,31.607455532989263,24.684552114455244,18.034138143397342,26.93639750726743
2026-09-28 06:00:00,EP152026(2),23,2026-09-29 06:00:00,1 days 00:00:00,24,19.37,-163.68,942.5,115.6,0.0,123.40880345027836,116.2808302995602,98.05725814867652,96.71722319360016,18.93902671896308,15.598515970206291,10.995766479453437,16.063650123353938,18.93902671896308,15.598515970206291,10.995766479453437,16.063650123353938
2026-09-28 06:00:00,EP152026(2),23,2026-09-29 12:00:00,1 days 06:00:00,30,20.3,-163.96,959.5,97.8,20.13302844138667,195.87342490605897,198.2085131154356,124.43330907515656,150.067481465912,63.8078760281133,49.83842577652706,27.218759284523344,50.069932457666255,23.98510184812801,19.88453690906996,14.442938130389656,20.949587718060428
2026-09-28 06:00:00,EP152026(2),23,2026-09-29 18:00:00,1 days 12:00:00,36,21.36,-163.68,971.5,88.3,13.782957996924283,168.62662038053764,185.1287477728678,149.83660620371126,139.45195408978014,13.782957996924283,2.2007918930759045,0.0,2.9735460801997746,13.782957996924283,0.0,0.0,0.0
2026-09-28 06:00:00,EP152026(2),23,2026-09-30 00:00:00,1 days 18:00:00,42,22.21,-163.56,981.6,67.0,22.23529102944261,220.5503862626547,201.29747785764343,130.29785322246772,196.6556256713094,133.49064289543676,109.42469160445567,74.69735265146626,104.74129896357454,37.21910368489967,32.01597910045216,22.88267891698391,30.17958444125956
2026-09-28 06:00:00,EP152026(2),23,2026-09-30 06:00:00,2 days 00:00:00,48,22.45,-163.4,983.0,65.6,41.49841395455603,204.05795496217823,184.63675244252704,130.14392229494266,140.87915197989923,41.49841395455603,27.286868331147996,15.323609812231265,18.66892814557503,41.49841395455603,0.0,0.0,0.0
2026-09-28 06:00:00,EP152026(2),23,2026-09-30 12:00:00,2 days 06:00:00,54,22.83,-163.56,990.3,56.0,43.85483198926224,173.39854621423632,161.07316226808223,144.23992387298182,144.11788028604764,43.85483198926224,0.0,0.0,0.0,0.0,0.0,0.0,0.0
2026-09-28 06:00:00,EP152026(2),23,2026-09-30 18:00:00,2 days 12:00:00,60,22.8,-163.77,991.3,47.9,62.21331516081574,238.1651012643415,212.3025328331369,170.3916506926803,196.1516876045248,0.0,0.0,0.0,0.0,0.0,0.0,0.0,0.0
2026-09-28 06:00:00,EP152026(2),23,2026-10-01 00:00:00,2 days 18:00:00,66,22.76,-163.99,991.0,44.6,60.40324952474684,60.40324952474684,2.578699821861008,3.574048264352797,4.74406751644441,0.0,0.0,0.0,0.0,0.0,0.0,0.0,0.0
2026-09-28 06:00:00,EP152026(2),23,2026-10-01 06:00:00,3 days 00:00:00,72,22.4,-164.61,994.1,41.3,56.084379759611664,8.405560763829271,8.349714790781853,7.172912349169906,56.084379759611664,0.0,0.0,0.0,0.0,0.0,0.0,0.0,0.0
2026-09-28 06:00:00,EP152026(2),23,2026-10-01 12:00:00,3 days 06:00:00,78,23.11,-165.03,999.4,44.7,68.98492408227688,174.37396634935743,148.33477738839858,112.9627199599659,136.8289000081547,0.0,0.0,0.0,0.0,0.0,0.0,0.0,0.0
2026-09-28 06:00:00,EP152026(2),23,2026-10-01 18:00:00,3 days 12:00:00,84,23.92,-166.21,993.2,44.7,110.89956010125816,239.55561865125583,199.5837228459926,145.40688730600849,199.70293650181804,0.0,0.0,0.0,0.0,0.0,0.0,0.0,0.0
2026-09-28 06:00:00,EP152026(2),23,2026-10-02 00:00:00,3 days 18:00:00,90,24.45,-167.25,989.6,48.2,66.93202106198707,227.86498030634093,205.4326024080318,189.0944419466183,195.78154290926824,0.0,0.0,0.0,0.0,0.0,0.0,0.0,0.0
2026-09-28 06:00:00,EP152026(2),23,2026-10-02 06:00:00,4 days 00:00:00,96,24.51,-168.27,982.8,53.7,92.3605949649338,208.2080714360222,203.55933147518763,156.56699624607776,161.16400369783526,92.3605949649338,4.752473702603773,1.636061122730556,7.970758265339546,0.0,0.0,0.0,0.0
2026-09-28 06:00:00,EP152026(2),23,2026-10-02 12:00:00,4 days 06:00:00,102,24.7,-168.53,990.3,52.1,59.65200771768758,210.34504117498275,171.55618555976343,138.62258415902693,182.4498522202657,59.65200771768758,30.52188224390207,17.454036572413827,32.71812276639136,0.0,0.0,0.0,0.0
2026-09-28 06:00:00,EP152026(2),23,2026-10-02 18:00:00,4 days 12:00:00,108,24.5,-169.05,990.9,53.5,74.82156777575503,2.7943567034221197,0.819961497938996,74.82156777575503,74.82156777575503,0.0,0.5369713006464885,74.82156777575503,0.6262333149722634,0.0,0.0,0.0,0.0
2026-09-28 06:00:00,EP152026(2),23,2026-10-03 00:00:00,4 days 18:00:00,114,24.63,-169.38,991.2,49.2,82.8749248292284,82.8749248292284,17.03573225389599,8.00727730027007,14.744110173254708,0.0,0.0,0.0,0.0,0.0,0.0,0.0,0.0
2026-09-28 06:00:00,EP152026(2),23,2026-10-03 06:00:00,5 days 00:00:00,120,24.64,-169.92,993.5,45.3,52.01339900482303,52.01339900482303,46.63166213731074,34.70458931401724,46.24764752581007,0.0,0.0,0.0,0.0,0.0,0.0,0.0,0.0
2026-09-28 06:00:00,EP152026(2),23,2026-10-03 12:00:00,5 days 06:00:00,126,24.4,-170.85,994.9,44.5,59.99844499370953,59.99844499370953,50.900818628764256,42.63493859990842,49.670633854186434,0.0,0.0,0.0,0.0,0.0,0.0,0.0,0.0
2026-09-28 06:00:00,EP152026(2),23,2026-10-03 18:00:00,5 days 12:00:00,132,24.09,-172.13,997.7,42.4,53.34431137555107,53.34431137555107,33.53586528658879,24.704114020222697,39.624124444219945,0.0,0.0,0.0,0.0,0.0,0.0,0.0,0.0
2026-09-28 06:00:00,EP152026(2),23,2026-10-04 00:00:00,5 days 18:00:00,138,24.41,-173.7,996.9,44.1,83.07929462124503,131.58486176553043,99.5596647019686,78.71429896512718,106.20419124585996,0.0,0.0,0.0,0.0,0.0,0.0,0.0,0.0
2026-09-28 06:00:00,EP152026(2),23,2026-10-04 06:00:00,6 days 00:00:00,144,24.28,-175.44,993.2,48.8,50.53289276934784,4.355015596440936,0.9637749459036264,5.767564930681422,50.53289276934784,0.0,0.0,0.0,0.0,0.0,0.0,0.0,0.0
2026-09-28 06:00:00,EP152026(2),23,2026-10-04 12:00:00,6 days 06:00:00,150,24.61,-177.0,988.3,60.9,60.03763934901408,240.9437943394716,208.9115749312136,157.8126813622394,186.60895782908443,60.03763934901408,0.5266751124974043,0.0,1.0348395520755007,0.0,0.0,0.0,0.0
2026-09-28 06:00:00,EP152026(2),23,2026-10-04 18:00:00,6 days 12:00:00,156,25.19,-178.27,986.3,65.5,32.51284435859091,206.37383128383715,168.46402867458156,108.89556226079556,154.40634873951345,36.488479386898426,23.62882625540246,9.566166290248376,22.618972402226618,32.51284435859091,0.0,0.0,0.1984365121358673
2026-09-28 06:00:00,EP152026(2),23,2026-10-05 00:00:00,6 days 18:00:00,162,26.09,-179.39,987.2,60.2,46.79793154500709,201.51402197112003,173.71727360011113,143.11314438704014,167.21211511338345,46.79793154500709,17.129271034063997,9.087051789825017,19.185226811410992,0.0,0.0,0.0,0.0
2026-09-28 06:00:00,EP152026(2),23,2026-10-05 06:00:00,7 days 00:00:00,168,26.7,179.8,979.5,72.6,61.46390656856312,219.75443086566696,198.4861073168837,144.41788580043757,172.42873359927648,61.46390656856312,0.2178593099768884,0.0,0.7543515703128048,61.46390656856312,0.2178593099768884,0.0,0.1729019920785321
2026-09-28 06:00:00,EP152026(2),23,2026-10-05 12:00:00,7 days 06:00:00,174,27.28,178.47,977.2,68.3,29.28560991348647,233.18603850381908,188.2598205584515,135.36536654345582,198.00991885288727,29.28560991348647,12.380517369332916,29.28560991348647,13.434418575322905,0.0,0.0,29.28560991348647,0.0
2026-09-28 06:00:00,EP152026(2),23,2026-10-05 18:00:00,7 days 12:00:00,180,27.32,177.28,985.8,62.8,45.1554885188204,232.27602777496656,200.029234247036,132.0553542620886,184.29298926732164,96.47451427475276,77.41678897967887,54.75449496383595,77.81526582139317,0.0,0.0,0.0,0.0
2026-09-28 06:00:00,EP152026(2),23,2026-10-06 00:00:00,7 days 18:00:00,186,27.01,175.91,983.9,66.8,92.29225406911364,171.73129026570675,143.78404326932153,67.06387238608781,127.98452665452004,92.29225406911364,41.91505354241497,22.541221325299063,46.78460993955857,92.29225406911364,4.136544969647854,2.2506604788511875,7.030407707884662
2026-09-28 06:00:00,EP152026(2),23,2026-10-06 06:00:00,8 days 00:00:00,192,26.84,174.39,980.9,70.7,43.63114183547605,203.38381298640817,160.8542765150522,119.45654206729598,180.76935813648896,51.42576114055018,32.087759447705615,20.663568844458048,39.32108840615743,43.63114183547605,0.0,0.0,0.0
2026-09-28 06:00:00,EP152026(2),23,2026-10-06 12:00:00,8 days 06:00:00,198,26.74,172.61,992.1,55.7,30.67749794535623,119.11270646912304,76.37110404698603,56.12661714617312,102.38702090620076,1.7280404557201594,0.0,0.0,30.67749794535623,0.0,0.0,0.0,0.0
2026-09-28 06:00:00,EP152026(2),23,2026-10-06 18:00:00,8 days 12:00:00,204,26.73,170.8,1001.3,48.4,79.76455716318995,124.1007018737494,92.43793316015189,61.07971721469322,94.48243986123968,0.0,0.0,0.0,0.0,0.0,0.0,0.0,0.0
2026-09-28 06:00:00,EP152026(2),23,2026-10-07 00:00:00,8 days 18:00:00,210,27.07,169.1,1000.8,36.5,48.91084459718496,48.91084459718496,0.0,0.0,0.9672668151788352,0.0,0.0,0.0,0.0,0.0,0.0,0.0,0.0
2026-09-28 06:00:00,EP152026(2),23,2026-10-07 06:00:00,9 days 00:00:00,216,27.47,168.22,1006.3,30.0,110.4120993929458,0.0,0.0,0.0,0.0,0.0,0.0,0.0,0.0,0.0,0.0,0.0,0.0
2026-09-28 06:00:00,EP152026(2),23,2026-10-07 12:00:00,9 days 06:00:00,222,28.02,165.7,1003.2,34.6,91.73370440925378,91.73370440925378,2.096772672296757,0.0,7.678304562673498,0.0,0.0,0.0,0.0,0.0,0.0,0.0,0.0
2026-09-28 06:00:00,EP152026(2),23,2026-10-07 18:00:00,9 days 12:00:00,228,28.54,164.27,1006.9,30.3,120.25068484326748,0.0,0.0,0.0,0.0,0.0,0.0,0.0,0.0,0.0,0.0,0.0,0.0
2026-09-28 06:00:00,EP152026(2),23,2026-10-08 00:00:00,9 days 18:00:00,234,28.66,163.45,1007.6,27.7,118.08851683354136,0.0,0.0,0.0,0.0,0.0,0.0,0.0,0.0,0.0,0.0,0.0,0.0
2026-09-28 06:00:00,EP152026(2),23,2026-10-08 06:00:00,10 days 00:00:00,240,29.09,162.79,1007.9,23.0,48.522141314623696,0.0,0.0,0.0,0.0,0.0,0.0,0.0,0.0,0.0,0.0,0.0,0.0
2026-09-28 06:00:00,EP152026(2),23,2026-10-08 12:00:00,10 days 06:00:00,246,29.82,161.87,1005.9,24.2,108.68706898740136,0.0,0.0,0.0,0.0,0.0,0.0,0.0,0.0,0.0,0.0,0.0,0.0
2026-09-28 06:00:00,EP152026(2),23,2026-10-08 18:00:00,10 days 12:00:00,252,30.18,161.13,1006.2,24.3,97.4890964805786,0.0,0.0,0.0,0.0,0.0,0.0,0.0,0.0,0.0,0.0,0.0,0.0
2026-09-28 06:00:00,EP152026(2),23,2026-10-09 00:00:00,10 days 18:00:00,258,30.62,160.84,1005.8,23.9,73.24461899771815,0.0,0.0,0.0,0.0,0.0,0.0,0.0,0.0,0.0,0.0,0.0,0.0
2026-09-28 06:00:00,EP152026(2),23,2026-10-09 06:00:00,11 days 00:00:00,264,31.25,161.61,1004.8,24.3,96.15996331477648,0.0,0.0,0.0,0.0,0.0,0.0,0.0,0.0,0.0,0.0,0.0,0.0
2026-09-28 06:00:00,EP152026(2),23,2026-10-09 12:00:00,11 days 06:00:00,270,33.6,162.61,1007.1,29.2,50.95216202173913,0.0,0.0,0.0,0.0,0.0,0.0,0.0,0.0,0.0,0.0,0.0,0.0
2026-09-28 06:00:00,EP172026,23,2026-09-28 06:00:00,0 days 00:00:00,0,23.2,-114.0,955.0,105.0,28.0,167.0,148.0,148.0,148.0,102.0,93.0,83.0,83.0,65.0,65.0,65.0,65.0
2026-09-28 06:00:00,EP172026,23,2026-09-28 12:00:00,0 days 06:00:00,6,24.09,-113.69,959.2,94.9,20.96096093632591,145.0484503009565,188.57990356983365,129.68969878885025,103.3163523708733,36.48497370528783,32.5352921389897,15.291835784283844,23.782200737734023,20.96096093632591,6.098135317637212,3.508114506001047,4.595436555851047
2026-09-28 06:00:00,EP172026,23,2026-09-28 18:00:00,0 days 12:00:00,12,24.98,-113.12,956.9,96.0,0.0,111.52725483425114,127.69827579583128,79.63141465149478,89.3838858387738,71.22488221378441,67.47335138370218,45.43439217448992,55.89060340218511,35.955173709144546,31.740868987890806,23.97061079217144,29.62141278075874
2026-09-28 06:00:00,EP172026,23,2026-09-29 00:00:00,0 days 18:00:00,18,25.3,-112.58,963.3,89.7,0.0,104.23837371508182,135.56447147124135,100.87796816951035,70.77760373593954,53.19343563963824,58.54496688275643,43.663156798832034,45.14374748846822,41.81106414548,39.38970669725197,31.275005450540007,33.09539871725918
2026-09-28 06:00:00,EP172026,23,2026-09-29 06:00:00,1 days 00:00:00,24,26.06,-111.48,980.3,66.3,6.74201698006398,79.15950824400097,103.2760213073574,62.65189089196737,59.31209668938082,25.55250439736806,30.69222944634464,25.97418305077398,22.54734895610625,0.0,6.74201698006398,1.2981150354645423,0.0
2026-09-28 06:00:00,EP172026,23,2026-09-29 12:00:00,1 days 06:00:00,30,27.16,-110.86,989.0,53.0,49.53383642467513,137.89891182173156,146.25271940909732,85.48127605288394,90.210764656989,49.53383642467513,18.50176904923688,7.78331213310855,9.933656722859716,0.0,0.0,0.0,0.0
2026-09-28 06:00:00,EP172026,23,2026-09-29 18:00:00,1 days 12:00:00,36,28.36,-109.95,995.8,40.7,53.74796397418325,0.0,53.74796397418325,0.0,0.0,0.0,0.0,0.0,0.0,0.0,0.0,0.0,0.0
2026-09-28 06:00:00,EP182026,23,2026-09-28 06:00:00,0 days 00:00:00,0,13.2,-100.0,1001.0,41.0,93.0,222.0,185.0,148.0,222.0,0.0,0.0,0.0,0.0,0.0,0.0,0.0,0.0
2026-09-28 06:00:00,EP182026,23,2026-09-28 12:00:00,0 days 06:00:00,6,13.28,-100.47,990.3,54.2,77.71113982173233,218.77898570357613,200.3809284233072,137.2702463154252,179.82712484893398,77.71113982173233,2.21434674672775,0.0,5.4166302153601,0.0,0.0,0.0,0.0
2026-09-28 06:00:00,EP182026,23,2026-09-28 18:00:00,0 days 12:00:00,12,13.55,-101.68,991.9,56.8,71.80328376692742,209.0559234795276,175.8552822744267,136.5804480497147,183.8377211202161,71.80328376692742,21.64691930706295,13.441529860154668,24.844638814248317,0.0,0.0,0.0,0.0
2026-09-28 06:00:00,EP182026,23,2026-09-29 00:00:00,0 days 18:00:00,18,13.79,-102.56,986.1,63.0,18.66404987526364,97.02713042976478,84.19004395667613,76.60439868638717,86.54839431890103,24.63562912562712,15.0477386982985,9.32045685466868,18.76547211005316,0.0,0.0,0.0,0.0
2026-09-28 06:00:00,EP182026,23,2026-09-29 06:00:00,1 days 00:00:00,24,14.2,-103.59,991.1,59.0,60.28705593817028,166.0519173791119,140.3747815948184,108.88032323459127,143.52211565705272,60.28705593817028,14.135763706849168,8.970455075846694,14.782568401072776,0.0,0.0,0.0,0.0
2026-09-28 06:00:00,EP182026,23,2026-09-29 12:00:00,1 days 06:00:00,30,14.69,-104.69,987.8,63.3,52.48452440739317,187.2787320506215,141.87615521052746,100.08045751339743,155.02848008890965,62.872264330735234,42.346644009718574,27.01929064223642,44.6386870700083,0.0,0.0,0.0,0.0
2026-09-28 06:00:00,EP182026,23,2026-09-29 18:00:00,1 days 12:00:00,36,15.46,-105.66,981.9,75.1,20.07647424634268,231.5017719658873,191.8123652892492,132.2242472741694,194.2157592746053,109.74613218967404,91.23698202039684,63.94675793980652,85.7636406911457,25.92865437366017,21.255997464876597,15.15814178510439,20.471269340552844
2026-09-28 06:00:00,EP182026,23,2026-09-30 00:00:00,1 days 18:00:00,42,16.63,-106.5,956.7,110.9,1.2446080437548763,178.03235968639314,191.5896738007849,133.08339022181536,131.74670965538178,42.60443721879088,34.61982983551491,16.564381723155048,29.19456835329287,4.263155278825598,2.828966904842976,0.443366147959188,2.3566158540700943
2026-09-28 06:00:00,EP182026,23,2026-09-30 06:00:00,2 days 00:00:00,48,17.0,-106.95,960.0,102.9,21.192143599597944,145.02150934858287,127.89757688573486,111.70206851231404,130.47453337882894,71.3523789739101,58.04523097812056,42.7995396013448,54.32256773502494,32.358739789894315,26.75405075684773,21.80304774743232,28.31940960963601
2026-09-28 06:00:00,EP182026,23,2026-09-30 12:00:00,2 days 06:00:00,54,18.01,-107.71,973.0,87.2,17.584346278941943,170.07389883199238,162.06412237447807,122.68473573364074,139.16975130420357,79.78403511747402,63.84335848870522,43.11365315366621,63.13104251453992,42.25250647150132,36.39937417059421,27.544038483130105,35.05414949702613
2026-09-28 06:00:00,EP182026,23,2026-09-30 18:00:00,2 days 12:00:00,60,18.56,-108.31,945.4,120.2,17.846286944716297,191.3834106822224,165.00449793792873,132.83805412560878,161.474271898135,96.09758127192752,79.11593368489147,55.069900646220894,75.4307744496368,54.35619649083148,46.1362388748047,35.95630602975054,46.044702336425615
2026-09-28 06:00:00,EP182026,23,2026-10-01 00:00:00,2 days 18:00:00,66,18.91,-108.57,945.9,116.1,47.30460212613642,150.16329444643924,134.1792944153655,121.84406479564102,147.8816752656079,82.82966915591585,68.02715725359951,50.29984365179602,69.7355639701768,54.7230248818036,46.18909060682604,38.303603955816186,47.28549224227841
2026-09-28 06:00:00,EP182026,23,2026-10-01 06:00:00,3 days 00:00:00,72,19.39,-108.96,958.5,107.5,39.44202685787137,235.62099271473707,200.10313658072488,151.97161624625295,203.35522765228563,125.4266379041528,106.5016638708161,86.04941919692583,112.84887353156238,88.51918117472786,81.30991676525736,66.74667784614074,78.97896838093314
2026-09-28 06:00:00,EP182026,23,2026-10-01 12:00:00,3 days 06:00:00,78,19.29,-109.22,953.3,103.4,26.624640536270213,222.30935166058543,200.9315233752316,165.23544240004958,216.49062702321325,123.2835815645782,100.8518872530218,77.00309398718804,108.53545230644768,70.1367814993505,60.14362012992406,48.29335177219807,60.3520144981809
2026-09-28 06:00:00,EP182026,23,2026-10-01 18:00:00,3 days 12:00:00,84,19.55,-109.55,952.4,101.5,36.326952765627496,153.25431864968718,151.590100601743,128.66391372572892,163.24595020583777,86.48483895823769,62.146670697187496,49.86508273229863,74.11407093415868,69.01938611564971,58.64529641834137,49.86508273229863,60.75704395154737
2026-09-28 06:00:00,EP182026,23,2026-10-02 00:00:00,3 days 18:00:00,90,19.58,-110.25,962.0,94.3,22.79888422444113,185.1096743113333,143.42529438739933,121.137601375775,180.2801580974904,108.30435232387488,80.31512389876988,62.94328233254217,93.20009948568284,55.59298071829807,46.20010872379165,38.06170547310286,49.16871422166117
2026-09-28 06:00:00,EP182026,23,2026-10-02 06:00:00,4 days 00:00:00,96,19.5,-110.32,972.0,81.8,28.71299917980309,185.916983238302,160.75298542833457,150.21125364108167,183.69703090333525,99.10039160341924,96.28761615053016,88.32101499032927,95.30751880608828,65.68028203719872,62.95498234584343,53.63447741246976,56.48010861630106
2026-09-28 06:00:00,EP182026,23,2026-10-02 12:00:00,4 days 06:00:00,102,19.93,-110.62,977.8,73.8,15.80078742739402,165.21185305730148,133.00157440867943,109.60623636922448,154.289412466005,75.99819508180006,59.97956936476958,44.0457244380855,61.97342530008185,17.8093826899673,14.354531932119162,9.880298462490291,14.702154284175492
2026-09-28 06:00:00,EP182026,23,2026-10-02 18:00:00,4 days 12:00:00,108,20.0,-111.03,984.1,66.5,35.53382695613805,212.51247838862508,179.474128948779,157.09808139654933,195.03524499507608,95.93970719718529,86.20158451885105,65.04143020925918,79.17489922424107,35.53382695613805,31.563243529123262,24.233156293960043,29.11421808855431
2026-09-28 06:00:00,EP182026,23,2026-10-03 00:00:00,4 days 18:00:00,114,20.38,-111.64,979.3,70.7,59.56710604282941,174.4581025761749,148.84293750320415,120.01241578895444,157.51344999878415,90.2124088120504,71.4449694200015,55.16802470928184,75.02155741132373,59.56710604282941,45.292218857606905,37.63639044079904,44.32126624576146
2026-09-28 06:00:00,EP182026,23,2026-10-03 06:00:00,5 days 00:00:00,120,20.61,-111.92,980.4,69.1,10.499087036343296,172.83917743702148,145.42057576372935,125.36643406766125,155.76014965160843,89.12615472781549,72.63769914861655,56.77317692890048,81.43463312651821,54.47890248101064,48.83387359475694,40.01129060144006,47.27803273053007
2026-09-28 06:00:00,EP182026,23,2026-10-03 12:00:00,5 days 06:00:00,126,20.99,-112.4,972.7,80.6,35.34377536711631,155.60192131683402,140.0414834729238,121.66935885952203,133.9875087258863,74.81743426587852,60.13013423155189,46.45750894757046,67.52971795398898,49.31500900237427,43.66015602354789,34.86904932381457,42.65653303289367
2026-09-28 06:00:00,EP182026,23,2026-10-03 18:00:00,5 days 12:00:00,132,21.27,-112.85,980.9,71.2,18.30756155421024,130.02563834809507,105.7847194497624,95.64172480744054,123.9974489169926,65.92252531655241,49.42754356140817,38.46784172520528,60.304973610753606,48.0257477808494,42.07220425692146,33.84984087233054,40.36706592841303
2026-09-28 06:00:00,EP182026,23,2026-10-04 00:00:00,5 days 18:00:00,138,21.4,-113.38,985.9,67.2,37.479533754772206,131.5220434604965,109.74386880281476,106.8108645186756,130.32150361737274,61.04666047173106,48.16113789526918,38.00295294585701,55.9642243886322,39.4794239045774,34.55123340334919,28.88399588178241,34.41930345934318
2026-09-28 06:00:00,EP182026,23,2026-10-04 06:00:00,6 days 00:00:00,144,21.39,-113.95,985.1,65.3,21.46777074358836,168.81329590890434,128.68508206122146,107.57576694606551,153.57142665900074,77.23131613207033,60.301051482177805,42.62820789551786,64.77548839673202,21.46777074358836,10.348251393312289,6.319216433008151,11.597645970105592
2026-09-28 06:00:00,EP182026,23,2026-10-04 12:00:00,6 days 06:00:00,150,21.66,-114.53,984.7,64.9,46.85963940775432,160.41515118472378,121.9665427101922,109.07896115372851,144.555031372892,75.25666768802031,61.59708417725625,50.97657439089644,71.66045036293852,46.9940926774554,41.928541779347725,34.48910242019058,41.37351698075432
2026-09-28 06:00:00,EP182026,23,2026-10-04 18:00:00,6 days 12:00:00,156,21.41,-114.9,994.0,47.7,32.8402799911715,83.8594484410352,72.20230717573659,76.88339452111927,88.2427590577694,0.0,0.0,0.0,0.0,0.0,0.0,0.0,0.0
2026-09-28 06:00:00,EP182026,23,2026-10-05 00:00:00,6 days 18:00:00,162,21.39,-115.21,990.1,54.5,16.431212194552263,114.14607987386856,97.0464282717376,89.16177472376279,116.90300417277044,46.32022556263762,34.90707944857918,22.81161389427485,38.81095861083555,0.0,0.0,0.0,0.0
2026-09-28 06:00:00,EP182026,23,2026-10-05 06:00:00,7 days 00:00:00,168,21.37,-115.62,1000.2,39.6,85.90009519350032,9.049099612416024,5.676729369831747,11.25375487436133,85.90009519350032,0.0,0.0,0.0,0.0,0.0,0.0,0.0,0.0
2026-09-28 06:00:00,EP182026,23,2026-10-05 12:00:00,7 days 06:00:00,174,21.39,-115.91,1002.5,40.6,73.08608251916725,88.83765884135394,68.71618825590824,54.64046384023811,80.39374965931103,0.0,0.0,0.0,0.0,0.0,0.0,0.0,0.0
2026-09-28 06:00:00,EP182026,23,2026-10-05 18:00:00,7 days 12:00:00,180,21.17,-116.75,1004.3,33.8,62.57605981255789,0.0,0.0,0.0,0.0,0.0,0.0,0.0,0.0,0.0,0.0,0.0,0.0
2026-09-28 06:00:00,EP182026,23,2026-10-06 00:00:00,7 days 18:00:00,186,21.34,-117.22,1003.9,37.3,84.99042717289575,84.99042717289575,39.18828466368066,27.9869963457079,43.982673178765545,0.0,0.0,0.0,0.0,0.0,0.0,0.0,0.0
2026-09-28 06:00:00,EP182026,23,2026-10-06 06:00:00,8 days 00:00:00,192,21.22,-117.86,1003.7,32.2,70.12590012942226,0.0,0.0,0.0,0.0,0.0,0.0,0.0,0.0,0.0,0.0,0.0,0.0
2026-09-28 06:00:00,EP182026,23,2026-10-06 12:00:00,8 days 06:00:00,198,21.07,-118.58,1004.0,30.0,50.79380632029867,0.0,0.0,0.0,0.0,0.0,0.0,0.0,0.0,0.0,0.0,0.0,0.0
2026-09-28 06:00:00,EP182026,23,2026-10-06 18:00:00,8 days 12:00:00,204,20.91,-119.16,1003.5,35.0,69.84583328160434,0.0,0.0,0.0,69.84583328160434,0.0,0.0,0.0,0.0,0.0,0.0,0.0,0.0
2026-09-28 06:00:00,EP182026,23,2026-10-07 00:00:00,8 days 18:00:00,210,20.97,-119.63,1000.9,36.9,51.07892513065297,0.0,0.0,1.4856313197053108,51.07892513065297,0.0,0.0,0.0,0.0,0.0,0.0,0.0,0.0
2026-09-28 06:00:00,EP182026,23,2026-10-07 06:00:00,9 days 00:00:00,216,20.57,-120.27,1000.0,39.8,79.08128345817508,79.08128345817508,17.954308454926412,3.5497256223679727,17.047885795844003,0.0,0.0,0.0,0.0,0.0,0.0,0.0,0.0
2026-09-28 06:00:00,EP182026,23,2026-10-07 12:00:00,9 days 06:00:00,222,20.25,-121.03,1001.1,39.3,61.41779513328133,61.41779513328133,33.43039626670568,20.90384773076909,35.62780008348683,0.0,0.0,0.0,0.0,0.0,0.0,0.0,0.0
2026-09-28 06:00:00,EP182026,23,2026-10-07 18:00:00,9 days 12:00:00,228,20.06,-121.5,1005.0,31.1,85.75132434691143,0.0,0.0,0.0,0.0,0.0,0.0,0.0,0.0,0.0,0.0,0.0,0.0
2026-09-28 06:00:00,EP182026,23,2026-10-08 00:00:00,9 days 18:00:00,234,19.88,-122.21,1005.4,28.8,89.62541976015711,0.0,0.0,0.0,0.0,0.0,0.0,0.0,0.0,0.0,0.0,0.0,0.0
2026-09-28 06:00:00,EP182026,23,2026-10-08 06:00:00,10 days 00:00:00,240,19.53,-123.0,1006.6,25.2,58.40618023363805,0.0,0.0,0.0,0.0,0.0,0.0,0.0,0.0,0.0,0.0,0.0,0.0
2026-09-28 06:00:00,EP182026,23,2026-10-08 12:00:00,10 days 06:00:00,246,19.0,-123.61,1006.8,25.1,121.74380217832844,0.0,0.0,0.0,0.0,0.0,0.0,0.0,0.0,0.0,0.0,0.0,0.0
2026-09-28 06:00:00,EP182026,23,2026-10-08 18:00:00,10 days 12:00:00,252,18.51,-124.36,1005.6,26.9,108.78319617380927,0.0,0.0,0.0,0.0,0.0,0.0,0.0,0.0,0.0,0.0,0.0,0.0
2026-09-28 06:00:00,EP182026,23,2026-10-09 00:00:00,10 days 18:00:00,258,18.02,-124.85,1006.5,26.1,117.37444053148512,0.0,0.0,0.0,0.0,0.0,0.0,0.0,0.0,0.0,0.0,0.0,0.0
2026-09-28 06:00:00,EP182026,23,2026-10-09 06:00:00,11 days 00:00:00,264,16.94,-125.66,1006.4,29.4,104.64331117777718,0.0,0.0,0.0,0.0,0.0,0.0,0.0,0.0,0.0,0.0,0.0,0.0
2026-09-28 06:00:00,EP182026,23,2026-10-09 12:00:00,11 days 06:00:00,270,16.21,-126.34,1005.4,26.8,55.19305376821426,0.0,0.0,0.0,0.0,0.0,0.0,0.0,0.0,0.0,0.0,0.0,0.0
2026-09-28 06:00:00,EP182026,23,2026-10-09 18:00:00,11 days 12:00:00,276,15.6,-127.1,1004.8,30.8,57.38758915403336,0.0,0.0,0.0,0.0,0.0,0.0,0.0,0.0,0.0,0.0,0.0,0.0
2026-09-28 06:00:00,EP182026,23,2026-10-10 00:00:00,11 days 18:00:00,282,15.16,-126.97,1004.6,28.3,104.1560747520059,0.0,0.0,0.0,0.0,0.0,0.0,0.0,0.0,0.0,0.0,0.0,0.0
2026-09-28 06:00:00,EP182026,23,2026-10-10 06:00:00,12 days 00:00:00,288,14.39,-127.66,1003.5,26.9,69.14668846733255,0.0,0.0,0.0,0.0,0.0,0.0,0.0,0.0,0.0,0.0,0.0,0.0
2026-09-28 06:00:00,EP182026,23,2026-10-10 12:00:00,12 days 06:00:00,294,13.82,-127.71,1004.1,32.0,41.00804701023071,0.0,0.0,0.0,0.0,0.0,0.0,0.0,0.0,0.0,0.0,0.0,0.0
2026-09-28 06:00:00,EP182026,23,2026-10-10 18:00:00,12 days 12:00:00,300,13.53,-128.04,1004.1,36.5,58.53224089873196,58.53224089873196,0.0,0.0,0.0,0.0,0.0,0.0,0.0,0.0,0.0,0.0,0.0
2026-09-28 06:00:00,EP182026,23,2026-10-11 00:00:00,12 days 18:00:00,306,13.53,-128.19,1004.3,32.1,91.3419282047879,0.0,0.0,0.0,0.0,0.0,0.0,0.0,0.0,0.0,0.0,0.0,0.0
2026-09-28 06:00:00,EP182026,23,2026-10-11 06:00:00,13 days 00:00:00,312,13.34,-128.61,1003.6,31.8,82.05465338492175,0.0,0.0,0.0,0.0,0.0,0.0,0.0,0.0,0.0,0.0,0.0,0.0
2026-09-28 06:00:00,EP182026,23,2026-10-11 12:00:00,13 days 06:00:00,318,13.51,-128.86,1004.7,35.7,73.77467204061928,73.77467204061928,47.01941862229004,25.072907129556736,47.609352433521394,0.0,0.0,0.0,0.0,0.0,0.0,0.0,0.0
2026-09-28 06:00:00,EP182026,23,2026-10-11 18:00:00,13 days 12:00:00,324,13.42,-128.81,1002.4,30.8,105.22802442979015,0.0,0.0,0.0,0.0,0.0,0.0,0.0,0.0,0.0,0.0,0.0,0.0
2026-09-28 06:00:00,EP182026,23,2026-10-12 00:00:00,13 days 18:00:00,330,13.55,-128.7,1000.5,36.1,35.41430708077276,35.41430708077276,5.412470825492608,0.0,4.065787983901196,0.0,0.0,0.0,0.0,0.0,0.0,0.0,0.0
2026-09-28 06:00:00,EP182026,23,2026-10-12 06:00:00,14 days 00:00:00,336,13.82,-128.53,1003.0,34.1,76.15390688042052,0.0,76.15390688042052,0.0,0.0,0.0,0.0,0.0,0.0,0.0,0.0,0.0,0.0
2026-09-28 06:00:00,EP182026,23,2026-10-12 12:00:00,14 days 06:00:00,342,14.14,-128.83,1005.2,25.7,55.56324194001694,0.0,0.0,0.0,0.0,0.0,0.0,0.0,0.0,0.0,0.0,0.0,0.0
2026-09-28 06:00:00,EP182026,23,2026-10-12 18:00:00,14 days 12:00:00,348,14.51,-129.14,1004.0,28.8,98.23457961562204,0.0,0.0,0.0,0.0,0.0,0.0,0.0,0.0,0.0,0.0,0.0,0.0
2026-09-28 06:00:00,EP912026(3),23,2026-09-28 06:00:00,0 days 00:00:00,0,12.7,-136.6,1005.0,29.0,93.0,0.0,0.0,0.0,0.0,0.0,0.0,0.0,0.0,0.0,0.0,0.0,0.0
2026-09-28 06:00:00,EP912026(3),23,2026-09-28 12:00:00,0 days 06:00:00,6,13.66,-136.82,1006.0,35.0,108.10108566073008,108.10108566073008,19.179413724644306,2.66748099996319,17.318250148148245,0.0,0.0,0.0,0.0,0.0,0.0,0.0,0.0
2026-09-28 06:00:00,WP252026,23,2026-09-28 06:00:00,0 days 00:00:00,0,27.5,131.6,954.0,99.0,9.0,148.0,158.0,148.0,121.0,,,,,,,,
2026-09-28 06:00:00,WP252026,23,2026-09-28 12:00:00,0 days 06:00:00,6,27.42,132.33,983.4,61.0,73.68345002133609,106.15978018873813,150.25396338005768,121.6480726108236,79.25749199732648,5.434973622789442,73.68345002133609,5.951171884329158,2.3287691412726925,0.0,0.0,0.0,0.0
2026-09-28 06:00:00,WP252026,23,2026-09-28 18:00:00,0 days 12:00:00,12,28.03,133.31,985.9,53.1,65.93705827781542,132.63013349122866,186.2777053208952,135.80715252023452,110.61752421780449,22.89014072832705,65.93705827781542,14.073690142411394,14.474080536610964,0.0,0.0,0.0,0.0
2026-09-28 06:00:00,WP252026,23,2026-09-29 00:00:00,0 days 18:00:00,18,28.36,134.11,989.5,51.3,59.33973722479397,144.7053951635978,173.99892271846693,140.3772661268706,117.80798639260875,59.33973722479397,16.8401226280632,9.84049592993545,10.7639591559484,0.0,0.0,0.0,0.0
2026-09-28 06:00:00,WP252026,23,2026-09-29 06:00:00,1 days 00:00:00,24,28.91,135.19,996.8,43.0,80.56966685427444,174.3436040233683,210.03902883637136,162.96795953471914,144.81900460303356,0.0,0.0,0.0,0.0,0.0,0.0,0.0,0.0
2026-09-28 06:00:00,WP252026,23,2026-09-29 12:00:00,1 days 06:00:00,30,29.06,136.27,995.9,41.2,74.71209873765191,92.51541290073368,103.4922845802602,72.23907221476533,73.37784794052199,0.0,0.0,0.0,0.0,0.0,0.0,0.0,0.0
2026-09-28 06:00:00,WP252026,23,2026-09-29 18:00:00,1 days 12:00:00,36,29.54,137.16,999.4,39.2,80.92665826436567,93.8939632818334,96.16430469261816,68.8092939800596,73.60868679807793,0.0,0.0,0.0,0.0,0.0,0.0,0.0,0.0
2026-09-28 06:00:00,WP252026,23,2026-09-30 00:00:00,1 days 18:00:00,42,30.22,138.1,1003.4,33.5,26.54197190915519,0.0,0.0,0.0,0.0,0.0,0.0,0.0,0.0,0.0,0.0,0.0,0.0
2026-09-28 06:00:00,WP252026,23,2026-09-30 06:00:00,2 days 00:00:00,48,30.95,139.18,1000.9,38.0,54.964756546648005,40.06090688053074,54.964756546648005,26.3520568066466,25.63278410549281,0.0,0.0,0.0,0.0,0.0,0.0,0.0,0.0
2026-09-28 06:00:00,WP252026,23,2026-09-30 12:00:00,2 days 06:00:00,54,31.67,140.09,999.2,32.1,37.19375188655324,0.0,0.0,0.0,0.0,0.0,0.0,0.0,0.0,0.0,0.0,0.0,0.0
2026-09-28 06:00:00,WP252026,23,2026-09-30 18:00:00,2 days 12:00:00,60,32.47,140.74,1001.1,36.4,72.26159067113174,13.883920584425418,72.26159067113174,2.4704604540480943,0.0,0.0,0.0,0.0,0.0,0.0,0.0,0.0,0.0
2026-09-28 06:00:00,WP252026,23,2026-10-01 00:00:00,2 days 18:00:00,66,33.51,141.57,997.9,34.3,70.26509313938143,70.26509313938143,0.0,0.0,0.0,0.0,0.0,0.0,0.0,0.0,0.0,0.0,0.0
2026-09-28 06:00:00,WP252026,23,2026-10-01 06:00:00,3 days 00:00:00,72,34.53,142.38,997.6,31.8,54.970262911186936,0.0,0.0,0.0,0.0,0.0,0.0,0.0,0.0,0.0,0.0,0.0,0.0
2026-09-28 06:00:00,WP252026,23,2026-10-01 12:00:00,3 days 06:00:00,78,36.14,143.91,1001.3,29.7,50.0838630882029,0.0,0.0,0.0,0.0,0.0,0.0,0.0,0.0,0.0,0.0,0.0,0.0
2026-09-28 06:00:00,WP252026,23,2026-10-01 18:00:00,3 days 12:00:00,84,38.29,147.29,996.0,29.3,88.27677989228548,0.0,0.0,0.0,0.0,0.0,0.0,0.0,0.0,0.0,0.0,0.0,0.0
2026-09-28 06:00:00,WP252026,23,2026-10-02 00:00:00,3 days 18:00:00,90,40.31,152.37,991.8,41.0,54.32171001940805,0.0,54.32171001940805,6.869846293618309,0.0,0.0,0.0,0.0,0.0,0.0,0.0,0.0,0.0
2026-09-28 06:00:00,WP252026,23,2026-10-02 06:00:00,4 days 00:00:00,96,43.11,157.16,992.4,33.2,141.79770790747853,0.0,0.0,0.0,0.0,0.0,0.0,0.0,0.0,0.0,0.0,0.0,0.0
2026-09-28 06:00:00,WP252026,23,2026-10-02 12:00:00,4 days 06:00:00,102,45.54,162.08,998.2,35.9,31.36003847844016,31.36003847844016,0.0,0.0,0.0,0.0,0.0,0.0,0.0,0.0,0.0,0.0,0.0
2026-09-28 06:00:00,WP922026(4),23,2026-09-28 06:00:00,0 days 00:00:00,0,16.4,97.6,1001.0,29.0,64.0,0.0,0.0,0.0,0.0,0.0,0.0,0.0,0.0,0.0,0.0,0.0,0.0
2026-09-28 06:00:00,WP922026(4),23,2026-09-28 12:00:00,0 days 06:00:00,6,17.31,97.13,1004.7,24.6,112.11476547715075,0.0,0.0,0.0,0.0,0.0,0.0,0.0,0.0,0.0,0.0,0.0,0.0
2026-09-28 06:00:00,WP922026(4),23,2026-09-28 18:00:00,0 days 12:00:00,12,18.31,96.53,1004.3,22.1,88.70108543555119,0.0,0.0,0.0,0.0,0.0,0.0,0.0,0.0,0.0,0.0,0.0,0.0
2026-09-28 06:00:00,WP922026(4),23,2026-09-29 00:00:00,0 days 18:00:00,18,18.8,95.73,1005.7,26.5,73.26250837955966,0.0,0.0,0.0,0.0,0.0,0.0,0.0,0.0,0.0,0.0,0.0,0.0
2026-09-28 06:00:00,15,24,2026-10-03 06:00:00,5 days 00:00:00,120,20.54,155.21,1005.8,22.2,122.91070751115248,0.0,0.0,0.0,0.0,0.0,0.0,0.0,0.0,0.0,0.0,0.0,0.0
2026-09-28 06:00:00,15,24,2026-10-03 12:00:00,5 days 06:00:00,126,20.47,154.86,1005.0,23.8,101.88690523292864,0.0,0.0,0.0,0.0,0.0,0.0,0.0,0.0,0.0,0.0,0.0,0.0
2026-09-28 06:00:00,15,24,2026-10-03 18:00:00,5 days 12:00:00,132,20.67,155.49,1002.9,26.5,102.36847452112934,0.0,0.0,0.0,0.0,0.0,0.0,0.0,0.0,0.0,0.0,0.0,0.0
2026-09-28 06:00:00,15,24,2026-10-04 00:00:00,5 days 18:00:00,138,21.33,155.22,1005.8,27.5,63.72083101686231,0.0,0.0,0.0,0.0,0.0,0.0,0.0,0.0,0.0,0.0,0.0,0.0
2026-09-28 06:00:00,15,24,2026-10-04 06:00:00,6 days 00:00:00,144,21.37,155.02,1003.8,30.7,67.31206147533423,0.0,0.0,0.0,0.0,0.0,0.0,0.0,0.0,0.0,0.0,0.0,0.0
2026-09-28 06:00:00,15,24,2026-10-04 12:00:00,6 days 06:00:00,150,21.47,154.09,1001.0,35.1,68.95810182445037,68.95810182445037,1.019509983896441,1.60655131428166,0.0,0.0,0.0,0.0,0.0,0.0,0.0,0.0,0.0
2026-09-28 06:00:00,15,24,2026-10-04 18:00:00,6 days 12:00:00,156,19.92,156.19,1004.9,26.9,82.20005728622286,0.0,0.0,0.0,0.0,0.0,0.0,0.0,0.0,0.0,0.0,0.0,0.0
2026-09-28 06:00:00,15,24,2026-10-05 00:00:00,6 days 18:00:00,162,19.58,156.49,999.9,32.2,63.96006392031546,0.0,0.0,0.0,0.0,0.0,0.0,0.0,0.0,0.0,0.0,0.0,0.0
2026-09-28 06:00:00,15,24,2026-10-05 06:00:00,7 days 00:00:00,168,19.19,156.49,1003.3,25.4,77.51767966675277,0.0,0.0,0.0,0.0,0.0,0.0,0.0,0.0,0.0,0.0,0.0,0.0
2026-09-28 06:00:00,15,24,2026-10-05 12:00:00,7 days 06:00:00,174,19.02,156.51,1000.7,29.7,91.96248446771152,0.0,0.0,0.0,0.0,0.0,0.0,0.0,0.0,0.0,0.0,0.0,0.0
2026-09-28 06:00:00,15,24,2026-10-05 18:00:00,7 days 12:00:00,180,18.85,156.36,999.2,29.9,66.094671941867,0.0,0.0,0.0,0.0,0.0,0.0,0.0,0.0,0.0,0.0,0.0,0.0
2026-09-28 06:00:00,15,24,2026-10-06 00:00:00,7 days 18:00:00,186,18.38,155.39,1000.0,29.3,50.559483776576485,0.0,0.0,0.0,0.0,0.0,0.0,0.0,0.0,0.0,0.0,0.0,0.0
2026-09-28 06:00:00,15,24,2026-10-06 06:00:00,8 days 00:00:00,192,17.88,155.86,998.2,35.0,70.26414041850836,70.26414041850836,5.109152844190033,4.050945567244521,2.9490159915726952,0.0,0.0,0.0,0.0,0.0,0.0,0.0,0.0
2026-09-28 06:00:00,15,24,2026-10-06 12:00:00,8 days 06:00:00,198,17.46,154.91,997.3,44.0,24.90227538348958,34.97944604920018,40.1264148224049,38.46365362734276,35.15894159320979,0.0,0.0,0.0,0.0,0.0,0.0,0.0,0.0
2026-09-28 06:00:00,15,24,2026-10-06 18:00:00,8 days 12:00:00,204,17.78,154.57,999.1,35.9,119.75963276988472,0.5669591461351473,0.0,1.6586620830160257,119.75963276988472,0.0,0.0,0.0,0.0,0.0,0.0,0.0,0.0
2026-09-28 06:00:00,15,24,2026-10-07 00:00:00,8 days 18:00:00,210,17.6,154.16,996.9,39.4,77.917323102306,91.28665456089038,68.97361034634673,59.77844841471688,68.98532636571099,0.0,0.0,0.0,0.0,0.0,0.0,0.0,0.0
2026-09-28 06:00:00,15,24,2026-10-07 06:00:00,9 days 00:00:00,216,17.94,152.84,1000.4,38.1,59.079982502171866,123.96290464716978,104.14537391158284,79.00431113896515,95.79702994935654,0.0,0.0,0.0,0.0,0.0,0.0,0.0,0.0
2026-09-28 06:00:00,15,24,2026-10-07 12:00:00,9 days 06:00:00,222,18.87,152.22,992.9,46.4,58.84657908673386,245.4635647292331,214.01903243691768,171.09730001562184,202.44833171854344,0.0,0.0,0.0,0.0,0.0,0.0,0.0,0.0
2026-09-28 06:00:00,15,24,2026-10-07 18:00:00,9 days 12:00:00,228,19.58,151.29,991.3,54.0,48.32671463737727,207.05503401984933,179.1606113011353,140.23250661366365,168.87154913574176,48.32671463737727,0.0,0.0,0.3342122188054577,0.0,0.0,0.0,0.0
2026-09-28 06:00:00,15,24,2026-10-08 00:00:00,9 days 18:00:00,234,20.72,150.23,990.4,52.6,41.09594031146729,138.34475687610302,124.65475649896852,92.33538248734988,107.32943842683498,0.0,0.1138124861375846,41.09594031146729,0.0,0.0,0.0,0.0,0.0
2026-09-28 06:00:00,15,24,2026-10-08 06:00:00,10 days 00:00:00,240,22.21,149.27,989.4,51.8,43.03356811833012,201.36528058851675,182.1354605956707,141.90311823434354,161.59039410561888,43.03356811833012,0.0,0.0,0.0,0.0,0.0,0.0,0.0
2026-09-28 06:00:00,15,24,2026-10-08 12:00:00,10 days 06:00:00,246,23.87,147.94,990.8,46.6,57.9731407383689,57.9731407383689,27.80379012504041,13.36988140420327,21.258997534282845,0.0,0.0,0.0,0.0,0.0,0.0,0.0,0.0
2026-09-28 06:00:00,15,24,2026-10-08 18:00:00,10 days 12:00:00,252,25.4,147.59,987.7,54.1,11.297168277958235,83.37630163674112,69.92741841220072,40.36159585948354,58.893258494637735,11.297168277958235,0.0,0.0,0.0,0.0,0.0,0.0,0.0
2026-09-28 06:00:00,15,24,2026-10-09 00:00:00,10 days 18:00:00,258,27.51,147.29,990.6,52.8,57.75128276092787,226.5537719812752,222.31475054662272,164.23383423058803,180.756953592358,57.75128276092787,33.41011506903462,25.38949795303773,27.148695227871755,0.0,0.0,0.0,0.0
2026-09-28 06:00:00,15,24,2026-10-09 06:00:00,11 days 00:00:00,264,29.33,147.66,993.3,49.3,67.07272895732522,134.5868625468061,124.91696321539038,89.0213549141767,96.84532517424395,0.0,0.0,0.0,0.0,0.0,0.0,0.0,0.0
2026-09-28 06:00:00,15,24,2026-10-09 12:00:00,11 days 06:00:00,270,31.72,148.38,988.9,59.3,61.91059889746657,82.32390445408569,87.77773813592925,47.60400359883118,29.219613907062183,0.0,61.91059889746657,1.670632935938321,0.0,0.0,0.0,0.0,0.0
2026-09-28 06:00:00,15,24,2026-10-09 18:00:00,11 days 12:00:00,276,33.93,150.3,976.6,68.9,29.305669531956266,223.97657221542815,242.5141790225697,177.81710981979336,162.82385111196209,29.305669531956266,29.305669531956266,0.0,0.0,29.305669531956266,0.0,0.0,0.0
2026-09-28 06:00:00,15,24,2026-10-10 00:00:00,11 days 18:00:00,282,36.34,153.28,980.5,59.7,63.5055024309238,313.6813811937918,322.95023005810344,236.8102746359773,238.80367769029,105.22116883979288,102.94430047607013,72.97459121656527,81.63038225307491,0.0,0.0,0.0,0.0
2026-09-28 06:00:00,15,24,2026-10-10 06:00:00,12 days 00:00:00,288,38.25,158.31,976.7,59.9,11.39556590160086,274.8433682731304,288.61813232521195,237.2732538603921,218.6002577937022,59.91938769141521,66.69098329353977,51.08874694054609,44.6300022323085,0.0,0.0,0.0,0.0
2026-09-28 06:00:00,15,24,2026-10-10 12:00:00,12 days 06:00:00,294,39.71,163.1,985.3,50.9,68.10907977907212,464.6772611593871,481.76547889215846,407.72202049424914,402.2930945555781,143.31889791443984,146.56847096288791,121.83215572977288,118.65739814958008,0.0,0.0,0.0,0.0
2026-09-28 06:00:00,15,24,2026-10-10 18:00:00,12 days 12:00:00,300,40.99,168.65,989.6,43.0,94.07542056036952,144.98862018679424,137.79380473758735,114.13333319992198,119.28280332520272,0.0,0.0,0.0,0.0,0.0,0.0,0.0,0.0
2026-09-28 06:00:00,15,24,2026-10-11 00:00:00,12 days 18:00:00,306,42.42,174.32,994.4,42.0,195.46286982691527,0.0,0.0,195.46286982691527,0.0,0.0,0.0,0.0,0.0,0.0,0.0,0.0,0.0
2026-09-28 06:00:00,15,24,2026-10-11 06:00:00,13 days 00:00:00,312,43.13,177.99,991.1,39.8,156.34785551094092,156.34785551094092,0.0,0.0,0.0,0.0,0.0,0.0,0.0,0.0,0.0,0.0,0.0
2026-09-28 06:00:00,24,24,2026-10-09 12:00:00,11 days 06:00:00,270,12.41,-98.5,997.7,41.2,101.83835624695226,0.0,0.0,0.0,101.83835624695226,0.0,0.0,0.0,0.0,0.0,0.0,0.0,0.0
2026-09-28 06:00:00,24,24,2026-10-09 18:00:00,11 days 12:00:00,276,12.05,-99.28,1003.7,38.0,57.45935784483193,0.0,0.7021617561880991,0.0,57.45935784483193,0.0,0.0,0.0,0.0,0.0,0.0,0.0,0.0
2026-09-28 06:00:00,24,24,2026-10-10 00:00:00,11 days 18:00:00,282,12.27,-100.4,998.2,41.3,28.13388200270061,28.13388200270061,10.356784892466544,1.1485589046872633,22.86530683513532,0.0,0.0,0.0,0.0,0.0,0.0,0.0,0.0
2026-09-28 06:00:00,24,24,2026-10-10 06:00:00,12 days 00:00:00,288,12.4,-101.92,997.8,45.4,25.21276375566289,44.011227956080006,30.77795014512996,15.529875074909524,31.096591069097236,0.0,0.0,0.0,0.0,0.0,0.0,0.0,0.0
2026-09-28 06:00:00,24,24,2026-10-10 12:00:00,12 days 06:00:00,294,12.28,-102.71,992.6,53.8,40.80330198258724,40.80330198258724,17.921810659111486,3.320357791595412,40.80330198258724,1.2834580993229583,0.5509833711170349,0.1602102779265193,40.80330198258724,0.0,0.0,0.0,0.0
2026-09-28 06:00:00,24,24,2026-10-10 18:00:00,12 days 12:00:00,300,12.3,-103.89,989.4,62.1,16.783585686810838,106.5739982753075,87.5136779901829,55.96728188871699,89.52076748593566,16.783585686810838,11.423574738777562,7.677525998677396,12.40875189397082,0.0,0.0,0.0,0.0
2026-09-28 06:00:00,24,24,2026-10-11 00:00:00,12 days 18:00:00,306,12.41,-104.77,994.2,53.8,42.3238124866032,78.0462941933315,60.21298753893304,35.543265479316034,61.0969620707658,42.3238124866032,0.0,0.0,0.6799525085512244,0.0,0.0,0.0,0.0
2026-09-28 06:00:00,24,24,2026-10-11 06:00:00,13 days 00:00:00,312,12.9,-105.68,993.0,57.3,35.766460147203226,35.766460147203226,23.07005630968207,3.349571748506777,15.908055984721113,35.766460147203226,0.7274043824768768,0.0,1.2779136913966376,0.0,0.0,0.0,0.0
2026-09-28 06:00:00,24,24,2026-10-11 12:00:00,13 days 06:00:00,318,13.22,-106.18,983.5,71.1,18.50609074893934,55.09663755459083,35.91741483840015,3.091303782415645,35.11529153146922,18.50609074893934,3.5255853424377914,0.0,5.08237619849462,18.50609074893934,0.0,0.0,0.5103102162983029
2026-09-28 06:00:00,24,24,2026-10-11 18:00:00,13 days 12:00:00,324,13.87,-107.0,963.1,96.4,0.0,114.94990854378504,81.25827645578113,54.64893775375376,94.94663692703296,44.56046245894245,33.244761114785696,22.051473701590808,37.01606275958761,18.76371760772369,14.870031564930793,10.40939838643036,15.07885416117176
2026-09-28 06:00:00,24,24,2026-10-12 00:00:00,13 days 18:00:00,330,14.14,-107.68,932.7,132.1,0.0,107.6924660254346,90.991159390899,63.62411265325124,93.68408018857455,38.308650550497504,26.774344001790386,21.47902589636324,34.34910738257466,20.36124269171795,15.639011258951967,11.706371871067756,17.17028486612322
2026-09-28 06:00:00,24,24,2026-10-12 06:00:00,14 days 00:00:00,336,14.45,-108.4,949.0,120.1,9.6033864613279,85.34491793155703,48.98421612561849,36.48251350092251,87.14914151040139,34.52925732863098,17.787303893154686,13.32183242563023,32.30707138421732,18.45440332849588,12.305889916518057,9.738612144413846,16.276975536685914
2026-09-28 06:00:00,24,24,2026-10-12 12:00:00,14 days 06:00:00,342,14.38,-109.13,941.4,127.4,20.20802038647761,78.76922734392338,52.70222521606115,55.03510555284656,88.1177164651011,38.560702284900366,22.770756715200665,23.15031945069037,39.77814225283845,24.492605494633573,19.025916173774736,15.971540902210982,22.7231673676865
2026-09-28 06:00:00,24,24,2026-10-12 18:00:00,14 days 12:00:00,348,15.19,-110.04,948.3,117.0,23.88613692967048,85.84410091697396,55.816130918613176,42.32875569035521,88.38446253769486,51.69650879306361,30.861413253392016,22.796897039302635,47.83901264947316,29.387399098826748,21.51651372928147,19.072794528995736,27.376731008547917
2026-09-28 06:00:00,24,24,2026-10-13 00:00:00,14 days 18:00:00,354,15.51,-110.6,924.3,133.2,0.0,60.28014702431204,35.51542436876349,23.67826808695385,59.79174545257891,11.444157617200537,2.7144842172760915,1.8397409530472977,11.4940592001892,7.057368243598994,2.7144842172760915,1.8397409530472977,6.465451220831851
2026-09-28 06:00:00,24,24,2026-10-13 06:00:00,15 days 00:00:00,360,16.04,-111.11,930.6,137.1,4.364066307821233,113.57751341097082,95.3144602291289,69.68442605395265,96.32776872144407,4.364066307821233,0.0,0.0,4.364066307821233,1.280198200308818,0.0,0.0,4.364066307821233
2026-09-28 06:00:00,6,24,2026-09-29 18:00:00,1 days 12:00:00,36,14.93,151.78,1007.6,19.5,59.73485935601321,0.0,0.0,0.0,0.0,0.0,0.0,0.0,0.0,0.0,0.0,0.0,0.0
2026-09-28 06:00:00,6,24,2026-09-30 00:00:00,1 days 18:00:00,42,16.4,151.76,1007.7,18.7,73.48619518393741,0.0,0.0,0.0,0.0,0.0,0.0,0.0,0.0,0.0,0.0,0.0,0.0
2026-09-28 06:00:00,6,24,2026-09-30 06:00:00,2 days 00:00:00,48,15.93,151.61,1005.6,21.2,69.62955585288326,0.0,0.0,0.0,0.0,0.0,0.0,0.0,0.0,0.0,0.0,0.0,0.0
2026-09-28 06:00:00,6,24,2026-09-30 12:00:00,2 days 06:00:00,54,16.72,150.03,1005.9,22.5,122.55326062273222,0.0,0.0,0.0,0.0,0.0,0.0,0.0,0.0,0.0,0.0,0.0,0.0
2026-09-28 06:00:00,6,24,2026-09-30 18:00:00,2 days 12:00:00,60,16.8,148.71,1004.1,17.8,127.9888708946646,0.0,0.0,0.0,0.0,0.0,0.0,0.0,0.0,0.0,0.0,0.0,0.0
2026-09-28 06:00:00,6,24,2026-10-01 00:00:00,2 days 18:00:00,66,17.02,146.95,1001.3,29.1,81.77743641548993,0.0,0.0,0.0,0.0,0.0,0.0,0.0,0.0,0.0,0.0,0.0,0.0
2026-09-28 06:00:00,6,24,2026-10-01 06:00:00,3 days 00:00:00,72,16.97,146.15,999.6,30.0,76.85804921858882,0.0,0.0,0.0,0.0,0.0,0.0,0.0,0.0,0.0,0.0,0.0,0.0
2026-09-28 06:00:00,6,24,2026-10-01 12:00:00,3 days 06:00:00,78,17.53,145.18,999.5,34.1,44.01752178193967,44.01752178193967,4.044527546164078,4.964822995714477,6.807875528381512,0.0,0.0,0.0,0.0,0.0,0.0,0.0,0.0
2026-09-28 06:00:00,6,24,2026-10-01 18:00:00,3 days 12:00:00,84,17.18,143.4,995.9,36.7,62.163589581316,3.164023267125039,0.0,1.3493766494408064,62.163589581316,0.0,0.0,0.0,0.0,0.0,0.0,0.0,0.0
2026-09-28 06:00:00,6,24,2026-10-02 00:00:00,3 days 18:00:00,90,17.19,141.88,996.8,40.6,92.4008044563684,0.7057833751302276,0.0,0.2076841591593812,92.4008044563684,0.0,0.0,0.0,0.0,0.0,0.0,0.0,0.0
2026-09-28 06:00:00,6,24,2026-10-02 06:00:00,4 days 00:00:00,96,16.91,141.46,998.3,40.7,80.92589440973804,165.01714200871362,153.53864994027353,127.90390107218082,141.6242189536584,0.0,0.0,0.0,0.0,0.0,0.0,0.0,0.0
2026-09-28 06:00:00,6,24,2026-10-02 12:00:00,4 days 06:00:00,102,17.1,140.71,989.9,56.7,50.26266049043606,175.04700830054782,152.58740231566514,128.38269645016885,150.83038390510666,117.19820960512712,110.81726714003514,94.34776055554876,97.84223499642738,0.0,0.0,0.0,0.0
2026-09-28 06:00:00,6,24,2026-10-02 18:00:00,4 days 12:00:00,108,17.07,140.55,995.0,44.2,67.13685007502158,232.27318472355364,211.2844080368168,167.2151542167876,188.67246846905343,0.0,0.0,0.0,0.0,0.0,0.0,0.0,0.0
2026-09-28 06:00:00,6,24,2026-10-03 00:00:00,4 days 18:00:00,114,17.0,140.34,978.2,57.3,61.3820301078817,326.1148658264764,310.06855961828285,283.70179649530144,292.9760275427203,61.3820301078817,6.089005843671213,7.153497136673952,11.498978956601672,0.0,0.0,0.0,0.0
2026-09-28 06:00:00,6,24,2026-10-03 06:00:00,5 days 00:00:00,120,17.18,140.13,976.7,68.9,39.67914844380459,223.18874697582623,194.18574978860045,170.2277010600942,195.0426557375788,97.81651067502548,90.58857596457555,72.41029463052166,85.05665530053471,47.85628580298709,43.500708745117976,34.230123429262974,40.10422825060891
2026-09-28 06:00:00,6,24,2026-10-03 12:00:00,5 days 06:00:00,126,17.3,140.1,967.9,79.2,27.903532060683972,185.1264248169287,187.8527600609205,163.48386051526086,152.14612966558485,95.55808172837754,95.36846151434348,79.0445290215467,82.44964380423525,49.62549302435311,47.66862629693417,39.03779729811758,42.25018939081912
2026-09-28 06:00:00,6,24,2026-10-03 18:00:00,5 days 12:00:00,132,17.77,140.26,971.1,76.8,47.626977361437206,242.31406391348915,225.5767233219425,180.7658770752385,191.2050351693332,73.28276976595536,65.48589121642681,50.30260830364114,59.94424005048552,47.626977361437206,31.739740559400044,24.714066940000947,29.00443018294512
2026-09-28 06:00:00,6,24,2026-10-04 00:00:00,5 days 18:00:00,138,18.28,140.54,964.4,86.9,44.26225145397488,258.3717117310412,257.39072004694805,212.3197541227795,222.22893011876545,147.32766539614624,140.6991145787308,118.5110737675636,128.59876547845107,77.36121305387582,73.19087841018143,61.08010638639881,66.6256409774285
2026-09-28 06:00:00,6,24,2026-10-04 06:00:00,6 days 00:00:00,144,18.75,140.39,970.5,74.0,48.76787331724307,304.09557090667823,297.6405272462805,256.31162571931645,247.10921943653403,155.4346613961726,149.8297503905796,125.41622089424064,134.53653875707232,81.72429873584613,77.87403929534646,64.94451151199904,70.15869376887268
2026-09-28 06:00:00,6,24,2026-10-04 12:00:00,6 days 06:00:00,150,19.31,140.56,973.4,69.0,41.70971480639072,275.8776924092128,278.1185491881454,229.80279159560672,227.22467562175123,160.1125913429084,150.82830806882066,123.64187802976426,136.9881963319034,82.65427125372278,77.6739433341727,63.44837610219108,70.28114070340854
2026-09-28 06:00:00,6,24,2026-10-04 18:00:00,6 days 12:00:00,156,20.12,140.48,970.5,75.5,31.27277224793944,217.210490593539,214.645639939984,171.1395118121955,178.46503150532186,109.65600803512984,100.97173660112924,80.66944760943692,94.69021398165177,55.77962282907797,50.51104495200654,40.3318811845899,47.003856343948165
2026-09-28 06:00:00,6,24,2026-10-05 00:00:00,6 days 18:00:00,162,20.61,140.77,942.1,104.7,16.873003322929744,259.2068298639176,261.5467316040976,228.7042559837246,220.48162158644257,103.07573511783217,105.19047069656506,88.59841208587187,88.79086522817825,55.70801647074157,54.3809655897492,46.00289739670482,47.93669345927575
2026-09-28 06:00:00,6,24,2026-10-05 06:00:00,7 days 00:00:00,168,21.21,140.59,959.7,87.2,32.34481853592779,362.79557279628034,355.26581021835153,284.30525601486875,301.370313097142,209.45764354699924,202.1606979581505,168.51652947801642,181.66019014730068,111.84767821553714,107.89410126952288,89.72889810441171,96.4499056570768
2026-09-28 06:00:00,6,24,2026-10-05 12:00:00,7 days 06:00:00,174,22.13,140.48,945.5,102.2,73.82721998726139,515.8101876854731,507.1034240920604,437.1769410682964,437.3380114645917,149.12407336041534,147.0335339721598,124.34027670389166,129.75254071127057,81.74312209779745,78.80833620033398,65.3843706234346,70.17299709719445
2026-09-28 06:00:00,6,24,2026-10-05 18:00:00,7 days 12:00:00,180,22.71,140.69,944.9,106.6,28.58439686204997,306.38124906475684,318.5332964270922,269.6291090670333,261.5625481106246,177.41538624461464,175.01379842633708,150.90702554733502,156.29379497360316,97.87040945443336,95.98790902353896,80.92571204176329,84.76900076641368
2026-09-28 06:00:00,6,24,2026-10-06 00:00:00,7 days 18:00:00,186,24.27,140.66,942.1,114.3,32.42305352596627,283.1855293151468,306.5254676592002,256.841515330363,247.41363999744408,161.24453584952755,164.01280230932974,138.5102225184251,141.32924041312305,89.49458130316633,89.23620795431961,74.00982398588583,78.26053542915699
2026-09-28 06:00:00,6,24,2026-10-06 06:00:00,8 days 00:00:00,192,25.29,141.0,920.9,118.8,41.31267807429454,337.31849429288667,359.2879019430952,310.9387288502305,287.2314107167581,109.2533540878933,116.66820506239549,99.45200111181764,100.01707279540132,66.81249063659246,65.21532083557014,55.021335164757126,57.81840072183783
2026-09-28 06:00:00,6,24,2026-10-06 12:00:00,8 days 06:00:00,198,26.62,141.18,940.8,116.5,4.714681174454455,320.22883619609934,357.9761297622588,305.42016535176504,269.44582334712686,186.3298502267926,190.8291536663761,164.7301445064992,163.12624860188555,105.1152985016608,104.10973410696288,88.07189221998112,91.59014303527852
2026-09-28 06:00:00,6,24,2026-10-06 18:00:00,8 days 12:00:00,204,28.23,141.37,944.4,94.9,53.0715424775761,418.9527265190909,441.77367166463455,355.1706028555502,338.2906280572146,144.7645475498157,148.88660831541955,119.88433124394756,123.59955059613485,80.71299586042798,77.83662280644674,64.21973746398776,69.1629705728115
2026-09-28 06:00:00,6,24,2026-10-07 00:00:00,8 days 18:00:00,210,30.61,141.91,947.9,90.2,63.55564412446557,379.4260634946773,414.158208099358,335.5677770608322,315.80422723600475,7.231709704602121,63.55564412446557,3.814796597353504,0.1135136755612731,1.492856773958329,63.55564412446557,0.2539849658559852,0.1135136755612731
2026-09-28 06:00:00,6,24,2026-10-07 06:00:00,9 days 00:00:00,216,33.57,142.44,959.1,80.3,27.998056002051587,295.1461768638957,361.1237112858959,275.9686195119883,228.41843720271257,91.81425880466088,104.71463226547962,80.03510710682016,70.71437170815786,47.549558043195205,49.68967161202299,38.822917561921344,39.02361161830507
2026-09-28 06:00:00,6,24,2026-10-07 12:00:00,9 days 06:00:00,222,38.13,144.45,965.7,68.4,84.28672508000716,381.51306319758055,430.74195100228826,367.2431375138756,309.8389535030751,225.01868895508653,235.93564099808987,196.9254689169052,189.48867160151963,84.28672508000716,0.0,0.0,0.0
2026-09-28 06:00:00,6,24,2026-10-07 18:00:00,9 days 12:00:00,228,41.35,146.01,977.3,52.8,152.014942220844,361.45308960841584,394.2384251195506,327.70353796866493,294.433275599228,113.22295364737008,152.014942220844,97.11470800499046,95.26093431158054,0.0,0.0,0.0,0.0
2026-09-28 06:00:00,6,24,2026-10-08 00:00:00,9 days 18:00:00,234,44.57,149.3,984.3,38.5,185.8077304084732,128.79430117133256,185.8077304084732,102.37571119000404,95.87587345335896,0.0,0.0,0.0,0.0,0.0,0.0,0.0,0.0
2026-09-28 06:00:00,6,24,2026-10-08 06:00:00,10 days 00:00:00,240,47.34,153.65,979.8,40.5,65.55403200795863,15.078256318246025,65.55403200795863,24.945797088416203,0.0,0.0,0.0,0.0,0.0,0.0,0.0,0.0,0.0
2026-09-28 06:00:00,6,24,2026-10-08 12:00:00,10 days 06:00:00,246,49.87,159.95,984.0,31.1,258.52223173876007,0.0,0.0,0.0,0.0,0.0,0.0,0.0,0.0,0.0,0.0,0.0,0.0
2026-09-28 06:00:00,6,24,2026-10-08 18:00:00,10 days 12:00:00,252,50.3,166.43,974.8,32.4,84.64002317322019,0.0,0.0,0.0,0.0,0.0,0.0,0.0,0.0,0.0,0.0,0.0,0.0
2026-09-28 06:00:00,6,24,2026-10-09 00:00:00,10 days 18:00:00,258,53.04,168.56,975.8,35.6,110.15501250458216,0.0,110.15501250458216,0.0,0.0,0.0,0.0,0.0,0.0,0.0,0.0,0.0,0.0
2026-09-28 06:00:00,6,24,2026-10-09 06:00:00,11 days 00:00:00,264,55.22,169.24,978.8,38.7,153.4251861706707,153.4251861706707,0.0,0.0,0.0,0.0,0.0,0.0,0.0,0.0,0.0,0.0,0.0
2026-09-28 06:00:00,AL062026,24,2026-09-28 06:00:00,0 days 00:00:00,0,28.3,-43.8,1012.0,25.0,56.0,0.0,0.0,0.0,0.0,0.0,0.0,0.0,0.0,0.0,0.0,0.0,0.0
2026-09-28 06:00:00,AL062026,24,2026-09-28 12:00:00,0 days 06:00:00,6,27.87,-44.15,1011.2,25.7,66.68064268748844,0.0,0.0,0.0,0.0,0.0,0.0,0.0,0.0,0.0,0.0,0.0,0.0
2026-09-28 06:00:00,AL062026,24,2026-09-28 18:00:00,0 days 12:00:00,12,27.16,-45.01,1009.3,23.8,78.02518823316919,0.0,0.0,0.0,0.0,0.0,0.0,0.0,0.0,0.0,0.0,0.0,0.0
2026-09-28 06:00:00,AL062026,24,2026-09-29 00:00:00,0 days 18:00:00,18,25.79,-45.49,1008.5,32.7,69.53470074583838,0.0,0.0,0.0,0.0,0.0,0.0,0.0,0.0,0.0,0.0,0.0,0.0
2026-09-28 06:00:00,AL062026,24,2026-09-29 06:00:00,1 days 00:00:00,24,25.38,-46.37,1009.5,25.7,114.16317011647013,0.0,0.0,0.0,0.0,0.0,0.0,0.0,0.0,0.0,0.0,0.0,0.0
2026-09-28 06:00:00,AL912026(2),24,2026-09-28 06:00:00,0 days 00:00:00,0,36.3,-53.1,1013.0,29.0,148.0,0.0,0.0,0.0,0.0,0.0,0.0,0.0,0.0,0.0,0.0,0.0,0.0
2026-09-28 06:00:00,AL912026(2),24,2026-09-28 12:00:00,0 days 06:00:00,6,36.75,-50.96,1003.9,45.1,43.29462637530033,43.29462637530033,6.495732941842125,6.179406389307712,0.0,0.0,0.0,0.0,0.0,0.0,0.0,0.0,0.0
2026-09-28 06:00:00,AL912026(2),24,2026-09-28 18:00:00,0 days 12:00:00,12,36.46,-48.66,1006.6,37.4,74.0285393786456,1.5348565066927335,74.0285393786456,0.0,0.0,0.0,0.0,0.0,0.0,0.0,0.0,0.0,0.0
2026-09-28 06:00:00,AL912026(2),24,2026-09-29 00:00:00,0 days 18:00:00,18,36.06,-46.77,1003.5,42.4,36.49002327951053,10.483668642930295,36.49002327951053,4.919713129579463,5.100417130762708,0.0,0.0,0.0,0.0,0.0,0.0,0.0,0.0
2026-09-28 06:00:00,AL912026(2),24,2026-09-29 06:00:00,1 days 00:00:00,24,35.5,-45.42,1006.9,32.4,102.15853429055376,0.0,0.0,0.0,0.0,0.0,0.0,0.0,0.0,0.0,0.0,0.0,0.0
2026-09-28 06:00:00,EP152026(2),24,2026-09-28 06:00:00,0 days 00:00:00,0,16.4,-160.8,929.0,134.0,28.0,241.0,185.0,148.0,204.0,93.0,74.0,74.0,93.0,56.0,46.0,37.0,46.0
2026-09-28 06:00:00,EP152026(2),24,2026-09-28 12:00:00,0 days 06:00:00,6,17.03,-161.91,942.4,118.6,2.34105406099701,171.59387817400284,141.92818407045456,106.2105852862544,156.30837200809947,84.59891492890733,65.37549210342661,51.76176695042301,73.76822138382863,43.84832900640248,36.6402910976135,30.552604869321986,38.700465894801255
2026-09-28 06:00:00,EP152026(2),24,2026-09-28 18:00:00,0 days 12:00:00,12,17.3,-162.57,941.5,123.2,11.03124078398286,157.8222646592958,129.10816125754084,72.85851307246735,127.1481194212665,12.303726824503418,0.6344808543824598,0.0,7.877143191361945,11.03124078398286,0.6344808543824598,0.0,5.347348950870383
2026-09-28 06:00:00,EP152026(2),24,2026-09-29 00:00:00,0 days 18:00:00,18,18.09,-163.49,955.5,107.6,44.74180433465369,155.69103744324292,101.36870740825816,50.17754005519508,116.228051499067,55.63018111932861,36.96539910753837,20.0670045024807,46.5900243209669,44.74180433465369,20.29442036412265,14.28939258618916,23.971493741893017
2026-09-28 06:00:00,EP152026(2),24,2026-09-29 06:00:00,1 days 00:00:00,24,19.4,-163.98,958.4,107.6,27.996194023094542,174.72673586841614,174.3839349995616,95.93919722621844,124.35094661201128,92.88234847067268,84.35741542349083,54.57439317857187,71.40729289735492,48.09829101440761,42.36131935348227,33.18267999070492,39.75103755300112
2026-09-28 06:00:00,EP152026(2),24,2026-09-29 12:00:00,1 days 06:00:00,30,20.4,-164.27,970.3,81.5,49.01753857562041,238.30947930251227,214.4968747190081,136.9555422207644,193.8418042742157,128.78375746864546,112.69717914130526,84.17121722269793,108.56650450142553,65.94394992566365,59.93925357507855,48.792128220127445,56.9639691004961
2026-09-28 06:00:00,EP152026(2),24,2026-09-29 18:00:00,1 days 12:00:00,36,21.43,-164.1,968.4,94.5,13.722419443950002,146.457833283154,145.99397518034834,83.64142178221118,108.63160040189835,65.01242135333092,65.16464527701534,49.26017221959728,55.41719718306935,34.59848033283235,33.225768857849495,27.16847468226851,29.73661260057107
2026-09-28 06:00:00,EP152026(2),24,2026-09-30 00:00:00,1 days 18:00:00,42,22.17,-163.82,977.3,73.5,10.817749986910528,177.54544523746938,177.48720319819807,112.54990911976714,132.29959295112923,86.1145486515043,79.01727142027053,62.22304484197775,70.35691575699781,44.29309479262756,41.31922691643875,35.723712298051375,38.13108605053726
2026-09-28 06:00:00,EP152026(2),24,2026-09-30 06:00:00,2 days 00:00:00,48,23.03,-163.71,978.4,63.7,54.22151522669465,249.472424917617,242.5039097815976,191.62435272083283,199.15298543914693,54.22151522669465,38.31782711152028,29.56099062848975,33.310972333255336,0.0,0.0,0.0,0.0
2026-09-28 06:00:00,EP152026(2),24,2026-09-30 12:00:00,2 days 06:00:00,54,23.49,-163.75,981.2,56.0,130.76306932487012,195.350966935296,157.25131683655093,146.2702741007893,166.00609712173195,0.0,0.0,130.76306932487012,0.8117862560546669,0.0,0.0,0.0,0.0
2026-09-28 06:00:00,EP152026(2),24,2026-09-30 18:00:00,2 days 12:00:00,60,23.62,-163.96,985.9,51.5,101.43016844015445,205.3897260286564,181.7783914592452,156.20741758920235,185.3107508893894,101.43016844015445,21.03132094228117,14.431111347584618,20.66340524512773,0.0,0.0,0.0,0.0
2026-09-28 06:00:00,EP152026(2),24,2026-10-01 00:00:00,2 days 18:00:00,66,24.01,-164.45,990.2,51.1,127.52947648003504,247.7127435502126,213.40896009053907,181.7472529595879,210.49591792317284,0.911388685864797,0.0,0.0,127.52947648003504,0.0,0.0,0.0,0.0
2026-09-28 06:00:00,EP152026(2),24,2026-10-01 06:00:00,3 days 00:00:00,72,24.03,-165.44,987.8,51.2,56.44529171157251,187.6226520037453,164.06533293947268,137.03063758923145,159.03716135346167,126.14372183719024,120.6952855913578,103.312641679845,106.58051708596348,0.0,0.0,0.0,0.0
2026-09-28 06:00:00,EP152026(2),24,2026-10-01 12:00:00,3 days 06:00:00,78,24.28,-166.47,992.8,47.2,72.88395758392144,79.10777264285545,45.60766286567575,40.63948696669969,70.68066417783439,0.0,0.0,0.0,0.0,0.0,0.0,0.0,0.0
2026-09-28 06:00:00,EP152026(2),24,2026-10-01 18:00:00,3 days 12:00:00,84,24.36,-167.01,988.8,50.8,110.71063228842957,120.60945021270572,86.97001904560888,73.03896559394519,97.2414745402474,110.71063228842957,0.0,0.0,0.0,0.0,0.0,0.0,0.0
2026-09-28 06:00:00,EP152026(2),24,2026-10-02 00:00:00,3 days 18:00:00,90,24.47,-167.42,987.9,50.8,98.0249184367517,98.0249184367517,11.056653230225038,4.4002936670772215,98.0249184367517,0.0,0.0,0.0,98.0249184367517,0.0,0.0,0.0,0.0
2026-09-28 06:00:00,EP152026(2),24,2026-10-02 06:00:00,4 days 00:00:00,96,25.01,-167.76,990.4,42.7,122.77202155575472,122.77202155575472,0.0,0.0,3.148967381941248,0.0,0.0,0.0,0.0,0.0,0.0,0.0,0.0
2026-09-28 06:00:00,EP152026(2),24,2026-10-02 12:00:00,4 days 06:00:00,102,25.56,-167.93,988.9,54.2,89.39017855090052,152.22732132487337,124.8824963049815,93.91312206212348,111.82666910501212,89.39017855090052,0.0,0.0,0.0,0.0,0.0,0.0,0.0
2026-09-28 06:00:00,EP152026(2),24,2026-10-02 18:00:00,4 days 12:00:00,108,26.02,-168.21,986.9,55.9,65.93759055493703,262.23348340720304,235.51693109050524,198.3110011024192,220.73162845159592,1.5506187295029887,65.93759055493703,0.0,1.4960595866575377,0.0,0.0,0.0,0.0
2026-09-28 06:00:00,EP152026(2),24,2026-10-03 00:00:00,4 days 18:00:00,114,26.35,-168.93,986.2,54.5,54.89166514861336,249.8418655636201,230.91925773158076,181.37725029197557,207.54922325677944,54.89166514861336,3.352736551422879,1.6721246492004838,3.5129151732535746,0.0,0.0,0.0,0.0
2026-09-28 06:00:00,EP152026(2),24,2026-10-03 06:00:00,5 days 00:00:00,120,26.23,-169.89,988.4,53.5,63.555522812212565,175.84889041039096,150.76142899162443,132.51609093015378,163.692750787337,63.555522812212565,27.443951171203548,22.463264142214385,27.948719360907283,0.0,0.0,0.0,0.0
2026-09-28 06:00:00,EP152026(2),24,2026-10-03 12:00:00,5 days 06:00:00,126,26.05,-171.22,982.8,64.1,31.38863516578661,138.3884998190145,98.2521067710552,72.66073969424515,113.18247682222878,36.97436794175472,25.600801666977457,11.75930389584358,27.730592640812134,31.38863516578661,7.265987072458794,3.387640165442355,9.9150722930117
2026-09-28 06:00:00,EP152026(2),24,2026-10-03 18:00:00,5 days 12:00:00,132,26.04,-172.6,978.7,63.6,38.03114451937651,197.302361041763,168.4766617912416,142.04857181021285,172.97093789814318,38.03114451937651,0.0,0.0,0.4522764836639243,0.0,0.0,0.0,0.0
2026-09-28 06:00:00,EP152026(2),24,2026-10-04 00:00:00,5 days 18:00:00,138,26.34,-174.0,978.0,71.3,33.174262599311525,202.29304919965747,162.5680412629898,126.22872099458677,169.33688490804656,63.37549721856943,49.35538001559759,32.529554679420734,50.57119421470334,33.174262599311525,20.735753734926973,14.715212803944684,20.98852263115876
2026-09-28 06:00:00,EP152026(2),24,2026-10-04 06:00:00,6 days 00:00:00,144,26.73,-175.21,978.8,66.4,39.58170096539666,221.9765084629456,197.5379635905765,152.01799374780103,187.0177658696091,39.58170096539666,4.956379769744171,0.0,5.905255390467445,39.58170096539666,0.0,0.0,0.4087379420627695
2026-09-28 06:00:00,EP152026(2),24,2026-10-04 12:00:00,6 days 06:00:00,150,27.2,-176.31,979.3,67.6,27.287389660700534,227.53484370729825,181.02337512672813,128.00253033797384,190.0290793877902,49.97585936524257,38.40165371659421,25.25218895634877,37.55321301095409,27.287389660700534,1.326342621010205,0.0,2.7065923473054663
2026-09-28 06:00:00,EP152026(2),24,2026-10-04 18:00:00,6 days 12:00:00,156,27.85,-177.0,971.2,76.3,24.12102438093748,215.9877377454825,201.7822344075477,155.58646972247786,176.87830496208943,100.15805339168044,86.063739834901,62.57574142234451,82.9348318876792,46.96591983909344,40.32303440094908,29.966228555454805,38.78293008186845
2026-09-28 06:00:00,EP152026(2),24,2026-10-05 00:00:00,6 days 18:00:00,162,28.49,-177.63,963.1,86.1,42.176581188727866,246.5893403986892,224.43048099574557,183.43790632929063,198.44153976505945,42.176581188727866,2.7778888231951546,1.3363812153388073,3.1660177049689286,42.176581188727866,0.307585713492068,0.0,0.6435982854175044
2026-09-28 06:00:00,EP152026(2),24,2026-10-05 06:00:00,7 days 00:00:00,168,29.3,-178.09,978.6,63.9,34.60128659912593,226.91361129372376,229.649503231455,148.964279490673,172.07943319675636,77.98463477491316,66.43559216351291,39.11664221212291,58.4332872375195,0.0,0.0,0.0,0.0
2026-09-28 06:00:00,EP152026(2),24,2026-10-05 12:00:00,7 days 06:00:00,174,29.91,-178.55,973.7,76.1,65.27372537752828,131.98258973722,114.06972932673384,93.69779013511778,102.61643003319963,65.27372537752828,45.907869296726055,30.446340781394262,46.409197896585376,65.27372537752828,18.949721234405168,13.110735010492126,19.359428141955465
2026-09-28 06:00:00,EP152026(2),24,2026-10-05 18:00:00,7 days 12:00:00,180,30.3,-178.44,973.0,75.7,29.33468045027209,165.27473469378816,170.28949086658298,116.84243377920237,125.9196600305276,77.14702722527517,73.62551616213275,57.0286874346979,62.24102220361962,37.50293296636198,35.1755898763589,28.790845669563225,31.42846147851398
2026-09-28 06:00:00,EP152026(2),24,2026-10-06 00:00:00,7 days 18:00:00,186,30.38,-178.09,974.6,73.4,17.145930476716984,131.44233497180144,154.67176528152328,133.00407976591652,103.23575008371812,0.0,17.145930476716984,17.145930476716984,0.0,0.0,0.3022925673502072,17.145930476716984,0.0
2026-09-28 06:00:00,EP152026(2),24,2026-10-06 06:00:00,8 days 00:00:00,192,30.37,-177.55,980.6,68.1,82.5129084144365,239.0422164527872,236.6322482995212,210.04959287769415,205.74264734617745,2.44110212426254,82.5129084144365,1.4068906523912297,0.0,0.0,82.5129084144365,0.0,0.0
2026-09-28 06:00:00,EP152026(2),24,2026-10-06 12:00:00,8 days 06:00:00,198,29.82,-177.16,987.7,58.5,49.78370296805981,175.6379264239925,155.75131943888405,129.91635873056924,153.13893472629366,0.0,0.0,49.78370296805981,0.0,0.0,0.0,0.0,0.0
2026-09-28 06:00:00,EP152026(2),24,2026-10-06 18:00:00,8 days 12:00:00,204,29.52,-176.92,1002.0,42.9,136.56887650369026,136.56887650369026,0.0,0.0,0.0,0.0,0.0,0.0,0.0,0.0,0.0,0.0,0.0
2026-09-28 06:00:00,EP152026(2),24,2026-10-07 00:00:00,8 days 18:00:00,210,28.0,-177.13,1004.7,26.7,116.07008637366104,0.0,0.0,0.0,0.0,0.0,0.0,0.0,0.0,0.0,0.0,0.0,0.0
2026-09-28 06:00:00,EP152026(2),24,2026-10-07 06:00:00,9 days 00:00:00,216,28.05,-177.23,1005.6,31.3,56.06744693641819,0.0,0.0,0.0,0.0,0.0,0.0,0.0,0.0,0.0,0.0,0.0,0.0
2026-09-28 06:00:00,EP152026(2),24,2026-10-07 12:00:00,9 days 06:00:00,222,26.91,-176.88,1007.1,26.9,169.66047982650758,0.0,0.0,0.0,0.0,0.0,0.0,0.0,0.0,0.0,0.0,0.0,0.0
2026-09-28 06:00:00,EP172026,24,2026-09-28 06:00:00,0 days 00:00:00,0,23.2,-114.0,955.0,105.0,28.0,167.0,148.0,148.0,148.0,102.0,93.0,83.0,83.0,65.0,65.0,65.0,65.0
2026-09-28 06:00:00,EP172026,24,2026-09-28 12:00:00,0 days 06:00:00,6,24.14,-113.69,959.3,98.8,3.264535286642399,162.99726256584927,206.25204455397989,149.47653389677723,131.95966223779146,91.51549344746536,93.45658466086752,71.57110476208618,76.88865244901353,50.68144112201355,48.0830418795814,39.206452479951736,43.36737166779108
2026-09-28 06:00:00,EP172026,24,2026-09-28 18:00:00,0 days 12:00:00,12,24.76,-113.05,969.3,82.7,0.0,194.78987051981332,240.4263214985383,152.0592166930976,139.3513250556432,107.8633326429408,116.59542085020348,87.53967697746134,84.94561375256035,55.03239059113582,56.188837034911046,46.09354607199998,47.883361520304106
2026-09-28 06:00:00,EP172026,24,2026-09-29 00:00:00,0 days 18:00:00,18,25.61,-112.57,971.5,79.5,22.10041455826288,162.56358490333673,168.5240463368346,114.95676642800916,111.83678682560078,75.91214675136095,76.24741829251889,58.44305755370074,59.64063158512275,38.71950389816664,37.26223261599408,29.278294913926327,32.55983397450784
2026-09-28 06:00:00,EP172026,24,2026-09-29 06:00:00,1 days 00:00:00,24,26.35,-111.98,984.9,57.3,56.51757388757389,110.12608087345612,88.71816265009338,48.49724674623958,73.21397302575093,56.51757388757389,1.2010180363682608,0.0,0.7818713705655327,0.0,0.0,0.0,0.0
2026-09-28 06:00:00,EP172026,24,2026-09-29 12:00:00,1 days 06:00:00,30,27.09,-110.87,989.0,50.8,45.768448849441455,145.5892666878841,156.65336712878036,102.9838140414429,96.4946651421375,14.629517753046848,45.768448849441455,6.367865036388891,5.256376179504984,0.0,0.0,0.0,0.0
2026-09-28 06:00:00,EP172026,24,2026-09-29 18:00:00,1 days 12:00:00,36,28.79,-109.62,997.7,38.6,65.85366754443442,65.85366754443442,0.0,0.0,0.0,0.0,0.0,0.0,0.0,0.0,0.0,0.0,0.0
2026-09-28 06:00:00,EP182026,24,2026-09-28 06:00:00,0 days 00:00:00,0,13.2,-100.0,1001.0,41.0,93.0,222.0,185.0,148.0,222.0,0.0,0.0,0.0,0.0,0.0,0.0,0.0,0.0
2026-09-28 06:00:00,EP182026,24,2026-09-28 12:00:00,0 days 06:00:00,6,13.08,-100.56,995.2,49.2,39.38978859417164,115.69698005913764,91.265350709981,73.15650315886394,105.5009660181451,0.0,0.0,0.0,0.0,0.0,0.0,0.0,0.0
2026-09-28 06:00:00,EP182026,24,2026-09-28 18:00:00,0 days 12:00:00,12,13.68,-101.04,991.5,55.9,45.60548158983069,157.36797662636133,140.23837354383994,111.12141561554382,131.3365486621093,55.75009263367907,52.29870381996798,43.55069912425995,47.97907149412609,0.0,0.0,0.0,0.0
2026-09-28 06:00:00,EP182026,24,2026-09-29 00:00:00,0 days 18:00:00,18,14.0,-102.05,991.2,51.0,85.76684159901097,212.8613278325683,183.963452450106,152.81616876365558,181.7827450496942,85.76684159901097,0.1969897409776984,0.0,1.1981707988764878,0.0,0.0,0.0,0.0
2026-09-28 06:00:00,EP182026,24,2026-09-29 06:00:00,1 days 00:00:00,24,14.67,-103.22,996.3,49.9,71.46388264741454,162.10377638426104,134.51586868663077,104.99475018088458,127.45538191321948,0.0,0.0,0.0,0.0,0.0,0.0,0.0,0.0
2026-09-28 06:00:00,EP182026,24,2026-09-29 12:00:00,1 days 06:00:00,30,15.32,-104.06,992.6,53.1,73.06277089068718,175.89612701507832,149.3896101649678,120.01792148493855,147.42661976913695,73.06277089068718,10.09820755590987,8.001959020242982,10.177472227866714,0.0,0.0,0.0,0.0
2026-09-28 06:00:00,EP182026,24,2026-09-29 18:00:00,1 days 12:00:00,36,15.75,-104.73,988.7,61.8,3.6821749096455614,55.97338020784064,50.95868435553173,31.383957538189485,35.30906844427735,1.3027298148569937,0.0,0.0,3.6821749096455614,0.0,0.0,0.0,0.0
2026-09-28 06:00:00,EP182026,24,2026-09-30 00:00:00,1 days 18:00:00,42,16.21,-105.55,986.2,59.9,18.78709188258056,132.2079614379035,118.47984637358805,64.16813783120556,90.39850338254551,30.335058663099232,23.82604855844655,10.927444386566208,18.655998803970927,0.0,0.0,0.0,0.0
2026-09-28 06:00:00,EP182026,24,2026-09-30 06:00:00,2 days 00:00:00,48,16.96,-106.06,974.8,78.7,12.92795428221143,154.9109298535186,130.26263015091536,85.23375772099098,121.85398960171732,59.61058244855667,48.45996631126036,29.258490739095578,45.10992761543457,23.194660901725,18.51378074051263,12.443114211796455,18.29857733430072
2026-09-28 06:00:00,EP182026,24,2026-09-30 12:00:00,2 days 06:00:00,54,17.56,-106.58,970.3,85.4,24.35667784030298,182.71808412598196,172.134161762624,125.30880889509004,132.08773405159778,77.11347848109065,68.77282697867153,47.36672809010115,60.59885342842287,34.55689121415766,30.50199976495577,22.195889220370503,27.78785696914821
2026-09-28 06:00:00,EP182026,24,2026-09-30 18:00:00,2 days 12:00:00,60,18.1,-106.7,977.4,74.7,48.78641215558036,174.16199176154865,167.57752283423235,116.04935608718232,128.8046018104632,79.8352561689376,70.46732663621587,49.13136252754312,65.22112388581402,48.78641215558036,31.47203321190321,22.711775502562094,29.662767030801614
2026-09-28 06:00:00,EP182026,24,2026-10-01 00:00:00,2 days 18:00:00,66,18.41,-106.97,964.8,89.7,11.589665729620258,160.19523996955883,140.75513972561816,132.2084858695789,144.28770075907423,82.91873557149546,74.24030779786025,59.508810597277645,71.74661230796346,41.83678712891262,36.95832611349916,29.6415813034814,35.4658789779914
2026-09-28 06:00:00,EP182026,24,2026-10-01 06:00:00,3 days 00:00:00,72,18.79,-107.05,964.8,92.2,32.023968529927444,190.1393588218833,188.11357131604944,140.2891085560716,131.81181145232617,87.45743582046728,76.51404105214354,57.933714410991065,70.68106217683889,41.440357279861686,37.54616997352405,29.3271972341626,34.758696824163145
2026-09-28 06:00:00,EP182026,24,2026-10-01 12:00:00,3 days 06:00:00,78,18.77,-107.24,959.3,102.3,28.142448357081264,192.1765122672635,164.53141787841545,137.55113417373855,159.83424150777765,88.41192635658825,72.75203303184514,57.2607230364724,75.58005219005926,43.25768342522722,37.23739642748858,31.274671832237388,36.905354666186376
2026-09-28 06:00:00,EP182026,24,2026-10-01 18:00:00,3 days 12:00:00,84,18.92,-107.65,952.1,108.3,12.47362933116389,156.0073334955702,144.6334514534512,125.4696136265636,142.36339353277663,77.85211288934474,67.60005880845009,57.46893917643728,71.40974150155137,43.90404400394712,39.21482971469399,32.53714783816682,38.34058903777651
2026-09-28 06:00:00,EP182026,24,2026-10-02 00:00:00,3 days 18:00:00,90,19.15,-107.68,946.3,113.2,37.20985211491029,155.21064203266104,142.08301141074145,135.10108964528683,157.18380612490645,79.34757874862844,68.66618224941203,59.85299959161132,74.1922202689699,43.81215805474035,38.94291158595408,32.89191525137637,38.34650955828532
2026-09-28 06:00:00,EP182026,24,2026-10-02 06:00:00,4 days 00:00:00,96,19.11,-107.73,965.0,94.2,46.20399011928873,186.8975479316054,165.3604200861812,170.8096277434305,192.8751658223649,86.22543616745986,77.59568889350993,73.60628317460679,80.27347693609242,46.20399011928873,43.19727237151659,36.56379344911981,40.10222634890008
2026-09-28 06:00:00,EP182026,24,2026-10-02 12:00:00,4 days 06:00:00,102,19.18,-107.95,969.3,82.0,31.027104168859346,137.80619798324153,128.40956829326643,126.34927740965232,127.47730143673078,79.53724502185385,72.22492125512403,61.46364701467815,71.45830849954339,42.79886206838757,40.11055963702397,33.61266794591029,37.32490316175902
2026-09-28 06:00:00,EP182026,24,2026-10-02 18:00:00,4 days 12:00:00,108,18.91,-108.06,977.2,79.2,29.72045386071989,146.16215325173044,129.70814316674284,117.08877476968598,142.5315776406208,69.24187813730524,61.30656220214286,50.794857981306365,60.90708520506132,34.0269184282042,31.20655635684369,27.990306157630428,30.5358011719558
2026-09-28 06:00:00,EP182026,24,2026-10-03 00:00:00,4 days 18:00:00,114,19.11,-108.31,950.9,99.2,30.450103302075696,163.27300412741602,192.6374049356834,178.23438540971944,142.51563094830243,56.12561968488804,60.23365309238388,56.01716781077593,47.6974213562216,28.39560966093844,30.450103302075696,26.60546817243173,25.232025602064496
2026-09-28 06:00:00,EP182026,24,2026-10-03 06:00:00,5 days 00:00:00,120,19.2,-109.01,974.2,83.3,49.66090646573956,157.53962716972228,124.56376915736432,114.8988036216918,148.52239340799144,84.52915870224888,73.49741904820655,58.53359512990579,75.42476901752141,49.66090646573956,35.57813612727324,27.511628895590555,34.363895317829815
2026-09-28 06:00:00,EP182026,24,2026-10-03 12:00:00,5 days 06:00:00,126,19.07,-109.39,968.8,82.2,21.177820016025088,153.45158712126894,142.5095254809064,148.19758962631292,155.8961958500119,88.21095429607314,79.98434917335577,70.64267325991705,82.58363419213586,49.18156461555944,44.271273616046166,37.4281497028625,43.18324242934459
2026-09-28 06:00:00,EP182026,24,2026-10-03 18:00:00,5 days 12:00:00,132,19.1,-110.09,963.2,89.9,9.762380658002726,153.64882060424847,135.36306434490854,138.54343487704898,144.89279978660684,72.80605995151788,70.03998081543212,61.88887622830772,68.8113453331804,41.30915192513402,39.72157762392795,33.94907337076428,36.98087014619797
2026-09-28 06:00:00,EP182026,24,2026-10-04 00:00:00,5 days 18:00:00,138,19.58,-110.6,959.7,88.9,0.0,142.36129088862208,128.99767834214833,129.5052250631271,145.5372698362844,69.2540252878349,59.75888574989841,49.556612211957344,61.30168653053971,34.443499149406534,29.796841544414463,23.689828886198697,29.41824086416399
2026-09-28 06:00:00,EP182026,24,2026-10-04 06:00:00,6 days 00:00:00,144,19.5,-111.16,981.9,67.9,8.122338112313013,124.5835397355156,109.4763856289907,90.32106890776082,120.0583029333842,42.96469880706843,33.37696338554642,23.12950113067976,35.35969679926508,18.069124521862506,14.307438416588775,11.882911970673916,15.381821275606248
2026-09-28 06:00:00,EP182026,24,2026-10-04 12:00:00,6 days 06:00:00,150,20.27,-111.63,969.3,88.8,24.746844851794243,184.5135018229791,147.2610881194516,121.39251679093316,154.86679985688372,62.41999709489634,48.00523067269287,33.295003684569515,53.68770639096417,28.342225899525133,22.00691487909236,15.454548699117955,23.14682640707021
2026-09-28 06:00:00,EP182026,24,2026-10-04 18:00:00,6 days 12:00:00,156,20.38,-112.43,970.1,84.6,19.965599090527817,178.41901066398822,152.30058818645475,117.30364946889412,155.79607295180395,86.69571566589141,73.67402452405838,58.71171258232435,75.71610667933798,43.45159421955484,37.32669165856422,29.675675643622444,37.362380087867045
2026-09-28 06:00:00,EP182026,24,2026-10-05 00:00:00,6 days 18:00:00,162,20.89,-113.24,966.4,81.1,25.097189153071497,182.317111921919,156.59575355202526,133.32016087129037,159.00260617053289,87.19629692999992,75.85236121036488,61.32658830223899,75.63776629382471,45.12543782411353,39.15145721565453,30.99362627914389,37.97947048285992
2026-09-28 06:00:00,EP182026,24,2026-10-05 06:00:00,7 days 00:00:00,168,21.04,-114.31,976.9,74.2,24.78975068612345,159.44510664248662,126.14582109561796,105.28745280224835,139.1046830707852,67.15668890138059,55.540467858501465,42.602471015323246,61.930273504863045,33.10892735420116,26.55066730438307,20.16135800453535,27.36999128705215
2026-09-28 06:00:00,EP182026,24,2026-10-05 12:00:00,7 days 06:00:00,174,20.97,-115.52,968.7,85.5,9.550851304975067,155.45234010595,116.11831488458276,83.22324624380849,129.43258556323892,24.019273341071937,13.69417883197631,8.111486428888924,17.85007385602494,9.550851304975067,5.500891650420515,2.682495616442554,7.268739511316654
2026-09-28 06:00:00,EP182026,24,2026-10-05 18:00:00,7 days 12:00:00,180,20.94,-117.28,972.6,81.9,17.20275587658479,97.65051960112856,74.0185520214047,57.52494392439232,82.61071429718595,35.54126640895027,26.059376668259908,19.03815391171734,32.30213517477105,17.20275587658479,13.463264459896386,10.32381603692314,14.786202608626668
2026-09-28 06:00:00,EP182026,24,2026-10-06 00:00:00,7 days 18:00:00,186,20.97,-118.26,973.6,91.0,24.682030755723133,164.2139816756602,123.92958631801888,94.58512870733448,146.2987435757966,83.9077257992709,68.81094363001233,54.16437039501611,72.93475340915137,42.81007487300502,36.33280108713507,28.72240830436108,38.08993485215848
2026-09-28 06:00:00,EP182026,24,2026-10-06 06:00:00,8 days 00:00:00,192,21.1,-119.61,967.6,90.1,11.87020777395957,149.11423593211993,117.33685046494162,107.58162937745972,142.26200651435352,78.55687004018941,68.4619243038999,58.046517863000126,71.76947843035548,41.850766627496256,36.91588372851605,31.049650807647453,36.90528087866029
2026-09-28 06:00:00,EP182026,24,2026-10-06 12:00:00,8 days 06:00:00,198,20.9,-120.31,968.8,89.2,32.06198998310324,175.65575315919733,147.8283106413014,119.80329750713136,164.9524396924411,99.42426803694356,82.89856863585321,66.33470057361609,86.29623970050527,50.99200492876719,43.93387257380874,35.727497379577585,44.51869631330771
2026-09-28 06:00:00,EP182026,24,2026-10-06 18:00:00,8 days 12:00:00,204,20.73,-121.28,966.6,88.7,15.037292745369813,160.66735724288054,123.09786006335798,96.6718994324927,140.25417353388752,15.037292745369813,0.0,0.0,15.037292745369813,15.037292745369813,0.0,0.0,0.480054128585305
2026-09-28 06:00:00,EP182026,24,2026-10-07 00:00:00,8 days 18:00:00,210,20.56,-121.88,959.4,102.2,11.87324464732202,131.6569004935722,109.34293471996116,101.14665436675544,121.72710115303892,11.87324464732202,0.0,0.0,0.6665287820090717,11.87324464732202,0.0,0.0,0.4252512394315707
2026-09-28 06:00:00,EP182026,24,2026-10-07 06:00:00,9 days 00:00:00,216,20.82,-122.76,954.5,103.4,26.101439141477943,121.621163424297,98.86073859813172,100.15051415465932,137.98867308284554,73.95970251465609,63.37565456189979,61.43557252737803,72.82895824649016,45.51640730949536,40.65280238271097,37.08494349543459,41.664446576882746
2026-09-28 06:00:00,EP182026,24,2026-10-07 12:00:00,9 days 06:00:00,222,20.31,-122.82,958.8,98.3,32.518025689522304,163.66646778870438,123.21687199708566,116.2030605028748,168.6608239553139,87.6038826890605,77.11007970717897,66.42055097295174,79.04258394753379,46.25253881997826,42.06211062638972,37.15180127613633,41.77980294908916
2026-09-28 06:00:00,EP182026,24,2026-10-07 18:00:00,9 days 12:00:00,228,20.52,-123.18,967.8,89.0,44.51282654453867,157.14259855514197,130.2207601427205,116.88019129379936,141.2224748948816,59.13608546033282,49.30970310252953,39.66240430672926,54.19490255170494,44.51282654453867,24.942705868229428,19.94622678171841,23.930164322260215
2026-09-28 06:00:00,EP182026,24,2026-10-08 00:00:00,9 days 18:00:00,234,20.55,-122.91,949.5,109.6,19.62723118639815,50.786412223235686,80.96630138422233,77.3046830232488,58.92141169639649,32.60052871244044,32.80591756066113,37.66269473485244,31.3073385380452,22.01531216308061,23.172981211778804,22.90566198960913,21.390211801080227
2026-09-28 06:00:00,EP182026,24,2026-10-08 06:00:00,10 days 00:00:00,240,20.91,-123.49,977.4,73.4,12.534567206924812,159.18714081352317,142.82228426789527,103.36896384800544,120.09842911045249,12.534567206924812,0.9301992936541764,0.0,0.2350562888444569,12.534567206924812,0.0,0.0,0.0241761627263343
2026-09-28 06:00:00,EP182026,24,2026-10-08 12:00:00,10 days 06:00:00,246,20.94,-123.43,976.1,78.1,25.283651359913332,100.95755232543218,87.6317237394311,82.19866431019534,94.41878595060132,44.77058027254003,40.06910900766081,32.39263786438386,39.58577881751478,25.283651359913332,18.70340471656641,15.221989955858234,17.865455285510592
2026-09-28 06:00:00,EP182026,24,2026-10-08 18:00:00,10 days 12:00:00,252,20.81,-123.49,978.4,73.7,14.319190664086731,131.67605798816317,115.81426932192386,106.04587871934388,127.7916066752635,63.18118712991401,54.52708471243545,41.39011282082447,54.536440728980494,28.873120870156452,25.71562601523695,20.0067161934561,24.410935368747214
2026-09-28 06:00:00,EP182026,24,2026-10-09 00:00:00,10 days 18:00:00,258,20.76,-123.61,980.9,67.4,17.889702013138006,106.63139220643694,90.61759502538008,90.22677200344654,100.5302251666862,56.49092240354136,53.96776476370067,47.309060246877785,50.38124004804771,0.0,0.0,17.889702013138006,0.0
2026-09-28 06:00:00,EP182026,24,2026-10-09 06:00:00,11 days 00:00:00,264,20.37,-123.81,992.4,53.2,43.02334806625596,86.35442017082697,66.3351825630522,58.81674519887861,77.70277470974426,0.1987000720941374,0.1854677687099544,0.0,43.02334806625596,0.0,0.0,0.0,0.0
2026-09-28 06:00:00,EP182026,24,2026-10-09 12:00:00,11 days 06:00:00,270,20.05,-124.49,990.1,53.2,33.19755987686911,135.19625152784218,110.00658266128198,101.89492601775724,119.53672740238756,0.0,0.0,0.0,33.19755987686911,0.0,0.0,0.0,0.0
2026-09-28 06:00:00,EP182026,24,2026-10-09 18:00:00,11 days 12:00:00,276,19.51,-124.72,989.7,54.7,28.466797671697037,118.70132474002034,85.63257639729574,81.00804007254223,107.64998819340624,0.4776061445843576,0.0,0.0,28.466797671697037,0.0,0.0,0.0,0.0
2026-09-28 06:00:00,EP182026,24,2026-10-10 00:00:00,11 days 18:00:00,282,19.05,-125.17,992.3,55.7,19.94072209078368,102.76307477045007,66.95340387580165,65.05060572830801,93.6069430306131,0.3953160105613107,0.0,0.0,19.94072209078368,0.0,0.0,0.0,0.0
2026-09-28 06:00:00,EP182026,24,2026-10-10 06:00:00,12 days 00:00:00,288,18.55,-125.79,986.1,61.7,4.432408549731719,58.66315814337398,43.90359962054825,28.38911744953043,49.88628515924998,1.8162354085664705,0.0,0.6665362340108132,4.432408549731719,0.0,0.0,0.0,0.0
2026-09-28 06:00:00,EP182026,24,2026-10-10 12:00:00,12 days 06:00:00,294,18.35,-126.42,996.3,49.1,42.063615013970775,100.030646531226,67.35307399589965,57.61941673051297,89.72435926979597,0.0,0.0,0.0,0.0,0.0,0.0,0.0,0.0
2026-09-28 06:00:00,EP182026,24,2026-10-10 18:00:00,12 days 12:00:00,300,18.02,-127.29,994.0,52.7,24.021117520608712,127.75122749878456,96.52054033432624,76.64414868983397,108.87079502134802,2.674641944717349,0.0,0.0,24.021117520608712,0.0,0.0,0.0,0.0
2026-09-28 06:00:00,EP182026,24,2026-10-11 00:00:00,12 days 18:00:00,306,17.97,-128.15,996.9,50.2,35.664491905127285,115.56784050143206,85.86082244233467,71.06500625976938,101.35049469912356,0.0,0.0,0.0,35.664491905127285,0.0,0.0,0.0,0.0
2026-09-28 06:00:00,EP182026,24,2026-10-11 06:00:00,13 days 00:00:00,312,17.58,-128.9,994.0,47.9,44.06668267479204,90.12033792610222,72.54610279227705,59.39615634599531,77.22856296106912,0.0,0.0,0.0,0.0,0.0,0.0,0.0,0.0
2026-09-28 06:00:00,EP182026,24,2026-10-11 12:00:00,13 days 06:00:00,318,17.76,-129.68,994.9,49.7,30.390346334317528,123.7397000402696,84.87170580521013,65.16256129190832,97.8606937069647,0.0,0.0,0.0,0.0,0.0,0.0,0.0,0.0
2026-09-28 06:00:00,EP182026,24,2026-10-11 18:00:00,13 days 12:00:00,324,17.65,-130.04,997.0,42.4,57.33099860546251,66.7356964859999,46.6576324361859,45.93059391343888,59.14294489493376,0.0,0.0,0.0,0.0,0.0,0.0,0.0,0.0
2026-09-28 06:00:00,EP182026,24,2026-10-12 00:00:00,13 days 18:00:00,330,17.72,-130.83,995.8,50.0,57.79396885347305,123.42248044704088,99.00270962349188,79.03347231497594,108.54632652955571,0.0,0.0,0.0,0.0,0.0,0.0,0.0,0.0
2026-09-28 06:00:00,EP182026,24,2026-10-12 06:00:00,14 days 00:00:00,336,17.85,-131.57,996.8,43.6,70.03485453099134,70.03485453099134,26.21113430099779,22.532116553730283,35.675593718334994,0.0,0.0,0.0,0.0,0.0,0.0,0.0,0.0
2026-09-28 06:00:00,EP182026,24,2026-10-12 12:00:00,14 days 06:00:00,342,17.83,-132.43,995.5,47.0,61.22658551464685,132.08760125316584,106.4318965925568,85.40397852833235,108.16688077652222,0.0,0.0,0.0,0.0,0.0,0.0,0.0,0.0
2026-09-28 06:00:00,EP182026,24,2026-10-12 18:00:00,14 days 12:00:00,348,17.81,-133.65,999.8,34.9,51.35442221877129,3.151308786397763,0.0905596334775964,3.831764095435844,51.35442221877129,0.0,0.0,0.0,0.0,0.0,0.0,0.0,0.0
2026-09-28 06:00:00,EP182026,24,2026-10-13 00:00:00,14 days 18:00:00,354,17.67,-134.55,1000.4,41.2,85.06803324777142,85.06803324777142,2.609771410346923,0.0,9.00143959378924,0.0,0.0,0.0,0.0,0.0,0.0,0.0,0.0
2026-09-28 06:00:00,EP182026,24,2026-10-13 06:00:00,15 days 00:00:00,360,17.57,-135.4,1003.6,32.8,79.85515213936243,0.0,0.0,0.0,0.0,0.0,0.0,0.0,0.0,0.0,0.0,0.0,0.0
2026-09-28 06:00:00,EP912026(3),24,2026-09-28 06:00:00,0 days 00:00:00,0,12.7,-136.6,1005.0,29.0,93.0,0.0,0.0,0.0,0.0,0.0,0.0,0.0,0.0,0.0,0.0,0.0,0.0
2026-09-28 06:00:00,WP252026,24,2026-09-28 06:00:00,0 days 00:00:00,0,27.5,131.6,954.0,99.0,9.0,148.0,158.0,148.0,121.0,,,,,,,,
2026-09-28 06:00:00,WP252026,24,2026-09-28 12:00:00,0 days 06:00:00,6,27.53,132.39,981.0,59.7,12.923003495502796,118.68851049655711,149.55300460298338,113.98991778372395,81.34888635423795,22.41344298543657,27.81688430619306,18.65710048272013,12.629571173011676,0.0,0.0,0.0,0.0
2026-09-28 06:00:00,WP252026,24,2026-09-28 18:00:00,0 days 12:00:00,12,27.78,133.34,984.0,50.8,32.42862495536804,52.56316347360999,66.8411526329958,41.39290493786192,38.46852226779965,2.6818008045541117,32.42862495536804,0.0,0.0,0.0,0.0,0.0,0.0
2026-09-28 06:00:00,WP252026,24,2026-09-29 00:00:00,0 days 18:00:00,18,28.47,133.9,993.9,40.3,58.428148490279085,85.63885523691056,82.37571188523441,60.19338082724933,61.13830287539153,0.0,0.0,0.0,0.0,0.0,0.0,0.0,0.0
2026-09-28 06:00:00,WP252026,24,2026-09-29 06:00:00,1 days 00:00:00,24,29.12,135.05,997.8,36.0,124.094144810162,124.094144810162,7.435175882955125,0.0,0.0,0.0,0.0,0.0,0.0,0.0,0.0,0.0,0.0
2026-09-28 06:00:00,WP252026,24,2026-09-29 12:00:00,1 days 06:00:00,30,29.84,135.94,998.5,36.7,105.75270296259814,105.75270296259814,1.1598752934763752,0.2953695545257915,0.0,0.0,0.0,0.0,0.0,0.0,0.0,0.0,0.0
2026-09-28 06:00:00,WP252026,24,2026-09-29 18:00:00,1 days 12:00:00,36,30.9,136.86,1001.0,36.4,99.0722978292592,99.0722978292592,31.14416679547916,20.71961718573302,24.9761379789307,0.0,0.0,0.0,0.0,0.0,0.0,0.0,0.0
2026-09-28 06:00:00,WP252026,24,2026-09-30 00:00:00,1 days 18:00:00,42,31.85,137.75,998.3,33.6,49.71665096621407,0.0,0.0,0.0,0.0,0.0,0.0,0.0,0.0,0.0,0.0,0.0,0.0
2026-09-28 06:00:00,WP252026,24,2026-09-30 06:00:00,2 days 00:00:00,48,32.82,139.78,1000.3,29.3,40.41760227563218,0.0,0.0,0.0,0.0,0.0,0.0,0.0,0.0,0.0,0.0,0.0,0.0
2026-09-28 06:00:00,WP252026,24,2026-09-30 12:00:00,2 days 06:00:00,54,34.26,141.75,998.5,40.7,55.43095202883228,6.564675893101214,55.43095202883228,2.883677898277682,1.4712621856712715,0.0,0.0,0.0,0.0,0.0,0.0,0.0,0.0
2026-09-28 06:00:00,WP252026,24,2026-09-30 18:00:00,2 days 12:00:00,60,35.01,143.02,996.6,37.3,136.06307947813812,136.06307947813812,0.7849055862936041,0.0,0.0,0.0,0.0,0.0,0.0,0.0,0.0,0.0,0.0
2026-09-28 06:00:00,WP252026,24,2026-10-01 00:00:00,2 days 18:00:00,66,35.78,144.85,997.1,33.7,140.23442223748407,0.0,0.0,0.0,0.0,0.0,0.0,0.0,0.0,0.0,0.0,0.0,0.0
2026-09-28 06:00:00,WP252026,24,2026-10-01 06:00:00,3 days 00:00:00,72,36.83,147.4,997.4,33.3,79.10678831591326,0.0,0.0,0.0,0.0,0.0,0.0,0.0,0.0,0.0,0.0,0.0,0.0
2026-09-28 06:00:00,WP252026,24,2026-10-01 12:00:00,3 days 06:00:00,78,38.29,149.33,1000.2,26.9,80.09775864606138,0.0,0.0,0.0,0.0,0.0,0.0,0.0,0.0,0.0,0.0,0.0,0.0
2026-09-28 06:00:00,WP252026,24,2026-10-01 18:00:00,3 days 12:00:00,84,40.19,152.86,1001.0,28.0,122.02271895737113,0.0,0.0,0.0,0.0,0.0,0.0,0.0,0.0,0.0,0.0,0.0,0.0
2026-09-28 06:00:00,WP252026,24,2026-10-02 00:00:00,3 days 18:00:00,90,41.66,156.19,997.8,32.5,166.70855075893795,0.0,0.0,0.0,0.0,0.0,0.0,0.0,0.0,0.0,0.0,0.0,0.0
2026-09-28 06:00:00,WP922026(4),24,2026-09-28 06:00:00,0 days 00:00:00,0,16.4,97.6,1001.0,29.0,64.0,0.0,0.0,0.0,0.0,0.0,0.0,0.0,0.0,0.0,0.0,0.0,0.0
2026-09-28 06:00:00,WP922026(4),24,2026-09-28 12:00:00,0 days 06:00:00,6,17.58,97.15,999.0,29.0,35.02741063617002,0.0,0.0,0.0,0.0,0.0,0.0,0.0,0.0,0.0,0.0,0.0,0.0
2026-09-28 06:00:00,WP922026(4),24,2026-09-28 18:00:00,0 days 12:00:00,12,18.5,96.7,1002.8,22.8,56.63834254424216,0.0,0.0,0.0,0.0,0.0,0.0,0.0,0.0,0.0,0.0,0.0,0.0
2026-09-28 06:00:00,16,25,2026-10-03 12:00:00,5 days 06:00:00,126,11.63,163.38,1005.9,19.3,72.25479569285514,0.0,0.0,0.0,0.0,0.0,0.0,0.0,0.0,0.0,0.0,0.0,0.0
2026-09-28 06:00:00,16,25,2026-10-03 18:00:00,5 days 12:00:00,132,11.5,163.27,1004.6,23.5,98.65181302680212,0.0,0.0,0.0,0.0,0.0,0.0,0.0,0.0,0.0,0.0,0.0,0.0
2026-09-28 06:00:00,16,25,2026-10-04 00:00:00,5 days 18:00:00,138,11.08,163.65,1005.0,26.5,98.79890214122398,0.0,0.0,0.0,0.0,0.0,0.0,0.0,0.0,0.0,0.0,0.0,0.0
2026-09-28 06:00:00,16,25,2026-10-04 06:00:00,6 days 00:00:00,144,10.82,163.48,1002.3,25.0,75.2974257136101,0.0,0.0,0.0,0.0,0.0,0.0,0.0,0.0,0.0,0.0,0.0,0.0
2026-09-28 06:00:00,16,25,2026-10-04 12:00:00,6 days 06:00:00,150,10.45,163.89,1000.7,28.0,59.135511621415205,0.0,0.0,0.0,0.0,0.0,0.0,0.0,0.0,0.0,0.0,0.0,0.0
2026-09-28 06:00:00,16,25,2026-10-04 18:00:00,6 days 12:00:00,156,10.59,163.65,1002.0,34.7,64.52777915198399,64.52777915198399,2.6839750240551137,1.6965727962851087,6.522002561905774,0.0,0.0,0.0,0.0,0.0,0.0,0.0,0.0
2026-09-28 06:00:00,16,25,2026-10-05 00:00:00,6 days 18:00:00,162,10.56,163.56,996.3,34.5,53.47044335155599,6.845014720760272,2.9891880996674587,11.349562681063254,53.47044335155599,0.0,0.0,0.0,0.0,0.0,0.0,0.0,0.0
2026-09-28 06:00:00,16,25,2026-10-05 06:00:00,7 days 00:00:00,168,10.4,163.67,992.1,46.8,46.59256598286584,116.1735514749671,109.6035827641117,89.04580520426498,97.0162991985262,0.0,0.0,0.0,0.0,0.0,0.0,0.0,0.0
2026-09-28 06:00:00,16,25,2026-10-05 12:00:00,7 days 06:00:00,174,10.16,163.68,993.8,45.8,45.21633411100287,86.86402332142927,65.36106720661218,54.4066750819448,76.6680806417526,0.0,0.0,0.0,0.0,0.0,0.0,0.0,0.0
2026-09-28 06:00:00,16,25,2026-10-05 18:00:00,7 days 12:00:00,180,10.55,163.63,991.1,47.6,47.4574287537643,121.34264494040256,96.09658954035508,78.17267700457082,100.49000258394044,0.0,0.0,0.0,0.0,0.0,0.0,0.0,0.0
2026-09-28 06:00:00,16,25,2026-10-06 00:00:00,7 days 18:00:00,186,10.85,163.44,987.0,54.4,38.76021360916441,132.4172600214426,108.82791978666424,96.4337161716974,107.7792723795211,38.76021360916441,1.8890867884270257,0.6818012201304731,2.0366341092171005,0.0,0.0,0.0,0.0
2026-09-28 06:00:00,16,25,2026-10-06 06:00:00,8 days 00:00:00,192,11.38,163.42,994.0,44.0,70.10474511189918,129.82877263121858,115.64712127476425,84.67009406153618,105.94415307636405,0.0,0.0,0.0,0.0,0.0,0.0,0.0,0.0
2026-09-28 06:00:00,16,25,2026-10-06 12:00:00,8 days 06:00:00,198,11.45,163.28,995.8,42.9,71.01604218912016,230.3841693250705,206.23995770953832,167.44847922817337,197.9516223494618,0.0,0.0,0.0,0.0,0.0,0.0,0.0,0.0
2026-09-28 06:00:00,16,25,2026-10-06 18:00:00,8 days 12:00:00,204,11.63,162.81,996.1,45.3,77.79569871892241,77.79569871892241,26.75823631426969,11.95481179265136,31.08690080430941,0.0,0.0,0.0,0.0,0.0,0.0,0.0,0.0
2026-09-28 06:00:00,16,25,2026-10-07 00:00:00,8 days 18:00:00,210,12.3,162.57,997.0,37.2,71.2826720585881,71.2826720585881,56.96403357021677,43.60757332007256,54.03550421056718,0.0,0.0,0.0,0.0,0.0,0.0,0.0,0.0
2026-09-28 06:00:00,16,25,2026-10-07 06:00:00,9 days 00:00:00,216,12.52,161.96,1000.3,29.9,87.556653737217,0.0,0.0,0.0,0.0,0.0,0.0,0.0,0.0,0.0,0.0,0.0,0.0
2026-09-28 06:00:00,16,25,2026-10-07 12:00:00,9 days 06:00:00,222,12.64,161.85,999.4,33.0,119.11805031477309,0.0,0.0,0.0,0.0,0.0,0.0,0.0,0.0,0.0,0.0,0.0,0.0
2026-09-28 06:00:00,16,25,2026-10-07 18:00:00,9 days 12:00:00,228,12.97,161.04,997.0,35.3,47.63133412227044,18.49125272433226,9.958276285998185,10.63688492479518,47.63133412227044,0.0,0.0,0.0,0.0,0.0,0.0,0.0,0.0
2026-09-28 06:00:00,16,25,2026-10-08 00:00:00,9 days 18:00:00,234,14.03,160.89,996.5,37.6,73.37383514749608,2.086308727454403,73.37383514749608,0.3477419578888234,0.0,0.0,0.0,0.0,0.0,0.0,0.0,0.0,0.0
2026-09-28 06:00:00,16,25,2026-10-08 06:00:00,10 days 00:00:00,240,14.38,160.43,1001.1,34.4,123.397824615467,123.397824615467,0.0,0.0,5.021971274585896,0.0,0.0,0.0,0.0,0.0,0.0,0.0,0.0
2026-09-28 06:00:00,16,25,2026-10-08 12:00:00,10 days 06:00:00,246,15.12,159.7,1000.2,32.4,73.59781893174006,0.0,0.0,0.0,0.0,0.0,0.0,0.0,0.0,0.0,0.0,0.0,0.0
2026-09-28 06:00:00,16,25,2026-10-08 18:00:00,10 days 12:00:00,252,16.11,159.03,997.9,35.1,108.48527969142378,0.0,0.0,0.0,108.48527969142378,0.0,0.0,0.0,0.0,0.0,0.0,0.0,0.0
2026-09-28 06:00:00,16,25,2026-10-09 00:00:00,10 days 18:00:00,258,17.19,157.04,1001.0,26.8,59.13942542065034,0.0,0.0,0.0,0.0,0.0,0.0,0.0,0.0,0.0,0.0,0.0,0.0
2026-09-28 06:00:00,16,25,2026-10-09 06:00:00,11 days 00:00:00,264,18.27,156.09,997.2,32.6,69.62102154799675,0.0,0.0,0.0,0.0,0.0,0.0,0.0,0.0,0.0,0.0,0.0,0.0
2026-09-28 06:00:00,16,25,2026-10-09 12:00:00,11 days 06:00:00,270,19.32,155.93,993.5,46.1,74.17907871970353,74.17907871970353,15.04600498243726,7.434436634047312,6.921131514577304,0.0,0.0,0.0,0.0,0.0,0.0,0.0,0.0
2026-09-28 06:00:00,16,25,2026-10-09 18:00:00,11 days 12:00:00,276,20.16,155.23,994.5,40.1,49.52947345632751,49.52947345632751,20.7191919339724,5.189821929985752,15.165961987295791,0.0,0.0,0.0,0.0,0.0,0.0,0.0,0.0
2026-09-28 06:00:00,16,25,2026-10-10 00:00:00,11 days 18:00:00,282,21.54,154.07,997.5,34.6,104.723958137386,104.723958137386,5.302596288838629,3.5884818405892887,6.356993587774923,0.0,0.0,0.0,0.0,0.0,0.0,0.0,0.0
2026-09-28 06:00:00,16,25,2026-10-10 06:00:00,12 days 00:00:00,288,22.59,153.48,997.1,41.1,50.56921495261033,50.56921495261033,19.05155039203595,0.0,16.10756610168312,0.0,0.0,0.0,0.0,0.0,0.0,0.0,0.0
2026-09-28 06:00:00,16,25,2026-10-10 12:00:00,12 days 06:00:00,294,23.63,152.99,990.8,48.7,56.46620372927484,167.90074698655997,139.92157802808052,92.2094780314582,121.84957884558185,0.0,0.0,0.0,0.0,0.0,0.0,0.0,0.0
2026-09-28 06:00:00,16,25,2026-10-10 18:00:00,12 days 12:00:00,300,24.22,152.64,985.8,49.7,72.9022577462317,191.637625278786,167.83789334616995,128.49444914794174,161.12413227727978,0.0,0.0,0.0,0.0,0.0,0.0,0.0,0.0
2026-09-28 06:00:00,16,25,2026-10-11 00:00:00,12 days 18:00:00,306,25.28,152.33,976.8,61.9,16.525206407225102,202.3493969589914,165.23839662253087,113.32305881882556,146.56780584884808,16.525206407225102,8.331866469005922,0.0,8.052547667908156,0.0,0.0,0.0,0.0
2026-09-28 06:00:00,16,25,2026-10-11 06:00:00,13 days 00:00:00,312,25.72,151.8,985.2,59.3,28.30073323194057,194.9364876071054,164.82791428671112,119.32750643598628,148.02248609862374,28.30073323194057,15.051851668676631,6.023425561006787,12.585204934255284,0.0,0.0,0.0,0.0
2026-09-28 06:00:00,16,25,2026-10-11 12:00:00,13 days 06:00:00,318,26.69,151.93,989.6,59.1,25.613610330754604,247.0712887974758,218.79575223581625,156.0419962146143,180.39090283658965,42.06849194077226,33.63020659987627,19.520663196269098,27.69368505466882,0.0,0.0,0.0,0.0
2026-09-28 06:00:00,16,25,2026-10-11 18:00:00,13 days 12:00:00,324,27.63,151.64,996.3,45.1,70.07288868951753,209.8682269616621,185.47663465450705,130.2474483931867,164.76679672470956,0.0,0.0,0.0,0.0,0.0,0.0,0.0,0.0
2026-09-28 06:00:00,16,25,2026-10-12 00:00:00,13 days 18:00:00,330,28.47,151.28,991.3,40.7,119.95023360014696,15.819362858798527,119.95023360014696,10.785033496795968,2.325415343614722,0.0,0.0,0.0,0.0,0.0,0.0,0.0,0.0
2026-09-28 06:00:00,16,25,2026-10-12 06:00:00,14 days 00:00:00,336,29.27,151.36,996.0,38.9,126.80650849916654,126.80650849916654,44.702679190029855,25.09387669847341,32.082453738156424,0.0,0.0,0.0,0.0,0.0,0.0,0.0,0.0
2026-09-28 06:00:00,16,25,2026-10-12 12:00:00,14 days 06:00:00,342,30.47,151.72,993.0,37.4,55.53691139499094,55.53691139499094,10.63665189998008,3.525205286622544,0.0,0.0,0.0,0.0,0.0,0.0,0.0,0.0,0.0
2026-09-28 06:00:00,16,25,2026-10-12 18:00:00,14 days 12:00:00,348,31.57,153.25,995.0,35.2,120.36171552924432,13.8382637435895,120.36171552924432,3.381853859117829,1.420033471141526,0.0,0.0,0.0,0.0,0.0,0.0,0.0,0.0
2026-09-28 06:00:00,16,25,2026-10-13 00:00:00,14 days 18:00:00,354,33.4,156.16,996.0,37.3,132.72876828044912,132.72876828044912,6.441075183173268,0.0,3.4550612168926023,0.0,0.0,0.0,0.0,0.0,0.0,0.0,0.0
2026-09-28 06:00:00,27,25,2026-10-09 00:00:00,10 days 18:00:00,258,12.52,-103.29,1005.1,32.4,70.91269559030971,0.0,0.0,0.0,0.0,0.0,0.0,0.0,0.0,0.0,0.0,0.0,0.0
2026-09-28 06:00:00,27,25,2026-10-09 06:00:00,11 days 00:00:00,264,12.92,-103.49,1002.5,39.8,66.62686892381885,66.62686892381885,4.2476616867642605,0.5066998609310289,6.252727349846257,0.0,0.0,0.0,0.0,0.0,0.0,0.0,0.0
2026-09-28 06:00:00,27,25,2026-10-09 12:00:00,11 days 06:00:00,270,12.98,-104.21,995.7,43.7,64.57903048710335,64.57903048710335,7.930005728847991,1.6344671088147114,2.211466808961202,0.0,0.0,0.0,0.0,0.0,0.0,0.0,0.0
2026-09-28 06:00:00,27,25,2026-10-09 18:00:00,11 days 12:00:00,276,13.1,-104.41,1000.5,45.5,44.69714996491175,74.48616520741777,54.37819553962123,31.370070870998497,58.00672851931432,0.0,0.0,0.0,0.0,0.0,0.0,0.0,0.0
2026-09-28 06:00:00,27,25,2026-10-10 00:00:00,11 days 18:00:00,282,13.21,-104.74,993.5,54.9,29.490886026282816,121.67115739122193,96.38537136562078,71.62656194663165,95.45113617941962,29.490886026282816,15.07047464131166,7.313211929118349,14.331987479431229,0.0,0.0,0.0,0.0
2026-09-28 06:00:00,27,25,2026-10-10 06:00:00,12 days 00:00:00,288,13.22,-105.31,990.7,61.6,11.508006920217936,181.86894056035945,164.8628602823693,139.62434999377933,165.79921458571482,36.48655500190628,27.79807288022235,18.10142160050391,28.36819864726509,0.0,0.0,0.0,0.0
2026-09-28 06:00:00,27,25,2026-10-10 12:00:00,12 days 06:00:00,294,13.46,-105.99,988.2,67.6,35.59124073371438,141.29674172604552,116.22449596085328,100.28073736579258,130.23610889422952,35.59124073371438,16.580673268154733,11.430027711417395,35.59124073371438,3.371256398517045,1.8111034996520523,1.452658509441072,35.59124073371438
2026-09-28 06:00:00,27,25,2026-10-10 18:00:00,12 days 12:00:00,300,13.47,-106.65,985.4,70.9,22.82259962542156,110.29576236391188,100.87940856875451,93.91901132234187,109.37929421564604,36.28675613287899,25.288378172988303,19.680186470133066,32.518887196819506,22.82259962542156,10.134299321992607,8.235875472852449,11.646194135732436
2026-09-28 06:00:00,27,25,2026-10-11 00:00:00,12 days 18:00:00,306,13.57,-107.63,969.4,93.3,17.610155715606474,169.5343494104264,157.21303258377583,115.0629191542871,152.60393002179484,56.53113578768017,41.45998710100666,30.06232072224901,47.48444995934179,22.20162638088182,17.52644664535309,13.456707215531695,19.695278697582896
2026-09-28 06:00:00,27,25,2026-10-11 06:00:00,13 days 00:00:00,312,14.01,-108.21,948.5,123.9,20.079542909307364,181.51493718835405,170.41694903236152,132.48495097430194,173.21582399087723,60.6392639362908,42.30262059310928,29.371671513159384,50.68359766107122,30.453525617989413,23.5422133423728,17.307425582897878,26.33227756470924
2026-09-28 06:00:00,27,25,2026-10-11 12:00:00,13 days 06:00:00,318,14.16,-109.37,923.6,140.5,43.347433350061294,212.99938822716837,177.28852956744416,129.8604830607813,202.55735644140609,85.91969973436554,62.04559692316698,43.751979029706455,74.71748983011035,49.28019572831905,39.232129018621976,30.53740400396624,44.63138594366856
2026-09-28 06:00:00,27,25,2026-10-11 18:00:00,13 days 12:00:00,324,14.41,-110.56,932.2,129.1,5.778761622810006,147.6709111944898,117.04364269379784,113.81178907933716,146.95190235409106,30.596993791011897,20.11989394182836,17.823206527460247,30.61735323697964,23.201867288045893,18.96914832775152,17.083746796200003,21.373665390752777
2026-09-28 06:00:00,27,25,2026-10-12 00:00:00,13 days 18:00:00,330,14.58,-111.56,941.6,127.5,23.685857574058275,255.18548887140204,199.68814928861505,151.19007943770416,222.4417022868191,109.24577561646132,80.24366285465746,57.47291452556888,92.81564355002806,59.98024807702373,47.81457472833434,37.17921850162611,51.53092289840671
2026-09-28 06:00:00,27,25,2026-10-12 06:00:00,14 days 00:00:00,336,14.83,-113.11,927.2,142.7,14.183527468872908,235.62307309612495,191.48287909682747,150.70505591347495,215.62681177371667,102.35236105541784,78.58221135871959,58.33217202423491,91.11386858750856,64.63020165256752,52.13723611562472,41.35265856477479,56.7706888184745
2026-09-28 06:00:00,27,25,2026-10-12 12:00:00,14 days 06:00:00,342,15.16,-113.93,940.8,124.6,14.715681553168167,228.677901579847,171.61472892320944,125.75223793271232,213.17516880416088,94.7324223409853,63.13333706336118,45.791210959020304,85.07778260172745,58.2557022060783,46.15793341044315,35.028379316259674,51.21818448013824
2026-09-28 06:00:00,27,25,2026-10-12 18:00:00,14 days 12:00:00,348,14.98,-115.06,922.2,140.9,13.484769709480954,228.80260563899463,195.25741784246577,144.27121376094564,223.70078479287616,89.0725201673294,63.213127624054486,49.85080274774829,84.5899472226682,58.59704826465837,46.4795116361724,38.15903586736498,52.34354915439473
2026-09-28 06:00:00,27,25,2026-10-13 00:00:00,14 days 18:00:00,354,15.27,-116.16,936.7,128.6,0.0,233.62062584537836,206.3051407719189,161.44502961336732,209.9172293770602,68.57186563118947,46.18756493151088,26.919768368671,57.932764212286095,39.26352031312448,28.842022242450795,21.33311661182426,32.4377761290865
2026-09-28 06:00:00,27,25,2026-10-13 06:00:00,15 days 00:00:00,360,15.24,-117.0,917.1,145.1,7.96008434456451,284.59715317853613,227.9065535982002,174.07802110595242,266.2183020888901,106.89870115184384,78.31880343920143,61.27728790359018,98.24788522481862,71.33469213243478,58.76977918243227,48.705381019350725,63.50234792023327
2026-09-28 06:00:00,29,25,2026-10-10 06:00:00,12 days 00:00:00,288,10.44,173.11,1005.3,18.5,87.60816475454385,0.0,0.0,0.0,0.0,0.0,0.0,0.0,0.0,0.0,0.0,0.0,0.0
2026-09-28 06:00:00,29,25,2026-10-10 12:00:00,12 days 06:00:00,294,10.47,172.87,1005.8,19.6,74.0431372408892,0.0,0.0,0.0,0.0,0.0,0.0,0.0,0.0,0.0,0.0,0.0,0.0
2026-09-28 06:00:00,29,25,2026-10-10 18:00:00,12 days 12:00:00,300,9.15,172.88,1005.3,20.7,129.4295409299065,0.0,0.0,0.0,0.0,0.0,0.0,0.0,0.0,0.0,0.0,0.0,0.0
2026-09-28 06:00:00,29,25,2026-10-11 00:00:00,12 days 18:00:00,306,9.41,172.01,1005.9,13.3,92.28647434936391,0.0,0.0,0.0,0.0,0.0,0.0,0.0,0.0,0.0,0.0,0.0,0.0
2026-09-28 06:00:00,29,25,2026-10-11 06:00:00,13 days 00:00:00,312,9.83,170.85,1005.3,19.0,86.46717117820975,0.0,0.0,0.0,0.0,0.0,0.0,0.0,0.0,0.0,0.0,0.0,0.0
2026-09-28 06:00:00,29,25,2026-10-11 12:00:00,13 days 06:00:00,318,10.46,170.25,999.9,30.9,51.51973344654257,0.0,0.0,0.0,0.0,0.0,0.0,0.0,0.0,0.0,0.0,0.0,0.0
2026-09-28 06:00:00,29,25,2026-10-11 18:00:00,13 days 12:00:00,324,10.63,169.41,999.7,35.5,102.5821616978892,13.31770444423002,102.5821616978892,6.445918170780371,4.1504253048590405,0.0,0.0,0.0,0.0,0.0,0.0,0.0,0.0
2026-09-28 06:00:00,29,25,2026-10-12 00:00:00,13 days 18:00:00,330,11.17,168.22,1001.5,29.0,144.24790457171645,0.0,0.0,0.0,0.0,0.0,0.0,0.0,0.0,0.0,0.0,0.0,0.0
2026-09-28 06:00:00,29,25,2026-10-12 06:00:00,14 days 00:00:00,336,11.8,166.64,999.1,32.7,89.47113195584052,0.0,0.0,0.0,0.0,0.0,0.0,0.0,0.0,0.0,0.0,0.0,0.0
2026-09-28 06:00:00,29,25,2026-10-12 12:00:00,14 days 06:00:00,342,12.43,165.18,995.0,44.8,22.225165434401333,60.843265270061465,38.549236223208936,20.69220696263244,48.45352495912516,0.0,0.0,0.0,0.0,0.0,0.0,0.0,0.0
2026-09-28 06:00:00,29,25,2026-10-12 18:00:00,14 days 12:00:00,348,12.7,163.38,995.2,46.4,53.07640793243829,115.46337990752198,97.8056631024425,68.15144637399996,88.58829090933888,0.0,0.0,0.0,0.0,0.0,0.0,0.0,0.0
2026-09-28 06:00:00,29,25,2026-10-13 00:00:00,14 days 18:00:00,354,12.96,161.38,996.9,48.8,29.62213556420726,157.42023791519358,126.32431169385752,104.89502781418464,131.7582972112421,0.0,0.0,0.0,0.0,0.0,0.0,0.0,0.0
2026-09-28 06:00:00,29,25,2026-10-13 06:00:00,15 days 00:00:00,360,13.21,159.74,986.2,65.6,29.263869308201212,183.31141635491076,152.54175928184063,114.98798535767936,156.2455611471998,31.755192230004685,21.381693644643857,11.833004536940596,22.18592337634904,29.263869308201212,0.0,0.0,0.0974013681426235
2026-09-28 06:00:00,6,25,2026-09-29 00:00:00,0 days 18:00:00,18,16.18,153.68,1005.9,20.6,67.57440752167707,0.0,0.0,0.0,0.0,0.0,0.0,0.0,0.0,0.0,0.0,0.0,0.0
2026-09-28 06:00:00,6,25,2026-09-29 06:00:00,1 days 00:00:00,24,15.85,153.27,1004.1,23.2,110.91000053086896,0.0,0.0,0.0,0.0,0.0,0.0,0.0,0.0,0.0,0.0,0.0,0.0
2026-09-28 06:00:00,6,25,2026-09-29 12:00:00,1 days 06:00:00,30,16.06,152.12,1003.6,30.8,127.74401393295494,0.0,0.0,0.0,0.0,0.0,0.0,0.0,0.0,0.0,0.0,0.0,0.0
2026-09-28 06:00:00,6,25,2026-09-29 18:00:00,1 days 12:00:00,36,15.82,151.52,1004.3,25.8,116.90342498454368,0.0,0.0,0.0,0.0,0.0,0.0,0.0,0.0,0.0,0.0,0.0,0.0
2026-09-28 06:00:00,6,25,2026-09-30 00:00:00,1 days 18:00:00,42,15.71,150.78,1002.5,27.7,82.80157122042829,0.0,0.0,0.0,0.0,0.0,0.0,0.0,0.0,0.0,0.0,0.0,0.0
2026-09-28 06:00:00,6,25,2026-09-30 06:00:00,2 days 00:00:00,48,15.99,150.55,1001.5,33.6,74.73810583586939,0.0,0.0,0.0,0.0,0.0,0.0,0.0,0.0,0.0,0.0,0.0,0.0
2026-09-28 06:00:00,6,25,2026-09-30 12:00:00,2 days 06:00:00,54,15.98,150.1,996.7,38.4,101.14041485658475,101.14041485658475,10.48439840867352,4.73827534170361,11.096576066415938,0.0,0.0,0.0,0.0,0.0,0.0,0.0,0.0
2026-09-28 06:00:00,6,25,2026-09-30 18:00:00,2 days 12:00:00,60,16.57,149.17,998.9,33.0,118.79161068808624,0.0,0.0,0.0,0.0,0.0,0.0,0.0,0.0,0.0,0.0,0.0,0.0
2026-09-28 06:00:00,6,25,2026-10-01 00:00:00,2 days 18:00:00,66,17.13,147.92,997.7,40.2,48.70571380015764,48.70571380015764,24.653662136307677,17.18225497005875,25.64564465473641,0.0,0.0,0.0,0.0,0.0,0.0,0.0,0.0
2026-09-28 06:00:00,6,25,2026-10-01 06:00:00,3 days 00:00:00,72,17.33,147.25,985.8,50.9,46.145537269071966,243.29676592067173,211.34273008042496,176.23281383788822,204.40329122144675,87.76651461522555,71.54954762271326,51.86302016324839,68.99920101180848,0.0,0.0,0.0,0.0
2026-09-28 06:00:00,6,25,2026-10-01 12:00:00,3 days 06:00:00,78,17.58,146.49,986.1,53.9,62.62945565110109,208.69563703555423,185.5758943980684,140.0230143191121,165.75151259749236,62.62945565110109,19.531404048548136,12.689082702125429,18.59799185027428,0.0,0.0,0.0,0.0
2026-09-28 06:00:00,6,25,2026-10-01 18:00:00,3 days 12:00:00,84,17.7,146.08,977.8,66.2,29.92283437888852,199.5241877887374,160.94775834778522,122.71810715647456,166.84692900879034,101.62833861616856,83.07576233362826,65.05983843034957,85.30388491530877,43.13331983597041,37.21290087395744,28.905546310031347,36.86426911148431
2026-09-28 06:00:00,6,25,2026-10-02 00:00:00,3 days 18:00:00,90,17.81,145.86,956.2,94.1,16.13426762832133,228.79497421452933,219.90433857676973,185.2260623845604,193.6878292858767,119.92450239730664,108.8778186574784,89.57949472566484,102.82427902898482,56.11133532733965,50.64320925614139,40.64527162700178,47.96039557620368
2026-09-28 06:00:00,6,25,2026-10-02 06:00:00,4 days 00:00:00,96,18.03,145.68,966.5,77.3,25.65095681552802,199.3580950855653,193.6157668430053,166.19760968081607,175.10274875201105,155.89405090106425,151.1653772866594,130.04764711540508,139.22124299336497,93.37949633122004,86.76975819852964,73.04740198122136,80.16623755814015
2026-09-28 06:00:00,6,25,2026-10-02 12:00:00,4 days 06:00:00,102,18.31,146.05,954.4,92.4,0.2492230368012222,294.61792601824686,327.0623291114641,269.72649704289086,242.69572015709144,94.9929516483975,99.11852646547096,78.45306926577028,74.89217666834996,34.9986829325379,34.39976141017519,27.37871267442957,28.52661936036077
2026-09-28 06:00:00,6,25,2026-10-02 18:00:00,4 days 12:00:00,108,19.04,146.79,942.2,111.2,17.192443449348602,275.35915945881726,321.4947161789828,243.9092101364221,209.83587801216848,115.9488204414598,128.8093517957078,106.79977343242447,95.1515138248914,70.8696842782437,72.70529769058382,60.70951145912259,59.056332713724125
2026-09-28 06:00:00,6,25,2026-10-03 00:00:00,4 days 18:00:00,114,19.58,147.1,948.8,110.1,19.43270768380196,302.5448628922932,335.5504756576382,284.96127227140727,246.99142835300103,169.41537599793918,186.309129088279,163.60705935873986,149.84330074854276,103.00772922321254,105.5921512387256,90.73603383511517,89.11094597166392
2026-09-28 06:00:00,6,25,2026-10-03 06:00:00,5 days 00:00:00,120,20.09,147.72,931.6,111.8,50.84133079294495,418.98404553349087,446.4276926740306,382.474603679565,335.5116665522846,86.48148783558588,97.62730019072228,81.85007337908951,69.70325110725435,39.66810838184102,50.84133079294495,38.49328115787896,34.27063829615882
2026-09-28 06:00:00,6,25,2026-10-03 12:00:00,5 days 06:00:00,126,20.99,148.28,949.9,104.5,11.284689489087825,342.0548863808004,380.7306746861233,293.3995699458191,274.8900879045224,175.7289302584548,191.6859425157048,163.01303812101273,147.5339955993145,110.33131844864336,115.07125383414862,98.29196477139791,94.33705807956746
2026-09-28 06:00:00,6,25,2026-10-03 18:00:00,5 days 12:00:00,132,21.99,148.27,949.9,102.2,86.97052927676904,344.64699249860644,369.55603637329614,272.11105945256827,257.80724175953605,152.7036691737947,153.40741024282886,119.6308777623399,119.06804069417583,86.97052927676904,75.57861665260552,61.68730439128301,61.80907747688522
2026-09-28 06:00:00,6,25,2026-10-04 00:00:00,5 days 18:00:00,138,22.24,147.81,940.9,98.1,60.85422295423621,392.7581174333423,351.73626654641555,303.13076065168207,320.8510288018493,165.34441425715008,151.9730147208636,120.43878224149036,135.9881278500144,75.34123111849473,71.34202509717619,58.833766358110495,64.6723746648376
2026-09-28 06:00:00,6,25,2026-10-04 06:00:00,6 days 00:00:00,144,23.12,147.95,932.9,111.4,29.038678771874565,420.00731880528974,448.7299840568876,356.65908184398006,358.9813156673579,195.7821452568414,196.9395997392861,165.502690074727,165.63166365384157,103.00282256908446,105.35956003844268,89.1696008552148,89.1961693238784
2026-09-28 06:00:00,6,25,2026-10-04 12:00:00,6 days 06:00:00,150,23.56,148.11,929.3,119.4,12.239817393532576,417.0615116401459,437.7276061853336,356.4070681477315,341.4896243873227,230.65303089107329,240.6887431811629,210.24650016419764,202.7512436315883,139.1680778206137,140.89641570203094,120.65665072787306,120.8653887836881
2026-09-28 06:00:00,6,25,2026-10-04 18:00:00,6 days 12:00:00,156,24.91,147.25,935.0,115.9,70.80453029850304,480.5350240258076,455.1732660994853,368.3412399233917,397.3276524789835,241.1992666517799,231.49574555630284,191.53765997521805,205.10157869467,115.8099943428557,114.58712144511776,96.74821710722188,100.02866321989576
2026-09-28 06:00:00,6,25,2026-10-05 00:00:00,6 days 18:00:00,162,25.43,146.58,930.1,114.8,24.90805404318652,477.866879631514,456.50492291759286,358.5720413592559,401.6689659488513,242.04777979775943,229.76430391334185,194.4471297570096,208.1243841199418,133.19589940233493,130.562423678848,110.88156996440856,116.63797757415188
2026-09-28 06:00:00,6,25,2026-10-05 06:00:00,7 days 00:00:00,168,26.91,146.4,943.4,97.6,43.52588545788137,556.7032173329849,521.4352548047773,438.950413390741,476.0455251850399,301.4341216719895,300.27796866587914,255.9597957352753,266.8539427085798,150.45133587036514,152.56140968681234,130.5288863880303,133.63807809638013
2026-09-28 06:00:00,6,25,2026-10-05 12:00:00,7 days 06:00:00,174,27.87,146.29,941.9,104.9,74.17842786340195,491.3163738362631,480.72008328296806,389.272403732802,401.659746998597,283.4537591420872,279.55484890669084,235.5544043471604,246.63390617527864,144.0523426078949,140.15781911015955,119.4543266153307,124.40059197007548
2026-09-28 06:00:00,6,25,2026-10-05 18:00:00,7 days 12:00:00,180,29.26,145.94,957.5,87.0,65.05280444451718,484.3872230153555,506.7057165678119,416.30525818502633,419.0354913105242,300.288937689289,307.43166648609525,263.4542079799565,260.1852295701655,150.18206540805312,156.25879981210713,134.22368367975585,131.54652260961137
2026-09-28 06:00:00,6,25,2026-10-06 00:00:00,7 days 18:00:00,186,30.72,146.53,941.5,97.6,24.256105085481764,473.80169242067495,521.6484305897112,420.68463428345046,394.6122889724429,207.6855616475591,220.0902416447964,187.4886933658933,173.79220815492334,91.00838594949306,99.29674059212712,85.16439725826743,80.1739001561117
2026-09-28 06:00:00,6,25,2026-10-06 06:00:00,8 days 00:00:00,192,33.02,147.88,961.1,70.8,121.1291332433097,372.12817391077056,405.2010659291316,325.1035519454259,278.0045847168186,65.6608380888582,121.1291332433097,52.64072940348353,44.211550358240856,6.917576278839031,121.1291332433097,7.086433039790903,4.357594137293162
2026-09-28 06:00:00,6,25,2026-10-06 12:00:00,8 days 06:00:00,198,35.39,149.74,965.5,63.8,59.26594379045303,477.7329752469826,548.8364647987152,448.6448288512286,390.8269668858576,220.38355086533832,248.8486812985128,205.388083697052,183.00182778473703,0.0,0.0,0.0,0.0
2026-09-28 06:00:00,6,25,2026-10-06 18:00:00,8 days 12:00:00,204,38.92,152.43,967.6,63.7,96.63281384868692,174.2208160353877,230.54953600934653,169.16719818855594,114.93780814850024,27.14079006971424,96.63281384868692,22.041683387375084,11.292974828572577,0.0,0.0,0.0,0.0
2026-09-28 06:00:00,6,25,2026-10-07 00:00:00,8 days 18:00:00,210,42.04,154.15,968.8,50.6,70.55972639454258,59.08213109656936,106.7537778722358,57.41461370357248,19.579031941562064,11.428536420448438,70.55972639454258,12.562234505052905,1.068362516528877,0.0,0.0,0.0,0.0
2026-09-28 06:00:00,6,25,2026-10-07 06:00:00,9 days 00:00:00,216,45.32,156.25,969.4,46.6,103.64768540309096,248.0095968572309,309.22447893450385,239.90833027948656,203.3386460950037,0.0,0.0,0.0,0.0,0.0,0.0,0.0,0.0
2026-09-28 06:00:00,6,25,2026-10-07 12:00:00,9 days 06:00:00,222,49.48,156.52,983.7,50.3,308.29601084344745,1.004503406692649,308.29601084344745,4.798073513524045,0.0,1.004503406692649,308.29601084344745,0.7973278694709052,0.0,0.0,0.0,0.0,0.0
2026-09-28 06:00:00,AL062026,25,2026-09-28 06:00:00,0 days 00:00:00,0,28.3,-43.8,1012.0,25.0,56.0,0.0,0.0,0.0,0.0,0.0,0.0,0.0,0.0,0.0,0.0,0.0,0.0
2026-09-28 06:00:00,AL912026(2),25,2026-09-28 06:00:00,0 days 00:00:00,0,36.3,-53.1,1013.0,29.0,148.0,0.0,0.0,0.0,0.0,0.0,0.0,0.0,0.0,0.0,0.0,0.0,0.0
2026-09-28 06:00:00,AL912026(2),25,2026-09-28 12:00:00,0 days 06:00:00,6,36.69,-50.83,1007.9,34.2,55.7745542770447,0.0,0.4649025962666684,55.7745542770447,0.0,0.0,0.0,0.0,0.0,0.0,0.0,0.0,0.0
2026-09-28 06:00:00,AL912026(2),25,2026-09-28 18:00:00,0 days 12:00:00,12,36.26,-47.78,1005.1,34.7,49.31762226032993,0.0,49.31762226032993,0.0,0.0,0.0,0.0,0.0,0.0,0.0,0.0,0.0,0.0
2026-09-28 06:00:00,EP152026(2),25,2026-09-28 06:00:00,0 days 00:00:00,0,16.4,-160.8,929.0,134.0,28.0,241.0,185.0,148.0,204.0,93.0,74.0,74.0,93.0,56.0,46.0,37.0,46.0
2026-09-28 06:00:00,EP152026(2),25,2026-09-28 12:00:00,0 days 06:00:00,6,16.75,-161.84,942.1,117.8,28.896703301809566,212.32325990628715,148.57054393435237,103.85500795171492,192.0318042545823,95.11703438501809,70.4586431683872,47.02773761186734,78.61956949846763,52.86510138095037,42.78147457100977,31.85806158478744,45.85060427292888
2026-09-28 06:00:00,EP152026(2),25,2026-09-28 18:00:00,0 days 12:00:00,12,17.35,-162.64,948.5,115.3,34.74356560900836,209.9925343465092,167.46208959949797,102.05220451428778,188.47598626415623,102.55399163974153,75.3551749359294,57.02044368828729,90.59797843428828,65.96320200509052,55.04432205496244,44.01038214601608,57.57691689950615
2026-09-28 06:00:00,EP152026(2),25,2026-09-29 00:00:00,0 days 18:00:00,18,18.2,-163.29,946.1,114.8,34.56210787189248,184.15259437372865,137.3820089548812,97.603203780062,155.2066332323865,75.32797424335915,54.57604195088318,36.65891737670851,58.1698696867456,46.21493273193772,38.381762796462255,30.07025614110101,40.07491483545081
2026-09-28 06:00:00,EP152026(2),25,2026-09-29 06:00:00,1 days 00:00:00,24,19.17,-163.69,953.1,106.3,6.290090954904168,236.93689004459367,230.48258254657603,141.09220924077468,174.360624949906,49.12717144816554,38.759481924797726,11.95370781286471,26.905640954047826,17.76126539139694,13.295079260894791,7.470459937522364,12.380347328238326
2026-09-28 06:00:00,EP152026(2),25,2026-09-29 12:00:00,1 days 06:00:00,30,20.19,-164.07,958.9,104.7,31.767293302272,178.67373818880574,146.37807337255418,91.33066305329352,134.7063059409821,82.61271671231201,67.78081844368143,47.96255289807247,67.95632969111423,50.99927572452149,42.51754967849517,34.0179906877395,41.84424974590263
2026-09-28 06:00:00,EP152026(2),25,2026-09-29 18:00:00,1 days 12:00:00,36,21.16,-163.87,966.6,96.7,48.12760774724026,203.0622322626269,177.20707916210483,101.26824471342688,150.16618801964478,70.64674498332846,60.62853433513993,33.57673288660952,50.11260310045108,48.12760774724026,32.853413018533075,23.674518749713883,30.535630380900173
2026-09-28 06:00:00,EP152026(2),25,2026-09-30 00:00:00,1 days 18:00:00,42,22.09,-164.01,981.5,70.1,41.63655785186555,277.544680374705,273.2446079235557,202.67721889387923,224.2185030081261,139.56421120047378,138.89270440709117,111.40583464341717,110.80378153949974,69.48244585879297,70.73715844143892,60.03418562065772,58.59050795565504
2026-09-28 06:00:00,EP152026(2),25,2026-09-30 06:00:00,2 days 00:00:00,48,22.88,-163.85,988.8,56.2,78.0405514473689,297.49052959029666,280.00609983585525,196.7985512235023,246.38751838292768,78.0405514473689,60.89473511149667,35.777434676534966,53.64168213354056,0.0,0.0,0.0,0.0
2026-09-28 06:00:00,EP152026(2),25,2026-09-30 12:00:00,2 days 06:00:00,54,23.2,-163.89,978.9,69.9,60.8874521850601,319.2982759272711,272.58812532592697,217.14693180228767,262.1282157156052,76.07260467993913,63.39183945975718,39.38697191455864,59.43409107330332,60.8874521850601,0.394605956329713,0.0,1.395061351108255
2026-09-28 06:00:00,EP152026(2),25,2026-09-30 18:00:00,2 days 12:00:00,60,23.15,-163.87,984.7,62.4,118.64298604885649,186.2422598472661,171.42673307322377,131.07838572783663,154.94525073264276,10.68893837625454,118.64298604885649,6.880620260231958,10.3638897753716,0.0,0.0,0.0,0.0
2026-09-28 06:00:00,EP152026(2),25,2026-10-01 00:00:00,2 days 18:00:00,66,23.22,-163.91,983.1,55.6,60.27505875555702,198.02044190107935,177.92186917190068,145.23182012285065,158.39942732981865,60.27505875555702,5.333352853669664,3.4981642832705973,5.917441647590242,0.0,0.0,0.0,0.0
2026-09-28 06:00:00,EP152026(2),25,2026-10-01 06:00:00,3 days 00:00:00,72,23.52,-164.34,990.8,54.1,112.02005315379574,156.8852021426228,125.60509509473196,90.0542089209248,120.97277789305964,112.02005315379574,0.0,0.0,0.0,0.0,0.0,0.0,0.0
2026-09-28 06:00:00,EP152026(2),25,2026-10-01 12:00:00,3 days 06:00:00,78,23.91,-164.98,987.6,53.7,91.72822798376453,91.72822798376453,22.726805961719904,15.336506650392153,91.72822798376453,0.0,0.0,0.0,91.72822798376453,0.0,0.0,0.0,0.0
2026-09-28 06:00:00,EP152026(2),25,2026-10-01 18:00:00,3 days 12:00:00,84,24.54,-165.87,992.2,51.3,83.29443012700915,263.52151020226165,220.68994771805137,174.10856142983994,222.76635493951156,83.29443012700915,32.1533867170958,22.001091546483597,33.392766562308765,0.0,0.0,0.0,0.0
2026-09-28 06:00:00,EP152026(2),25,2026-10-02 00:00:00,3 days 18:00:00,90,24.92,-167.26,986.9,53.1,62.25239666664207,468.1902159497028,429.37566463020806,381.9351571515944,406.9500808376239,111.55198738034314,97.22775561552156,72.0698418754271,88.3854058600473,0.0,0.0,0.0,0.0
2026-09-28 06:00:00,EP152026(2),25,2026-10-02 06:00:00,4 days 00:00:00,96,24.88,-167.5,989.3,44.0,64.26839959536464,259.4655925392709,227.9725726652712,182.11294125081065,219.25866550326225,0.0,0.0,0.0,0.0,0.0,0.0,0.0,0.0
2026-09-28 06:00:00,EP152026(2),25,2026-10-02 12:00:00,4 days 06:00:00,102,24.69,-167.98,987.1,56.2,56.45763590749698,188.87966368713543,166.41408651763163,140.86603795444034,169.7852467907005,56.45763590749698,28.97469229969323,18.1196115953787,27.747971610203905,0.0,0.0,0.0,0.0
2026-09-28 06:00:00,EP152026(2),25,2026-10-02 18:00:00,4 days 12:00:00,108,24.67,-168.22,986.7,52.5,114.2329884280137,114.2329884280137,86.15942134358576,60.58905518736991,82.88493062520315,114.2329884280137,0.0,0.0,0.0,0.0,0.0,0.0,0.0
2026-09-28 06:00:00,EP152026(2),25,2026-10-03 00:00:00,4 days 18:00:00,114,24.63,-168.54,988.1,48.0,75.59692233731562,151.02779418402557,132.4510231116992,110.36459913422806,125.59807190683864,0.0,0.0,0.0,0.0,0.0,0.0,0.0,0.0
2026-09-28 06:00:00,EP152026(2),25,2026-10-03 06:00:00,5 days 00:00:00,120,24.46,-168.75,990.7,46.7,70.71372144541715,209.43270508993945,190.1194775814938,162.7640189847025,178.2252693292171,0.0,0.0,0.0,0.0,0.0,0.0,0.0,0.0
2026-09-28 06:00:00,EP152026(2),25,2026-10-03 12:00:00,5 days 06:00:00,126,24.0,-169.61,998.1,39.2,71.48888859338848,23.028480376200484,12.60157395349033,19.132858395086046,71.48888859338848,0.0,0.0,0.0,0.0,0.0,0.0,0.0,0.0
2026-09-28 06:00:00,EP152026(2),25,2026-10-03 18:00:00,5 days 12:00:00,132,23.52,-170.46,993.8,46.9,72.04731270292756,145.96865254313417,126.14569871131884,104.93949067816148,132.331554205984,0.0,0.0,0.0,0.0,0.0,0.0,0.0,0.0
2026-09-28 06:00:00,EP152026(2),25,2026-10-04 00:00:00,5 days 18:00:00,138,23.37,-171.83,993.8,51.3,56.96539929374247,56.96539929374247,12.002466305545324,16.188675645909314,14.020778848594825,56.96539929374247,0.0,0.0,0.0,0.0,0.0,0.0,0.0
2026-09-28 06:00:00,EP152026(2),25,2026-10-04 06:00:00,6 days 00:00:00,144,23.3,-173.19,996.6,41.9,89.76989336687147,26.88668495704906,17.61263611916445,14.0319421181219,89.76989336687147,0.0,0.0,0.0,0.0,0.0,0.0,0.0,0.0
2026-09-28 06:00:00,EP152026(2),25,2026-10-04 12:00:00,6 days 06:00:00,150,23.36,-175.17,997.7,45.6,60.41299085487508,68.76164702738426,45.8067272952654,27.03737971746304,54.80080397369469,0.0,0.0,0.0,0.0,0.0,0.0,0.0,0.0
2026-09-28 06:00:00,EP152026(2),25,2026-10-04 18:00:00,6 days 12:00:00,156,23.38,-176.49,996.5,40.4,72.09056737362516,195.06318775828916,171.76644622180902,131.1429241723772,165.02142922746134,0.0,0.0,0.0,0.0,0.0,0.0,0.0,0.0
2026-09-28 06:00:00,EP152026(2),25,2026-10-05 00:00:00,6 days 18:00:00,162,23.94,-178.04,995.5,53.2,64.51739427701203,164.98271372822092,132.86753109389645,87.95472948863826,127.92338830163372,64.51739427701203,8.300599761264026,2.0591937201652,8.935463181953391,0.0,0.0,0.0,0.0
2026-09-28 06:00:00,EP152026(2),25,2026-10-05 06:00:00,7 days 00:00:00,168,24.27,-179.77,988.4,54.2,48.533202515043634,169.46096374980394,121.57054429879516,80.03583293815777,130.28579671746985,48.533202515043634,7.674742610525454,0.5141372108954534,9.466549478067597,0.0,0.0,0.0,0.0
2026-09-28 06:00:00,EP152026(2),25,2026-10-05 12:00:00,7 days 06:00:00,174,24.64,178.49,988.1,56.6,56.732089204275496,71.35852753510369,44.650953409208256,24.404249669088983,53.09683460441204,56.732089204275496,0.0,0.0,1.6036134328747096,0.0,0.0,0.0,0.0
2026-09-28 06:00:00,EP152026(2),25,2026-10-05 18:00:00,7 days 12:00:00,180,24.68,177.0,989.9,56.6,37.95020095657901,206.7662618902076,157.90515912117402,113.45923170375283,167.4323295958916,52.93658770701831,36.418683324434575,19.129756068302484,37.09079572051492,0.0,0.0,0.0,0.0
2026-09-28 06:00:00,EP152026(2),25,2026-10-06 00:00:00,7 days 18:00:00,186,24.3,175.42,985.7,59.1,26.65574310624801,149.25951676457012,104.58989219307496,85.22399941794205,126.30892771963866,60.1687728723081,44.96080321823305,32.54295435092628,49.914663467387285,0.0,0.0,0.0,0.0
2026-09-28 06:00:00,EP152026(2),25,2026-10-06 06:00:00,8 days 00:00:00,192,24.21,174.03,998.7,40.9,91.3812225207177,6.160862433627585,0.6656360683266485,0.0,91.3812225207177,0.0,0.0,0.0,0.0,0.0,0.0,0.0,0.0
2026-09-28 06:00:00,EP152026(2),25,2026-10-06 12:00:00,8 days 06:00:00,198,23.61,171.97,1001.9,34.6,51.03056641276507,51.03056641276507,0.0,0.0,6.950542224470976,0.0,0.0,0.0,0.0,0.0,0.0,0.0,0.0
2026-09-28 06:00:00,EP152026(2),25,2026-10-06 18:00:00,8 days 12:00:00,204,23.53,170.22,1000.9,36.9,93.32691516285178,93.32691516285178,31.538716394425204,18.37378272875379,33.61874708686221,0.0,0.0,0.0,0.0,0.0,0.0,0.0,0.0
2026-09-28 06:00:00,EP152026(2),25,2026-10-07 00:00:00,8 days 18:00:00,210,23.7,168.71,1003.9,25.5,80.1331147033664,0.0,0.0,0.0,0.0,0.0,0.0,0.0,0.0,0.0,0.0,0.0,0.0
2026-09-28 06:00:00,EP172026,25,2026-09-28 06:00:00,0 days 00:00:00,0,23.2,-114.0,955.0,105.0,28.0,167.0,148.0,148.0,148.0,102.0,93.0,83.0,83.0,65.0,65.0,65.0,65.0
2026-09-28 06:00:00,EP172026,25,2026-09-28 12:00:00,0 days 06:00:00,6,23.92,-113.8,965.3,102.6,16.006917639809146,121.36225354679044,154.7041987865464,79.35259098646462,74.05727702012308,41.10452465922047,42.12745070738899,24.26114506402428,23.608191891156903,24.88565686054712,23.136369893203447,16.225837419868625,18.79385145776586
2026-09-28 06:00:00,EP172026,25,2026-09-28 18:00:00,0 days 12:00:00,12,24.69,-113.44,974.7,76.5,47.375920363899695,175.52188288871184,194.30290632323977,130.52789678955423,132.3773238908516,54.09739466887527,54.96809094961509,37.344075434146816,37.3889835654187,47.375920363899695,20.836869625855684,15.35312247681452,16.617375054581657
2026-09-28 06:00:00,EP172026,25,2026-09-29 00:00:00,0 days 18:00:00,18,25.24,-113.38,984.0,64.4,45.794009671161376,187.42351317809056,182.83259569917615,130.1819209485201,131.98661123613482,58.85387055041883,51.81857240810787,31.435224481047698,39.534064955803856,45.794009671161376,5.772995945647762,2.946885995194732,3.714072890759894
2026-09-28 06:00:00,EP172026,25,2026-09-29 06:00:00,1 days 00:00:00,24,26.1,-112.29,977.4,76.1,58.40147925586979,138.3363307554856,123.50161606462892,89.19320415178758,98.19894106762004,58.40147925586979,58.40147925586979,5.873606125003864,3.858903520394702,0.0,58.40147925586979,0.0,0.0
2026-09-28 06:00:00,EP172026,25,2026-09-29 12:00:00,1 days 06:00:00,30,27.12,-110.79,980.4,66.6,4.800065169905643,148.10871060354572,159.17934135230234,109.45085853000076,113.93264467350018,34.87634246053057,33.57566541941668,20.682344350240477,23.647756865085512,7.914600002787774,7.79774047710036,5.142558504483353,5.687890826034782
2026-09-28 06:00:00,EP172026,25,2026-09-29 18:00:00,1 days 12:00:00,36,28.85,-109.62,1001.6,37.6,81.28807921201411,81.28807921201411,9.391061031343025,3.647466938222048,21.553129605678244,0.0,0.0,0.0,0.0,0.0,0.0,0.0,0.0
2026-09-28 06:00:00,EP172026,25,2026-09-30 00:00:00,1 days 18:00:00,42,31.19,-107.92,995.0,29.3,39.479496219034615,0.0,0.0,0.0,0.0,0.0,0.0,0.0,0.0,0.0,0.0,0.0,0.0
2026-09-28 06:00:00,EP182026,25,2026-09-28 06:00:00,0 days 00:00:00,0,13.2,-100.0,1001.0,41.0,93.0,222.0,185.0,148.0,222.0,0.0,0.0,0.0,0.0,0.0,0.0,0.0,0.0
2026-09-28 06:00:00,EP182026,25,2026-09-28 12:00:00,0 days 06:00:00,6,13.25,-100.7,998.3,45.5,46.56330270280206,81.06572211116085,57.38145487611399,33.09652659952437,62.09332063704469,0.0,0.0,0.0,0.0,0.0,0.0,0.0,0.0
2026-09-28 06:00:00,EP182026,25,2026-09-28 18:00:00,0 days 12:00:00,12,13.69,-101.95,989.2,62.4,29.48559323576813,130.13799141352945,111.23317540568488,86.72622098807608,105.9723512909212,29.48559323576813,9.904700064181467,4.294315197935811,10.00366310242458,0.0,0.0,0.0,0.0
2026-09-28 06:00:00,EP182026,25,2026-09-29 00:00:00,0 days 18:00:00,18,14.16,-102.86,992.5,52.8,48.677827237812586,169.3248337830421,141.06533307749743,97.28001107567816,133.34321464931548,48.677827237812586,17.857651881562973,8.35565990786984,17.696307253129497,0.0,0.0,0.0,0.0
2026-09-28 06:00:00,EP182026,25,2026-09-29 06:00:00,1 days 00:00:00,24,14.51,-103.92,989.0,59.8,43.96514094767127,165.0300069967999,136.52330986773484,93.35023786099345,126.4521601569063,43.96514094767127,13.936949850707345,5.073688420914909,13.582428886967826,0.0,0.0,0.0,0.0
2026-09-28 06:00:00,EP182026,25,2026-09-29 12:00:00,1 days 06:00:00,30,14.74,-104.95,980.6,64.6,32.51367761356856,155.48553061305927,125.71114269982286,82.97411681362611,119.9333727477051,32.51367761356856,6.206074295946455,0.2143394164295404,10.190074125612629,32.51367761356856,0.0,0.0,0.0
2026-09-28 06:00:00,EP182026,25,2026-09-29 18:00:00,1 days 12:00:00,36,15.47,-106.0,988.3,61.6,43.4675020453526,232.49169893370976,193.0961798967936,142.72380194229788,180.956979977105,76.43980742912089,59.767534305783926,40.22207046810129,58.05686767851398,0.0,0.0,0.0,0.0
2026-09-28 06:00:00,EP182026,25,2026-09-30 00:00:00,1 days 18:00:00,42,16.27,-106.89,979.3,71.4,38.70395448912004,231.51620806963524,208.1603143022785,165.5798528470974,191.127580589226,77.35914638689201,60.87785026955402,41.55132490777015,56.67324366544591,38.70395448912004,13.106704655532294,8.420046103362168,13.357685823841855
2026-09-28 06:00:00,EP182026,25,2026-09-30 06:00:00,2 days 00:00:00,48,16.77,-107.34,967.6,86.4,54.92430576963739,241.67886865280505,217.0304789626549,160.0813081596451,214.06881742758085,104.36279384353236,82.59816562998142,55.85991414367059,80.72887965414284,54.92430576963739,31.912336740652837,22.767563684145223,33.05254244865235
2026-09-28 06:00:00,EP182026,25,2026-09-30 12:00:00,2 days 06:00:00,54,17.58,-108.0,955.0,104.7,22.802368888516867,221.115758271706,188.7936634594589,122.28495779435616,182.6941992413922,118.5744854148652,95.79492155151456,69.93136757631873,96.02849311041427,65.2046542749631,55.96503056510301,42.16789162051828,54.9045877373901
2026-09-28 06:00:00,EP182026,25,2026-09-30 18:00:00,2 days 12:00:00,60,18.52,-108.52,957.9,104.9,24.68941206947139,217.31465786326947,182.22499251799843,108.14614885777056,162.89910060536425,122.70700333157616,101.65961873004412,73.02778394819987,98.88935041232152,66.63346183558872,57.53298121080725,43.80603799142044,56.50919750172013
2026-09-28 06:00:00,EP182026,25,2026-10-01 00:00:00,2 days 18:00:00,66,19.07,-108.93,961.1,97.5,44.2026836740049,223.2341110386532,185.53983305457825,111.75906749167832,163.39215043921308,100.18134822940488,78.80987639492281,53.88680583035122,77.29876312837916,50.08132553912319,42.23593327494336,31.400821210728992,42.25984543360551
2026-09-28 06:00:00,EP182026,25,2026-10-01 06:00:00,3 days 00:00:00,72,19.62,-109.28,955.4,103.4,47.18577696012851,209.42945343374487,185.15829930076123,146.66704508068614,179.1101899632758,95.29992023096412,79.3068756240275,60.00303289774993,82.21316586535562,50.22818145760784,41.82896298915292,33.82221105576148,43.72718397574274
2026-09-28 06:00:00,EP182026,25,2026-10-01 12:00:00,3 days 06:00:00,78,19.69,-109.95,966.6,93.7,44.339046462540864,231.17285712476223,188.9740666266116,126.10130559950449,187.63113164420795,133.4339087222288,108.64857392062186,84.02449698053533,114.54769123070946,76.05541606678162,64.5781950396622,51.056196888025625,64.41790892414429
2026-09-28 06:00:00,EP182026,25,2026-10-01 18:00:00,3 days 12:00:00,84,19.73,-110.14,972.8,79.3,20.43353771917674,175.04740043799896,149.0814257236358,125.22213556745626,164.11759236892863,106.61069247324548,91.8186460811801,78.57068090804022,97.30348333596172,60.24080753871248,52.69942794051816,42.98898270879842,52.50714092650731
2026-09-28 06:00:00,EP182026,25,2026-10-02 00:00:00,3 days 18:00:00,90,19.89,-110.42,970.7,81.2,12.456862025013317,230.6320906424165,229.0127322258164,186.8136617547737,198.1346804354888,92.4049573650304,84.1936727244459,66.25428291535627,76.04999433262867,40.69090587738504,36.40405177013834,28.16594617121596,33.83051195271106
2026-09-28 06:00:00,EP182026,25,2026-10-02 06:00:00,4 days 00:00:00,96,20.06,-110.75,958.0,106.3,41.08563691747196,185.34329243854336,186.94337614615176,131.2507323788863,164.85740618979298,73.58987291313343,62.82498829625405,49.364144345418936,66.67536036586154,46.115304933179175,39.45119744525053,31.78507452912744,39.46730691638084
2026-09-28 06:00:00,EP182026,25,2026-10-02 12:00:00,4 days 06:00:00,102,20.18,-111.32,963.5,95.5,22.271304293487333,102.24351078113682,93.01211650564652,81.58162806846047,100.2817583809292,53.93324664213404,45.33369968372617,37.79263241626333,48.01883743615156,37.000758868842354,32.14992888945275,25.937735113576338,31.71853456658617
2026-09-28 06:00:00,EP182026,25,2026-10-02 18:00:00,4 days 12:00:00,108,20.44,-111.89,952.2,103.6,20.380864105105516,174.41802079619347,153.54555860477382,118.83269974875792,166.5554574201738,76.34282301747247,58.64756810029095,45.58194879164833,68.07659450197806,48.31044446473976,39.19792937826844,31.528332092178744,41.66917752062444
2026-09-28 06:00:00,EP182026,25,2026-10-03 00:00:00,4 days 18:00:00,114,20.53,-112.4,951.2,104.1,12.915674479127052,123.40793112414592,123.4428929625601,104.68690992310542,122.9642624150055,46.68779897896408,33.558936409023346,28.37348728451256,42.35550726733031,33.516149929928474,27.161462838556982,21.947266768273728,29.503776896744277
2026-09-28 06:00:00,EP182026,25,2026-10-03 06:00:00,5 days 00:00:00,120,20.2,-112.82,953.1,101.6,5.009079431924469,176.80839337450425,165.099621594591,170.18032035226918,174.62895890401705,81.2898370911996,68.81178711609692,60.43398079590576,74.22176373531408,39.94658612163466,35.628585983339846,29.43701701816675,34.3503034287027
2026-09-28 06:00:00,EP182026,25,2026-10-03 12:00:00,5 days 06:00:00,126,20.61,-113.57,955.2,97.6,21.39532120171205,131.64915111046147,122.76057174092226,92.58269827256036,123.08505641825928,91.08112703354016,74.47624763589846,57.58356405084111,79.85333124136392,59.15916527869765,50.50872893562388,39.54962148923043,50.88382056427897
2026-09-28 06:00:00,EP182026,25,2026-10-03 18:00:00,5 days 12:00:00,132,20.39,-114.56,969.7,81.3,34.10838212236446,149.60586199590776,150.00821683994437,127.72755128874928,152.17682129158877,55.31151662698211,43.33784902044479,35.483966868013965,50.83447202332572,34.10838212236446,23.69064320521676,19.488175218908427,24.909147927719847
2026-09-28 06:00:00,EP182026,25,2026-10-04 00:00:00,5 days 18:00:00,138,20.7,-115.36,959.4,88.5,0.0,180.05041548822365,172.1504193908079,149.45285755250853,167.29514464657805,96.73524407450212,78.76195067537427,64.36101123264372,85.40710278068943,48.2307144785257,40.97941613788238,33.899429764462724,41.6165430523831
2026-09-28 06:00:00,EP182026,25,2026-10-04 06:00:00,6 days 00:00:00,144,20.57,-115.83,964.3,83.3,28.520103958557343,234.40718165848352,184.0578763512665,154.7439801581629,217.9014540870949,88.42066889744456,63.5029010893328,47.80278523257618,78.54735153873821,42.66062406713951,33.674600326585505,25.45633685760193,35.85296731566562
2026-09-28 06:00:00,EP182026,25,2026-10-04 12:00:00,6 days 06:00:00,150,20.74,-116.06,955.5,106.3,50.544842350387256,189.288184509735,177.01032324036902,125.31697584551588,171.35368688483769,78.15267953941529,59.75072083460854,46.44703859173473,67.57145827472209,50.544842350387256,31.283745197321288,24.01079213196461,32.933374303928034
2026-09-28 06:00:00,EP182026,25,2026-10-04 18:00:00,6 days 12:00:00,156,20.97,-116.4,972.9,79.7,31.83004945001474,164.5533725538184,143.35983440230916,110.27819115883136,140.49062227587626,76.41098392172512,61.84734834063244,46.82014823369248,64.82168134169163,35.38391728098422,30.04574903460923,23.12804341169332,29.98444095036409
2026-09-28 06:00:00,EP182026,25,2026-10-05 00:00:00,6 days 18:00:00,162,21.22,-116.7,969.3,82.4,25.371005329535866,190.13520272394973,190.20323764595983,138.90285075051895,149.17998924607426,94.23865527450532,86.05848495813244,62.33895547058496,73.38229110362857,46.91985967383442,41.94959616609066,32.611855480485694,37.80925106776405
2026-09-28 06:00:00,EP182026,25,2026-10-05 06:00:00,7 days 00:00:00,168,21.55,-116.91,975.8,79.2,39.0026077446379,237.26251257647533,207.438286525876,147.33606347901116,191.916885399782,71.76704509570473,54.96220006050919,33.18708977160956,52.31090297393412,39.0026077446379,19.3173700548913,13.059214118441066,18.822579295882395
2026-09-28 06:00:00,EP182026,25,2026-10-05 12:00:00,7 days 06:00:00,174,21.89,-117.18,972.0,81.5,30.03236814829648,138.44044072879043,104.63596618540588,76.59010628284776,109.27995513658747,96.80218635365124,82.86743884126109,65.15497949541631,82.2745634379565,61.13321542971789,53.87612987442607,43.24799993277361,51.42793298552567
2026-09-28 06:00:00,EP182026,25,2026-10-05 18:00:00,7 days 12:00:00,180,22.12,-117.06,978.6,73.9,32.52388106870273,160.99387211528378,147.3374949572188,120.82565608369585,136.0570389842191,71.4780133319436,62.570408093253135,48.44154443421129,58.47093926723977,32.988102162593194,29.247104571824103,23.08442832988112,27.5387222431769
2026-09-28 06:00:00,EP182026,25,2026-10-06 00:00:00,7 days 18:00:00,186,22.27,-117.33,974.1,77.8,23.92179337891747,163.75027512507444,155.05030964041777,114.8861191932956,127.62302793053468,93.62150782318147,83.49602652141576,60.770298755297816,75.4240357683292,46.131140614571706,41.57160149809559,32.00824184314426,39.38937377074636
2026-09-28 06:00:00,EP182026,25,2026-10-06 06:00:00,8 days 00:00:00,192,22.66,-117.64,984.5,61.6,33.53663682683291,220.7682860415397,197.07604905944171,152.1364968171533,186.1533419069908,34.441266301102345,25.345391788333878,13.615261267499903,24.935495291813403,0.0,0.0,0.0,0.0
2026-09-28 06:00:00,EP182026,25,2026-10-06 12:00:00,8 days 06:00:00,198,23.18,-117.92,985.8,59.9,42.08592254725211,162.9860727183188,119.12600399534966,92.2195490526016,138.33395839970552,128.39415315523885,109.11160798929389,85.86211683260544,108.67535476789104,0.0,0.0,0.0,0.0
2026-09-28 06:00:00,EP182026,25,2026-10-06 18:00:00,8 days 12:00:00,204,23.44,-118.46,992.3,47.3,65.32822890199367,217.32215100045573,180.92324350542967,129.83666396368133,172.69373285089176,0.0,0.0,0.0,0.0,0.0,0.0,0.0,0.0
2026-09-28 06:00:00,EP182026,25,2026-10-07 00:00:00,8 days 18:00:00,210,23.61,-118.6,992.1,48.9,34.70018028868437,194.17945781862667,170.15058948489445,124.95865805623583,163.02610218253955,0.0,0.0,0.0,0.0,0.0,0.0,0.0,0.0
2026-09-28 06:00:00,EP182026,25,2026-10-07 06:00:00,9 days 00:00:00,216,24.18,-119.16,993.6,51.4,33.54359207970482,219.4275522599443,188.361170951542,142.69443708196349,187.1776942214605,57.601053823915045,45.75890396996605,29.36507034412574,44.26762882929263,0.0,0.0,0.0,0.0
2026-09-28 06:00:00,EP182026,25,2026-10-07 12:00:00,9 days 06:00:00,222,24.44,-119.29,991.4,51.1,54.3941388958966,146.9970060461841,117.967288643646,76.92167115528723,116.16495245095734,54.3941388958966,1.9568735971410411,0.0,2.9762281530790378,0.0,0.0,0.0,0.0
2026-09-28 06:00:00,EP182026,25,2026-10-07 18:00:00,9 days 12:00:00,228,24.88,-119.5,992.7,49.6,26.575483397220328,197.437557812306,166.73734568111243,115.44405308832415,154.51008058514668,0.0,0.0,0.0,0.0,0.0,0.0,0.0,0.0
2026-09-28 06:00:00,EP182026,25,2026-10-08 00:00:00,9 days 18:00:00,234,25.22,-119.46,993.0,43.6,71.87040546672111,124.04394852313372,113.9819981952602,101.4008908457605,93.37213230813404,0.0,0.0,0.0,0.0,0.0,0.0,0.0,0.0
2026-09-28 06:00:00,EP182026,25,2026-10-08 06:00:00,10 days 00:00:00,240,25.52,-119.92,989.5,55.2,59.13191863012263,175.81528378828224,146.87612269441811,108.766803215555,132.1748166395125,59.13191863012263,9.458826173380922,3.0193745787160795,7.929973387672452,0.0,0.0,0.0,0.0
2026-09-28 06:00:00,EP182026,25,2026-10-08 12:00:00,10 days 06:00:00,246,25.92,-120.33,992.9,48.3,67.1425388172779,113.5648663264434,87.95478979733355,56.41556926554463,83.74861278175555,0.0,0.0,0.0,0.0,0.0,0.0,0.0,0.0
2026-09-28 06:00:00,EP182026,25,2026-10-08 18:00:00,10 days 12:00:00,252,26.08,-120.68,1000.9,35.5,79.26486322124651,98.01150050121348,73.33269664289737,45.79713816468608,72.7857365270151,0.0,0.0,0.0,0.0,0.0,0.0,0.0,0.0
2026-09-28 06:00:00,EP182026,25,2026-10-09 00:00:00,10 days 18:00:00,258,26.16,-120.93,1000.2,34.9,89.42161628793329,92.66371153325213,77.13386913335475,59.1337715701316,73.55964917112352,0.0,0.0,0.0,0.0,0.0,0.0,0.0,0.0
2026-09-28 06:00:00,EP182026,25,2026-10-09 06:00:00,11 days 00:00:00,264,26.53,-121.02,997.5,30.8,99.7818434832865,0.0,0.0,0.0,0.0,0.0,0.0,0.0,0.0,0.0,0.0,0.0,0.0
2026-09-28 06:00:00,EP182026,25,2026-10-09 12:00:00,11 days 06:00:00,270,27.05,-121.33,997.5,37.4,87.17761669193672,87.17761669193672,29.028672138893334,9.7459020422088,25.796757895392325,0.0,0.0,0.0,0.0,0.0,0.0,0.0,0.0
2026-09-28 06:00:00,EP182026,25,2026-10-09 18:00:00,11 days 12:00:00,276,27.95,-121.15,999.6,33.1,64.47787947988571,0.0,0.0,0.0,0.0,0.0,0.0,0.0,0.0,0.0,0.0,0.0,0.0
2026-09-28 06:00:00,EP182026,25,2026-10-10 00:00:00,11 days 18:00:00,282,28.36,-121.05,997.0,37.3,134.66205611036673,134.66205611036673,17.55143631113387,8.233807858656093,7.992091694730377,0.0,0.0,0.0,0.0,0.0,0.0,0.0,0.0
2026-09-28 06:00:00,EP182026,25,2026-10-10 06:00:00,12 days 00:00:00,288,28.94,-120.53,993.3,34.6,77.01851457857322,3.2994797248001757,77.01851457857322,5.191469306317881,0.0,0.0,0.0,0.0,0.0,0.0,0.0,0.0,0.0
2026-09-28 06:00:00,EP182026,25,2026-10-10 12:00:00,12 days 06:00:00,294,29.98,-119.47,990.0,42.8,73.29884569870667,73.29884569870667,25.03810437883604,9.784700680362285,2.3504845592039736,0.0,0.0,0.0,0.0,0.0,0.0,0.0,0.0
2026-09-28 06:00:00,EP182026,25,2026-10-10 18:00:00,12 days 12:00:00,300,31.69,-118.65,994.6,42.3,143.59884294387373,5.096231707119124,143.59884294387373,0.0,0.1057384167952175,0.0,0.0,0.0,0.0,0.0,0.0,0.0,0.0
2026-09-28 06:00:00,EP182026,25,2026-10-11 00:00:00,12 days 18:00:00,306,32.87,-117.27,990.8,39.1,36.00075466599331,1.4360742240844502,36.00075466599331,6.660487457337212,1.4163004072159957,0.0,0.0,0.0,0.0,0.0,0.0,0.0,0.0
2026-09-28 06:00:00,EP912026(3),25,2026-09-28 06:00:00,0 days 00:00:00,0,12.7,-136.6,1005.0,29.0,93.0,0.0,0.0,0.0,0.0,0.0,0.0,0.0,0.0,0.0,0.0,0.0,0.0
2026-09-28 06:00:00,WP252026,25,2026-09-28 06:00:00,0 days 00:00:00,0,27.5,131.6,954.0,99.0,9.0,148.0,158.0,148.0,121.0,,,,,,,,
2026-09-28 06:00:00,WP252026,25,2026-09-28 12:00:00,0 days 06:00:00,6,27.44,132.14,977.4,73.5,19.32577845302285,181.6772250515545,159.53753606846635,136.48786672821217,132.62717091877045,55.921705493796736,53.7395063571559,37.216815781941165,43.760458008203045,21.253824289133576,19.72773194793723,15.29530203120902,18.41006731272794
2026-09-28 06:00:00,WP252026,25,2026-09-28 18:00:00,0 days 12:00:00,12,28.02,132.89,994.7,43.0,36.72513003790813,201.92411938323187,194.3969253346968,154.22501313059755,158.76126226065008,0.0,0.0,0.0,0.0,0.0,0.0,0.0,0.0
2026-09-28 06:00:00,WP252026,25,2026-09-29 00:00:00,0 days 18:00:00,18,28.49,133.8,991.1,47.0,47.74006958208474,144.6856466004933,127.78673604478558,106.64737003637214,111.14852422269564,0.0,0.0,0.0,0.0,0.0,0.0,0.0,0.0
2026-09-28 06:00:00,WP252026,25,2026-09-29 06:00:00,1 days 00:00:00,24,28.85,134.87,997.6,38.2,100.64713518116945,100.64713518116945,34.48473515178828,21.17442718443241,19.474662312343067,0.0,0.0,0.0,0.0,0.0,0.0,0.0,0.0
2026-09-28 06:00:00,WP252026,25,2026-09-29 12:00:00,1 days 06:00:00,30,29.04,135.8,997.6,42.1,99.67021409616376,156.3532592970655,153.97576259654187,124.88706432591628,124.97425994115048,0.0,0.0,0.0,0.0,0.0,0.0,0.0,0.0
2026-09-28 06:00:00,WP252026,25,2026-09-29 18:00:00,1 days 12:00:00,36,29.26,136.78,1001.2,36.7,134.34868842003533,134.34868842003533,92.89471214397084,67.51608835961459,67.36492455725433,0.0,0.0,0.0,0.0,0.0,0.0,0.0,0.0
2026-09-28 06:00:00,WP252026,25,2026-09-30 00:00:00,1 days 18:00:00,42,29.07,137.24,999.7,32.4,50.08670915476088,0.0,0.0,0.0,0.0,0.0,0.0,0.0,0.0,0.0,0.0,0.0,0.0
2026-09-28 06:00:00,WP252026,25,2026-09-30 06:00:00,2 days 00:00:00,48,29.4,137.51,1000.2,30.8,28.531795091897123,0.0,0.0,0.0,0.0,0.0,0.0,0.0,0.0,0.0,0.0,0.0,0.0
2026-09-28 06:00:00,WP252026,25,2026-09-30 12:00:00,2 days 06:00:00,54,29.37,137.83,1003.8,28.8,146.64411337132412,0.0,0.0,0.0,0.0,0.0,0.0,0.0,0.0,0.0,0.0,0.0,0.0
2026-09-28 06:00:00,WP252026,25,2026-09-30 18:00:00,2 days 12:00:00,60,29.72,138.09,1001.8,27.2,181.9171261798105,0.0,0.0,0.0,0.0,0.0,0.0,0.0,0.0,0.0,0.0,0.0,0.0
2026-09-28 06:00:00,WP252026,25,2026-10-01 00:00:00,2 days 18:00:00,66,30.13,138.22,1000.6,29.1,38.830773437568425,0.0,0.0,0.0,0.0,0.0,0.0,0.0,0.0,0.0,0.0,0.0,0.0
2026-09-28 06:00:00,WP252026,25,2026-10-01 06:00:00,3 days 00:00:00,72,30.71,138.82,1002.8,25.4,117.7344307229207,0.0,0.0,0.0,0.0,0.0,0.0,0.0,0.0,0.0,0.0,0.0,0.0
2026-09-28 06:00:00,WP252026,25,2026-10-01 12:00:00,3 days 06:00:00,78,31.51,139.53,997.8,28.8,64.14145951610936,0.0,0.0,0.0,0.0,0.0,0.0,0.0,0.0,0.0,0.0,0.0,0.0
2026-09-28 06:00:00,WP252026,25,2026-10-01 18:00:00,3 days 12:00:00,84,32.34,140.79,1002.7,31.9,42.49393401500026,0.0,0.0,0.0,0.0,0.0,0.0,0.0,0.0,0.0,0.0,0.0,0.0
2026-09-28 06:00:00,WP252026,25,2026-10-02 00:00:00,3 days 18:00:00,90,32.86,142.35,999.4,33.5,65.63358396622161,0.0,0.0,0.0,0.0,0.0,0.0,0.0,0.0,0.0,0.0,0.0,0.0
2026-09-28 06:00:00,WP252026,25,2026-10-02 06:00:00,4 days 00:00:00,96,33.13,143.27,998.6,31.8,46.83873510272576,0.0,0.0,0.0,0.0,0.0,0.0,0.0,0.0,0.0,0.0,0.0,0.0
2026-09-28 06:00:00,WP252026,25,2026-10-02 12:00:00,4 days 06:00:00,102,31.63,144.91,1005.3,21.2,73.47155121060544,0.0,0.0,0.0,0.0,0.0,0.0,0.0,0.0,0.0,0.0,0.0,0.0
2026-09-28 06:00:00,WP252026,25,2026-10-02 18:00:00,4 days 12:00:00,108,32.13,145.59,1008.7,25.3,115.05743024794444,0.0,0.0,0.0,0.0,0.0,0.0,0.0,0.0,0.0,0.0,0.0,0.0
2026-09-28 06:00:00,WP252026,25,2026-10-03 00:00:00,4 days 18:00:00,114,32.11,144.47,1004.7,24.0,68.73878896025523,0.0,0.0,0.0,0.0,0.0,0.0,0.0,0.0,0.0,0.0,0.0,0.0
2026-09-28 06:00:00,WP922026(4),25,2026-09-28 06:00:00,0 days 00:00:00,0,16.4,97.6,1001.0,29.0,64.0,0.0,0.0,0.0,0.0,0.0,0.0,0.0,0.0,0.0,0.0,0.0,0.0
2026-09-28 06:00:00,WP922026(4),25,2026-09-28 12:00:00,0 days 06:00:00,6,17.22,96.76,1004.1,23.5,69.82979074718787,0.0,0.0,0.0,0.0,0.0,0.0,0.0,0.0,0.0,0.0,0.0,0.0
2026-09-28 06:00:00,14,26,2026-10-05 12:00:00,7 days 06:00:00,174,11.65,169.81,1002.3,20.7,92.91859184605153,0.0,0.0,0.0,0.0,0.0,0.0,0.0,0.0,0.0,0.0,0.0,0.0
2026-09-28 06:00:00,14,26,2026-10-05 18:00:00,7 days 12:00:00,180,11.13,168.94,1004.6,25.0,74.41968429101118,0.0,0.0,0.0,0.0,0.0,0.0,0.0,0.0,0.0,0.0,0.0,0.0
2026-09-28 06:00:00,14,26,2026-10-06 00:00:00,7 days 18:00:00,186,13.36,168.65,1001.9,27.3,55.76626433733949,0.0,0.0,0.0,0.0,0.0,0.0,0.0,0.0,0.0,0.0,0.0,0.0
2026-09-28 06:00:00,14,26,2026-10-06 06:00:00,8 days 00:00:00,192,14.16,168.14,1004.5,25.5,93.41959101755585,0.0,0.0,0.0,0.0,0.0,0.0,0.0,0.0,0.0,0.0,0.0,0.0
2026-09-28 06:00:00,14,26,2026-10-06 12:00:00,8 days 06:00:00,198,15.6,167.08,1006.0,25.5,61.18790604872976,0.0,0.0,0.0,0.0,0.0,0.0,0.0,0.0,0.0,0.0,0.0,0.0
2026-09-28 06:00:00,14,26,2026-10-06 18:00:00,8 days 12:00:00,204,16.43,165.99,1002.2,33.5,137.03388078604456,0.0,0.0,0.0,0.0,0.0,0.0,0.0,0.0,0.0,0.0,0.0,0.0
2026-09-28 06:00:00,14,26,2026-10-07 00:00:00,8 days 18:00:00,210,17.58,165.07,1001.5,32.0,78.45197474042698,0.0,0.0,0.0,0.0,0.0,0.0,0.0,0.0,0.0,0.0,0.0,0.0
2026-09-28 06:00:00,14,26,2026-10-07 06:00:00,9 days 00:00:00,216,18.12,163.83,1002.8,31.1,40.038311540052185,0.0,0.0,0.0,0.0,0.0,0.0,0.0,0.0,0.0,0.0,0.0,0.0
2026-09-28 06:00:00,14,26,2026-10-07 12:00:00,9 days 06:00:00,222,19.25,162.13,1003.7,31.8,64.06743802183371,0.0,0.0,0.0,0.0,0.0,0.0,0.0,0.0,0.0,0.0,0.0,0.0
2026-09-28 06:00:00,14,26,2026-10-07 18:00:00,9 days 12:00:00,228,20.4,160.17,1004.8,29.7,38.731533621515,0.0,0.0,0.0,0.0,0.0,0.0,0.0,0.0,0.0,0.0,0.0,0.0
2026-09-28 06:00:00,14,26,2026-10-08 00:00:00,9 days 18:00:00,234,20.43,158.65,1004.1,28.5,54.4472829126446,0.0,0.0,0.0,0.0,0.0,0.0,0.0,0.0,0.0,0.0,0.0,0.0
2026-09-28 06:00:00,14,26,2026-10-08 06:00:00,10 days 00:00:00,240,21.18,157.05,1002.7,32.5,110.13154076637385,0.0,0.0,0.0,0.0,0.0,0.0,0.0,0.0,0.0,0.0,0.0,0.0
2026-09-28 06:00:00,14,26,2026-10-08 12:00:00,10 days 06:00:00,246,21.72,155.34,1007.1,27.8,68.00224353511294,0.0,0.0,0.0,0.0,0.0,0.0,0.0,0.0,0.0,0.0,0.0,0.0
2026-09-28 06:00:00,14,26,2026-10-08 18:00:00,10 days 12:00:00,252,22.64,153.52,1004.3,27.3,61.98733623371298,0.0,0.0,0.0,0.0,0.0,0.0,0.0,0.0,0.0,0.0,0.0,0.0
2026-09-28 06:00:00,14,26,2026-10-09 00:00:00,10 days 18:00:00,258,22.69,151.7,1004.8,25.1,43.38404529545504,0.0,0.0,0.0,0.0,0.0,0.0,0.0,0.0,0.0,0.0,0.0,0.0
2026-09-28 06:00:00,14,26,2026-10-09 06:00:00,11 days 00:00:00,264,23.44,150.33,1002.0,29.1,98.35071836850952,0.0,0.0,0.0,0.0,0.0,0.0,0.0,0.0,0.0,0.0,0.0,0.0
2026-09-28 06:00:00,18,26,2026-10-06 18:00:00,8 days 12:00:00,204,13.43,-96.38,999.5,40.9,58.978959690303896,58.978959690303896,34.54939725608282,18.19001473887875,29.60014222421172,0.0,0.0,0.0,0.0,0.0,0.0,0.0,0.0
2026-09-28 06:00:00,18,26,2026-10-07 00:00:00,8 days 18:00:00,210,13.92,-96.93,999.4,38.9,57.62526135280268,112.39358389279823,104.70680216692564,85.06371482928625,90.8148811566789,0.0,0.0,0.0,0.0,0.0,0.0,0.0,0.0
2026-09-28 06:00:00,18,26,2026-10-07 06:00:00,9 days 00:00:00,216,14.14,-97.39,996.9,50.7,60.51392557049467,127.55978552955035,130.87284930881222,125.0454604310703,118.48358942274272,2.1995071736923077,3.8582041542876055,60.51392557049467,1.866290387375793,0.0,0.0,0.0,0.0
2026-09-28 06:00:00,18,26,2026-10-07 12:00:00,9 days 06:00:00,222,14.3,-97.88,994.2,53.8,20.80612878602369,78.0759911828477,80.80437205902177,69.52224452130133,73.35106358668634,28.585230810051527,22.1530873746578,12.533902033624472,21.541630864098863,0.0,0.0,0.0,0.0
2026-09-28 06:00:00,18,26,2026-10-07 18:00:00,9 days 12:00:00,228,14.57,-98.59,985.4,62.4,18.42859018658018,100.71467525801108,95.22736266156804,91.0469337335629,97.41265796118216,52.49885680346468,44.108480397258845,33.648824598181164,43.14133021735605,0.0,0.0,0.0,0.0
2026-09-28 06:00:00,18,26,2026-10-08 00:00:00,9 days 18:00:00,234,15.36,-99.77,997.0,40.0,37.84772593303683,10.230627437938534,10.24066341419385,11.05683981282288,37.84772593303683,0.0,0.0,0.0,0.0,0.0,0.0,0.0,0.0
2026-09-28 06:00:00,18,26,2026-10-08 06:00:00,10 days 00:00:00,240,15.66,-100.44,981.3,75.4,19.5427247704707,105.38335480810753,96.26051121021068,85.25264425567133,98.847851070736,55.05286190690154,49.430912359140166,42.9155513870175,48.73479954668648,25.74552216395105,23.66305082483493,20.11992593717507,22.231190420539065
2026-09-28 06:00:00,18,26,2026-10-08 12:00:00,10 days 06:00:00,246,15.38,-100.54,974.7,82.5,26.513442494905103,66.96117530428009,47.687407901120935,46.68917787761875,84.11403973275387,40.78035798616133,33.050241652012375,30.008853581277663,38.62315441172721,26.513442494905103,21.455962308213024,18.333315835870188,21.57462132758945
2026-09-28 06:00:00,18,26,2026-10-08 18:00:00,10 days 12:00:00,252,15.14,-101.19,988.4,61.5,21.46898817938921,124.60160663205032,113.37748192339268,118.11697121082004,132.8953064739663,54.169555271663626,47.03130791494567,38.153284090275605,48.33322811611359,0.0,0.0,0.0,0.0
2026-09-28 06:00:00,18,26,2026-10-09 00:00:00,10 days 18:00:00,258,14.96,-101.47,980.1,69.9,27.51832131223152,76.71686572072947,79.99363331702261,86.57329711132442,89.52383737520634,42.38419109764592,38.277446075755066,34.410252371668165,40.49243237331584,27.51832131223152,25.346293042821895,21.3432825322272,24.86369131905081
2026-09-28 06:00:00,18,26,2026-10-09 06:00:00,11 days 00:00:00,264,15.06,-101.96,996.3,49.4,48.14015893642045,129.4866934707643,120.44638365157677,95.36959952966032,112.16468114101156,0.0,0.0,0.0,0.0,0.0,0.0,0.0,0.0
2026-09-28 06:00:00,18,26,2026-10-09 12:00:00,11 days 06:00:00,270,14.52,-102.51,990.5,53.4,17.86947584611156,92.43903997448672,78.26827345098911,74.23332146886656,92.0093258206048,17.86947584611156,11.308766187478092,7.608040797846586,11.392630629110124,0.0,0.0,0.0,0.0
2026-09-28 06:00:00,18,26,2026-10-09 18:00:00,11 days 12:00:00,276,14.05,-102.54,992.6,51.1,24.850826490858253,93.49264924270165,80.02447869719981,74.3695769479641,87.99957315283427,2.2489446268853044,24.850826490858253,1.486596184883922,2.715718340723356,0.0,0.0,0.0,0.0
2026-09-28 06:00:00,18,26,2026-10-10 00:00:00,11 days 18:00:00,282,14.31,-102.94,985.5,66.3,25.022915634601347,131.3090630225201,108.80286168217046,87.5657658301348,111.968406991134,68.01688017359056,58.18481342472488,46.453534539617,59.9686366591244,25.022915634601347,21.519876873545314,17.268146926728544,20.638214633852726
2026-09-28 06:00:00,18,26,2026-10-10 06:00:00,12 days 00:00:00,288,14.55,-103.46,994.6,53.6,31.38787174698436,122.79935297852802,101.59922334742384,85.04947371122245,107.57679494734862,38.10656775074111,30.95525790830476,23.048267797160264,31.83720596175995,0.0,0.0,0.0,0.0
2026-09-28 06:00:00,18,26,2026-10-10 12:00:00,12 days 06:00:00,294,14.2,-103.75,987.1,57.7,34.02918115808214,134.28802952365345,117.42056211811835,116.3683601310318,124.67852661785582,0.0,0.0405453881200159,34.02918115808214,0.2920463528273274,0.0,0.0,0.0,0.0
2026-09-28 06:00:00,18,26,2026-10-10 18:00:00,12 days 12:00:00,300,14.39,-104.07,990.5,55.9,61.38861062452746,151.16277855062606,130.75996534316343,103.56192828565123,129.6336663091768,61.38861062452746,23.25325670641201,14.61747415990986,23.382479013588405,0.0,0.0,0.0,0.0
2026-09-28 06:00:00,18,26,2026-10-11 00:00:00,12 days 18:00:00,306,14.75,-104.93,979.8,71.9,13.613297633807695,168.15537662522615,136.78086067471145,102.25510504560354,141.30347847339772,81.273478782768,70.481320794684,51.16073395069967,67.02565627857277,27.1180773198976,23.19726337650537,17.58164409323059,22.45266311609563
2026-09-28 06:00:00,18,26,2026-10-11 06:00:00,13 days 00:00:00,312,15.01,-105.28,960.9,95.0,10.266565457537183,140.27787572587454,116.91426945095282,111.06567610020228,134.87593799895717,66.04274605046464,57.92323278207755,50.2815790969658,61.24759183316508,35.59463789569452,32.919687084172324,27.847160327657548,31.948101458676604
2026-09-28 06:00:00,18,26,2026-10-11 12:00:00,13 days 06:00:00,318,15.39,-106.04,945.8,119.9,13.25318221685574,229.17623878682124,225.8190752270266,187.21585124698632,200.5136628912952,80.2104471914063,74.53666215539505,62.83197181678805,68.80298258782508,26.93313865443422,26.71412039561712,23.228148081917556,25.588644946005665
2026-09-28 06:00:00,18,26,2026-10-11 18:00:00,13 days 12:00:00,324,15.39,-106.75,938.1,114.8,27.27414702190108,186.20133226651583,161.40729514062087,152.6591283814933,175.52448840417503,83.13515550609944,75.9757122797718,66.71014242238073,76.51271999383809,50.581256298459486,46.45912257696049,40.75793015680317,46.32529557596473
2026-09-28 06:00:00,18,26,2026-10-12 00:00:00,13 days 18:00:00,330,16.47,-107.14,978.3,77.9,31.609101681756695,264.7528405193368,249.58770051355276,173.87704131014442,221.46228384970183,139.66157373153283,129.53348824092555,104.25457153767364,119.0349956441431,58.21332463261234,55.41227163070276,45.18475901060517,50.149100996399895
2026-09-28 06:00:00,18,26,2026-10-12 06:00:00,14 days 00:00:00,336,17.4,-107.49,961.3,99.2,30.702763039567174,168.12495040285523,145.6475714287129,109.42996930808928,132.74834618608034,80.78537829125463,71.9426551539884,56.8573332705415,70.50727220759896,45.19367618282088,41.0541807814663,33.753429091026845,39.17177748518606
2026-09-28 06:00:00,18,26,2026-10-12 12:00:00,14 days 06:00:00,342,18.08,-108.16,948.7,107.4,8.069422708622838,238.6369503436428,224.34166331827024,163.67730042681717,196.17073640892727,111.6216149944516,99.27602126953109,75.54339646670056,93.92168142022746,61.11464418495716,55.25781001070969,44.17186875925052,52.38489693103682
2026-09-28 06:00:00,18,26,2026-10-12 18:00:00,14 days 12:00:00,348,18.77,-108.62,963.0,96.5,12.99214250555815,232.0934460532908,211.8355488377092,151.5603825641465,183.04708328440935,110.12458045944368,95.63163225777544,74.84075030322037,90.310211595287,52.41257556387427,47.864869779553146,37.81413966079549,44.88519745183794
2026-09-28 06:00:00,18,26,2026-10-13 00:00:00,14 days 18:00:00,354,19.32,-108.79,955.7,99.8,19.613072168517245,192.8694298278873,201.3386188129128,131.3217176364234,141.62604595767365,44.78119617911583,36.21831944344624,17.233101862229688,28.04399792044392,19.613072168517245,9.64027316934003,4.776047033606581,9.722286977327975
2026-09-28 06:00:00,18,26,2026-10-13 06:00:00,15 days 00:00:00,360,19.82,-109.04,951.0,104.9,24.592804138613676,199.38756319242052,194.2447062077124,132.22787562077542,139.8430933814713,93.28241458470552,76.88362216839377,49.87849041965971,72.48177572851597,34.63732659362638,26.88770247126584,19.189265022712995,27.378235994934307
2026-09-28 06:00:00,2,26,2026-09-28 12:00:00,0 days 06:00:00,6,16.25,155.69,1008.6,19.0,98.36982935222572,0.0,0.0,0.0,0.0,0.0,0.0,0.0,0.0,0.0,0.0,0.0,0.0
2026-09-28 06:00:00,2,26,2026-09-28 18:00:00,0 days 12:00:00,12,15.21,155.01,1010.1,16.0,113.65769481347766,0.0,0.0,0.0,0.0,0.0,0.0,0.0,0.0,0.0,0.0,0.0,0.0
2026-09-28 06:00:00,2,26,2026-09-29 00:00:00,0 days 18:00:00,18,15.31,154.76,1006.5,27.3,59.40548461070719,0.0,0.0,0.0,0.0,0.0,0.0,0.0,0.0,0.0,0.0,0.0,0.0
2026-09-28 06:00:00,2,26,2026-09-29 06:00:00,1 days 00:00:00,24,15.67,154.23,1003.9,29.4,64.45075446987585,0.0,0.0,0.0,0.0,0.0,0.0,0.0,0.0,0.0,0.0,0.0,0.0
2026-09-28 06:00:00,2,26,2026-09-29 12:00:00,1 days 06:00:00,30,15.89,153.49,1002.8,27.5,85.1990943368254,0.0,0.0,0.0,0.0,0.0,0.0,0.0,0.0,0.0,0.0,0.0,0.0
2026-09-28 06:00:00,2,26,2026-09-29 18:00:00,1 days 12:00:00,36,16.03,152.89,1003.5,35.0,71.14164708442172,71.14164708442172,12.419694409519993,9.901581753311916,13.458692480861089,0.0,0.0,0.0,0.0,0.0,0.0,0.0,0.0
2026-09-28 06:00:00,2,26,2026-09-30 00:00:00,1 days 18:00:00,42,16.18,152.09,1001.0,30.8,102.37273504123792,0.0,0.0,0.0,0.0,0.0,0.0,0.0,0.0,0.0,0.0,0.0,0.0
2026-09-28 06:00:00,2,26,2026-09-30 06:00:00,2 days 00:00:00,48,16.54,151.18,997.9,37.1,108.4231892577743,108.4231892577743,93.42439769809724,75.44401290968406,88.8014391921055,0.0,0.0,0.0,0.0,0.0,0.0,0.0,0.0
2026-09-28 06:00:00,2,26,2026-09-30 12:00:00,2 days 06:00:00,54,16.57,149.9,1000.0,31.0,86.4678171781336,0.0,0.0,0.0,0.0,0.0,0.0,0.0,0.0,0.0,0.0,0.0,0.0
2026-09-28 06:00:00,2,26,2026-09-30 18:00:00,2 days 12:00:00,60,16.57,148.57,992.2,46.2,70.25206589405772,25.44660679759153,21.7831330944341,70.25206589405772,24.401103967591474,0.0,0.0,0.0,0.0,0.0,0.0,0.0,0.0
2026-09-28 06:00:00,2,26,2026-10-01 00:00:00,2 days 18:00:00,66,16.54,147.89,985.4,56.2,46.86109037159261,115.83644309188604,111.94251143994964,95.38238219548649,105.40218920712456,2.7247636868021146,46.86109037159261,3.3596593119669245,3.3404684481199576,0.0,0.0,0.0,0.0
2026-09-28 06:00:00,2,26,2026-10-01 06:00:00,3 days 00:00:00,72,16.34,147.19,982.3,64.2,38.29895406499448,149.41268775293793,128.31019042156726,114.93497718911522,132.08960056800194,38.29895406499448,24.99825530253456,17.749378827797997,25.28203658508633,38.29895406499448,0.0,0.0,0.0
2026-09-28 06:00:00,2,26,2026-10-01 12:00:00,3 days 06:00:00,78,16.49,147.0,977.4,72.8,24.535456671432183,173.71587751500476,157.92868465034385,143.79652334375837,152.1269579705898,89.53353178403843,81.16303268160763,65.87829393388351,78.7834086309851,24.535456671432183,22.810279291384813,18.77890952445516,21.44315555407505
2026-09-28 06:00:00,2,26,2026-10-01 18:00:00,3 days 12:00:00,84,16.77,146.61,957.2,99.7,26.801052748924796,223.427123123795,190.1176288369716,163.52069438693982,178.55976240168536,104.4882943966454,94.66490423901826,81.11085042045121,92.31974536216242,55.45092337904808,53.72414429441201,45.480201695147045,48.90737602751018
2026-09-28 06:00:00,2,26,2026-10-02 00:00:00,3 days 18:00:00,90,16.73,146.38,937.6,117.5,13.551216698244309,257.7688806066052,240.08390848886364,238.46093469117884,236.95158207947932,108.17275414986264,102.5400825923657,87.11827157337467,99.16728511185048,46.93412555424384,45.4055530586333,38.89212735794251,42.936262704865946
2026-09-28 06:00:00,2,26,2026-10-02 06:00:00,4 days 00:00:00,96,16.87,146.2,928.1,125.5,35.33845622220923,270.2388699878027,273.9228725840165,241.2404959581505,242.09399979215527,130.21293357644322,126.12005285382357,105.6345200207274,112.63033910540568,71.3743481056393,66.72605520396867,56.51990595110105,61.8469057466406
2026-09-28 06:00:00,2,26,2026-10-02 12:00:00,4 days 06:00:00,102,17.72,146.34,923.1,135.2,14.96895940706671,390.1611825935648,390.6067700209487,305.5775676975205,313.25973945530995,162.34797041918318,155.59095593221636,126.20746637634105,136.18410283636916,81.62022275230072,78.12405995361988,64.91400156058722,70.08043737637925
2026-09-28 06:00:00,2,26,2026-10-02 18:00:00,4 days 12:00:00,108,18.42,146.3,919.4,144.7,24.057899377738167,356.7000678912412,355.2739602680833,281.1283630514555,300.5043873771144,156.87006619661105,152.14263760852646,127.0591907514612,134.7033049134761,87.93210947566257,84.65226083640907,72.04534301888202,76.81841746021323
2026-09-28 06:00:00,2,26,2026-10-03 00:00:00,4 days 18:00:00,114,18.95,146.78,900.0,161.5,1.51539597761726,471.04664901359536,472.6258518313963,369.6951130054367,385.8598037621141,228.7116311571596,230.3516640566369,193.17012686442985,195.10942521695176,119.33759011917508,116.08827491063964,97.51264089992,104.02649476226624
2026-09-28 06:00:00,2,26,2026-10-03 06:00:00,5 days 00:00:00,120,19.84,147.02,911.3,143.7,0.0,398.8042661383639,405.8885155762574,325.730414957346,325.2492571069163,173.36873455179187,183.17108902085545,151.9150674281494,147.6793324926088,83.14589693432531,83.01637905940112,70.29531286532186,72.41095354982792
2026-09-28 06:00:00,2,26,2026-10-03 12:00:00,5 days 06:00:00,126,20.78,147.4,917.3,133.7,27.950104545559185,485.7828919665144,486.5129250302044,391.8343962027881,394.8913644870845,232.91738501763388,234.83716787941813,197.28164624099952,199.8257195293159,127.82586102181035,126.68527140610588,107.21995760328248,111.65516572221618
2026-09-28 06:00:00,2,26,2026-10-03 18:00:00,5 days 12:00:00,132,21.94,147.69,914.7,129.0,10.0633320433148,382.7305887369191,397.8108000491703,316.3739897789202,305.0837681820634,187.85783478253967,194.92970326511107,155.45742737804335,158.7435174662313,93.70382180149775,92.53762583645393,76.3890562981334,80.47443959557907
2026-09-28 06:00:00,2,26,2026-10-04 00:00:00,5 days 18:00:00,138,22.82,147.61,919.5,133.7,8.837105579103032,460.8448560842796,463.8058529893661,362.0083035017871,374.3246369770121,214.2280368109197,209.40557379907295,173.01204858149478,179.89837956039065,108.07091969822916,105.13213745753924,87.68014968447235,91.77921905687091
2026-09-28 06:00:00,2,26,2026-10-04 06:00:00,6 days 00:00:00,144,23.5,147.99,908.4,132.7,21.36892606853316,391.0154661821354,399.4447992428694,306.58884954207406,324.6311035599706,164.85188668227414,158.41145877691173,120.66825709827256,135.12518616549318,72.60983737067941,67.91268729312335,53.42986512937077,61.701466241498
2026-09-28 06:00:00,2,26,2026-10-04 12:00:00,6 days 06:00:00,150,24.21,148.03,926.9,122.8,8.934376021573371,349.6750375201664,369.83606372529175,279.828967842208,268.7724500427139,151.25987427175278,150.69514966279894,117.56611028324004,121.2415275489402,65.36243877635115,64.0996096200306,52.47922121395641,55.39467296673138
2026-09-28 06:00:00,2,26,2026-10-04 18:00:00,6 days 12:00:00,156,24.78,147.9,923.0,125.4,27.128830336988766,446.49457638892216,438.97604735786393,352.2533838510501,363.41937277270256,217.9310334908776,210.75330363685293,173.9648036210171,184.28405795910248,128.0509757064018,124.5830596576979,105.1154207533596,110.57555383605715
2026-09-28 06:00:00,2,26,2026-10-05 00:00:00,6 days 18:00:00,162,25.28,147.52,930.1,114.9,42.09201927225144,484.0749637715063,475.4475481082629,391.3039800457557,435.3439606094095,271.4300198514496,261.0524086401615,220.91007498750983,235.9113269500733,154.00953374669768,149.18616485908575,123.15838225208894,132.41578166484555
2026-09-28 06:00:00,2,26,2026-10-05 06:00:00,7 days 00:00:00,168,26.22,147.42,942.1,101.9,41.62726913787047,453.0606742502498,456.9973834643658,370.4907455674223,388.8636665401887,237.51484539081144,235.9338711810768,210.3087472807416,213.6708882085865,163.77846902926882,164.6530567842027,139.85559084588755,145.91974785171095
2026-09-28 06:00:00,2,26,2026-10-05 12:00:00,7 days 06:00:00,174,26.62,147.03,940.3,103.5,52.46389271188271,430.9606142278882,410.7598025882693,350.3031098174653,386.7100770836321,263.0957164170544,247.7567096211528,211.80000939354332,230.52462496331228,147.19504361849283,141.991857825456,119.73106035469702,130.20022627232697
2026-09-28 06:00:00,2,26,2026-10-05 18:00:00,7 days 12:00:00,180,27.13,146.38,940.4,103.0,24.42535653444952,444.36280097259896,428.2837122790488,356.1650689427597,366.2918627388362,193.30460627221876,182.3492829609568,148.69784458480171,158.50815768390203,91.60237406475312,89.07075907521767,73.70526585841753,78.47122363913195
2026-09-28 06:00:00,2,26,2026-10-06 00:00:00,7 days 18:00:00,186,27.79,145.59,940.8,109.0,26.49646852351725,440.8507333472371,408.4518641168252,356.2918300079182,385.9153446787968,266.5292342850007,250.90413009747863,217.27172412723303,235.6484905029647,154.6044238083996,148.2909522484988,126.02757093706168,136.35134511906654
2026-09-28 06:00:00,2,26,2026-10-06 06:00:00,8 days 00:00:00,192,28.86,144.82,935.7,103.9,46.220046902185146,456.16716208714047,445.2343306300081,389.2430991419669,382.872323418012,268.9987839262087,258.1209195555409,215.4910105129045,231.2588905647508,148.3737152538979,143.47660495943148,119.10725224324386,129.2415669660478
2026-09-28 06:00:00,2,26,2026-10-06 12:00:00,8 days 06:00:00,198,30.22,144.33,950.4,99.9,38.2700387643506,466.6983447044986,446.4584286638019,366.2247792626376,410.5776489980153,261.90189777585374,249.5139847794592,218.55244282297625,232.19670671719336,163.2586091479734,159.3641629934623,135.1757898283263,143.87708976948227
2026-09-28 06:00:00,2,26,2026-10-06 18:00:00,8 days 12:00:00,204,31.24,144.04,944.0,90.2,99.71866355479386,428.0889500761214,442.5425615469047,343.8705347253217,363.1403179348599,217.93607320706272,214.89228886633785,180.84753545820035,190.09193383827147,130.4450637756009,129.51127954570666,107.79308412808672,112.89563340143609
2026-09-28 06:00:00,2,26,2026-10-07 00:00:00,8 days 18:00:00,210,32.36,143.91,958.4,83.2,69.90541092684944,417.8033006195694,430.23372443344033,334.1322421896414,350.7828890606555,272.818270117119,270.81488809384274,227.61187046965296,234.3246183253906,144.15439919062254,144.36219575825692,119.66621776028228,126.31026867413809
2026-09-28 06:00:00,2,26,2026-10-07 06:00:00,9 days 00:00:00,216,33.75,144.32,966.9,72.4,42.54543470258636,330.46668756064537,367.0941032098808,301.76972670909345,281.09457010174447,173.16245295428826,181.56993551913547,148.83769608495868,146.7669901200711,54.90761566804588,60.478064915519326,49.752788834776766,48.09569149977892
2026-09-28 06:00:00,2,26,2026-10-07 12:00:00,9 days 06:00:00,222,35.45,145.99,955.6,81.0,64.82104021344252,351.5314578533349,409.0159381356304,311.9080185898291,278.80038130320963,174.53417606170945,189.25029585912364,151.2355464510428,143.8677240233887,61.04602885973512,66.21692861729946,53.33132493345448,52.0896618110738
2026-09-28 06:00:00,2,26,2026-10-07 18:00:00,9 days 12:00:00,228,37.67,147.7,959.6,76.7,57.11430332096542,452.9665077463301,524.4205437739586,440.1244328210886,395.9617282757872,243.16802330668327,273.68482976140086,233.44402454158492,210.6466957877564,95.86763178167304,104.61776861434612,87.47051469885389,85.97880361727553
2026-09-28 06:00:00,2,26,2026-10-08 00:00:00,9 days 18:00:00,234,40.44,150.2,973.1,55.4,163.48262460445088,516.8262703024526,562.8092703078598,494.51784992739306,433.6607377145449,219.5239515214113,242.9167655094681,199.06601375832125,188.7628821766344,0.0,0.0,0.0,0.0
2026-09-28 06:00:00,2,26,2026-10-08 06:00:00,10 days 00:00:00,240,43.25,154.88,976.0,59.0,161.92133607267124,248.70742605780788,322.3204698842219,264.4656339588819,214.90344532334984,4.988306269028243,161.92133607267124,11.767722460972976,2.3384971440785023,0.0,0.0,0.0,0.0
2026-09-28 06:00:00,2,26,2026-10-08 12:00:00,10 days 06:00:00,246,44.97,158.39,991.7,38.7,66.91841601069473,50.20818634000148,66.91841601069473,42.42058546493513,27.706558198911186,0.0,0.0,0.0,0.0,0.0,0.0,0.0,0.0
2026-09-28 06:00:00,2,26,2026-10-08 18:00:00,10 days 12:00:00,252,45.58,161.61,978.8,37.1,54.10631292582306,2.886178670142673,0.0,54.10631292582306,0.0,0.0,0.0,0.0,0.0,0.0,0.0,0.0,0.0
2026-09-28 06:00:00,2,26,2026-10-09 00:00:00,10 days 18:00:00,258,45.82,165.25,975.1,40.7,42.97274527962455,1.705814909029634,0.0,42.97274527962455,0.0,0.0,0.0,0.0,0.0,0.0,0.0,0.0,0.0
2026-09-28 06:00:00,2,26,2026-10-09 06:00:00,11 days 00:00:00,264,45.93,167.72,980.5,35.0,161.0157863387518,0.0,0.0,161.0157863387518,0.0,0.0,0.0,0.0,0.0,0.0,0.0,0.0,0.0
2026-09-28 06:00:00,2,26,2026-10-09 12:00:00,11 days 06:00:00,270,45.37,171.13,970.4,37.8,141.37684045011522,0.0,0.0,141.37684045011522,0.0,0.0,0.0,0.0,0.0,0.0,0.0,0.0,0.0
2026-09-28 06:00:00,2,26,2026-10-09 18:00:00,11 days 12:00:00,276,44.8,174.0,971.2,43.6,77.92692547342604,0.0,0.0,77.92692547342604,1.7029528644130671,0.0,0.0,0.0,0.0,0.0,0.0,0.0,0.0
2026-09-28 06:00:00,2,26,2026-10-10 00:00:00,11 days 18:00:00,282,43.71,177.63,974.6,39.9,107.33670250844392,0.0,0.0,0.0,107.33670250844392,0.0,0.0,0.0,0.0,0.0,0.0,0.0,0.0
2026-09-28 06:00:00,2,26,2026-10-10 06:00:00,12 days 00:00:00,288,42.69,-177.73,977.2,37.6,159.41370214501933,159.41370214501933,15.369721341355389,0.0,27.67328473606939,0.0,0.0,0.0,0.0,0.0,0.0,0.0,0.0
2026-09-28 06:00:00,21,26,2026-10-08 18:00:00,10 days 12:00:00,252,13.57,113.26,1007.6,16.1,105.69939502632448,0.0,0.0,0.0,0.0,0.0,0.0,0.0,0.0,0.0,0.0,0.0,0.0
2026-09-28 06:00:00,21,26,2026-10-09 00:00:00,10 days 18:00:00,258,13.74,111.78,1003.7,20.9,96.27443180543936,0.0,0.0,0.0,0.0,0.0,0.0,0.0,0.0,0.0,0.0,0.0,0.0
2026-09-28 06:00:00,21,26,2026-10-09 06:00:00,11 days 00:00:00,264,13.26,111.56,1002.2,26.7,121.5447060771743,0.0,0.0,0.0,0.0,0.0,0.0,0.0,0.0,0.0,0.0,0.0,0.0
2026-09-28 06:00:00,21,26,2026-10-09 12:00:00,11 days 06:00:00,270,13.47,111.97,1003.1,25.9,138.54431109204225,0.0,0.0,0.0,0.0,0.0,0.0,0.0,0.0,0.0,0.0,0.0,0.0
2026-09-28 06:00:00,21,26,2026-10-09 18:00:00,11 days 12:00:00,276,13.54,111.81,1002.3,24.6,78.08928415961923,0.0,0.0,0.0,0.0,0.0,0.0,0.0,0.0,0.0,0.0,0.0,0.0
2026-09-28 06:00:00,21,26,2026-10-10 00:00:00,11 days 18:00:00,282,13.89,110.96,1001.1,27.5,74.3048603555454,0.0,0.0,0.0,0.0,0.0,0.0,0.0,0.0,0.0,0.0,0.0,0.0
2026-09-28 06:00:00,21,26,2026-10-10 06:00:00,12 days 00:00:00,288,14.24,110.14,1000.0,30.2,99.35284125366462,0.0,0.0,0.0,0.0,0.0,0.0,0.0,0.0,0.0,0.0,0.0,0.0
2026-09-28 06:00:00,21,26,2026-10-10 12:00:00,12 days 06:00:00,294,15.83,109.09,1001.2,32.2,58.88719868208944,0.0,0.0,0.0,0.0,0.0,0.0,0.0,0.0,0.0,0.0,0.0,0.0
2026-09-28 06:00:00,21,26,2026-10-10 18:00:00,12 days 12:00:00,300,16.08,107.9,1006.5,22.0,98.7829279833658,0.0,0.0,0.0,0.0,0.0,0.0,0.0,0.0,0.0,0.0,0.0,0.0
2026-09-28 06:00:00,21,26,2026-10-11 00:00:00,12 days 18:00:00,306,16.19,107.81,995.8,31.9,57.70985562033326,0.0,0.0,0.0,0.0,0.0,0.0,0.0,0.0,0.0,0.0,0.0,0.0
2026-09-28 06:00:00,21,26,2026-10-11 06:00:00,13 days 00:00:00,312,16.53,106.4,999.6,25.8,99.19416524451208,0.0,0.0,0.0,0.0,0.0,0.0,0.0,0.0,0.0,0.0,0.0,0.0
2026-09-28 06:00:00,21,26,2026-10-11 12:00:00,13 days 06:00:00,318,17.24,105.95,997.0,33.5,66.29327721218203,0.0,0.0,0.0,0.0,0.0,0.0,0.0,0.0,0.0,0.0,0.0,0.0
2026-09-28 06:00:00,AL062026,26,2026-09-28 06:00:00,0 days 00:00:00,0,28.3,-43.8,1012.0,25.0,56.0,0.0,0.0,0.0,0.0,0.0,0.0,0.0,0.0,0.0,0.0,0.0,0.0
2026-09-28 06:00:00,AL062026,26,2026-09-28 12:00:00,0 days 06:00:00,6,27.85,-44.24,1009.7,28.6,41.73417231724142,0.0,0.0,0.0,0.0,0.0,0.0,0.0,0.0,0.0,0.0,0.0,0.0
2026-09-28 06:00:00,AL062026,26,2026-09-28 18:00:00,0 days 12:00:00,12,26.98,-44.73,1010.3,24.7,99.5698653735714,0.0,0.0,0.0,0.0,0.0,0.0,0.0,0.0,0.0,0.0,0.0,0.0
2026-09-28 06:00:00,AL062026,26,2026-09-29 00:00:00,0 days 18:00:00,18,26.33,-45.51,1010.8,33.2,59.73562523880757,0.0,0.0,0.0,0.0,0.0,0.0,0.0,0.0,0.0,0.0,0.0,0.0
2026-09-28 06:00:00,AL912026(2),26,2026-09-28 06:00:00,0 days 00:00:00,0,36.3,-53.1,1013.0,29.0,148.0,0.0,0.0,0.0,0.0,0.0,0.0,0.0,0.0,0.0,0.0,0.0,0.0
2026-09-28 06:00:00,AL912026(2),26,2026-09-28 12:00:00,0 days 06:00:00,6,36.73,-51.46,1003.3,33.4,29.958700481770293,0.0,0.0,0.0,0.0,0.0,0.0,0.0,0.0,0.0,0.0,0.0,0.0
2026-09-28 06:00:00,AL912026(2),26,2026-09-28 18:00:00,0 days 12:00:00,12,37.73,-49.51,1008.4,29.0,121.7538624819344,0.0,0.0,0.0,0.0,0.0,0.0,0.0,0.0,0.0,0.0,0.0,0.0
2026-09-28 06:00:00,EP152026(2),26,2026-09-28 06:00:00,0 days 00:00:00,0,16.4,-160.8,929.0,134.0,28.0,241.0,185.0,148.0,204.0,93.0,74.0,74.0,93.0,56.0,46.0,37.0,46.0
2026-09-28 06:00:00,EP152026(2),26,2026-09-28 12:00:00,0 days 06:00:00,6,16.94,-161.79,940.7,130.1,38.94651251912806,222.97037278472595,160.1964151267617,110.0950459459262,196.2978539493328,124.47354005864996,93.63926038438844,70.25827837908876,108.32596040966622,75.04008767347261,60.57679229753802,48.77271711715106,65.05693191677378
2026-09-28 06:00:00,EP152026(2),26,2026-09-28 18:00:00,0 days 12:00:00,12,17.43,-162.36,951.0,115.4,0.9210315784383738,217.9409517485717,184.8523892308356,129.06425498150793,173.35450020232224,101.54522491864827,85.35429128633325,63.78334281865756,80.81447683409624,52.9793774044781,47.07202632556732,37.41746952735721,45.03520904174036
2026-09-28 06:00:00,EP152026(2),26,2026-09-29 00:00:00,0 days 18:00:00,18,18.28,-163.05,951.7,110.1,7.899199323074079,213.91184351351296,189.61306562885952,118.50226292164832,158.50754515169405,87.14846214554038,66.96570505028123,40.50580887946737,63.93938873156535,34.07731128071351,25.45141059962218,16.896891542911643,27.151295486468893
2026-09-28 06:00:00,EP152026(2),26,2026-09-29 06:00:00,1 days 00:00:00,24,18.85,-163.44,968.6,93.6,0.0,228.169731686138,215.01668851239356,136.042520097102,183.9420127161532,101.61918557019432,86.7406107321614,59.16598329526737,80.33660896216034,52.55202809289938,45.89688560809076,34.659523565802814,43.624264508457244
2026-09-28 06:00:00,EP152026(2),26,2026-09-29 12:00:00,1 days 06:00:00,30,19.74,-163.72,971.7,93.4,0.0,206.64480875578735,181.01384296180916,100.84699462151548,143.45711624142496,62.02941603125692,49.69036147114457,27.05373878729461,44.922244858962586,16.213801322995096,11.266914984335472,5.850596293586477,11.333070932275405
2026-09-28 06:00:00,EP152026(2),26,2026-09-29 18:00:00,1 days 12:00:00,36,20.55,-163.34,974.5,80.4,23.972591114376883,155.67045777924037,149.75061728853095,108.1412041796935,133.76103200165505,87.60393989436227,89.52664231373423,75.07080769732785,77.62493997069089,39.34942146973006,41.57806129196408,36.478048057994194,35.42398113890734
2026-09-28 06:00:00,EP152026(2),26,2026-09-30 00:00:00,1 days 18:00:00,42,21.36,-163.25,951.7,106.0,53.47847390201059,180.70653458787277,156.15105086864787,98.93892796575892,156.86137986753602,89.99178512994695,77.23401074474896,58.093731758481226,75.83221947271522,53.47847390201059,37.10237699321624,28.51071491115181,34.91431315776936
2026-09-28 06:00:00,EP152026(2),26,2026-09-30 06:00:00,2 days 00:00:00,48,22.3,-162.76,976.8,79.3,45.14149835597319,174.1303162607934,185.83884936943548,139.78718702777036,134.67482289983514,67.71093614717235,69.48936083079349,60.48909982570317,59.17617980652645,18.081865690351226,45.14149835597319,19.596791447065527,15.23953356150716
2026-09-28 06:00:00,EP152026(2),26,2026-09-30 12:00:00,2 days 06:00:00,54,22.63,-162.53,987.1,68.7,81.38647431357776,181.29690537528808,173.28232838072717,122.41734950701002,134.56191107861915,81.38647431357776,81.38647431357776,7.627660422094154,11.031127585454747,81.38647431357776,0.0,0.0,0.0
2026-09-28 06:00:00,EP152026(2),26,2026-09-30 18:00:00,2 days 12:00:00,60,22.79,-162.49,989.1,57.8,98.40799257491253,227.7024109183893,223.8823796075643,178.936944589478,178.11247338487743,98.40799257491253,45.488785199492185,33.42257189730917,35.70733282996571,0.0,0.0,0.0,0.0
2026-09-28 06:00:00,EP152026(2),26,2026-10-01 00:00:00,2 days 18:00:00,66,23.04,-162.41,987.3,56.3,70.17455547387802,129.53665391789252,127.21416193549598,108.72065716447489,119.97900362766308,70.17455547387802,0.0,0.0,0.1159644535804966,0.0,0.0,0.0,0.0
2026-09-28 06:00:00,EP152026(2),26,2026-10-01 06:00:00,3 days 00:00:00,72,23.11,-162.12,995.0,38.7,83.26680731324366,105.71414784139988,117.36341488817294,101.828715727246,102.76940215850524,0.0,0.0,0.0,0.0,0.0,0.0,0.0,0.0
2026-09-28 06:00:00,EP152026(2),26,2026-10-01 12:00:00,3 days 06:00:00,78,23.54,-162.24,1003.1,43.5,132.03944340721011,181.62776419099924,169.80435861504685,131.69651726080434,146.68406771310322,0.0,0.0,0.0,0.0,0.0,0.0,0.0,0.0
2026-09-28 06:00:00,EP152026(2),26,2026-10-01 18:00:00,3 days 12:00:00,84,24.07,-162.99,998.3,37.4,79.19884082553997,79.19884082553997,1.5728544704200544,0.0,0.3405018798460943,0.0,0.0,0.0,0.0,0.0,0.0,0.0,0.0
2026-09-28 06:00:00,EP152026(2),26,2026-10-02 00:00:00,3 days 18:00:00,90,24.15,-163.15,1000.4,31.2,120.62841952900249,0.0,0.0,0.0,0.0,0.0,0.0,0.0,0.0,0.0,0.0,0.0,0.0
2026-09-28 06:00:00,EP152026(2),26,2026-10-02 06:00:00,4 days 00:00:00,96,24.79,-164.08,997.3,40.8,136.69367594120854,136.69367594120854,124.99219454005754,94.200490122791,109.93873749528314,0.0,0.0,0.0,0.0,0.0,0.0,0.0,0.0
2026-09-28 06:00:00,EP152026(2),26,2026-10-02 12:00:00,4 days 06:00:00,102,25.31,-165.27,998.1,37.1,95.4113367095206,263.70669076698226,239.5408725143542,178.0636249252085,218.34155445836493,0.0,0.0,0.0,0.0,0.0,0.0,0.0,0.0
2026-09-28 06:00:00,EP152026(2),26,2026-10-02 18:00:00,4 days 12:00:00,108,25.43,-165.41,997.5,44.5,65.52083836843916,65.52083836843916,38.33135899538108,22.383644194696835,37.60035078339797,0.0,0.0,0.0,0.0,0.0,0.0,0.0,0.0
2026-09-28 06:00:00,EP152026(2),26,2026-10-03 00:00:00,4 days 18:00:00,114,26.29,-165.93,999.2,46.6,50.858186071438254,50.858186071438254,43.40649443993518,29.3187143980616,42.92167508354841,0.0,0.0,0.0,0.0,0.0,0.0,0.0,0.0
2026-09-28 06:00:00,EP152026(2),26,2026-10-03 06:00:00,5 days 00:00:00,120,25.54,-165.93,996.4,47.7,44.18874924808545,101.57292713517748,103.27837706985032,95.41814904924406,95.39944479791156,0.0,0.0,0.0,0.0,0.0,0.0,0.0,0.0
2026-09-28 06:00:00,EP152026(2),26,2026-10-03 12:00:00,5 days 06:00:00,126,25.33,-166.39,998.0,38.1,58.10578657121323,1.6395110472667795,0.0,6.052697051926472,58.10578657121323,0.0,0.0,0.0,0.0,0.0,0.0,0.0,0.0
2026-09-28 06:00:00,EP152026(2),26,2026-10-03 18:00:00,5 days 12:00:00,132,25.7,-166.88,998.9,35.9,106.41735432174768,106.41735432174768,51.403851917589634,35.767178770714864,61.58107068660058,0.0,0.0,0.0,0.0,0.0,0.0,0.0,0.0
2026-09-28 06:00:00,EP152026(2),26,2026-10-04 00:00:00,5 days 18:00:00,138,25.73,-167.57,999.7,45.0,45.2951433223838,9.59079158103134,0.0,0.0,45.2951433223838,0.0,0.0,0.0,0.0,0.0,0.0,0.0,0.0
2026-09-28 06:00:00,EP152026(2),26,2026-10-04 06:00:00,6 days 00:00:00,144,25.82,-168.9,999.8,41.0,59.35167299870659,59.35167299870659,22.036850464259796,9.935837449924788,30.32877100391136,0.0,0.0,0.0,0.0,0.0,0.0,0.0,0.0
2026-09-28 06:00:00,EP152026(2),26,2026-10-04 12:00:00,6 days 06:00:00,150,25.89,-170.38,1000.8,42.6,71.6333488347851,71.6333488347851,38.2817577276746,13.0226553589282,51.46460248685389,0.0,0.0,0.0,0.0,0.0,0.0,0.0,0.0
2026-09-28 06:00:00,EP152026(2),26,2026-10-04 18:00:00,6 days 12:00:00,156,26.1,-172.13,1001.7,42.3,62.99568799850429,96.05967899623845,74.47310879169177,50.10744799434053,74.52523317595325,0.0,0.0,0.0,0.0,0.0,0.0,0.0,0.0
2026-09-28 06:00:00,EP152026(2),26,2026-10-05 00:00:00,6 days 18:00:00,162,26.64,-173.82,1001.2,36.6,46.90767399678069,149.70992580924036,130.57501067033888,101.5318145470471,120.81641846455388,0.0,0.0,0.0,0.0,0.0,0.0,0.0,0.0
2026-09-28 06:00:00,EP152026(2),26,2026-10-05 06:00:00,7 days 00:00:00,168,26.96,-174.99,995.0,42.8,53.70757409124421,53.70757409124421,6.203403701345934,2.164663171061985,18.383555322216637,0.0,0.0,0.0,0.0,0.0,0.0,0.0,0.0
2026-09-28 06:00:00,EP152026(2),26,2026-10-05 12:00:00,7 days 06:00:00,174,27.39,-176.43,1000.8,39.5,59.33965579722977,59.33965579722977,16.571379809877698,0.0,28.01929088366924,0.0,0.0,0.0,0.0,0.0,0.0,0.0,0.0
2026-09-28 06:00:00,EP152026(2),26,2026-10-05 18:00:00,7 days 12:00:00,180,27.39,-178.11,998.6,40.5,40.159393507692606,155.70921783277947,134.36866155191606,104.8403535148428,139.36383950146362,0.0,0.0,0.0,0.0,0.0,0.0,0.0,0.0
2026-09-28 06:00:00,EP152026(2),26,2026-10-06 00:00:00,7 days 18:00:00,186,27.72,-179.43,1005.7,33.4,55.769532403397264,0.0,0.0,0.0,0.0,0.0,0.0,0.0,0.0,0.0,0.0,0.0,0.0
2026-09-28 06:00:00,EP152026(2),26,2026-10-06 06:00:00,8 days 00:00:00,192,27.64,179.17,1006.4,32.5,93.06648618014788,0.0,0.0,0.0,0.0,0.0,0.0,0.0,0.0,0.0,0.0,0.0,0.0
2026-09-28 06:00:00,EP172026,26,2026-09-28 06:00:00,0 days 00:00:00,0,23.2,-114.0,955.0,105.0,28.0,167.0,148.0,148.0,148.0,102.0,93.0,83.0,83.0,65.0,65.0,65.0,65.0
2026-09-28 06:00:00,EP172026,26,2026-09-28 12:00:00,0 days 06:00:00,6,23.83,-113.46,967.5,93.4,23.306302116972063,162.60122687226027,188.32736763463825,123.91297456469472,133.7323921218641,66.04967070791918,65.15476273911564,45.3237398199844,48.7359782025875,28.88013254965853,27.60194872035521,20.12007795034401,24.896375055730843
2026-09-28 06:00:00,EP172026,26,2026-09-28 18:00:00,0 days 12:00:00,12,24.69,-113.36,961.8,97.7,20.8588903204174,102.53591187854784,143.77396320008722,105.6211054237768,76.60755871551787,2.250751898493199,20.8588903204174,1.9279648250088608,0.0,0.0,20.8588903204174,0.0,0.0
2026-09-28 06:00:00,EP172026,26,2026-09-29 00:00:00,0 days 18:00:00,18,25.31,-112.99,963.7,90.2,8.470569584661362,98.36353528796027,146.50791680405092,113.31349760547096,75.35323866721188,43.61786143220509,47.9533012231783,38.41421609637767,31.9621813700792,17.502578529672206,18.786956395177825,14.86894340658878,14.863069699312684
2026-09-28 06:00:00,EP172026,26,2026-09-29 06:00:00,1 days 00:00:00,24,26.05,-112.15,984.7,60.7,0.0,118.39309595282364,116.01058081056698,87.22144632708529,85.48603548031906,33.2058859041431,35.268042595050495,30.23750788237679,27.192846375680677,0.0,0.0,0.0,0.0
2026-09-28 06:00:00,EP172026,26,2026-09-29 12:00:00,1 days 06:00:00,30,27.35,-111.4,989.8,44.7,56.7833378639532,62.2088163241751,60.27524759561904,38.47805125975502,49.43875568278238,0.0,0.0,0.0,0.0,0.0,0.0,0.0,0.0
2026-09-28 06:00:00,EP172026,26,2026-09-29 18:00:00,1 days 12:00:00,36,29.58,-109.64,994.9,48.3,41.55301576968936,41.41958185436883,28.939974757488194,22.70329635765924,47.42212354371961,0.0,0.0,0.0,0.0,0.0,0.0,0.0,0.0
2026-09-28 06:00:00,EP182026,26,2026-09-28 06:00:00,0 days 00:00:00,0,13.2,-100.0,1001.0,41.0,93.0,222.0,185.0,148.0,222.0,0.0,0.0,0.0,0.0,0.0,0.0,0.0,0.0
2026-09-28 06:00:00,EP182026,26,2026-09-28 12:00:00,0 days 06:00:00,6,13.34,-100.7,987.6,55.7,35.914103287706624,123.88632872833152,114.47458743015616,93.82910057992632,112.3570325940139,35.914103287706624,22.300149216941406,15.704970495354168,20.90709565626705,0.0,0.0,0.0,0.0
2026-09-28 06:00:00,EP182026,26,2026-09-28 18:00:00,0 days 12:00:00,12,13.33,-101.55,980.8,78.3,25.193367271133702,186.49065672894764,173.07149631749832,135.00557229507262,153.52709700762605,25.193367271133702,25.193367271133702,0.0,1.4119001799398383,0.0,25.193367271133702,0.0,0.0666092895419772
2026-09-28 06:00:00,EP182026,26,2026-09-29 00:00:00,0 days 18:00:00,18,13.74,-102.45,985.0,67.4,38.71845293101754,189.45228113757892,154.32677854329222,136.85095560550036,166.2280301193219,89.66941991542922,76.970299495809,61.19324044491327,73.97559523960896,38.71845293101754,20.72455647102972,17.403813979385184,20.852719600414645
2026-09-28 06:00:00,EP182026,26,2026-09-29 06:00:00,1 days 00:00:00,24,14.34,-103.27,991.1,60.4,40.778994487728966,216.10472873279576,176.24318540323844,135.80760352967323,188.6144966310803,89.77837765298628,74.07251616382655,52.14960931534358,74.85494199189992,0.0,0.0,0.0,0.0
2026-09-28 06:00:00,EP182026,26,2026-09-29 12:00:00,1 days 06:00:00,30,14.71,-104.13,969.5,90.2,29.53323516004884,183.05922759131585,158.46221436079037,115.62035144642896,155.2798760593003,77.47620439269318,63.6844950454393,49.56044435205755,67.84803078404782,43.65538698785608,38.57128020470301,31.20932794710214,38.35897122163714
2026-09-28 06:00:00,EP182026,26,2026-09-29 18:00:00,1 days 12:00:00,36,15.31,-105.0,963.3,96.1,34.37644413184071,199.3791815501502,169.05808635004007,126.26535782819808,177.90814123523649,113.60360932301772,97.74607696292452,79.96238894664214,100.85645931610784,59.457218922247726,54.30025373422791,44.64233295225644,53.45187882356944
2026-09-28 06:00:00,EP182026,26,2026-09-30 00:00:00,1 days 18:00:00,42,16.17,-105.72,947.2,112.2,26.9177357307288,236.11534014277817,190.7424249121968,111.97312907098636,186.0524090930694,94.5969674553724,71.96848793565852,45.92606806392089,77.30615994192232,51.15807458644542,39.583315335530514,29.19453728694568,42.258333777947335
2026-09-28 06:00:00,EP182026,26,2026-09-30 06:00:00,2 days 00:00:00,48,16.7,-106.23,949.7,113.2,10.897448878521686,203.9815602814364,166.10141469202154,118.25935286296033,178.36406859177043,104.29996595085233,86.53078877264574,70.89579020116925,93.87409474471993,59.07491995507664,52.23537615386253,42.48426031275646,51.98656066761652
2026-09-28 06:00:00,EP182026,26,2026-09-30 12:00:00,2 days 06:00:00,54,17.44,-106.92,952.1,102.2,15.15738390317722,208.2156191357224,190.72765695194016,141.7969209255507,173.35661112172534,99.27784807563216,85.98858536047828,64.29093502820075,83.60785004679042,46.834133129512736,40.9908853445184,32.42177376650446,38.8048566094937
2026-09-28 06:00:00,EP182026,26,2026-09-30 18:00:00,2 days 12:00:00,60,17.96,-107.3,946.5,112.5,43.04075432454201,217.02505269401465,188.62663555778687,141.1558294099084,178.1489168575435,94.66864386501749,76.16608629431724,54.77326261244163,80.78505641631526,55.91020071759256,46.97982632669263,37.18079316590803,47.48335923355873
2026-09-28 06:00:00,EP182026,26,2026-10-01 00:00:00,2 days 18:00:00,66,18.38,-107.71,929.7,120.1,43.83006872023631,259.60920958852137,211.9321618774734,161.53797186253837,217.91687260292812,137.84022727300191,115.47914739896773,82.82695893976052,116.34033741876084,60.89235696904578,50.8350388624956,39.54335840233941,51.20221673997867
2026-09-28 06:00:00,EP182026,26,2026-10-01 06:00:00,3 days 00:00:00,72,18.59,-108.11,952.2,108.5,26.692889376743157,195.07763646730305,172.1600052063663,152.98419149200237,166.2377802494334,82.9697996788546,72.97996791172429,63.035972682928985,72.44965177289677,37.92174217987561,33.4374216812581,28.52179093974033,32.50820274652057
2026-09-28 06:00:00,EP182026,26,2026-10-01 12:00:00,3 days 06:00:00,78,18.77,-108.36,964.3,82.4,43.3032265844209,154.15511427619353,141.00460623251809,140.67774584879,138.15055607944805,45.96985477308532,37.0743180627188,35.47093153359318,41.91214339213649,43.3032265844209,16.29212752620151,14.930286758200776,15.5679611723532
2026-09-28 06:00:00,EP182026,26,2026-10-01 18:00:00,3 days 12:00:00,84,18.8,-108.82,968.7,85.9,24.47046268474352,175.7491055773792,165.61719120540687,160.88318352223365,170.4176827832855,105.70958406157304,94.7443751093113,76.4991956931406,92.42296302567836,46.33118308362885,43.6871703866897,34.22659365320422,40.90236596292738
2026-09-28 06:00:00,EP182026,26,2026-10-02 00:00:00,3 days 18:00:00,90,19.05,-109.23,958.8,92.2,54.11248394308168,205.80696850794467,183.03680695571683,170.53381182015883,171.71973232620718,63.73245326712336,54.56441324510736,42.55143220210272,55.92168023991263,54.11248394308168,9.89787216452654,8.281200342540243,10.268617094641364
2026-09-28 06:00:00,EP182026,26,2026-10-02 06:00:00,4 days 00:00:00,96,18.93,-109.47,968.8,80.4,48.78018074895127,154.54589082653163,133.13848880782848,124.71200562835683,142.41949638458178,84.12745123416133,77.41279511687485,62.84930129747212,77.93973025332579,48.78018074895127,28.448959622600416,23.755864893275767,27.296232829143616
2026-09-28 06:00:00,EP182026,26,2026-10-02 12:00:00,4 days 06:00:00,102,18.8,-109.7,966.3,86.0,43.88111573126411,155.01760901475842,141.52981345199402,147.32910073247322,161.59904359309067,84.11769008555736,83.68108483854391,78.28056302215697,79.90740825254733,49.19623782049091,48.486143922709815,43.09565577119661,44.42769939235098
2026-09-28 06:00:00,EP182026,26,2026-10-02 18:00:00,4 days 12:00:00,108,18.8,-109.96,976.3,76.4,35.10363174785881,144.11181794690577,138.50474479956034,156.0651542532729,150.98246934082937,79.1445806292372,76.82043176660201,64.68440312378242,71.09605671517811,35.10363174785881,21.24315026369593,18.88242059528143,19.430854505842177
2026-09-28 06:00:00,EP182026,26,2026-10-03 00:00:00,4 days 18:00:00,114,18.96,-110.06,983.1,66.8,28.42628016003826,204.91736571887213,180.4594952589589,169.27383568523817,192.72449370728657,126.09394671613938,113.51757431776446,93.6309429433394,108.93983857172616,49.00507574597029,45.34984946985358,37.31151517682461,42.82801065181222
2026-09-28 06:00:00,EP182026,26,2026-10-03 06:00:00,5 days 00:00:00,120,19.0,-110.51,986.6,62.2,34.82776788367264,166.88719726229724,130.47928809104243,118.59625196786708,163.72104753535965,105.5581506782102,91.44750799177964,74.11257078614544,94.53598991045246,0.0,0.0,0.0,0.0
2026-09-28 06:00:00,EP182026,26,2026-10-03 12:00:00,5 days 06:00:00,126,18.97,-110.96,982.0,67.9,20.49635032497062,181.6004248804936,145.08082433800337,117.04158095815689,165.499493982286,96.64325193532372,84.2807338131063,69.8578732160899,85.52096963649146,39.08820428668248,36.18271418799662,29.48573217284198,34.79404666931153
2026-09-28 06:00:00,EP182026,26,2026-10-03 18:00:00,5 days 12:00:00,132,19.31,-111.0,970.8,86.7,2.307923314544041,148.45381410685434,155.91044114096462,130.2247147279973,131.64074195840098,68.96452710715818,63.14232911319971,52.25725390260543,58.98597582321148,20.287396004546096,18.978312392375106,14.711274755075188,16.971829645005062
2026-09-28 06:00:00,EP182026,26,2026-10-04 00:00:00,5 days 18:00:00,138,19.87,-111.29,969.9,84.5,38.53499386780261,172.11523608180164,143.50019856671906,105.7040121390338,138.62613788475383,65.05509785779472,58.319669301560936,44.90071017869321,56.34326710242828,38.53499386780261,23.51199742562264,19.573168258329588,22.26094738951904
2026-09-28 06:00:00,EP182026,26,2026-10-04 06:00:00,6 days 00:00:00,144,19.68,-111.76,960.3,99.0,21.631894168146587,233.3004993913325,177.17777630765772,152.90365496650827,217.00733755181756,91.16209577561536,75.0888063764981,61.81669843979233,83.74735276195055,46.50578600236874,41.96944852894976,34.43031265779967,41.72950213780829
2026-09-28 06:00:00,EP182026,26,2026-10-04 12:00:00,6 days 06:00:00,150,19.86,-112.05,962.3,98.5,29.68449481720325,130.1189241457537,98.99614216100018,88.30971407045388,117.53772226937456,60.19162844235396,48.33019699208159,38.50900034365316,53.87901076394523,37.743995545476096,31.68051457461816,25.888297532426076,31.963582910162145
2026-09-28 06:00:00,EP182026,26,2026-10-04 18:00:00,6 days 12:00:00,156,19.9,-112.37,972.3,86.1,28.25314886642755,159.1687601034555,130.5394956284806,129.27205776294937,150.45659536623123,82.47691874827296,70.94195007768582,57.79353706011925,72.578374835419,45.55731653972096,40.11244303761302,32.45265464239159,39.4621687630931
2026-09-28 06:00:00,EP182026,26,2026-10-05 00:00:00,6 days 18:00:00,162,20.09,-112.77,977.5,75.5,29.43280307629021,203.60043702399005,162.36627769628106,130.6276397081027,179.51677267135804,88.4942844439384,76.91342337248649,59.116267415517605,78.84400131263993,30.3379507720813,27.09919998954408,22.375006419788,26.412711791754045
2026-09-28 06:00:00,EP182026,26,2026-10-05 06:00:00,7 days 00:00:00,168,20.26,-113.42,974.4,87.6,28.045216936802845,163.86626168033166,131.00600795765786,133.7415260776487,170.0671473877788,84.2105167813524,75.20360848332206,70.64943932754483,82.71785904821374,38.16270177784911,35.290619258563865,32.17068136578622,35.119278249571394
2026-09-28 06:00:00,EP182026,26,2026-10-05 12:00:00,7 days 06:00:00,174,20.0,-113.81,973.5,86.4,28.226571042107224,141.4446410318699,105.0915703355126,113.2267258390958,144.84045676944208,64.8665671368154,51.22723893663965,46.420330065467056,61.62413360152482,38.20142161118913,32.15462445492879,26.62188758093214,32.921007428267664
2026-09-28 06:00:00,EP182026,26,2026-10-05 18:00:00,7 days 12:00:00,180,20.13,-114.05,977.3,76.3,30.095152669026987,160.33789798712655,132.46491487431015,114.23026796819502,163.66451800645564,81.92906689028382,69.77000655075895,60.98291596377919,76.60455469684553,42.42161642479567,37.1065178110139,31.87694978948467,37.63896802792817
2026-09-28 06:00:00,EP182026,26,2026-10-06 00:00:00,7 days 18:00:00,186,19.99,-114.6,978.0,73.1,25.727590420766436,159.9667024909411,121.16258970259857,118.99760670009825,166.729685850353,83.63619300516137,71.12479946947508,62.20701832528829,77.43514726005787,36.893400957702056,32.91489776401767,28.685988777909657,33.165631175121376
2026-09-28 06:00:00,EP182026,26,2026-10-06 06:00:00,8 days 00:00:00,192,19.48,-115.19,962.5,95.5,7.184270500947726,131.38230619532416,117.73508872282235,128.46531534841188,148.45862403044637,89.03209292796993,78.37514471265366,73.97416547828888,88.42797773519094,50.60441145354525,46.793986555986265,40.84362284806376,44.97369233787383
2026-09-28 06:00:00,EP182026,26,2026-10-06 12:00:00,8 days 06:00:00,198,19.53,-115.78,947.0,115.2,21.15712793628504,119.01997095975037,76.65700120471679,76.33256269074563,140.39627178438616,62.12379449357918,51.06593580223854,50.80635586687984,64.24969319370285,38.38946632007824,34.457046178969165,32.268968678544354,35.53414943324864
2026-09-28 06:00:00,EP182026,26,2026-10-06 18:00:00,8 days 12:00:00,204,19.17,-116.63,946.6,118.7,14.713464820948529,120.27050815927127,78.89781710092569,86.25628959919285,129.69055727947185,76.27352946283351,60.97978130463347,54.44748947090929,74.5967132981869,46.64102763723761,39.06125502073354,33.774694799241544,41.35889092390988
2026-09-28 06:00:00,EP182026,26,2026-10-07 00:00:00,8 days 18:00:00,210,18.93,-117.31,948.8,107.1,20.327676023715043,131.5332650782593,65.95094733139429,97.12827387396533,141.5401052843413,74.11512848518785,55.80547574527904,56.51630650631897,75.05313678682393,46.36158394286747,38.94871578204544,37.05792775732912,41.90313690027614
2026-09-28 06:00:00,EP182026,26,2026-10-07 06:00:00,9 days 00:00:00,216,18.41,-117.86,952.2,104.8,19.9553693686465,127.46446620310329,100.78822997971906,124.58980346598108,150.35644748345658,68.91054104327343,59.99152011800746,60.28839215509416,71.58485038267605,44.73506744546504,40.63256346328255,38.14248450746891,41.30026759472143
2026-09-28 06:00:00,EP182026,26,2026-10-07 12:00:00,9 days 06:00:00,222,18.23,-118.42,945.4,109.1,15.320718186864056,130.52995970792404,95.1671736930224,107.07003519070533,150.78742640399744,54.72563170245939,41.54482767523192,42.67571987125723,56.69951531505234,47.14142918863634,40.56450706472632,35.220001562628404,42.5824409488493
2026-09-28 06:00:00,EP182026,26,2026-10-07 18:00:00,9 days 12:00:00,228,17.74,-119.33,968.3,90.6,29.603634336246127,104.34003056165542,78.1460122078577,68.39685571330958,110.86637144783624,62.83679157535392,49.02781178915041,39.35658579629863,55.22809405814972,35.92985647344531,29.843450640496403,23.592434098196165,31.41279141855211
2026-09-28 06:00:00,EP182026,26,2026-10-08 00:00:00,9 days 18:00:00,234,17.98,-119.81,965.8,97.0,31.17520836085739,44.54112204583566,34.12106732855713,34.748395146680416,70.28608123309562,44.04727999580255,34.12106732855713,30.784051081679863,41.52455716135254,31.17520836085739,16.116261265321945,14.889390812993346,17.53483242577867
2026-09-28 06:00:00,EP182026,26,2026-10-08 06:00:00,10 days 00:00:00,240,17.79,-120.46,969.7,81.3,32.27903015269918,130.94032292401187,103.0354234597948,105.284495245347,132.48768414132712,75.19237054751494,56.62868667317798,49.14214092039041,68.12987302155298,46.783343080823656,39.57468691288659,32.91313531305432,41.23726000735475
2026-09-28 06:00:00,EP182026,26,2026-10-08 12:00:00,10 days 06:00:00,246,18.01,-120.96,962.5,89.3,61.61698800740933,119.6440932549314,71.4981102307151,79.74106551789552,147.8291744474055,75.32986100894834,57.22594526036406,59.94489338388561,74.20556955618753,61.61698800740933,40.60840161846863,36.09307514538159,41.26662311899352
2026-09-28 06:00:00,EP182026,26,2026-10-08 18:00:00,10 days 12:00:00,252,18.02,-121.48,988.3,61.5,19.546030447006387,137.91304883198904,108.54707342233814,115.4554400725592,148.28906763106716,71.08299340744418,58.8786653875668,48.14612969494419,64.45224510803246,0.0,0.0,0.0,0.0
2026-09-28 06:00:00,EP182026,26,2026-10-09 00:00:00,10 days 18:00:00,258,17.85,-122.1,990.5,58.9,20.47624008600836,126.71323780386862,96.01260605112796,91.7272151188306,117.84382934464708,47.71596205845569,37.36436743684929,32.46610448901983,42.25718695786082,0.0,0.0,0.0,0.0
2026-09-28 06:00:00,EP182026,26,2026-10-09 06:00:00,11 days 00:00:00,264,17.85,-122.42,996.6,51.4,52.40226028305409,124.37349383249324,91.03667700885852,84.32290910820701,119.09370781180743,52.40226028305409,39.91689423313189,31.49791657824164,44.1672872629413,0.0,0.0,0.0,0.0
2026-09-28 06:00:00,EP182026,26,2026-10-09 12:00:00,11 days 06:00:00,270,17.7,-122.69,994.0,55.6,16.72293873954402,138.33621627915682,108.53936660212548,103.96449018116812,135.25232499898482,27.117950458652388,22.284852349036697,18.792389908530534,25.466154995407607,0.0,0.0,0.0,0.0
2026-09-28 06:00:00,EP182026,26,2026-10-09 18:00:00,11 days 12:00:00,276,17.27,-122.52,996.2,45.9,50.45608672047445,86.3684154947303,85.05320726419706,86.96378699394897,81.39771626271059,0.0,0.0,0.0,0.0,0.0,0.0,0.0,0.0
2026-09-28 06:00:00,EP182026,26,2026-10-10 00:00:00,11 days 18:00:00,282,17.11,-122.43,998.4,36.1,65.105810430622,69.50198604861343,64.37064086651264,53.932415470645886,58.42899533685341,0.0,0.0,0.0,0.0,0.0,0.0,0.0,0.0
2026-09-28 06:00:00,EP182026,26,2026-10-10 06:00:00,12 days 00:00:00,288,16.87,-122.65,1002.3,36.1,57.46926612534549,14.085520959292808,57.46926612534549,16.771881852720696,14.396297370130071,0.0,0.0,0.0,0.0,0.0,0.0,0.0,0.0
2026-09-28 06:00:00,EP182026,26,2026-10-10 12:00:00,12 days 06:00:00,294,16.86,-122.87,1002.1,33.1,37.65241921357362,0.0,0.0,0.0,0.0,0.0,0.0,0.0,0.0,0.0,0.0,0.0,0.0
2026-09-28 06:00:00,EP182026,26,2026-10-10 18:00:00,12 days 12:00:00,300,16.51,-122.74,1003.4,35.0,82.77710039105818,0.9981840616817408,0.0,0.0,82.77710039105818,0.0,0.0,0.0,0.0,0.0,0.0,0.0,0.0
2026-09-28 06:00:00,EP182026,26,2026-10-11 00:00:00,12 days 18:00:00,306,16.03,-122.75,1002.9,28.8,39.340004823205646,0.0,0.0,0.0,0.0,0.0,0.0,0.0,0.0,0.0,0.0,0.0,0.0
2026-09-28 06:00:00,EP182026,26,2026-10-11 06:00:00,13 days 00:00:00,312,15.67,-123.01,1005.0,27.8,90.02741739062964,0.0,0.0,0.0,0.0,0.0,0.0,0.0,0.0,0.0,0.0,0.0,0.0
2026-09-28 06:00:00,EP182026,26,2026-10-11 12:00:00,13 days 06:00:00,318,16.05,-123.66,1001.8,36.3,66.59870954631242,66.59870954631242,1.8527036915139303,0.0,0.3117033211355888,0.0,0.0,0.0,0.0,0.0,0.0,0.0,0.0
2026-09-28 06:00:00,EP182026,26,2026-10-11 18:00:00,13 days 12:00:00,324,15.61,-123.77,1005.9,27.9,96.415336792161,0.0,0.0,0.0,0.0,0.0,0.0,0.0,0.0,0.0,0.0,0.0,0.0
2026-09-28 06:00:00,EP182026,26,2026-10-12 00:00:00,13 days 18:00:00,330,15.75,-123.91,1004.3,22.3,63.21554260337941,0.0,0.0,0.0,0.0,0.0,0.0,0.0,0.0,0.0,0.0,0.0,0.0
2026-09-28 06:00:00,EP182026,26,2026-10-12 06:00:00,14 days 00:00:00,336,16.09,-124.53,1004.3,23.1,131.47575482768497,0.0,0.0,0.0,0.0,0.0,0.0,0.0,0.0,0.0,0.0,0.0,0.0
2026-09-28 06:00:00,EP182026,26,2026-10-12 12:00:00,14 days 06:00:00,342,15.92,-125.1,1002.8,27.7,71.11253709665817,0.0,0.0,0.0,0.0,0.0,0.0,0.0,0.0,0.0,0.0,0.0,0.0
2026-09-28 06:00:00,EP182026,26,2026-10-12 18:00:00,14 days 12:00:00,348,16.57,-125.53,1006.2,29.1,50.92925412626839,0.0,0.0,0.0,0.0,0.0,0.0,0.0,0.0,0.0,0.0,0.0,0.0
2026-09-28 06:00:00,EP182026,26,2026-10-13 00:00:00,14 days 18:00:00,354,16.63,-126.3,1005.7,28.9,135.95746612036598,0.0,0.0,0.0,0.0,0.0,0.0,0.0,0.0,0.0,0.0,0.0,0.0
2026-09-28 06:00:00,EP182026,26,2026-10-13 06:00:00,15 days 00:00:00,360,16.92,-126.66,1004.1,28.5,72.59852842208676,0.0,0.0,0.0,0.0,0.0,0.0,0.0,0.0,0.0,0.0,0.0,0.0
2026-09-28 06:00:00,EP912026(3),26,2026-09-28 06:00:00,0 days 00:00:00,0,12.7,-136.6,1005.0,29.0,93.0,0.0,0.0,0.0,0.0,0.0,0.0,0.0,0.0,0.0,0.0,0.0,0.0
2026-09-28 06:00:00,WP252026,26,2026-09-28 06:00:00,0 days 00:00:00,0,27.5,131.6,954.0,99.0,9.0,148.0,158.0,148.0,121.0,,,,,,,,
2026-09-28 06:00:00,WP252026,26,2026-09-28 12:00:00,0 days 06:00:00,6,27.47,132.44,986.3,57.7,5.966004754170015,130.05050414072488,141.70338307284732,129.76408173846747,105.6064665255046,63.46710314737568,62.94330660638548,53.58109045536812,50.04745250338692,0.0,0.0,0.0,0.0
2026-09-28 06:00:00,WP252026,26,2026-09-28 18:00:00,0 days 12:00:00,12,27.93,133.14,992.5,58.2,34.67585962966183,125.5785324040063,135.62964792293815,99.78350496426516,93.20124985687583,39.14007310323325,31.35225603334635,16.344882034796385,25.920111542788906,0.0,0.0,0.0,0.0
2026-09-28 06:00:00,WP252026,26,2026-09-29 00:00:00,0 days 18:00:00,18,28.07,134.08,990.6,48.7,60.29792972044228,123.3522870165868,132.9264271598762,125.62100601269738,105.1888556257982,0.0,0.0,0.0,0.0,0.0,0.0,0.0,0.0
2026-09-28 06:00:00,WP252026,26,2026-09-29 06:00:00,1 days 00:00:00,24,28.47,135.06,996.3,36.6,64.32272384063415,111.80146586552576,122.43686800516662,108.82906811322864,100.78958158858478,0.0,0.0,0.0,0.0,0.0,0.0,0.0,0.0
2026-09-28 06:00:00,WP252026,26,2026-09-29 12:00:00,1 days 06:00:00,30,28.87,136.42,995.0,43.3,83.81048008903821,50.940157524265445,83.81048008903821,39.5028094225604,33.31344233710844,0.0,0.0,0.0,0.0,0.0,0.0,0.0,0.0
2026-09-28 06:00:00,WP252026,26,2026-09-29 18:00:00,1 days 12:00:00,36,29.11,137.02,995.8,38.4,59.5534545645603,105.93486574057852,100.9580328551192,96.8341249543862,81.81038550837684,0.0,0.0,0.0,0.0,0.0,0.0,0.0,0.0
2026-09-28 06:00:00,WP252026,26,2026-09-30 00:00:00,1 days 18:00:00,42,29.6,137.65,998.8,33.8,102.40795341226332,0.0,0.0,0.0,0.0,0.0,0.0,0.0,0.0,0.0,0.0,0.0,0.0
2026-09-28 06:00:00,WP252026,26,2026-09-30 06:00:00,2 days 00:00:00,48,30.26,138.34,998.8,28.9,91.84232584954805,0.0,0.0,0.0,0.0,0.0,0.0,0.0,0.0,0.0,0.0,0.0,0.0
2026-09-28 06:00:00,WP252026,26,2026-09-30 12:00:00,2 days 06:00:00,54,30.66,139.15,1004.2,26.8,101.98706313008982,0.0,0.0,0.0,0.0,0.0,0.0,0.0,0.0,0.0,0.0,0.0,0.0
2026-09-28 06:00:00,WP252026,26,2026-09-30 18:00:00,2 days 12:00:00,60,31.46,139.83,992.1,44.8,73.70043277791683,118.01181392034286,128.91094259932683,96.77256507201427,90.17388350970276,0.0,0.0,0.0,0.0,0.0,0.0,0.0,0.0
2026-09-28 06:00:00,WP252026,26,2026-10-01 00:00:00,2 days 18:00:00,66,32.28,140.64,996.3,41.5,58.98495136631918,9.339610155986442,58.98495136631918,0.0,0.0,0.0,0.0,0.0,0.0,0.0,0.0,0.0,0.0
2026-09-28 06:00:00,WP252026,26,2026-10-01 06:00:00,3 days 00:00:00,72,33.05,141.25,998.5,30.8,85.59298616840994,0.0,0.0,0.0,0.0,0.0,0.0,0.0,0.0,0.0,0.0,0.0,0.0
2026-09-28 06:00:00,WP252026,26,2026-10-01 12:00:00,3 days 06:00:00,78,34.28,143.16,1001.9,29.1,119.10459753975113,0.0,0.0,0.0,0.0,0.0,0.0,0.0,0.0,0.0,0.0,0.0,0.0
2026-09-28 06:00:00,WP252026,26,2026-10-01 18:00:00,3 days 12:00:00,84,36.02,145.39,995.0,31.6,97.78362862901356,0.0,0.0,0.0,0.0,0.0,0.0,0.0,0.0,0.0,0.0,0.0,0.0
2026-09-28 06:00:00,WP252026,26,2026-10-02 00:00:00,3 days 18:00:00,90,38.12,150.19,1000.9,40.2,96.87305863016596,25.304266557900437,96.87305863016596,15.249524167476489,11.60356741833312,0.0,0.0,0.0,0.0,0.0,0.0,0.0,0.0
2026-09-28 06:00:00,WP252026,26,2026-10-02 06:00:00,4 days 00:00:00,96,40.58,155.65,996.4,35.9,140.0620574214919,140.0620574214919,2.059251710984796,3.4695016872811664,6.184778452157559,0.0,0.0,0.0,0.0,0.0,0.0,0.0,0.0
2026-09-28 06:00:00,WP922026(4),26,2026-09-28 06:00:00,0 days 00:00:00,0,16.4,97.6,1001.0,29.0,64.0,0.0,0.0,0.0,0.0,0.0,0.0,0.0,0.0,0.0,0.0,0.0,0.0
2026-09-28 06:00:00,WP922026(4),26,2026-09-28 12:00:00,0 days 06:00:00,6,17.08,96.82,1007.2,19.7,80.59594632263546,0.0,0.0,0.0,0.0,0.0,0.0,0.0,0.0,0.0,0.0,0.0,0.0
2026-09-28 06:00:00,WP922026(4),26,2026-09-28 18:00:00,0 days 12:00:00,12,18.0,96.66,1005.3,22.3,72.24233418250697,0.0,0.0,0.0,0.0,0.0,0.0,0.0,0.0,0.0,0.0,0.0,0.0
2026-09-28 06:00:00,17,27,2026-10-04 12:00:00,6 days 06:00:00,150,11.06,163.71,1010.0,14.8,138.07192459801288,0.0,0.0,0.0,0.0,0.0,0.0,0.0,0.0,0.0,0.0,0.0,0.0
2026-09-28 06:00:00,17,27,2026-10-04 18:00:00,6 days 12:00:00,156,11.36,163.12,1005.8,19.8,127.60094372041328,0.0,0.0,0.0,0.0,0.0,0.0,0.0,0.0,0.0,0.0,0.0,0.0
2026-09-28 06:00:00,17,27,2026-10-05 00:00:00,6 days 18:00:00,162,9.99,160.45,1005.9,25.0,83.96524373900934,0.0,0.0,0.0,0.0,0.0,0.0,0.0,0.0,0.0,0.0,0.0,0.0
2026-09-28 06:00:00,17,27,2026-10-05 06:00:00,7 days 00:00:00,168,8.78,160.9,1003.7,22.6,74.64409346702291,0.0,0.0,0.0,0.0,0.0,0.0,0.0,0.0,0.0,0.0,0.0,0.0
2026-09-28 06:00:00,17,27,2026-10-05 12:00:00,7 days 06:00:00,174,8.79,162.1,1002.7,24.4,63.0788235964172,0.0,0.0,0.0,0.0,0.0,0.0,0.0,0.0,0.0,0.0,0.0,0.0
2026-09-28 06:00:00,17,27,2026-10-05 18:00:00,7 days 12:00:00,180,9.5,162.77,1001.9,29.9,93.06773064303296,0.0,0.0,0.0,0.0,0.0,0.0,0.0,0.0,0.0,0.0,0.0,0.0
2026-09-28 06:00:00,17,27,2026-10-06 00:00:00,7 days 18:00:00,186,10.17,162.36,1002.3,26.7,66.80121178109971,0.0,0.0,0.0,0.0,0.0,0.0,0.0,0.0,0.0,0.0,0.0,0.0
2026-09-28 06:00:00,17,27,2026-10-06 06:00:00,8 days 00:00:00,192,10.6,161.9,999.5,30.2,118.3876663022553,0.0,0.0,0.0,0.0,0.0,0.0,0.0,0.0,0.0,0.0,0.0,0.0
2026-09-28 06:00:00,17,27,2026-10-06 12:00:00,8 days 06:00:00,198,11.42,161.11,1001.8,28.6,78.67292729762686,0.0,0.0,0.0,0.0,0.0,0.0,0.0,0.0,0.0,0.0,0.0,0.0
2026-09-28 06:00:00,17,27,2026-10-06 18:00:00,8 days 12:00:00,204,12.21,160.01,998.7,36.0,83.07111216629741,10.337264979019176,10.759872141323887,83.07111216629741,13.651662545730488,0.0,0.0,0.0,0.0,0.0,0.0,0.0,0.0
2026-09-28 06:00:00,17,27,2026-10-07 00:00:00,8 days 18:00:00,210,12.69,158.4,994.2,46.6,47.57240689490996,164.3673991373321,144.21478312433652,138.03023567382593,154.43707404920718,0.0,0.0,0.0,0.0,0.0,0.0,0.0,0.0
2026-09-28 06:00:00,17,27,2026-10-07 06:00:00,9 days 00:00:00,216,13.41,156.87,995.1,48.8,74.56114353613299,165.18761205196074,152.20770837593142,109.71749928268146,142.16824694772538,0.0,0.0,0.0,0.0,0.0,0.0,0.0,0.0
2026-09-28 06:00:00,17,27,2026-10-07 12:00:00,9 days 06:00:00,222,13.41,155.9,983.5,69.0,17.69165006640928,88.76113496618444,85.2131486726679,74.84144697929783,91.28316182255632,17.69165006640928,3.805862200013382,2.774562709971548,9.543394453234145,17.69165006640928,0.0,0.0,0.0
2026-09-28 06:00:00,17,27,2026-10-07 18:00:00,9 days 12:00:00,228,13.82,155.14,980.2,70.4,3.469611804670648,164.7319461143539,140.54051264448745,118.52134894853044,147.1951483442037,41.043780495358135,26.54299464121205,16.18994173362834,24.821894989241564,3.469611804670648,0.0,0.0,0.7432136677375669
2026-09-28 06:00:00,17,27,2026-10-08 00:00:00,9 days 18:00:00,234,14.76,154.59,982.2,61.7,35.69827653639005,168.38449233167492,154.61266519752365,123.27536056808394,128.7126642218749,35.69827653639005,0.0,0.0,0.0,0.0,0.0,0.0,0.0
2026-09-28 06:00:00,17,27,2026-10-08 06:00:00,10 days 00:00:00,240,15.65,153.86,984.5,60.7,90.45372614798006,300.91685459433774,303.76624600046,244.94204100473763,270.7872911640023,103.21971925533578,94.99058263984378,73.64318715035351,77.37564703617389,0.0,0.0,0.0,0.0
2026-09-28 06:00:00,17,27,2026-10-08 12:00:00,10 days 06:00:00,246,16.52,152.83,992.4,52.2,22.015712538232435,171.4030251927777,143.35222893321972,138.30894576880826,157.88874625459792,36.3906172480475,26.981569100595244,18.52712565581192,26.30030733313599,0.0,0.0,0.0,0.0
2026-09-28 06:00:00,17,27,2026-10-08 18:00:00,10 days 12:00:00,252,17.03,152.05,985.6,56.8,38.7876365855296,266.1576462460927,232.19052776275493,208.24583227608764,238.34231905407836,58.36909407807913,45.67054087935841,32.34954394698504,42.02784565829684,0.0,0.0,0.0,0.0
2026-09-28 06:00:00,17,27,2026-10-09 00:00:00,10 days 18:00:00,258,17.75,151.11,977.1,66.1,1.832094384493864,169.5132576488665,155.91918894868414,125.1404496783474,146.0758401152815,99.09517224980306,81.98737343864656,61.9122110292462,82.13165775897612,33.52483284598955,29.62757113653896,22.93300136101732,27.45680869404696
2026-09-28 06:00:00,17,27,2026-10-09 06:00:00,11 days 00:00:00,264,18.4,150.49,959.2,94.4,17.623836522340458,214.47077972945488,188.77210073822977,153.49355559845085,181.78034889957465,96.42970681204262,79.13206523520086,57.53415028140149,76.78553842295265,38.07321792700752,32.01008476886881,26.24900488009144,33.296499032152866
2026-09-28 06:00:00,17,27,2026-10-09 12:00:00,11 days 06:00:00,270,19.07,149.67,967.7,87.7,32.47191329582411,168.50588834721887,151.47828001640207,133.10708220675352,143.86055201243877,82.56609832007425,73.02830194642003,55.18321615982384,69.16742690191732,50.15663576037176,43.63047375815691,36.608326206086815,42.96284478075715
2026-09-28 06:00:00,17,27,2026-10-09 18:00:00,11 days 12:00:00,276,20.11,149.08,964.5,92.2,11.42888489062972,176.13827696840272,166.28455784153155,124.3041010201606,148.69789732318534,87.6658750305511,78.45235095202268,58.15211281446545,71.5169952766348,61.09088320824668,53.996037407185945,44.68797860262026,51.73182071117685
2026-09-28 06:00:00,17,27,2026-10-10 00:00:00,11 days 18:00:00,282,20.8,148.17,948.7,109.7,19.881715850777823,192.9641926529468,165.03688235604346,120.83897636382142,162.23466278534767,84.91032119763564,68.01417782263574,46.481380448405616,68.56263798832674,55.5377929771715,46.8615412939954,36.30342514467848,47.91167879383404
2026-09-28 06:00:00,17,27,2026-10-10 06:00:00,12 days 00:00:00,288,21.56,148.0,949.5,102.8,5.010788543598494,182.5882842723485,184.89986711253837,148.96104450429402,152.96352858157775,14.795332719905964,11.3852588197244,0.4701722386707505,6.104609392637197,5.010788543598494,1.9700966158603104,0.4701722386707505,1.123237190738804
2026-09-28 06:00:00,17,27,2026-10-10 12:00:00,12 days 06:00:00,294,22.49,147.83,932.8,129.1,4.22581225162704,239.87764624758267,230.93869586133917,179.6766423990315,206.8244764319944,118.22826012496438,103.80564576984132,77.60707242322549,96.32341451384322,71.1305396749965,63.98949423547781,51.33865192212484,62.33239527722706
2026-09-28 06:00:00,17,27,2026-10-10 18:00:00,12 days 12:00:00,300,23.62,146.94,931.5,124.7,0.0,196.99324800566637,207.90184873253523,189.78772522603668,175.416683314968,23.26962802061537,20.169553223823264,15.893232470621472,20.68860437448745,23.26962802061537,20.169553223823264,15.893232470621472,20.68860437448745
2026-09-28 06:00:00,17,27,2026-10-11 00:00:00,12 days 18:00:00,306,24.5,147.05,925.0,137.1,1.9804211011675927,164.43348968058976,180.97812496756748,137.02850497238117,145.92589918064084,48.92063782590503,44.182117554578255,35.43799651908185,42.9980791586022,48.92063782590503,44.182117554578255,35.43799651908185,42.9980791586022
2026-09-28 06:00:00,17,27,2026-10-11 06:00:00,13 days 00:00:00,312,25.47,147.12,938.6,114.7,11.247055249567827,133.76607413399543,198.81593029726213,167.4631334400441,99.17467488108676,10.04428635736002,16.20537560656631,2.03592131812464,7.891293441270967,3.4949316957080545,11.247055249567827,0.7544201597367323,1.6837157123255029
2026-09-28 06:00:00,17,27,2026-10-11 12:00:00,13 days 06:00:00,318,26.1,147.87,942.0,115.2,8.147510983064496,213.1544681618971,225.4677283644386,166.7795762089064,161.60493089675202,6.919298419796446,21.349733982718835,12.38529843105738,4.50071027928788,6.919298419796446,8.147510983064496,6.326614623631496,4.50071027928788
2026-09-28 06:00:00,17,27,2026-10-11 18:00:00,13 days 12:00:00,324,26.9,147.5,951.3,108.7,26.22275473704749,130.7746678315313,165.3654881707762,150.47301724564898,126.17427693755876,0.0,26.22275473704749,0.1839838443413981,0.0,0.0,26.22275473704749,0.0,0.0
2026-09-28 06:00:00,17,27,2026-10-12 00:00:00,13 days 18:00:00,330,27.11,148.11,938.9,117.2,1.1229632399169525,190.232479663922,222.09677090094533,188.4581204461761,163.62036679936844,4.222340553134701,17.667474652088153,12.808005244756655,4.5528204216868495,4.222340553134701,6.012338447037476,6.019044444865511,4.5528204216868495
2026-09-28 06:00:00,17,27,2026-10-12 06:00:00,14 days 00:00:00,336,27.12,148.63,934.3,119.0,8.118211973397717,190.07813632028189,241.2181565192605,211.3828799742647,184.62056808909412,32.07849924800564,52.61412981228644,42.68376300939462,25.78568841287232,15.74870847680766,20.24233908492429,17.753425993303946,16.085982517118957
2026-09-28 06:00:00,17,27,2026-10-12 12:00:00,14 days 06:00:00,342,27.09,149.71,936.8,114.0,48.19068348830967,199.3461835062954,211.5766165711194,211.82960993204065,193.32353644973583,93.00706679678648,96.4923176110064,79.39316189469814,77.15186536992366,57.13714183080562,52.97532175607184,45.14296824362613,48.27381222576814
2026-09-28 06:00:00,17,27,2026-10-12 18:00:00,14 days 12:00:00,348,27.2,150.59,923.7,129.8,0.0,216.24024274236848,255.415276052478,208.2558757797808,184.38569012395908,85.08195519444718,99.17516287497602,79.25682300800139,70.11416686375165,52.133112960707706,52.86303764370737,43.33790460881495,46.11538712979512
2026-09-28 06:00:00,17,27,2026-10-13 00:00:00,14 days 18:00:00,354,27.07,151.23,944.0,116.6,14.51444106020017,197.68605325951648,214.2199981537597,194.69455434065455,189.9181228706111,114.69648973848416,120.73718979448586,102.85872368421678,92.38067345449872,65.09311925156226,62.41351334115552,53.74101999202048,58.22301129847165
2026-09-28 06:00:00,17,27,2026-10-13 06:00:00,15 days 00:00:00,360,27.02,152.25,923.1,138.4,21.52626001472006,155.78105921325485,198.17200880975017,175.11995888037347,143.44956682352446,9.355524925839314,21.52626001472006,9.146015403455902,8.532797099660856,9.355524925839314,21.52626001472006,9.146015403455902,8.532797099660856
2026-09-28 06:00:00,21,27,2026-10-07 00:00:00,8 days 18:00:00,210,13.1,-95.62,1002.6,38.5,96.685891603445,127.16843351727208,93.4170855277693,72.11372688918414,108.32595866661464,0.0,0.0,0.0,0.0,0.0,0.0,0.0,0.0
2026-09-28 06:00:00,21,27,2026-10-07 06:00:00,9 days 00:00:00,216,13.16,-95.94,1000.2,41.9,66.4929854790134,8.659016965659983,66.4929854790134,0.6704734493128885,1.860428487125927,0.0,0.0,0.0,0.0,0.0,0.0,0.0,0.0
2026-09-28 06:00:00,21,27,2026-10-07 12:00:00,9 days 06:00:00,222,13.61,-96.52,1001.1,48.2,65.8899289844155,102.97356439176671,95.45530057579836,51.885774791076095,74.89852623942687,0.0,0.0,0.0,0.0,0.0,0.0,0.0,0.0
2026-09-28 06:00:00,21,27,2026-10-07 18:00:00,9 days 12:00:00,228,13.32,-96.97,993.6,55.9,44.99176384935335,44.99176384935335,30.820537333274437,22.785583051460605,44.99176384935335,1.2476441972245755,1.252583641721437,0.4096776953901342,44.99176384935335,0.0,0.0,0.0,0.0
2026-09-28 06:00:00,21,27,2026-10-08 00:00:00,9 days 18:00:00,234,13.42,-97.38,984.9,64.9,14.9637198797451,102.2585902684917,86.26501489210537,71.71846738021671,89.5778048399124,39.10118088932423,29.2025376550763,18.811005873564696,29.322130230273828,14.9637198797451,0.0,0.0,0.0725664351621198
2026-09-28 06:00:00,21,27,2026-10-08 06:00:00,10 days 00:00:00,240,13.49,-98.0,983.0,84.0,28.78724984247811,147.2683609569234,133.7915783093843,114.73959087366724,125.51095641476498,28.78724984247811,19.224097120199087,16.042024145400394,20.365865092013188,28.78724984247811,0.0,0.0,0.0
2026-09-28 06:00:00,21,27,2026-10-08 12:00:00,10 days 06:00:00,246,13.52,-98.34,971.0,84.8,18.992887533979086,97.54589088845334,97.15122663656813,83.93563771297767,91.70340749785758,40.1350022869992,31.673217889282395,20.693798855973533,36.5914821969557,18.992887533979086,12.880346688597228,8.858324905942958,12.61034497363861
2026-09-28 06:00:00,21,27,2026-10-08 18:00:00,10 days 12:00:00,252,13.55,-98.82,949.9,112.4,8.393593599397377,123.69316134374117,78.36372736987823,89.89030758010108,140.55920790913842,66.84560682950166,46.37656336757675,38.07397253829993,61.87353967423997,43.05992323255168,35.487540082531154,29.693449308590232,38.16541566134856
2026-09-28 06:00:00,21,27,2026-10-09 00:00:00,10 days 18:00:00,258,13.82,-99.1,931.0,126.2,6.1078326074800025,134.91271703439514,126.90294991795136,106.11737387171992,131.8060776818688,12.806325802840105,6.015524395068521,0.2527324479161454,9.062587605769728,6.1078326074800025,0.0,0.0971794045435439,1.553947835090911
2026-09-28 06:00:00,21,27,2026-10-09 06:00:00,11 days 00:00:00,264,14.12,-99.4,940.1,133.5,7.558241939470887,148.95543522133704,112.336950565672,105.4912802010624,134.62692273755627,49.33519281485803,33.817393316810445,21.96204557040735,41.81879098120865,36.04547578847601,28.40820384277009,21.96204557040735,31.922260259801035
2026-09-28 06:00:00,21,27,2026-10-09 12:00:00,11 days 06:00:00,270,14.3,-100.12,946.6,108.1,0.0,131.923441955619,104.17920389406844,99.59712698957176,124.39184110344245,35.11653755585692,22.080928889584666,13.300186759650494,29.133640373737013,15.219426350152588,9.267696304172532,7.535315610076799,13.74154048680218
2026-09-28 06:00:00,21,27,2026-10-09 18:00:00,11 days 12:00:00,276,14.96,-100.3,941.0,134.5,14.397919542922864,144.56767857137584,125.50099712824704,123.46088504934778,135.69185727996364,63.23284964064487,42.34510268555982,31.24348093371964,58.67660938829704,48.30950912419462,37.11768362496264,29.5124230832065,43.59010285356089
2026-09-28 06:00:00,21,27,2026-10-10 00:00:00,11 days 18:00:00,282,15.18,-100.97,946.6,124.0,4.197497165049825,108.07710813671886,107.43950353627037,93.5893712536256,105.42260669708152,26.957403047101067,21.25713357804365,16.69794276684983,23.167394892509456,26.957403047101067,21.25713357804365,16.69794276684983,23.167394892509456
2026-09-28 06:00:00,21,27,2026-10-10 06:00:00,12 days 00:00:00,288,15.37,-101.63,930.9,137.3,19.503289922197546,190.31912308406712,165.1099866082896,136.41521669034856,175.49642074958746,19.503289922197546,4.923318488869899,2.5957842531794584,19.503289922197546,6.825344697784761,4.706060061452895,2.5957842531794584,19.503289922197546
2026-09-28 06:00:00,21,27,2026-10-10 12:00:00,12 days 06:00:00,294,16.03,-101.73,953.6,101.6,27.374762505331542,201.13450502754665,186.91080695200213,136.83615014018648,181.5699371495038,100.50374494653111,83.73900800898653,57.2913857610813,81.2839360534704,40.46361336450373,34.8797933711857,28.19174847273864,34.08545883253679
2026-09-28 06:00:00,21,27,2026-10-10 18:00:00,12 days 12:00:00,300,16.31,-102.36,953.6,113.9,2.3436036389990136,86.52909159019532,70.0785159247572,49.00491678995678,64.62262087036822,31.181931791395584,31.529070502710084,20.61537040285964,20.721358929947115,16.923832292540453,13.74553959904064,11.219318674927507,15.244001136357014
2026-09-28 06:00:00,21,27,2026-10-11 00:00:00,12 days 18:00:00,306,17.17,-102.66,976.6,76.6,3.250708940754315,83.80338060921848,74.70806392383669,48.11858794643967,80.19874990931814,43.79509793680121,27.632229600076844,20.31263421859504,28.869311783017213,3.250708940754315,0.0,0.0,0.0
2026-09-28 06:00:00,21,27,2026-10-11 06:00:00,13 days 00:00:00,312,18.16,-103.03,986.7,63.3,0.0,108.00590612293796,96.2546514479816,93.50027087736868,114.7538627099666,26.38905551278728,24.06225881696595,20.86865621318488,25.72377627599471,0.0,0.0,0.0,0.0
2026-09-28 06:00:00,21,27,2026-10-11 12:00:00,13 days 06:00:00,318,17.92,-103.21,993.0,48.1,28.102053295920392,88.36253097105805,87.01756012989597,56.09027446625381,68.96554195764779,0.0,0.0,0.0,0.0,0.0,0.0,0.0,0.0
2026-09-28 06:00:00,21,27,2026-10-11 18:00:00,13 days 12:00:00,324,18.34,-103.33,1001.3,37.0,23.401097089434664,36.29899004740456,37.39496191029943,40.21510945730029,32.22788229688118,0.0,0.0,0.0,0.0,0.0,0.0,0.0,0.0
2026-09-28 06:00:00,22,27,2026-10-08 00:00:00,9 days 18:00:00,234,11.63,113.39,1004.2,18.2,76.42818757765993,0.0,0.0,0.0,0.0,0.0,0.0,0.0,0.0,0.0,0.0,0.0,0.0
2026-09-28 06:00:00,22,27,2026-10-08 06:00:00,10 days 00:00:00,240,11.64,111.74,1005.3,25.4,120.17788574018716,0.0,0.0,0.0,0.0,0.0,0.0,0.0,0.0,0.0,0.0,0.0,0.0
2026-09-28 06:00:00,22,27,2026-10-08 12:00:00,10 days 06:00:00,246,11.86,112.51,1005.2,18.0,89.12128303447867,0.0,0.0,0.0,0.0,0.0,0.0,0.0,0.0,0.0,0.0,0.0,0.0
2026-09-28 06:00:00,22,27,2026-10-08 18:00:00,10 days 12:00:00,252,12.08,112.56,1002.3,22.3,75.06799224952432,0.0,0.0,0.0,0.0,0.0,0.0,0.0,0.0,0.0,0.0,0.0,0.0
2026-09-28 06:00:00,22,27,2026-10-09 00:00:00,10 days 18:00:00,258,12.27,112.82,1000.0,27.2,68.28025615197112,0.0,0.0,0.0,0.0,0.0,0.0,0.0,0.0,0.0,0.0,0.0,0.0
2026-09-28 06:00:00,22,27,2026-10-09 06:00:00,11 days 00:00:00,264,13.04,112.63,1003.7,26.6,96.83758925747496,0.0,0.0,0.0,0.0,0.0,0.0,0.0,0.0,0.0,0.0,0.0,0.0
2026-09-28 06:00:00,22,27,2026-10-09 12:00:00,11 days 06:00:00,270,13.32,112.3,998.3,29.9,123.040190918259,0.0,0.0,0.0,0.0,0.0,0.0,0.0,0.0,0.0,0.0,0.0,0.0
2026-09-28 06:00:00,22,27,2026-10-09 18:00:00,11 days 12:00:00,276,13.62,111.5,998.7,34.2,55.144756184626175,55.144756184626175,14.031680250786188,12.10837932647116,15.172414455245791,0.0,0.0,0.0,0.0,0.0,0.0,0.0,0.0
2026-09-28 06:00:00,22,27,2026-10-10 00:00:00,11 days 18:00:00,282,13.98,111.26,997.5,38.3,135.80015895720135,189.3449833005725,189.62751536784708,139.32061884462018,159.78870467476736,0.0,0.0,0.0,0.0,0.0,0.0,0.0,0.0
2026-09-28 06:00:00,22,27,2026-10-10 06:00:00,12 days 00:00:00,288,14.72,111.1,997.4,41.4,61.97403475107612,241.40883184032376,233.58271059143152,207.37698151952685,211.38905463243884,0.0,0.0,0.0,0.0,0.0,0.0,0.0,0.0
2026-09-28 06:00:00,22,27,2026-10-10 12:00:00,12 days 06:00:00,294,15.11,111.07,995.3,39.3,100.2680146701676,9.540541888651132,100.2680146701676,3.973422533779378,5.753252256271258,0.0,0.0,0.0,0.0,0.0,0.0,0.0,0.0
2026-09-28 06:00:00,22,27,2026-10-10 18:00:00,12 days 12:00:00,300,15.6,110.74,996.8,41.1,78.08460033119346,78.08460033119346,0.0,0.0,0.0,0.0,0.0,0.0,0.0,0.0,0.0,0.0,0.0
2026-09-28 06:00:00,22,27,2026-10-11 00:00:00,12 days 18:00:00,306,15.97,110.7,995.8,33.6,76.83173559872012,0.0,0.0,0.0,0.0,0.0,0.0,0.0,0.0,0.0,0.0,0.0,0.0
2026-09-28 06:00:00,22,27,2026-10-11 06:00:00,13 days 00:00:00,312,16.51,110.44,998.7,32.0,85.15236052259134,0.0,0.0,0.0,0.0,0.0,0.0,0.0,0.0,0.0,0.0,0.0,0.0
2026-09-28 06:00:00,22,27,2026-10-11 12:00:00,13 days 06:00:00,318,16.41,110.35,1001.0,30.8,102.46406421197152,0.0,0.0,0.0,0.0,0.0,0.0,0.0,0.0,0.0,0.0,0.0,0.0
2026-09-28 06:00:00,22,27,2026-10-11 18:00:00,13 days 12:00:00,324,16.31,110.26,996.8,29.7,62.71177326864445,0.0,0.0,0.0,0.0,0.0,0.0,0.0,0.0,0.0,0.0,0.0,0.0
2026-09-28 06:00:00,22,27,2026-10-12 00:00:00,13 days 18:00:00,330,16.31,110.3,997.8,32.3,122.16086462477108,0.0,0.0,0.0,0.0,0.0,0.0,0.0,0.0,0.0,0.0,0.0,0.0
2026-09-28 06:00:00,22,27,2026-10-12 06:00:00,14 days 00:00:00,336,16.15,110.23,998.6,33.9,53.31730714220652,0.0,0.0,0.0,0.0,0.0,0.0,0.0,0.0,0.0,0.0,0.0,0.0
2026-09-28 06:00:00,22,27,2026-10-12 12:00:00,14 days 06:00:00,342,15.88,110.31,999.1,31.6,40.19320680611606,0.0,0.0,0.0,0.0,0.0,0.0,0.0,0.0,0.0,0.0,0.0,0.0
2026-09-28 06:00:00,22,27,2026-10-12 18:00:00,14 days 12:00:00,348,16.1,110.4,1000.4,33.4,71.77019322249721,0.0,0.0,0.0,0.0,0.0,0.0,0.0,0.0,0.0,0.0,0.0,0.0
2026-09-28 06:00:00,22,27,2026-10-13 00:00:00,14 days 18:00:00,354,16.16,110.16,999.4,35.7,57.50361651358483,0.0,0.0,0.0,57.50361651358483,0.0,0.0,0.0,0.0,0.0,0.0,0.0,0.0
2026-09-28 06:00:00,22,27,2026-10-13 06:00:00,15 days 00:00:00,360,15.63,109.69,999.0,38.5,29.1713798667854,29.1713798667854,15.61134446846852,2.732668096489127,24.598394378297726,0.0,0.0,0.0,0.0,0.0,0.0,0.0,0.0
2026-09-28 06:00:00,3,27,2026-09-28 18:00:00,0 days 12:00:00,12,14.45,-135.21,1004.5,32.5,49.7959785571927,0.0,0.0,0.0,0.0,0.0,0.0,0.0,0.0,0.0,0.0,0.0,0.0
2026-09-28 06:00:00,3,27,2026-09-29 00:00:00,0 days 18:00:00,18,15.23,-134.66,1000.9,38.6,23.64494383100753,23.64494383100753,0.0,0.0,0.0,0.0,0.0,0.0,0.0,0.0,0.0,0.0,0.0
2026-09-28 06:00:00,3,27,2026-09-29 06:00:00,1 days 00:00:00,24,15.82,-133.72,995.7,46.5,22.55180186528025,44.02665711996515,34.36147073457795,12.921878494894642,26.849235915597312,0.0,0.0,0.0,0.0,0.0,0.0,0.0,0.0
2026-09-28 06:00:00,3,27,2026-09-29 12:00:00,1 days 06:00:00,30,16.42,-132.55,995.2,47.9,19.113910565877617,87.22020471811786,105.51350720004284,72.01437989751558,73.92590301604307,0.0,0.0,0.0,0.0,0.0,0.0,0.0,0.0
2026-09-28 06:00:00,3,27,2026-09-29 18:00:00,1 days 12:00:00,36,16.38,-131.53,999.6,44.9,40.898389964574,98.37365715741213,89.02153924263939,50.23943320421024,69.96409403674505,0.0,0.0,0.0,0.0,0.0,0.0,0.0,0.0
2026-09-28 06:00:00,3,27,2026-09-30 00:00:00,1 days 18:00:00,42,16.22,-130.75,999.9,34.0,70.87606667509652,0.0,70.87606667509652,5.984758876848268,2.679018516878564,0.0,0.0,0.0,0.0,0.0,0.0,0.0,0.0
2026-09-28 06:00:00,3,27,2026-09-30 06:00:00,2 days 00:00:00,48,16.02,-130.44,1001.5,31.0,40.97388838421087,0.0,0.0,0.0,0.0,0.0,0.0,0.0,0.0,0.0,0.0,0.0,0.0
2026-09-28 06:00:00,3,27,2026-09-30 12:00:00,2 days 06:00:00,54,16.49,-129.99,1007.3,25.5,54.24922235427943,0.0,0.0,0.0,0.0,0.0,0.0,0.0,0.0,0.0,0.0,0.0,0.0
2026-09-28 06:00:00,3,27,2026-09-30 18:00:00,2 days 12:00:00,60,16.83,-129.64,1003.8,27.3,45.74110186165783,0.0,0.0,0.0,0.0,0.0,0.0,0.0,0.0,0.0,0.0,0.0,0.0
2026-09-28 06:00:00,3,27,2026-10-01 00:00:00,2 days 18:00:00,66,17.19,-129.54,1006.2,24.8,76.46554711051854,0.0,0.0,0.0,0.0,0.0,0.0,0.0,0.0,0.0,0.0,0.0,0.0
2026-09-28 06:00:00,3,27,2026-10-01 06:00:00,3 days 00:00:00,72,17.32,-129.45,1006.3,18.7,97.85619210192868,0.0,0.0,0.0,0.0,0.0,0.0,0.0,0.0,0.0,0.0,0.0,0.0
2026-09-28 06:00:00,3,27,2026-10-01 12:00:00,3 days 06:00:00,78,17.35,-129.23,1007.7,24.6,100.9469875729884,0.0,0.0,0.0,0.0,0.0,0.0,0.0,0.0,0.0,0.0,0.0,0.0
2026-09-28 06:00:00,3,27,2026-10-01 18:00:00,3 days 12:00:00,84,17.59,-129.63,1004.3,23.8,92.76864742793197,0.0,0.0,0.0,0.0,0.0,0.0,0.0,0.0,0.0,0.0,0.0,0.0
2026-09-28 06:00:00,3,27,2026-10-02 00:00:00,3 days 18:00:00,90,17.54,-129.83,1009.4,25.6,126.10519799888738,0.0,0.0,0.0,0.0,0.0,0.0,0.0,0.0,0.0,0.0,0.0,0.0
2026-09-28 06:00:00,3,27,2026-10-02 06:00:00,4 days 00:00:00,96,17.18,-129.97,1004.7,26.8,150.731099051912,0.0,0.0,0.0,0.0,0.0,0.0,0.0,0.0,0.0,0.0,0.0,0.0
2026-09-28 06:00:00,3,27,2026-10-02 12:00:00,4 days 06:00:00,102,17.89,-130.46,1005.1,19.1,104.9274285966544,0.0,0.0,0.0,0.0,0.0,0.0,0.0,0.0,0.0,0.0,0.0,0.0
2026-09-28 06:00:00,3,27,2026-10-02 18:00:00,4 days 12:00:00,108,18.22,-130.71,1008.3,23.5,52.27124731339245,0.0,0.0,0.0,0.0,0.0,0.0,0.0,0.0,0.0,0.0,0.0,0.0
2026-09-28 06:00:00,4,27,2026-09-29 00:00:00,0 days 18:00:00,18,15.77,154.04,1009.7,19.6,60.19980649449265,0.0,0.0,0.0,0.0,0.0,0.0,0.0,0.0,0.0,0.0,0.0,0.0
2026-09-28 06:00:00,4,27,2026-09-29 06:00:00,1 days 00:00:00,24,15.8,153.58,1004.6,23.6,78.13920255808937,0.0,0.0,0.0,0.0,0.0,0.0,0.0,0.0,0.0,0.0,0.0,0.0
2026-09-28 06:00:00,4,27,2026-09-29 12:00:00,1 days 06:00:00,30,15.81,153.0,1004.3,25.1,97.17125258072048,0.0,0.0,0.0,0.0,0.0,0.0,0.0,0.0,0.0,0.0,0.0,0.0
2026-09-28 06:00:00,4,27,2026-09-29 18:00:00,1 days 12:00:00,36,15.74,152.36,1006.6,20.1,111.68182157527713,0.0,0.0,0.0,0.0,0.0,0.0,0.0,0.0,0.0,0.0,0.0,0.0
2026-09-28 06:00:00,4,27,2026-09-30 00:00:00,1 days 18:00:00,42,15.91,151.55,1003.6,25.9,134.12064241140223,0.0,0.0,0.0,0.0,0.0,0.0,0.0,0.0,0.0,0.0,0.0,0.0
2026-09-28 06:00:00,4,27,2026-09-30 06:00:00,2 days 00:00:00,48,16.33,150.74,998.3,35.9,44.143204885390425,2.470844547178018,44.143204885390425,3.2451050504342227,2.792965649024964,0.0,0.0,0.0,0.0,0.0,0.0,0.0,0.0
2026-09-28 06:00:00,4,27,2026-09-30 12:00:00,2 days 06:00:00,54,16.75,149.23,1000.1,35.6,79.14661967379959,110.43861865064896,89.24448040466729,60.12157767706226,92.51956797348632,0.0,0.0,0.0,0.0,0.0,0.0,0.0,0.0
2026-09-28 06:00:00,4,27,2026-09-30 18:00:00,2 days 12:00:00,60,16.91,148.36,996.5,44.5,65.66304678135748,221.80165402027976,191.2494008632675,164.42079666292557,194.08535501638835,0.0,0.0,0.0,0.0,0.0,0.0,0.0,0.0
2026-09-28 06:00:00,4,27,2026-10-01 00:00:00,2 days 18:00:00,66,17.32,147.06,990.1,61.5,57.88164300223214,107.63006324945825,98.30621079267992,77.51601010163012,85.78970770706422,57.88164300223214,1.2564237430155083,0.2679838918974022,2.525043484180111,0.0,0.0,0.0,0.0
2026-09-28 06:00:00,4,27,2026-10-01 06:00:00,3 days 00:00:00,72,17.57,145.78,974.9,75.9,46.91077593255175,298.7640254408287,263.0351589602976,193.3072878483817,249.88230203671924,121.98246194609064,105.61216557229255,78.59556116104281,93.5633795276231,46.91077593255175,4.58746681999883,2.671485463594045,5.42121598492877
2026-09-28 06:00:00,4,27,2026-10-01 12:00:00,3 days 06:00:00,78,17.97,144.89,963.8,87.6,23.73613715012806,249.7436638654923,217.68781984243049,187.63893685049675,215.25129221732757,127.27760482465806,115.37472888593844,93.84322473934508,111.12235229523031,56.513896162111166,51.59781487314561,42.12543054760332,48.66482939547967
2026-09-28 06:00:00,4,27,2026-10-01 18:00:00,3 days 12:00:00,84,18.63,144.07,958.8,93.4,12.40314143795328,302.2719881339365,243.644750165559,198.6354909575516,256.4457809130631,160.3273991014446,136.8687484662929,109.59061404096076,135.47194044040907,71.71168732678069,62.21188941905791,52.71670126630528,62.6622422280563
2026-09-28 06:00:00,4,27,2026-10-02 00:00:00,3 days 18:00:00,90,18.78,143.45,937.5,116.4,11.86188629494368,288.3456518052652,246.5840495714044,210.37767983284573,247.50174696374063,150.88607907327844,133.8468466098815,115.08146994921287,134.01241954510004,103.7834859041804,95.71343312301292,80.81277479743036,90.90449443982176
2026-09-28 06:00:00,4,27,2026-10-02 06:00:00,4 days 00:00:00,96,19.26,143.12,934.1,117.8,17.444737559447336,358.5491755980734,326.82826602951195,269.9287119935393,305.7724081872547,166.39204961088117,153.99302374677038,126.35016558865144,139.64244589789163,94.04052973534073,86.39620268722695,73.8466184737066,82.11478765939961
2026-09-28 06:00:00,4,27,2026-10-02 12:00:00,4 days 06:00:00,102,19.82,142.83,925.2,127.8,35.6795001930007,457.4295007272592,437.1553759843176,411.3891181237801,411.7421608303632,228.53645690057056,227.58942681417972,199.47539367853275,205.23356110036056,131.4544146803572,128.94771143610927,110.81353709677704,117.67917799892146
2026-09-28 06:00:00,4,27,2026-10-02 18:00:00,4 days 12:00:00,108,20.18,142.5,933.1,117.2,12.207192542663089,352.3784903587537,318.215350708554,273.8290515530924,305.9333857164673,165.3501373472769,165.85270600780407,135.28286198136152,142.98876699923215,90.25410284500605,84.68314110481391,72.14168132187999,77.94262645363987
2026-09-28 06:00:00,4,27,2026-10-03 00:00:00,4 days 18:00:00,114,20.57,142.4,916.4,141.7,20.156581610353413,348.12023568572255,336.3510356161127,281.3601717051886,294.5198957944919,169.65775625736552,162.79727224007456,137.19707253912395,145.49639938163023,99.6031825155696,92.01446202319532,77.13730233735498,86.60591666930354
2026-09-28 06:00:00,4,27,2026-10-03 06:00:00,5 days 00:00:00,120,20.92,142.38,908.9,146.4,33.696714970915124,238.0645779995723,261.2836424149164,279.7071939301418,246.03154282705995,17.662245217221972,33.696714970915124,17.078899453787002,16.22531792346519,17.662245217221972,33.696714970915124,17.078899453787002,16.22531792346519
2026-09-28 06:00:00,4,27,2026-10-03 12:00:00,5 days 06:00:00,126,20.82,142.42,911.6,135.2,26.403463329856265,329.0440408679235,351.58599269359775,359.56254810478845,315.65305620374966,145.86520652043964,163.38738399664032,149.68490873047756,129.0097708247485,78.31297301248802,79.54413492320464,72.90608182757342,71.61892980877826
2026-09-28 06:00:00,4,27,2026-10-03 18:00:00,5 days 12:00:00,132,21.23,142.55,924.3,122.3,52.86541647548261,437.00679382970975,450.8567912283927,374.10204008114783,364.56931133306887,201.27479648278063,209.18780850121672,175.35312518869543,175.56837210389975,106.90792223636792,108.94270894028868,89.13058456213268,94.40401588273494
2026-09-28 06:00:00,4,27,2026-10-04 00:00:00,5 days 18:00:00,138,21.5,142.73,914.5,141.1,55.739601570157205,431.6487654106026,469.8184174292865,422.18428910099385,395.18763793249946,240.22809792855517,263.22509404364587,231.78517037036195,221.27875832870808,164.80507258160534,170.6182679738792,147.11839719284092,145.66228396756316
2026-09-28 06:00:00,4,27,2026-10-04 06:00:00,6 days 00:00:00,144,22.62,142.75,920.1,127.4,40.48003092862915,364.9589277398189,368.38404858608783,329.26956121996466,320.0260862492488,100.85684467770386,113.85203388610748,90.39953063129435,91.4717505858002,60.90644626929935,58.78170279794506,49.571643601383,53.94950168413533
2026-09-28 06:00:00,4,27,2026-10-04 12:00:00,6 days 06:00:00,150,23.08,142.35,916.2,130.1,52.18528860450272,421.7919045109048,419.6801430256952,360.7939731854371,362.3318143115412,206.4802114673926,212.81691274685576,176.15562962260833,183.66336961822043,110.51416420508616,109.27534655138147,92.80720168877215,96.19447775805594
2026-09-28 06:00:00,4,27,2026-10-04 18:00:00,6 days 12:00:00,156,23.73,142.43,920.7,120.6,80.87934923128381,428.8570898583216,402.705523677031,330.6707637460242,359.9507195817533,169.54443210023655,169.80986458134177,131.574422441252,147.06259198115373,83.5432102157195,81.3486981117125,65.80889606404332,72.18719565758086
2026-09-28 06:00:00,4,27,2026-10-05 00:00:00,6 days 18:00:00,162,24.84,142.69,925.8,114.4,0.0,421.6963891835391,388.3129185216258,312.7837963486098,363.82012201165537,217.41393494335745,204.35804848798557,162.540251678378,179.94328747614472,102.9669178340038,98.12457105343424,79.87387119996964,88.86327984787596
2026-09-28 06:00:00,4,27,2026-10-05 06:00:00,7 days 00:00:00,168,26.31,142.67,934.5,113.3,20.975495060307487,391.1185694596985,411.14234632717097,369.0342875641448,329.6867553689063,120.7817970848559,132.6125269542219,103.91727348483828,99.58377210984231,32.76842942833577,32.35783742037984,26.18970834998469,27.8734308842697
2026-09-28 06:00:00,4,27,2026-10-05 12:00:00,7 days 06:00:00,174,27.53,142.93,934.4,107.9,35.01189394675766,383.93189372186873,429.14135061941175,369.6022860013374,310.6348246684031,144.9934508604154,160.58368473224564,126.11653748876736,119.31500707045122,32.055132743155106,35.01189394675766,26.284158896856603,26.28017995128668
2026-09-28 06:00:00,4,27,2026-10-05 18:00:00,7 days 12:00:00,180,28.77,143.11,938.5,103.0,57.66998711903959,497.1049496031503,518.7178670459389,409.9061193089578,403.2977672057606,217.46305761410605,230.13751809925617,183.62120304100665,180.7549855290652,77.5777490518075,77.01272546339533,62.23803193144021,66.34754825757861
2026-09-28 06:00:00,4,27,2026-10-06 00:00:00,7 days 18:00:00,186,30.18,143.75,940.2,100.0,25.825245855861752,419.9322844194387,454.116890083657,377.0005453388295,357.20806252929367,206.64450827498547,218.22082988994904,178.4451597061548,172.32441126782737,88.4196335919049,87.91992990408156,73.44181071492355,75.96855780037251
2026-09-28 06:00:00,4,27,2026-10-06 06:00:00,8 days 00:00:00,192,31.65,144.69,944.9,96.1,73.90932854021693,512.8545019595805,583.2256967276844,497.75025855722254,423.8563839095736,155.25079890093616,179.3094569623083,138.98320009978983,124.21370690040756,4.5814674865235565,73.90932854021693,5.429504273087984,1.5221782704951423
2026-09-28 06:00:00,4,27,2026-10-06 12:00:00,8 days 06:00:00,198,33.35,146.28,944.0,101.9,19.351398014587502,373.8063748070557,399.745408888435,351.8044218039811,324.5968118175733,199.98163410149996,215.14982404916947,179.15220986990488,172.6064382805027,96.50898063237192,96.25833950975444,81.69657529858503,82.60214430444395
2026-09-28 06:00:00,4,27,2026-10-06 18:00:00,8 days 12:00:00,204,35.4,148.3,956.1,83.9,78.86113821143124,267.35780104147443,339.69669380201185,268.9144719264977,203.1303421206708,26.949246672469545,78.86113821143124,28.25350433878822,15.56741718985296,0.0,78.86113821143124,0.0,0.0
2026-09-28 06:00:00,4,27,2026-10-07 00:00:00,8 days 18:00:00,210,37.79,150.96,974.7,59.4,91.63967332223548,299.1043334891001,377.3818367324566,290.41430505564495,222.9762349223165,106.60504291213148,120.39478375083128,94.61834884450218,80.50910792830473,0.0,0.0,0.0,0.0
2026-09-28 06:00:00,4,27,2026-10-07 06:00:00,9 days 00:00:00,216,40.09,153.92,975.9,55.0,141.4176106484747,155.0557734500976,229.5608413786408,172.74163670667713,99.95407894477398,12.13875702500536,141.4176106484747,17.9364070765659,6.837386519753324,0.0,0.0,0.0,0.0
2026-09-28 06:00:00,4,27,2026-10-07 12:00:00,9 days 06:00:00,222,41.78,156.87,980.3,37.8,152.98558871212197,67.48856730587133,152.98558871212197,85.66139778884627,29.022942249372264,0.0,0.0,0.0,0.0,0.0,0.0,0.0,0.0
2026-09-28 06:00:00,4,27,2026-10-07 18:00:00,9 days 12:00:00,228,43.92,160.42,979.8,45.3,104.25120444056888,51.25688483333096,104.25120444056888,26.95069045335046,13.851906593101774,0.0,0.0,0.0,0.0,0.0,0.0,0.0,0.0
2026-09-28 06:00:00,4,27,2026-10-08 00:00:00,9 days 18:00:00,234,45.98,164.76,986.0,49.5,32.49592833311863,0.0,32.49592833311863,0.0,0.0,0.0,0.0,0.0,0.0,0.0,0.0,0.0,0.0
2026-09-28 06:00:00,AL062026,27,2026-09-28 06:00:00,0 days 00:00:00,0,28.3,-43.8,1012.0,25.0,56.0,0.0,0.0,0.0,0.0,0.0,0.0,0.0,0.0,0.0,0.0,0.0,0.0
2026-09-28 06:00:00,AL062026,27,2026-09-28 12:00:00,0 days 06:00:00,6,27.53,-44.41,1010.0,27.9,62.03972555931645,0.0,0.0,0.0,0.0,0.0,0.0,0.0,0.0,0.0,0.0,0.0,0.0
2026-09-28 06:00:00,AL062026,27,2026-09-28 18:00:00,0 days 12:00:00,12,27.02,-44.72,1010.4,27.5,91.7367448513271,0.0,0.0,0.0,0.0,0.0,0.0,0.0,0.0,0.0,0.0,0.0,0.0
2026-09-28 06:00:00,AL062026,27,2026-09-29 00:00:00,0 days 18:00:00,18,26.57,-45.56,1011.3,30.4,35.58553120951459,0.0,0.0,0.0,0.0,0.0,0.0,0.0,0.0,0.0,0.0,0.0,0.0
2026-09-28 06:00:00,AL062026,27,2026-09-29 06:00:00,1 days 00:00:00,24,26.2,-46.25,1008.0,36.2,91.245302030971,91.245302030971,5.569591322634835,0.0,4.665934987278149,0.0,0.0,0.0,0.0,0.0,0.0,0.0,0.0
2026-09-28 06:00:00,AL062026,27,2026-09-29 12:00:00,1 days 06:00:00,30,24.82,-47.71,1012.3,30.9,125.36527624109576,0.0,0.0,0.0,0.0,0.0,0.0,0.0,0.0,0.0,0.0,0.0,0.0
2026-09-28 06:00:00,AL912026(2),27,2026-09-28 06:00:00,0 days 00:00:00,0,36.3,-53.1,1013.0,29.0,148.0,0.0,0.0,0.0,0.0,0.0,0.0,0.0,0.0,0.0,0.0,0.0,0.0
2026-09-28 06:00:00,AL912026(2),27,2026-09-28 12:00:00,0 days 06:00:00,6,36.48,-51.08,1003.7,48.4,36.263133549059205,16.897299099213058,36.263133549059205,11.22938520012383,4.903717128480196,0.0,0.0,0.0,0.0,0.0,0.0,0.0,0.0
2026-09-28 06:00:00,AL912026(2),27,2026-09-28 18:00:00,0 days 12:00:00,12,36.13,-49.4,1005.4,39.4,83.1334477591779,94.52071001823106,101.2990836621468,59.68131951947589,74.18205960337104,0.0,0.0,0.0,0.0,0.0,0.0,0.0,0.0
2026-09-28 06:00:00,EP152026(2),27,2026-09-28 06:00:00,0 days 00:00:00,0,16.4,-160.8,929.0,134.0,28.0,241.0,185.0,148.0,204.0,93.0,74.0,74.0,93.0,56.0,46.0,37.0,46.0
2026-09-28 06:00:00,EP152026(2),27,2026-09-28 12:00:00,0 days 06:00:00,6,16.81,-161.71,953.9,113.2,12.675227272290188,195.74709654888804,146.8724675708308,110.26359933928867,185.58287269243243,109.83664576238546,78.40514038346191,58.80338094533673,91.29985293524054,63.55364397950736,50.60714426489277,41.5154170573049,56.56287243471071
2026-09-28 06:00:00,EP152026(2),27,2026-09-28 18:00:00,0 days 12:00:00,12,17.68,-162.67,946.5,117.8,2.0041581143975886,165.33173741935923,125.94158203571833,94.13999213715424,129.9218821901486,73.40348138288789,52.59589927545004,33.123112711730215,60.04557888978253,37.46719368735136,29.85245420420864,21.354246559996863,32.102457997164
2026-09-28 06:00:00,EP152026(2),27,2026-09-29 00:00:00,0 days 18:00:00,18,18.63,-163.38,952.0,107.5,33.75218246484364,194.6184029255049,184.1162834329024,122.10465361554104,140.6307530611627,58.26281839609644,48.25368902490608,29.03936151600297,46.92495332687175,33.75218246484364,26.155658991690856,18.388392905592973,24.94486034866937
2026-09-28 06:00:00,EP152026(2),27,2026-09-29 06:00:00,1 days 00:00:00,24,19.73,-163.63,944.7,113.4,38.70516692630916,211.1101406248455,203.99308216281435,135.59563928724216,166.72254552256862,96.02685434622356,81.47579204237758,57.16121902518493,77.13580447154123,59.91728495938139,52.115883690629,41.556860084343406,51.68499917630412
2026-09-28 06:00:00,EP152026(2),27,2026-09-29 12:00:00,1 days 06:00:00,30,20.8,-164.06,965.4,94.6,0.0,258.5404502357052,197.66611628819567,148.6019505429336,217.9240825048377,109.46691064268929,89.5679960284854,65.32381496824733,86.60105752948846,47.35953623046848,39.71537361110388,31.72244627205747,42.600501342221065
2026-09-28 06:00:00,EP152026(2),27,2026-09-29 18:00:00,1 days 12:00:00,36,22.02,-163.58,962.8,92.5,26.566292290075268,136.9081373399845,136.27322800524428,70.50861438520894,101.7102834868832,33.63471840990002,20.541236651790182,8.000836600333127,25.26165030705586,26.566292290075268,6.517649490056034,3.7616838202542873,7.905981814329081
2026-09-28 06:00:00,EP152026(2),27,2026-09-30 00:00:00,1 days 18:00:00,42,23.0,-163.93,975.6,76.5,51.73899172554212,286.7044349037113,260.5926263050309,173.82869922326756,213.8739100451004,153.56253862786917,130.07328561126917,92.83432264169107,119.65159208274042,51.93134710381641,49.74034761662114,35.48109679130416,44.28504621936354
2026-09-28 06:00:00,EP152026(2),27,2026-09-30 06:00:00,2 days 00:00:00,48,23.33,-163.99,987.9,58.4,7.318047465699882,229.5333966161859,209.7474608233235,180.19792325872223,188.63126536317247,36.2162216451238,25.31641951419099,12.86710411068048,29.51859552056571,0.0,0.0,0.0,0.0
2026-09-28 06:00:00,EP152026(2),27,2026-09-30 12:00:00,2 days 06:00:00,54,23.27,-164.4,998.1,44.9,46.63069382076841,189.73598574279856,177.15687229923753,150.82510560392674,170.17213007930093,0.0,0.0,0.0,0.0,0.0,0.0,0.0,0.0
2026-09-28 06:00:00,EP152026(2),27,2026-09-30 18:00:00,2 days 12:00:00,60,22.88,-164.82,994.3,46.5,85.92900732505859,179.51025034094528,156.22714742987046,133.7821217513756,156.3540619840469,0.0,0.0,0.0,0.0,0.0,0.0,0.0,0.0
2026-09-28 06:00:00,EP152026(2),27,2026-10-01 00:00:00,2 days 18:00:00,66,22.71,-164.62,999.0,42.1,107.09445002972546,24.101440407380025,23.855860572759624,16.53175965167528,107.09445002972546,0.0,0.0,0.0,0.0,0.0,0.0,0.0,0.0
2026-09-28 06:00:00,EP152026(2),27,2026-10-01 06:00:00,3 days 00:00:00,72,23.66,-166.41,992.0,41.6,151.19330040281963,151.19330040281963,14.301123080895916,7.781721106280468,22.97854593322779,0.0,0.0,0.0,0.0,0.0,0.0,0.0,0.0
2026-09-28 06:00:00,EP152026(2),27,2026-10-01 12:00:00,3 days 06:00:00,78,23.15,-166.7,990.9,45.2,148.43245811101207,247.17522005319665,205.13507902369983,150.81100556120785,189.4819860192169,0.0,0.0,0.0,0.0,0.0,0.0,0.0,0.0
2026-09-28 06:00:00,EP152026(2),27,2026-10-01 18:00:00,3 days 12:00:00,84,23.28,-167.56,991.1,44.8,154.04377824608,450.8719299545777,407.1337272133108,330.37972716789227,385.5749856662421,0.0,0.0,0.0,0.0,0.0,0.0,0.0,0.0
2026-09-28 06:00:00,EP152026(2),27,2026-10-02 00:00:00,3 days 18:00:00,90,23.35,-168.26,990.7,41.9,107.63078800404,14.673925586031386,107.63078800404,20.128141506227763,13.552797634349425,0.0,0.0,0.0,0.0,0.0,0.0,0.0,0.0
2026-09-28 06:00:00,EP152026(2),27,2026-10-02 06:00:00,4 days 00:00:00,96,23.42,-169.04,989.2,43.5,96.8279277930699,96.8279277930699,77.60425889285808,56.25371103019968,83.41781895337903,0.0,0.0,0.0,0.0,0.0,0.0,0.0,0.0
2026-09-28 06:00:00,EP152026(2),27,2026-10-02 12:00:00,4 days 06:00:00,102,23.6,-169.38,989.1,46.8,113.66404472018276,142.1785943797616,124.07680841889427,108.96238812140056,127.691128190632,0.0,0.0,0.0,0.0,0.0,0.0,0.0,0.0
2026-09-28 06:00:00,EP152026(2),27,2026-10-02 18:00:00,4 days 12:00:00,108,23.65,-170.02,983.5,57.4,30.27724355496855,135.10182713685913,123.94694951757356,100.34503051155956,118.1232845516929,30.27724355496855,20.81816597962052,11.244419415826172,20.85729911013118,0.0,0.0,0.0,0.0
2026-09-28 06:00:00,EP152026(2),27,2026-10-03 00:00:00,4 days 18:00:00,114,23.9,-170.89,982.1,65.4,21.92993274061833,152.71913199671712,127.76130998568952,90.26695703066328,123.67349897734132,21.92993274061833,4.474874321275106,0.0,9.29634476561898,21.92993274061833,0.0,0.0,0.0990403392354029
2026-09-28 06:00:00,EP152026(2),27,2026-10-03 06:00:00,5 days 00:00:00,120,23.97,-171.94,978.4,67.8,21.75266729690116,193.77652412647,158.26308766421684,126.29528602957753,176.54524077212483,75.31386621469018,56.74007937621232,38.472606831878025,56.80867731662032,21.75266729690116,0.0,0.0,1.4765276075878242
2026-09-28 06:00:00,EP152026(2),27,2026-10-03 12:00:00,5 days 06:00:00,126,24.06,-173.7,977.1,77.1,52.44559821933109,302.73870859491404,264.31887694310353,207.3388204286091,247.90680205498543,68.11956580510707,50.828860871567976,33.57213088148022,47.41395961831301,52.44559821933109,0.0,0.0,0.7331226725116862
2026-09-28 06:00:00,EP152026(2),27,2026-10-03 18:00:00,5 days 12:00:00,132,24.38,-175.56,969.9,80.0,14.029930080820389,248.913626764356,208.50677195992685,147.0125685373923,205.5631153991368,88.59893596120625,64.65275181271029,41.68491294401949,67.26994434641244,14.029930080820389,3.8232313215626577,0.4567678315324447,7.166137677292155
2026-09-28 06:00:00,EP152026(2),27,2026-10-04 00:00:00,5 days 18:00:00,138,24.76,-177.35,966.5,89.6,0.0,215.66370147063168,166.9497876294809,123.10342411756484,174.3903648923099,36.41403309508227,21.621666531823127,13.305717862992104,33.48227794772234,10.034764625389291,7.9037373954305234,4.280508075868637,11.667107963226528
2026-09-28 06:00:00,EP152026(2),27,2026-10-04 06:00:00,6 days 00:00:00,144,24.84,-178.59,971.1,87.3,39.91001941565481,261.9552350398508,228.9216556630058,178.0845620509121,230.11480599323096,39.91001941565481,14.989865447402204,4.773713760921874,39.91001941565481,0.0,0.0,0.0,39.91001941565481
2026-09-28 06:00:00,EP152026(2),27,2026-10-04 12:00:00,6 days 06:00:00,150,25.38,179.91,978.4,72.1,45.250241758918335,313.7670427941092,274.18576849607683,191.9986755769021,268.4905505634375,153.93624060965843,130.04740098431915,97.8366558737994,121.77204544305312,45.250241758918335,27.104131228362448,20.238768279300388,26.270848413656807
2026-09-28 06:00:00,EP152026(2),27,2026-10-04 18:00:00,6 days 12:00:00,156,25.83,179.06,978.0,70.0,45.308154602552605,209.58956108551405,187.45239375178815,125.33183866378144,151.73865650284336,62.04789412105718,44.70150675310563,22.05364259868349,41.21576602853773,45.308154602552605,1.3724870591160028,0.0,0.4716765427793798
2026-09-28 06:00:00,EP152026(2),27,2026-10-05 00:00:00,6 days 18:00:00,162,26.36,178.49,977.3,64.8,25.938263338770952,237.06142966608093,193.03409344030771,148.56098218625493,203.47080372976237,94.6761176946004,69.38460404928247,43.91389972311399,70.89386342728545,25.938263338770952,4.283803267627292,1.4045073746176335,6.910049069314226
2026-09-28 06:00:00,EP152026(2),27,2026-10-05 06:00:00,7 days 00:00:00,168,26.61,177.51,978.7,74.7,18.082741457874047,211.7634092715061,178.30920992750816,125.5406848440029,168.33370684655816,18.082741457874047,0.0,0.0,18.082741457874047,18.082741457874047,0.0,0.0,0.3781192769815353
2026-09-28 06:00:00,EP152026(2),27,2026-10-05 12:00:00,7 days 06:00:00,174,26.9,176.38,987.2,57.6,66.13185950532754,141.09617214946354,112.79724273906592,70.89659141698777,105.2578445353189,66.13185950532754,0.0,0.0,3.154038252044108,0.0,0.0,0.0,0.0
2026-09-28 06:00:00,EP152026(2),27,2026-10-05 18:00:00,7 days 12:00:00,180,27.17,175.26,981.6,61.4,46.43343913516554,275.90459599143264,237.84831168512096,188.9062761776945,251.34785408356788,68.34421330780165,48.92891462934424,31.851767927292173,48.98649579651567,0.0,0.0,0.0,0.0
2026-09-28 06:00:00,EP152026(2),27,2026-10-06 00:00:00,7 days 18:00:00,186,26.44,174.1,989.8,54.4,17.543462882620737,251.8519845039394,217.69658694601063,196.73163642163632,236.2915754291539,41.240466769013786,27.31752636239922,18.762704763431785,28.55123254043577,0.0,0.0,0.0,0.0
2026-09-28 06:00:00,EP152026(2),27,2026-10-06 06:00:00,8 days 00:00:00,192,25.95,172.4,980.2,72.4,70.53026783882342,301.99375686439,265.26652956402233,227.45770133133584,269.23678873231984,70.53026783882342,0.6439949415078594,0.6555044354225128,6.103169966094765,70.53026783882342,0.0,0.0,0.0
2026-09-28 06:00:00,EP152026(2),27,2026-10-06 12:00:00,8 days 06:00:00,198,25.89,171.02,990.2,50.6,44.39993908924666,194.45916748685968,153.4065061412999,136.31448640490382,165.22872198448306,44.39993908924666,0.0,0.0,0.0,0.0,0.0,0.0,0.0
2026-09-28 06:00:00,EP152026(2),27,2026-10-06 18:00:00,8 days 12:00:00,204,25.84,168.82,999.6,45.3,92.42590496604768,172.70238403385343,131.4535054040224,94.29378332645814,146.06119281703417,0.0,0.0,0.0,0.0,0.0,0.0,0.0,0.0
2026-09-28 06:00:00,EP152026(2),27,2026-10-07 00:00:00,8 days 18:00:00,210,25.98,166.67,1001.5,38.4,120.9641289899384,120.9641289899384,7.233697963302006,0.0,24.21728585447221,0.0,0.0,0.0,0.0,0.0,0.0,0.0,0.0
2026-09-28 06:00:00,EP152026(2),27,2026-10-07 06:00:00,9 days 00:00:00,216,26.17,164.92,1003.6,30.8,118.12665943506,0.0,0.0,0.0,0.0,0.0,0.0,0.0,0.0,0.0,0.0,0.0,0.0
2026-09-28 06:00:00,EP152026(2),27,2026-10-07 12:00:00,9 days 06:00:00,222,26.79,162.97,1004.7,25.8,93.9804289196875,0.0,0.0,0.0,0.0,0.0,0.0,0.0,0.0,0.0,0.0,0.0,0.0
2026-09-28 06:00:00,EP152026(2),27,2026-10-07 18:00:00,9 days 12:00:00,228,27.31,162.03,1007.4,22.9,64.32083368979463,0.0,0.0,0.0,0.0,0.0,0.0,0.0,0.0,0.0,0.0,0.0,0.0
2026-09-28 06:00:00,EP152026(2),27,2026-10-08 00:00:00,9 days 18:00:00,234,27.09,161.31,1008.7,20.9,59.930521463259325,0.0,0.0,0.0,0.0,0.0,0.0,0.0,0.0,0.0,0.0,0.0,0.0
2026-09-28 06:00:00,EP152026(2),27,2026-10-08 06:00:00,10 days 00:00:00,240,27.49,160.34,1010.8,21.5,107.6256696969358,0.0,0.0,0.0,0.0,0.0,0.0,0.0,0.0,0.0,0.0,0.0,0.0
2026-09-28 06:00:00,EP172026,27,2026-09-28 06:00:00,0 days 00:00:00,0,23.2,-114.0,955.0,105.0,28.0,167.0,148.0,148.0,148.0,102.0,93.0,83.0,83.0,65.0,65.0,65.0,65.0
2026-09-28 06:00:00,EP172026,27,2026-09-28 12:00:00,0 days 06:00:00,6,24.09,-113.87,967.3,87.7,11.5971896700416,149.84955606529627,185.33715774858047,131.5839569255509,110.80249619547068,76.98893638183841,72.64872074127328,51.63512652344319,60.52531810837076,39.14346296790493,35.8546590389884,27.10837537631145,31.212797999879264
2026-09-28 06:00:00,EP172026,27,2026-09-28 18:00:00,0 days 12:00:00,12,24.7,-113.67,964.2,99.9,0.0,121.01898767449129,151.97990010941948,94.49687993263804,73.01012644504787,0.8666243191871388,3.866607121992809,0.0,0.0,0.0,0.1961219128818907,0.0,0.0
2026-09-28 06:00:00,EP172026,27,2026-09-29 00:00:00,0 days 18:00:00,18,25.44,-113.29,961.7,84.2,0.0,85.4658352536041,120.31827028207186,93.65156667105929,58.24266869144444,11.183320384836552,15.446863770849523,5.305954803049105,8.296594324291021,0.0,0.0,0.0,0.0
2026-09-28 06:00:00,EP172026,27,2026-09-29 06:00:00,1 days 00:00:00,24,26.15,-112.24,983.0,67.3,0.0,129.76063697453526,153.3080276768369,107.1548295560229,94.37801823634584,41.860149301201176,38.9470618546197,23.180022523476744,27.263192131835147,14.613789971356752,12.693660290803829,9.378597450855418,9.630055769248976
2026-09-28 06:00:00,EP172026,27,2026-09-29 12:00:00,1 days 06:00:00,30,27.25,-111.27,990.6,61.8,48.29655413248842,173.73900611843885,203.89984624099984,133.01715269277585,138.06502459912394,88.83043862557386,81.62117742252221,57.75405993820652,64.92864009080066,0.0,0.0,0.0,0.0
2026-09-28 06:00:00,EP172026,27,2026-09-29 18:00:00,1 days 12:00:00,36,29.23,-110.13,994.6,40.4,19.379060077613843,21.815050650104883,23.86060645313936,2.778544690257437,6.979526871350032,0.0,0.0,0.0,0.0,0.0,0.0,0.0,0.0
2026-09-28 06:00:00,EP182026,27,2026-09-28 06:00:00,0 days 00:00:00,0,13.2,-100.0,1001.0,41.0,93.0,222.0,185.0,148.0,222.0,0.0,0.0,0.0,0.0,0.0,0.0,0.0,0.0
2026-09-28 06:00:00,EP182026,27,2026-09-28 12:00:00,0 days 06:00:00,6,13.36,-100.58,997.2,53.8,56.175503749547374,158.5533989530301,148.59210415488076,101.19494799891388,121.369418913218,0.0,0.0,0.0,56.175503749547374,0.0,0.0,0.0,0.0
2026-09-28 06:00:00,EP182026,27,2026-09-28 18:00:00,0 days 12:00:00,12,13.71,-101.63,995.7,55.1,38.84541215519359,129.03205630209783,112.25150213721724,93.29126354510976,117.60106887381396,38.84541215519359,3.957852237342926,1.7256619921469842,3.88131151387771,0.0,0.0,0.0,0.0
2026-09-28 06:00:00,EP182026,27,2026-09-29 00:00:00,0 days 18:00:00,18,14.33,-102.56,998.5,46.2,64.44483899736251,174.5752664506559,150.65189974234607,110.18986077542904,140.0782231649446,0.0,0.0,0.0,0.0,0.0,0.0,0.0,0.0
2026-09-28 06:00:00,EP182026,27,2026-09-29 06:00:00,1 days 00:00:00,24,14.92,-103.77,994.2,54.8,32.364629039628625,121.08638775436476,93.10415576794183,70.6958713941176,98.37344607267886,32.364629039628625,12.20630897667798,7.044070769792267,12.04212831371762,0.0,0.0,0.0,0.0
2026-09-28 06:00:00,EP182026,27,2026-09-29 12:00:00,1 days 06:00:00,30,15.47,-104.54,989.0,59.2,42.91696279429131,185.39194597479556,142.47570712041733,98.83627145914744,151.26370953211472,68.92251144417553,51.91195383739581,33.71793372040449,51.19331807872323,0.0,0.0,0.0,0.0
2026-09-28 06:00:00,EP182026,27,2026-09-29 18:00:00,1 days 12:00:00,36,15.73,-105.31,986.8,61.4,45.49419532284392,173.1660219300705,129.32816854261404,91.39443215449836,148.77177971964946,68.13937574913419,48.929874442685104,28.99036785996853,48.5595890959887,0.0,0.0,0.0,0.0
2026-09-28 06:00:00,EP182026,27,2026-09-30 00:00:00,1 days 18:00:00,42,16.61,-106.18,981.8,67.0,32.61909307690576,175.02939931980455,155.25040780401653,116.56773840792866,138.60787901416444,83.36563921225874,67.94031319526128,46.20625621365565,61.24704738884468,32.61909307690576,0.0,0.0,0.6746131518682068
2026-09-28 06:00:00,EP182026,27,2026-09-30 06:00:00,2 days 00:00:00,48,17.07,-106.46,972.4,79.1,10.888233392774035,160.39217623754524,141.07566138605742,108.45581997119456,129.84117396688873,84.25210554570192,75.75878022498223,56.38189201074285,69.33747286273419,35.12342120057354,31.81883938312196,24.63647391129637,29.32552044435815
2026-09-28 06:00:00,EP182026,27,2026-09-30 12:00:00,2 days 06:00:00,54,17.55,-107.23,974.2,76.7,18.36223535168188,174.49428071610814,178.22912530701925,133.58108983160196,135.25733819044103,94.37088385422342,82.81704550624634,59.82872801431304,77.42859945356163,34.934435313525704,32.0299172697094,23.71726631057901,28.45255142203003
2026-09-28 06:00:00,EP182026,27,2026-09-30 18:00:00,2 days 12:00:00,60,18.04,-107.56,970.8,82.1,44.50044547172786,211.8872235250577,201.96682672359063,145.7754105127856,169.5554159873994,100.76323579818248,89.71010152726544,63.67575727476381,80.21547994583419,44.75519887074597,40.46394659900023,32.10964771701356,36.90072084481047
2026-09-28 06:00:00,EP182026,27,2026-10-01 00:00:00,2 days 18:00:00,66,18.53,-107.66,950.1,117.8,12.14041862462902,172.59497794290485,152.5283996060989,115.55985094074347,132.48955442000064,47.667548884458384,42.05192659794032,34.940273981464365,43.0219033733932,47.48084873906524,42.05192659794032,34.940273981464365,43.0219033733932
2026-09-28 06:00:00,EP182026,27,2026-10-01 06:00:00,3 days 00:00:00,72,18.64,-107.96,950.6,111.5,29.42904710398807,180.3063828838617,167.89719042733154,149.98239184088845,170.29724867694554,78.06335597690426,63.64638826961836,45.99947365479744,66.13156642715045,42.99482172796791,36.39536661672414,28.413386958324782,36.311320783344485
2026-09-28 06:00:00,EP182026,27,2026-10-01 12:00:00,3 days 06:00:00,78,18.58,-108.55,943.9,112.8,21.828728815697804,217.57730663156684,193.7314584178328,174.5694449961071,186.74982893699047,80.25730279285948,68.5840166253686,56.28113182502106,70.58738720920178,66.12452516723522,58.23893271527039,51.84350336691959,58.7397569949951
2026-09-28 06:00:00,EP182026,27,2026-10-01 18:00:00,3 days 12:00:00,84,18.27,-108.39,961.0,88.0,43.43978665456261,254.3239741523078,202.22190743447783,189.8767184016432,250.35204315811396,124.77314109111605,108.57147842464371,97.8005043328404,112.73633195380168,85.7124390084647,81.56933351955685,69.881314605996,77.53874281451516
2026-09-28 06:00:00,EP182026,27,2026-10-02 00:00:00,3 days 18:00:00,90,18.37,-108.42,965.7,88.8,76.23053579729532,208.8340698389193,213.6842587677244,176.5434277824898,192.2932888930192,92.27153928833962,91.4754884282636,76.82608311411194,84.22075717610217,76.23053579729532,66.29706332656568,56.23106429167434,60.56413839440843
2026-09-28 06:00:00,EP182026,27,2026-10-02 06:00:00,4 days 00:00:00,96,18.38,-108.36,974.3,77.8,57.454427858211886,215.8842664018261,232.53600829290085,194.1505690911689,200.86857375261943,116.50028973872011,110.09982599107964,92.2586642885696,100.0799428922769,65.54742217983255,63.27456612345284,53.87550353291861,56.65058620246431
2026-09-28 06:00:00,EP182026,27,2026-10-02 12:00:00,4 days 06:00:00,102,18.72,-108.08,973.3,81.7,54.87564279215755,164.28169092075075,195.69433086899005,172.57318070179736,148.2939685899487,85.60759975972508,88.01221037140908,75.97059380932461,78.24407065485991,71.02701948125306,67.91520677924791,57.25275360023673,59.59493499234185
2026-09-28 06:00:00,EP182026,27,2026-10-02 18:00:00,4 days 12:00:00,108,18.99,-108.23,971.7,78.3,31.71184329450646,203.0285617854041,190.39892399726668,135.89541493828543,167.08995129192658,100.18253154473044,88.51307954150836,63.450759548144106,78.99572714086628,35.2432040104837,32.461694797920224,24.26737305697475,28.274950315689487
2026-09-28 06:00:00,EP182026,27,2026-10-03 00:00:00,4 days 18:00:00,114,19.16,-108.33,978.1,68.8,29.227544977512167,170.6847063063806,164.3529694287845,138.54332044816613,150.49337825266457,64.7211114530469,60.24719780115187,42.79062999303453,49.08506088901542,29.227544977512167,7.31369745604211,4.405613637952855,5.124948965200109
2026-09-28 06:00:00,EP182026,27,2026-10-03 06:00:00,5 days 00:00:00,120,19.6,-108.47,974.3,76.1,19.37787089932901,190.90514610862976,183.69423103768415,134.12033582100446,157.0509678494532,91.40491822504664,80.66215597824947,59.04139611085124,74.25817209078065,32.87671107438711,30.25179329995455,23.01943959148332,26.31103783929491
2026-09-28 06:00:00,EP182026,27,2026-10-03 12:00:00,5 days 06:00:00,126,20.06,-108.77,971.7,77.4,42.73626456046705,204.4223309360742,196.181276328524,142.65751864755725,178.50071510290132,88.71270918250909,76.29241139988257,55.70240120416474,73.76650201745925,42.73626456046705,33.74458062808274,26.31897030662085,31.957571230361168
2026-09-28 06:00:00,EP182026,27,2026-10-03 18:00:00,5 days 12:00:00,132,20.29,-108.7,977.5,78.0,43.86046304041616,159.41815232565588,161.59181246936618,131.1949046276116,136.9205874382555,43.86046304041616,23.612022364189645,14.15293311568551,23.892387225421576,43.86046304041616,18.16166032878553,14.15293311568551,15.43511392723942
2026-09-28 06:00:00,EP182026,27,2026-10-04 00:00:00,5 days 18:00:00,138,20.79,-109.15,974.5,74.5,55.32924207810214,185.0083145131362,174.0491047042076,128.80133601906127,158.32732612629067,82.39623005319675,72.0553896269175,53.381279639614775,70.45623281496447,55.32924207810214,39.16404277843053,30.72672878978656,35.823893101104744
2026-09-28 06:00:00,EP182026,27,2026-10-04 06:00:00,6 days 00:00:00,144,20.99,-109.44,982.0,79.5,58.10514259251222,255.19423195975807,218.74945167023043,174.853426091041,223.13835627771385,125.56699011965452,109.10373890990124,85.0290269427324,105.44769246782036,74.86652107007022,70.09860849814847,55.99651021663773,63.69365389817139
2026-09-28 06:00:00,EP182026,27,2026-10-04 12:00:00,6 days 06:00:00,150,21.18,-109.64,979.4,71.4,38.44516237366971,195.2021231551098,162.51493266027077,109.9642493693633,163.0801774010846,117.40663667559366,92.13658392487474,67.81985081453448,99.47362405165292,58.65552335250944,53.77017196223473,41.23909713294829,50.32768743270174
2026-09-28 06:00:00,EP182026,27,2026-10-04 18:00:00,6 days 12:00:00,156,21.52,-110.49,983.4,71.7,39.27945587129846,188.47676593940216,148.4992758578382,100.47450269750485,149.23173680593692,82.97409407857916,63.81791189875475,43.59562665429426,67.93999742444272,39.27945587129846,23.53625426534551,16.00107371031408,23.57342442016706
2026-09-28 06:00:00,EP182026,27,2026-10-05 00:00:00,6 days 18:00:00,162,21.92,-111.08,984.4,63.6,29.015376349451586,193.40327283273973,161.2111143332134,114.20607748282256,153.99487639283444,84.07809183521226,61.60302179908992,40.44197401211784,66.69436483716852,0.0,0.0,0.0,0.0
2026-09-28 06:00:00,EP182026,27,2026-10-05 06:00:00,7 days 00:00:00,168,21.91,-112.08,988.6,53.6,44.74874892204454,180.4046286905695,146.67353893722068,107.08762976418168,143.2329251619259,44.74874892204454,12.5270463972262,5.87033266140808,14.942445298942246,0.0,0.0,0.0,0.0
2026-09-28 06:00:00,EP182026,27,2026-10-05 12:00:00,7 days 06:00:00,174,22.02,-113.19,988.0,52.1,30.28760455471488,156.45716093752517,119.38415201335776,106.2053069056306,150.77816809468754,45.58054713480941,29.1597716428898,17.810177100969728,30.42009298882365,0.0,0.0,0.0,0.0
2026-09-28 06:00:00,EP182026,27,2026-10-05 18:00:00,7 days 12:00:00,180,21.94,-114.25,999.4,48.3,73.92934972918096,151.4970903259166,127.6722124385343,102.78245725758136,131.29429009855,0.0,0.0,0.0,0.0,0.0,0.0,0.0,0.0
2026-09-28 06:00:00,EP182026,27,2026-10-06 00:00:00,7 days 18:00:00,186,21.91,-115.1,996.9,40.8,44.89649319362324,115.69102493419857,90.09618572081382,77.21442553600727,106.94753260434072,0.0,0.0,0.0,0.0,0.0,0.0,0.0,0.0
2026-09-28 06:00:00,EP182026,27,2026-10-06 06:00:00,8 days 00:00:00,192,21.53,-116.35,1001.3,42.0,84.10706436506877,97.0463978774456,77.89622746505799,50.59527102746057,77.72999064211561,0.0,0.0,0.0,0.0,0.0,0.0,0.0,0.0
2026-09-28 06:00:00,EP182026,27,2026-10-06 12:00:00,8 days 06:00:00,198,21.38,-117.07,995.5,43.3,54.96229935367057,24.50920378478719,14.325125520343263,28.44027592069547,54.96229935367057,0.0,0.0,0.0,0.0,0.0,0.0,0.0,0.0
2026-09-28 06:00:00,EP182026,27,2026-10-06 18:00:00,8 days 12:00:00,204,21.07,-117.99,998.7,46.6,58.459593051616,58.459593051616,41.94236553960047,27.30481673083862,39.84587381942207,0.0,0.0,0.0,0.0,0.0,0.0,0.0,0.0
2026-09-28 06:00:00,EP182026,27,2026-10-07 00:00:00,8 days 18:00:00,210,20.81,-118.58,998.9,41.7,70.82476147916746,34.05087903419485,34.16167592889816,70.82476147916746,33.34142160710518,0.0,0.0,0.0,0.0,0.0,0.0,0.0,0.0
2026-09-28 06:00:00,EP182026,27,2026-10-07 06:00:00,9 days 00:00:00,216,21.07,-119.11,999.5,33.9,104.53671316470115,0.0,0.0,0.0,0.0,0.0,0.0,0.0,0.0,0.0,0.0,0.0,0.0
2026-09-28 06:00:00,EP182026,27,2026-10-07 12:00:00,9 days 06:00:00,222,20.76,-119.7,1003.0,30.3,113.19801120439752,0.0,0.0,0.0,0.0,0.0,0.0,0.0,0.0,0.0,0.0,0.0,0.0
2026-09-28 06:00:00,EP182026,27,2026-10-07 18:00:00,9 days 12:00:00,228,20.56,-121.29,1002.5,31.2,57.45781865103912,0.0,0.0,0.0,0.0,0.0,0.0,0.0,0.0,0.0,0.0,0.0,0.0
2026-09-28 06:00:00,EP182026,27,2026-10-08 00:00:00,9 days 18:00:00,234,20.38,-122.85,1004.3,29.9,67.17856018687127,0.0,0.0,0.0,0.0,0.0,0.0,0.0,0.0,0.0,0.0,0.0,0.0
2026-09-28 06:00:00,EP182026,27,2026-10-08 06:00:00,10 days 00:00:00,240,20.26,-124.3,1007.2,26.6,103.82291168148498,0.0,0.0,0.0,0.0,0.0,0.0,0.0,0.0,0.0,0.0,0.0,0.0
2026-09-28 06:00:00,EP182026,27,2026-10-08 12:00:00,10 days 06:00:00,246,20.27,-125.4,1005.7,26.5,68.00316302997552,0.0,0.0,0.0,0.0,0.0,0.0,0.0,0.0,0.0,0.0,0.0,0.0
2026-09-28 06:00:00,EP182026,27,2026-10-08 18:00:00,10 days 12:00:00,252,19.75,-126.94,1007.6,25.5,77.11697790999992,0.0,0.0,0.0,0.0,0.0,0.0,0.0,0.0,0.0,0.0,0.0,0.0
2026-09-28 06:00:00,EP182026,27,2026-10-09 00:00:00,10 days 18:00:00,258,19.46,-128.03,1004.7,26.0,76.57201688009354,0.0,0.0,0.0,0.0,0.0,0.0,0.0,0.0,0.0,0.0,0.0,0.0
2026-09-28 06:00:00,EP912026(3),27,2026-09-28 06:00:00,0 days 00:00:00,0,12.7,-136.6,1005.0,29.0,93.0,0.0,0.0,0.0,0.0,0.0,0.0,0.0,0.0,0.0,0.0,0.0,0.0
2026-09-28 06:00:00,WP252026,27,2026-09-28 06:00:00,0 days 00:00:00,0,27.5,131.6,954.0,99.0,9.0,148.0,158.0,148.0,121.0,,,,,,,,
2026-09-28 06:00:00,WP252026,27,2026-09-28 12:00:00,0 days 06:00:00,6,27.8,132.38,978.0,68.9,19.49499898815384,167.37257791969375,190.55962015618604,135.1354409196917,122.05288569227496,99.33270485695732,102.4592907353046,80.46954903914451,85.11485895737053,49.52560971211207,46.9299451304357,38.07807652585228,40.675542045917496
2026-09-28 06:00:00,WP252026,27,2026-09-28 18:00:00,0 days 12:00:00,12,28.15,133.11,996.5,46.4,22.21637713612023,94.50134058186296,127.44888496231395,95.96893404721982,80.40008518653127,0.0,0.0,0.0,0.0,0.0,0.0,0.0,0.0
2026-09-28 06:00:00,WP252026,27,2026-09-29 00:00:00,0 days 18:00:00,18,28.73,134.02,997.0,39.8,36.25307812743282,36.25307812743282,0.0,0.0,0.0,0.0,0.0,0.0,0.0,0.0,0.0,0.0,0.0
2026-09-28 06:00:00,WP252026,27,2026-09-29 06:00:00,1 days 00:00:00,24,29.37,135.1,1002.2,31.7,31.667645292899632,0.0,0.0,0.0,0.0,0.0,0.0,0.0,0.0,0.0,0.0,0.0,0.0
2026-09-28 06:00:00,WP252026,27,2026-09-29 12:00:00,1 days 06:00:00,30,29.82,136.53,998.8,35.3,87.72267579917677,0.0,87.72267579917677,0.0,0.0,0.0,0.0,0.0,0.0,0.0,0.0,0.0,0.0
2026-09-28 06:00:00,WP252026,27,2026-09-29 18:00:00,1 days 12:00:00,36,30.73,137.89,999.2,32.9,74.907095818823,0.0,0.0,0.0,0.0,0.0,0.0,0.0,0.0,0.0,0.0,0.0,0.0
2026-09-28 06:00:00,WP252026,27,2026-09-30 00:00:00,1 days 18:00:00,42,31.4,139.38,999.4,39.1,119.93917369346096,65.77165667612564,119.93917369346096,35.877340236403995,47.6023832049862,0.0,0.0,0.0,0.0,0.0,0.0,0.0,0.0
2026-09-28 06:00:00,WP252026,27,2026-09-30 06:00:00,2 days 00:00:00,48,32.57,140.87,1002.9,32.2,23.268815834967967,0.0,0.0,0.0,0.0,0.0,0.0,0.0,0.0,0.0,0.0,0.0,0.0
2026-09-28 06:00:00,WP252026,27,2026-09-30 12:00:00,2 days 06:00:00,54,33.03,142.59,993.4,46.1,21.865758406864984,80.58021643131701,72.12754059304939,28.77010763868941,51.34826633467139,0.0,0.0,0.0,0.0,0.0,0.0,0.0,0.0
2026-09-28 06:00:00,WP252026,27,2026-09-30 18:00:00,2 days 12:00:00,60,33.91,143.46,998.7,40.2,35.11732465738799,1.6714886841706296,35.11732465738799,0.0,0.0,0.0,0.0,0.0,0.0,0.0,0.0,0.0,0.0
2026-09-28 06:00:00,WP252026,27,2026-10-01 00:00:00,2 days 18:00:00,66,35.32,144.57,1000.9,34.4,126.81726975677304,2.6008537576196677,126.81726975677304,0.0,0.0,0.0,0.0,0.0,0.0,0.0,0.0,0.0,0.0
2026-09-28 06:00:00,WP252026,27,2026-10-01 06:00:00,3 days 00:00:00,72,36.64,146.22,998.3,36.3,114.95504944513942,13.823339042106468,114.95504944513942,13.450453338022882,9.5845838502061,0.0,0.0,0.0,0.0,0.0,0.0,0.0,0.0
2026-09-28 06:00:00,WP252026,27,2026-10-01 12:00:00,3 days 06:00:00,78,39.12,149.1,993.9,33.5,128.34635919554194,0.0,0.0,0.0,0.0,0.0,0.0,0.0,0.0,0.0,0.0,0.0,0.0
2026-09-28 06:00:00,WP252026,27,2026-10-01 18:00:00,3 days 12:00:00,84,41.72,153.65,994.0,31.5,121.63141424358857,0.0,0.0,0.0,0.0,0.0,0.0,0.0,0.0,0.0,0.0,0.0,0.0
2026-09-28 06:00:00,WP252026,27,2026-10-02 00:00:00,3 days 18:00:00,90,44.01,159.29,994.9,30.0,128.4483067472326,0.0,0.0,0.0,0.0,0.0,0.0,0.0,0.0,0.0,0.0,0.0,0.0
2026-09-28 06:00:00,WP252026,27,2026-10-02 06:00:00,4 days 00:00:00,96,46.38,161.45,990.4,36.1,149.48771079332698,0.0,2.9207393501958165,149.48771079332698,2.592418005341301,0.0,0.0,0.0,0.0,0.0,0.0,0.0,0.0
2026-09-28 06:00:00,WP922026(4),27,2026-09-28 06:00:00,0 days 00:00:00,0,16.4,97.6,1001.0,29.0,64.0,0.0,0.0,0.0,0.0,0.0,0.0,0.0,0.0,0.0,0.0,0.0,0.0
2026-09-28 06:00:00,WP922026(4),27,2026-09-28 12:00:00,0 days 06:00:00,6,17.49,97.42,1003.7,22.5,39.274202889986775,0.0,0.0,0.0,0.0,0.0,0.0,0.0,0.0,0.0,0.0,0.0,0.0
2026-09-28 06:00:00,WP922026(4),27,2026-09-28 18:00:00,0 days 12:00:00,12,17.92,96.31,1007.1,22.2,67.22823717709564,0.0,0.0,0.0,0.0,0.0,0.0,0.0,0.0,0.0,0.0,0.0,0.0
2026-09-28 06:00:00,10,28,2026-10-01 12:00:00,3 days 06:00:00,78,17.53,144.67,1006.0,15.6,124.00933859972778,0.0,0.0,0.0,0.0,0.0,0.0,0.0,0.0,0.0,0.0,0.0,0.0
2026-09-28 06:00:00,10,28,2026-10-01 18:00:00,3 days 12:00:00,84,17.32,142.6,1005.1,21.1,120.68304819130287,0.0,0.0,0.0,0.0,0.0,0.0,0.0,0.0,0.0,0.0,0.0,0.0
2026-09-28 06:00:00,10,28,2026-10-02 00:00:00,3 days 18:00:00,90,17.64,140.22,997.3,28.8,118.44555409956736,0.0,0.0,0.0,0.0,0.0,0.0,0.0,0.0,0.0,0.0,0.0,0.0
2026-09-28 06:00:00,10,28,2026-10-02 06:00:00,4 days 00:00:00,96,17.72,138.74,1000.2,29.7,64.86024591796601,0.0,0.0,0.0,0.0,0.0,0.0,0.0,0.0,0.0,0.0,0.0,0.0
2026-09-28 06:00:00,10,28,2026-10-02 12:00:00,4 days 06:00:00,102,18.06,137.59,996.9,38.2,73.43839605939033,100.72924981466748,84.6067397867105,76.39639408129808,86.78966482912153,0.0,0.0,0.0,0.0,0.0,0.0,0.0,0.0
2026-09-28 06:00:00,10,28,2026-10-02 18:00:00,4 days 12:00:00,108,17.61,136.73,996.7,41.6,39.22655007197733,84.07633971068935,67.40522630644068,60.85599064165842,73.19686436886207,0.0,0.0,0.0,0.0,0.0,0.0,0.0,0.0
2026-09-28 06:00:00,10,28,2026-10-03 00:00:00,4 days 18:00:00,114,17.88,135.81,991.1,53.3,57.47871479963837,90.00712041656112,81.04090498635486,68.739115821623,81.55336967752913,57.47871479963837,0.0,0.0,0.6453038474864998,0.0,0.0,0.0,0.0
2026-09-28 06:00:00,10,28,2026-10-03 06:00:00,5 days 00:00:00,120,17.93,134.7,984.5,59.1,31.944172731748523,150.77200336393017,150.01355983617307,133.97492445455993,147.11033504359074,46.84596219094544,44.84316838551159,39.43062032103005,40.50297995814638,0.0,0.0,0.0,0.0
2026-09-28 06:00:00,10,28,2026-10-03 12:00:00,5 days 06:00:00,126,18.04,133.66,970.6,75.9,13.76392494661248,196.77421188256585,181.7211512563601,166.72640085609,193.9425234504565,99.80268575828336,91.51333036850384,73.303615049548,88.66215899288989,48.71483890062754,43.69355290972205,34.6950298167076,41.14719762320508
2026-09-28 06:00:00,10,28,2026-10-03 18:00:00,5 days 12:00:00,132,18.2,133.31,966.5,96.5,36.51184904429974,213.4850496139068,189.29273862814333,177.10501664097615,204.2344836231183,111.65907114025627,98.62560219121076,79.34005630425861,99.0989829607785,56.25786513786139,49.67632980348188,39.832523816262864,48.25377167194418
2026-09-28 06:00:00,10,28,2026-10-04 00:00:00,5 days 18:00:00,138,18.36,132.68,958.9,104.1,28.902161320477063,249.40980997638135,209.07388749897672,175.24568596469553,214.0946848545105,133.483514292071,116.59132597986562,95.85006552209154,115.00468016088716,68.03090307429748,61.91800412499641,51.32983602482176,60.25272216021077
2026-09-28 06:00:00,10,28,2026-10-04 06:00:00,6 days 00:00:00,144,18.87,132.14,935.4,115.2,0.0,195.76212779114823,173.54101515941275,129.72844526840765,176.55440401498984,61.00142896400676,47.23617121722504,33.99823522124295,54.28954956692762,30.566734610312643,24.532550205925315,18.71704121120668,25.92079275896038
2026-09-28 06:00:00,10,28,2026-10-04 12:00:00,6 days 06:00:00,150,18.81,131.17,924.6,136.6,13.854763223370249,242.63368173899505,197.8925386924577,185.13113069583272,233.848762303572,127.7382395142656,111.5603539844425,98.78230746928938,116.34470935787353,71.46585352528815,64.82510094508204,56.88709236559776,64.80532724015096
2026-09-28 06:00:00,10,28,2026-10-04 18:00:00,6 days 12:00:00,156,18.94,130.92,930.3,124.0,0.0639991662782648,191.46528351870165,165.00481787758326,171.7095500905209,195.05476886987665,81.2091033574585,72.19796939763057,66.12839312754441,77.67718400990154,46.937261066239216,42.59696119230644,37.667424660504025,41.76152942085241
2026-09-28 06:00:00,10,28,2026-10-05 00:00:00,6 days 18:00:00,162,19.12,130.31,921.8,138.0,2.2079998624566173,261.9330486978091,202.08663457581267,198.9242061554542,254.5820771620841,139.53007435968695,120.78019342437878,106.11568920420828,125.9349643469346,77.51061100676844,69.27821087196854,59.98982761226586,70.57600356156011
2026-09-28 06:00:00,10,28,2026-10-05 06:00:00,7 days 00:00:00,168,19.06,129.58,925.9,128.8,17.92913985570854,381.63508270315015,338.8971835153312,302.068708688568,351.42797291483885,42.36450878860924,29.58477309538601,23.173344884369342,38.54405874734843,22.02482265484861,15.785446685101364,13.220325796634448,19.724043470381908
2026-09-28 06:00:00,10,28,2026-10-05 12:00:00,7 days 06:00:00,174,19.09,129.01,927.4,125.4,0.0,212.84050348176493,169.01310651382144,178.84336124018813,215.8237060664158,109.7726229438282,95.51262945408084,88.10888985658008,103.08471153277056,61.77960856712119,56.584812382053656,51.37683132966226,56.03869693134732
2026-09-28 06:00:00,10,28,2026-10-05 18:00:00,7 days 12:00:00,180,19.2,128.81,941.6,108.1,18.660226400930156,229.25410836266832,191.61044279664105,193.58692826145028,216.77383406975807,101.69420005946088,90.88910143233868,79.08614322593098,93.1519008906794,57.32421124614564,50.454289171180015,43.45138272527262,50.721579166855605
2026-09-28 06:00:00,10,28,2026-10-06 00:00:00,7 days 18:00:00,186,19.15,128.57,937.1,118.1,20.911179238079853,214.61720863643632,205.4938239448088,215.7474344019838,221.2581623045808,131.77984381647866,122.68358521720144,111.0080395604964,122.8767815952242,74.30897915968808,70.57494464735237,61.053373435926346,66.46991125609293
2026-09-28 06:00:00,10,28,2026-10-06 06:00:00,8 days 00:00:00,192,19.52,128.21,944.5,107.2,31.691890534794283,182.06794147413376,173.1363807067779,155.73207881808287,174.10130253174373,118.82167847763117,107.89868245803068,89.74785596867059,109.1051928556122,67.75370236330134,62.65759885732557,53.85403962013034,61.60948665562151
2026-09-28 06:00:00,10,28,2026-10-06 12:00:00,8 days 06:00:00,198,19.93,128.06,949.3,104.6,52.73675158430044,225.377326870346,200.63045617512603,200.75843522025465,222.79818268748176,142.9285068394028,130.26648202039246,115.578568174837,131.81337980090143,81.42143127008369,75.3886229466173,65.55520568784601,73.78949350426902
2026-09-28 06:00:00,10,28,2026-10-06 18:00:00,8 days 12:00:00,204,20.26,127.6,946.1,103.4,19.99514608274468,303.7417689511957,284.4836789571008,254.46004141324727,285.9720816424837,187.5127648868933,174.8649666226387,151.81399632736986,165.06288171469583,98.67964074685484,94.64420536197905,80.91145617525068,90.13260659740318
2026-09-28 06:00:00,10,28,2026-10-07 00:00:00,8 days 18:00:00,210,20.31,126.96,937.1,116.4,70.30494759234332,414.92216358013945,412.3870199690973,393.0915847602013,401.8431960720173,122.2223713671064,120.351665736431,106.72426930168152,117.0417740297258,70.30494759234332,66.50309360386873,55.72030710979681,61.83209750392095
2026-09-28 06:00:00,10,28,2026-10-07 06:00:00,9 days 00:00:00,216,20.77,126.58,941.2,108.9,27.32151496326637,317.2766081347133,286.7277406771899,295.9582425473875,321.89052257714684,179.86530183784205,172.14671945864865,153.41631078205003,168.05539647252257,101.8536281516314,97.50929155504268,83.75057986949096,91.9942707361092
2026-09-28 06:00:00,10,28,2026-10-07 12:00:00,9 days 06:00:00,222,21.31,126.11,943.5,109.1,31.09511605216642,338.27977193840366,315.97299689762616,286.618830675348,312.1844885094212,31.09511605216642,11.292389406310408,9.59973464886364,31.09511605216642,31.09511605216642,7.606204961179096,5.566795580030075,9.263127154612338
2026-09-28 06:00:00,10,28,2026-10-07 18:00:00,9 days 12:00:00,228,21.46,125.44,943.3,107.3,38.89105971085253,351.26392762294114,294.69524036108453,274.88224796790394,314.7050632177036,181.145962275239,160.7736007722536,140.88328273393648,161.271190928597,99.0302839727105,90.08682009472292,75.13330993758458,88.11923180995564
2026-09-28 06:00:00,10,28,2026-10-08 00:00:00,9 days 18:00:00,234,21.87,124.62,945.3,104.8,27.759016536045856,283.8715327124877,262.8159511851618,243.7929723167811,263.8029232881867,160.4649355905196,150.13948696674674,129.28398202250966,146.24949723139514,88.35989314167335,82.0015464645308,69.23190337300176,77.91245003516516
2026-09-28 06:00:00,10,28,2026-10-08 06:00:00,10 days 00:00:00,240,22.03,124.38,938.9,105.9,53.33812976916522,369.7463758332498,334.6017385146662,303.72313080425346,332.2437404322076,169.8020159055783,153.24167684546987,131.31235031601847,152.60582785161256,93.0645440621736,85.41463313224041,72.45208011498973,82.05449182143184
2026-09-28 06:00:00,10,28,2026-10-08 12:00:00,10 days 06:00:00,246,22.52,124.01,955.8,93.2,64.51673937581003,281.0002102806225,251.7694969850185,228.97778366976587,243.5066762826201,160.95214020078222,150.5217594282455,124.53948084785227,145.91467998434143,90.89363868335592,81.85365866437746,68.24193176854752,77.52869590770382
2026-09-28 06:00:00,10,28,2026-10-08 18:00:00,10 days 12:00:00,252,22.9,123.93,955.1,94.2,46.57898268502716,377.08691964727313,385.0854116908176,336.99652791845506,327.8379521762473,240.72906543335728,231.40537191893415,201.96279415170653,212.7881058436604,134.2048287022374,130.28910640526323,112.50035289189393,119.09663609801726
2026-09-28 06:00:00,10,28,2026-10-09 00:00:00,10 days 18:00:00,258,22.78,123.2,952.4,89.4,56.0296901171259,354.9285827237922,347.2961969685877,317.0435834159596,323.3126263400356,56.0296901171259,0.0,0.0,0.0597163562322345,56.0296901171259,0.0,0.0,0.0597163562322345
2026-09-28 06:00:00,10,28,2026-10-09 06:00:00,11 days 00:00:00,264,23.13,122.62,947.7,103.5,37.518303008895714,220.97350898897292,175.5706860201127,184.58289871476137,208.26734775854305,91.09279237071122,80.7677225042053,74.867938220053,88.68599807102814,54.49299866322731,47.93826766247321,40.11063484369083,49.38141843084202
2026-09-28 06:00:00,10,28,2026-10-09 12:00:00,11 days 06:00:00,270,22.94,121.35,944.5,99.8,29.25745009120334,213.4595340168233,182.449967073316,179.25001595818753,205.7644753786085,29.25745009120334,6.058841534121491,6.0645786600381175,29.25745009120334,7.287413519849181,4.582200882632591,6.0645786600381175,29.25745009120334
2026-09-28 06:00:00,10,28,2026-10-09 18:00:00,11 days 12:00:00,276,23.19,120.78,971.8,70.1,26.006170329819348,259.3685903224851,244.3577052490038,253.31919506217832,262.971897618838,147.93152321624345,146.71956197961316,121.73540261971246,129.61394819071788,30.166212928462656,26.039354952018066,19.112034103881825,25.039956736063733
2026-09-28 06:00:00,10,28,2026-10-10 00:00:00,11 days 18:00:00,282,21.72,120.44,991.1,41.4,60.75705636289443,157.59108226839024,133.7403761194839,124.08130290531946,139.01472383892414,0.0,0.0,0.0,0.0,0.0,0.0,0.0,0.0
2026-09-28 06:00:00,10,28,2026-10-10 06:00:00,12 days 00:00:00,288,21.75,119.74,993.8,37.8,51.81547679817172,270.2527374003787,241.8624654129743,215.1962048416333,241.27162033985724,0.0,0.0,0.0,0.0,0.0,0.0,0.0,0.0
2026-09-28 06:00:00,10,28,2026-10-10 12:00:00,12 days 06:00:00,294,21.34,119.32,991.0,42.0,62.01273949199265,5.105945402747153,0.0,1.509038038562153,62.01273949199265,0.0,0.0,0.0,0.0,0.0,0.0,0.0,0.0
2026-09-28 06:00:00,10,28,2026-10-10 18:00:00,12 days 12:00:00,300,21.2,118.68,995.0,35.7,72.57627599444716,260.99522953096687,220.93825034303936,201.0234246272012,224.7304129772488,0.0,0.0,0.0,0.0,0.0,0.0,0.0,0.0
2026-09-28 06:00:00,10,28,2026-10-11 00:00:00,12 days 18:00:00,306,20.91,118.23,998.2,35.2,43.298032495624646,16.255412980424488,3.930146724732836,10.34700460357551,43.298032495624646,0.0,0.0,0.0,0.0,0.0,0.0,0.0,0.0
2026-09-28 06:00:00,10,28,2026-10-11 06:00:00,13 days 00:00:00,312,20.96,117.49,995.0,41.6,61.86084257155407,10.080156664695611,0.0,5.951138064502738,61.86084257155407,0.0,0.0,0.0,0.0,0.0,0.0,0.0,0.0
2026-09-28 06:00:00,10,28,2026-10-11 12:00:00,13 days 06:00:00,318,20.39,117.1,993.5,29.2,66.87479504089646,0.0,0.0,0.0,0.0,0.0,0.0,0.0,0.0,0.0,0.0,0.0,0.0
2026-09-28 06:00:00,10,28,2026-10-11 18:00:00,13 days 12:00:00,324,20.32,115.97,992.9,45.7,55.52759283628232,207.944274243753,172.83958340385877,147.1435293480492,176.99002160511174,0.0,0.0,0.0,0.0,0.0,0.0,0.0,0.0
2026-09-28 06:00:00,10,28,2026-10-12 00:00:00,13 days 18:00:00,330,20.06,115.25,994.5,42.7,29.30820746266844,65.37925522870896,47.43773392079845,33.7892781387216,50.40151100074149,0.0,0.0,0.0,0.0,0.0,0.0,0.0,0.0
2026-09-28 06:00:00,10,28,2026-10-12 06:00:00,14 days 00:00:00,336,19.95,114.11,991.6,53.3,31.91857975261228,196.45335080989008,169.86907372845312,138.6178535704545,172.8369600759525,31.91857975261228,18.97629338340441,14.539410763950723,18.779581531767366,0.0,0.0,0.0,0.0
2026-09-28 06:00:00,10,28,2026-10-12 12:00:00,14 days 06:00:00,342,19.5,113.21,989.1,54.7,40.77294542635188,109.8895718423475,68.60115112550805,72.78276422218312,100.85492237315668,68.56084245431916,62.33850177861594,55.292554864937244,58.82261914450954,0.0,0.0,0.0,0.0
2026-09-28 06:00:00,10,28,2026-10-12 18:00:00,14 days 12:00:00,348,18.83,112.07,991.8,55.0,17.706171347503894,118.27099643043886,83.92882973072895,72.83736817320653,114.07430513345622,2.831631283456505,0.0,0.0,17.706171347503894,0.0,0.0,0.0,0.0
2026-09-28 06:00:00,10,28,2026-10-13 00:00:00,14 days 18:00:00,354,18.49,111.07,989.6,52.6,65.09872168038532,253.12366135776895,210.91298634967265,194.51300061226948,241.01741566614987,3.773338379378231,0.0,0.0,65.09872168038532,0.0,0.0,0.0,0.0
2026-09-28 06:00:00,10,28,2026-10-13 06:00:00,15 days 00:00:00,360,18.11,109.9,986.8,53.7,45.13089914971215,28.388720461337183,0.1652196746807703,7.473828261377889,45.13089914971215,3.5277530097613834,0.0,0.0,45.13089914971215,0.0,0.0,0.0,0.0
2026-09-28 06:00:00,11,28,2026-10-01 18:00:00,3 days 12:00:00,84,16.55,-130.25,1004.9,24.1,97.47734564688238,0.0,0.0,0.0,0.0,0.0,0.0,0.0,0.0,0.0,0.0,0.0,0.0
2026-09-28 06:00:00,11,28,2026-10-02 00:00:00,3 days 18:00:00,90,16.71,-130.05,1002.4,25.7,126.89328322076292,0.0,0.0,0.0,0.0,0.0,0.0,0.0,0.0,0.0,0.0,0.0,0.0
2026-09-28 06:00:00,11,28,2026-10-02 06:00:00,4 days 00:00:00,96,16.42,-130.39,1005.7,25.0,115.42319967821604,0.0,0.0,0.0,0.0,0.0,0.0,0.0,0.0,0.0,0.0,0.0,0.0
2026-09-28 06:00:00,11,28,2026-10-02 12:00:00,4 days 06:00:00,102,16.47,-129.88,1005.3,26.7,79.19810787025133,0.0,0.0,0.0,0.0,0.0,0.0,0.0,0.0,0.0,0.0,0.0,0.0
2026-09-28 06:00:00,11,28,2026-10-02 18:00:00,4 days 12:00:00,108,16.58,-130.15,1005.7,21.8,62.71580268087541,0.0,0.0,0.0,0.0,0.0,0.0,0.0,0.0,0.0,0.0,0.0,0.0
2026-09-28 06:00:00,11,28,2026-10-03 00:00:00,4 days 18:00:00,114,16.32,-129.67,1006.3,24.4,91.45229934325108,0.0,0.0,0.0,0.0,0.0,0.0,0.0,0.0,0.0,0.0,0.0,0.0
2026-09-28 06:00:00,11,28,2026-10-03 06:00:00,5 days 00:00:00,120,15.8,-129.65,1006.3,24.9,87.38732133802674,0.0,0.0,0.0,0.0,0.0,0.0,0.0,0.0,0.0,0.0,0.0,0.0
2026-09-28 06:00:00,11,28,2026-10-03 12:00:00,5 days 06:00:00,126,15.28,-129.93,1006.2,21.3,55.879610187249845,0.0,0.0,0.0,0.0,0.0,0.0,0.0,0.0,0.0,0.0,0.0,0.0
2026-09-28 06:00:00,11,28,2026-10-03 18:00:00,5 days 12:00:00,132,15.15,-129.96,1005.0,27.3,77.37446359984642,0.0,0.0,0.0,0.0,0.0,0.0,0.0,0.0,0.0,0.0,0.0,0.0
2026-09-28 06:00:00,11,28,2026-10-04 00:00:00,5 days 18:00:00,138,14.47,-130.34,1007.1,26.1,84.53944367885967,0.0,0.0,0.0,0.0,0.0,0.0,0.0,0.0,0.0,0.0,0.0,0.0
2026-09-28 06:00:00,11,28,2026-10-04 06:00:00,6 days 00:00:00,144,14.01,-130.47,1008.7,17.7,114.29374212930291,0.0,0.0,0.0,0.0,0.0,0.0,0.0,0.0,0.0,0.0,0.0,0.0
2026-09-28 06:00:00,11,28,2026-10-04 12:00:00,6 days 06:00:00,150,13.96,-130.55,1009.8,20.1,65.9697747518735,0.0,0.0,0.0,0.0,0.0,0.0,0.0,0.0,0.0,0.0,0.0,0.0
2026-09-28 06:00:00,12,28,2026-10-01 18:00:00,3 days 12:00:00,84,18.17,156.55,1004.1,24.1,123.34135745306276,0.0,0.0,0.0,0.0,0.0,0.0,0.0,0.0,0.0,0.0,0.0,0.0
2026-09-28 06:00:00,12,28,2026-10-02 00:00:00,3 days 18:00:00,90,16.97,155.0,1005.5,21.2,127.02029932222604,0.0,0.0,0.0,0.0,0.0,0.0,0.0,0.0,0.0,0.0,0.0,0.0
2026-09-28 06:00:00,12,28,2026-10-02 06:00:00,4 days 00:00:00,96,17.43,155.12,1003.0,20.8,154.92080759121097,0.0,0.0,0.0,0.0,0.0,0.0,0.0,0.0,0.0,0.0,0.0,0.0
2026-09-28 06:00:00,12,28,2026-10-02 12:00:00,4 days 06:00:00,102,17.58,154.32,1003.0,21.5,100.0624819666319,0.0,0.0,0.0,0.0,0.0,0.0,0.0,0.0,0.0,0.0,0.0,0.0
2026-09-28 06:00:00,12,28,2026-10-02 18:00:00,4 days 12:00:00,108,18.59,155.17,1001.1,28.7,90.87413921305466,0.0,0.0,0.0,0.0,0.0,0.0,0.0,0.0,0.0,0.0,0.0,0.0
2026-09-28 06:00:00,12,28,2026-10-03 00:00:00,4 days 18:00:00,114,19.14,156.03,996.1,33.0,118.05951237808782,0.0,0.0,0.0,0.0,0.0,0.0,0.0,0.0,0.0,0.0,0.0,0.0
2026-09-28 06:00:00,12,28,2026-10-03 06:00:00,5 days 00:00:00,120,20.37,156.07,996.0,36.5,98.48631088906002,98.48631088906002,5.440696623793109,0.0,0.0,0.0,0.0,0.0,0.0,0.0,0.0,0.0,0.0
2026-09-28 06:00:00,12,28,2026-10-03 12:00:00,5 days 06:00:00,126,21.18,156.19,993.5,40.5,99.30203952018825,262.4145303925381,224.56339353034656,188.30868864318364,210.995161301928,0.0,0.0,0.0,0.0,0.0,0.0,0.0,0.0
2026-09-28 06:00:00,12,28,2026-10-03 18:00:00,5 days 12:00:00,132,22.14,155.99,989.9,41.5,78.81313192516275,87.60040879602427,67.87113382267128,48.13137323519667,69.83448321006003,0.0,0.0,0.0,0.0,0.0,0.0,0.0,0.0
2026-09-28 06:00:00,12,28,2026-10-04 00:00:00,5 days 18:00:00,138,22.37,155.38,984.7,49.8,96.51631330322888,347.6718968478114,333.5154448284176,284.25740787736936,309.3863902941789,0.0,0.0,0.0,0.0,0.0,0.0,0.0,0.0
2026-09-28 06:00:00,12,28,2026-10-04 06:00:00,6 days 00:00:00,144,22.78,154.89,984.6,52.5,109.90739165341758,183.4151376828304,164.96614190121542,142.6743432370718,156.41244346622042,0.0,0.0134935560908662,109.90739165341758,0.0,0.0,0.0,0.0,0.0
2026-09-28 06:00:00,12,28,2026-10-04 12:00:00,6 days 06:00:00,150,22.42,154.32,981.2,54.6,63.48056957183351,215.94559265421373,188.6705033182085,164.9375663921116,182.73695216872525,63.48056957183351,0.0,0.0,0.0,0.0,0.0,0.0,0.0
2026-09-28 06:00:00,12,28,2026-10-04 18:00:00,6 days 12:00:00,156,22.42,153.68,985.2,48.1,82.65523735337851,284.5330732756722,259.21327155438814,216.02745137727916,245.5799792956644,0.0,0.0,0.0,0.0,0.0,0.0,0.0,0.0
2026-09-28 06:00:00,12,28,2026-10-05 00:00:00,6 days 18:00:00,162,22.92,153.23,985.8,49.3,78.82991755832731,268.051145474666,250.93739195722324,212.50364917457028,229.17263325463315,0.0,0.0,0.0,0.0,0.0,0.0,0.0,0.0
2026-09-28 06:00:00,12,28,2026-10-05 06:00:00,7 days 00:00:00,168,23.2,152.25,985.8,49.4,129.42479369165758,280.3164033411952,246.23118683774783,210.8293016255791,233.6895475332174,0.0,0.0,0.0,0.0,0.0,0.0,0.0,0.0
2026-09-28 06:00:00,12,28,2026-10-05 12:00:00,7 days 06:00:00,174,23.59,151.24,984.7,54.7,103.66953464999573,277.1391550572011,239.768300226335,211.20359692148327,241.77668827411964,0.4155001928437247,0.0,0.0,103.66953464999573,0.0,0.0,0.0,0.0
2026-09-28 06:00:00,12,28,2026-10-05 18:00:00,7 days 12:00:00,180,24.16,149.84,979.9,62.4,96.10290125280162,292.6969874663482,266.44654721696224,233.47333295493164,260.8177707506513,96.10290125280162,51.87311079505199,43.844971804367255,47.59153931185167,0.0,0.0,0.0,0.0
2026-09-28 06:00:00,12,28,2026-10-06 00:00:00,7 days 18:00:00,186,24.73,148.6,980.0,62.1,64.08582877059945,241.2891619518836,221.7460724464779,193.61544111122623,221.48961008090723,64.08582877059945,49.63182652577045,41.89502378619567,45.18353382051605,0.0,0.0,0.0,0.0
2026-09-28 06:00:00,12,28,2026-10-06 06:00:00,8 days 00:00:00,192,25.47,147.03,967.9,70.5,63.45242441887274,256.3332239559595,240.04208995774053,207.45610744726216,230.90030795494448,107.01334108374124,101.20303312668702,87.4701073814282,90.72558615371156,0.0,0.0,0.0,63.45242441887274
2026-09-28 06:00:00,12,28,2026-10-06 12:00:00,8 days 06:00:00,198,26.36,146.44,983.9,52.6,72.5515492746699,270.75067836372045,239.6304941123471,195.20042521742408,218.32592578756203,72.5515492746699,0.0,0.0,0.4676225775068259,0.0,0.0,0.0,0.0
2026-09-28 06:00:00,12,28,2026-10-06 18:00:00,8 days 12:00:00,204,27.16,145.68,977.4,63.5,46.07163168900468,231.311179102594,211.53297933790031,169.60312451742288,190.0508855242615,120.75243495391736,109.51800082626778,88.55280229311768,103.3929381440289,0.0,0.0,0.0,0.0
2026-09-28 06:00:00,12,28,2026-10-07 00:00:00,8 days 18:00:00,210,28.54,145.24,976.7,61.4,77.59870040126373,257.98781458755843,246.7526189213106,202.8112816627829,213.2455016019435,77.59870040126373,0.5934341514897881,0.0,0.5038524539409224,0.0,0.0,0.0,0.0
2026-09-28 06:00:00,12,28,2026-10-07 06:00:00,9 days 00:00:00,216,29.38,145.3,965.2,79.5,0.0,189.55014191405937,175.92153190050928,152.86166626977214,156.3565208676044,90.17686806010872,85.32506713722115,67.88637983347317,75.2069303016499,45.87962700326904,42.15485853721045,33.20059926996353,38.12285483336602
2026-09-28 06:00:00,12,28,2026-10-07 12:00:00,9 days 06:00:00,222,30.17,144.98,972.7,65.6,49.58356779817235,296.8939088934672,284.4425686006524,230.90062663074676,244.6870229476111,49.58356779817235,0.0,0.1536110283172327,0.0,49.58356779817235,0.0,0.0,0.0
2026-09-28 06:00:00,12,28,2026-10-07 18:00:00,9 days 12:00:00,228,31.06,145.07,980.0,58.4,74.33048819710102,297.6517417063857,308.62023513337886,249.1656057189315,241.89862201567257,6.308306276856289,74.33048819710102,3.7672967571290874,3.7772697794135457,0.0,0.0,0.0,0.0
2026-09-28 06:00:00,12,28,2026-10-08 00:00:00,9 days 18:00:00,234,31.97,145.33,974.1,66.7,31.23764051812016,112.41234060804548,135.0605168549817,92.95347585452504,63.19012016785605,17.17777640255526,31.23764051812016,12.978050271907616,9.571938879554205,6.679856177542112,31.23764051812016,4.407646872407563,4.171914676830123
2026-09-28 06:00:00,12,28,2026-10-08 06:00:00,10 days 00:00:00,240,33.14,146.03,959.1,78.1,15.99848696973551,302.75204747936965,331.0036289387942,258.9437459634701,238.85197606614528,119.2827561001842,124.30002063079634,101.59510307864642,100.00872351431332,64.71344972647236,63.64171491104764,52.24939065729925,54.70386154884177
2026-09-28 06:00:00,12,28,2026-10-08 12:00:00,10 days 06:00:00,246,34.27,147.31,965.8,81.7,31.663832027099488,176.01126335685694,231.24895364631084,173.24823189360905,126.12453576426196,24.51398165419596,35.86289718006083,22.41379574745133,15.152440908267636,6.97682449698209,31.663832027099488,5.661417188375253,4.595183399828443
2026-09-28 06:00:00,12,28,2026-10-08 18:00:00,10 days 12:00:00,252,35.25,148.83,964.4,77.0,39.189145645066986,200.3776124865416,253.82587115387227,202.66821583967536,144.96843043221563,78.01200780772413,94.47365276605068,79.0386771274582,62.6661858692933,43.16914001416198,46.27822765264483,39.176956359144135,37.10161137208537
2026-09-28 06:00:00,12,28,2026-10-09 00:00:00,10 days 18:00:00,258,36.41,151.41,974.8,68.5,33.623428325713576,108.59792036727958,145.34239330084347,113.565985138227,60.27637731677396,0.0,33.623428325713576,4.842646734055336,0.0,0.0,33.623428325713576,0.2138832573553486,0.0
2026-09-28 06:00:00,12,28,2026-10-09 06:00:00,11 days 00:00:00,264,37.21,153.87,978.0,62.5,59.35409932640634,310.9768175849741,353.88497064092775,302.02503149473694,257.9928850314554,87.99790877816056,102.94670794627018,81.93572290035048,72.12471866131446,0.0,0.0,0.0,0.0
2026-09-28 06:00:00,12,28,2026-10-09 12:00:00,11 days 06:00:00,270,37.66,156.98,984.5,52.1,108.05796621466784,170.29835398290913,182.0968328321245,141.10813498863735,136.4111254116943,0.0,108.05796621466784,0.4099323849841667,0.0,0.0,0.0,0.0,0.0
2026-09-28 06:00:00,12,28,2026-10-09 18:00:00,11 days 12:00:00,276,38.77,161.43,983.9,49.9,64.01225647543282,194.06737342775705,198.299504272314,158.7991678365505,159.8941922997489,0.0,0.0,0.0,0.0,0.0,0.0,0.0,0.0
2026-09-28 06:00:00,12,28,2026-10-10 00:00:00,11 days 18:00:00,282,39.44,166.78,982.6,42.9,64.48989345300447,5.106665354983988,17.138062474777257,64.48989345300447,7.552319121330413,0.0,0.0,0.0,0.0,0.0,0.0,0.0,0.0
2026-09-28 06:00:00,12,28,2026-10-10 06:00:00,12 days 00:00:00,288,41.05,171.65,998.3,30.5,100.15387687314026,0.0,0.0,0.0,0.0,0.0,0.0,0.0,0.0,0.0,0.0,0.0,0.0
2026-09-28 06:00:00,13,28,2026-10-02 12:00:00,4 days 06:00:00,102,24.88,-63.28,1014.0,22.7,66.08651024165343,0.0,0.0,0.0,0.0,0.0,0.0,0.0,0.0,0.0,0.0,0.0,0.0
2026-09-28 06:00:00,13,28,2026-10-02 18:00:00,4 days 12:00:00,108,24.72,-64.5,1012.8,22.0,74.53278797612336,0.0,0.0,0.0,0.0,0.0,0.0,0.0,0.0,0.0,0.0,0.0,0.0
2026-09-28 06:00:00,13,28,2026-10-03 00:00:00,4 days 18:00:00,114,25.57,-64.29,1012.7,27.5,129.27059715664078,0.0,0.0,0.0,0.0,0.0,0.0,0.0,0.0,0.0,0.0,0.0,0.0
2026-09-28 06:00:00,13,28,2026-10-03 06:00:00,5 days 00:00:00,120,26.6,-64.34,1008.2,27.7,148.82427625042334,0.0,0.0,0.0,0.0,0.0,0.0,0.0,0.0,0.0,0.0,0.0,0.0
2026-09-28 06:00:00,13,28,2026-10-03 12:00:00,5 days 06:00:00,126,27.92,-64.47,1010.0,27.2,68.33154916287367,0.0,0.0,0.0,0.0,0.0,0.0,0.0,0.0,0.0,0.0,0.0,0.0
2026-09-28 06:00:00,13,28,2026-10-03 18:00:00,5 days 12:00:00,132,28.86,-64.44,1007.0,28.2,72.49415331395426,0.0,0.0,0.0,0.0,0.0,0.0,0.0,0.0,0.0,0.0,0.0,0.0
2026-09-28 06:00:00,13,28,2026-10-04 00:00:00,5 days 18:00:00,138,30.34,-64.33,1005.0,40.8,44.8611299583205,44.8611299583205,22.80869619411637,8.392178950148377,17.64171604425966,0.0,0.0,0.0,0.0,0.0,0.0,0.0,0.0
2026-09-28 06:00:00,13,28,2026-10-04 06:00:00,6 days 00:00:00,144,31.3,-63.79,1001.7,44.6,52.5977201970781,66.06414334799452,49.862803458560656,30.42556149108316,42.07679823562017,0.0,0.0,0.0,0.0,0.0,0.0,0.0,0.0
2026-09-28 06:00:00,13,28,2026-10-04 12:00:00,6 days 06:00:00,150,32.34,-63.12,995.7,53.3,38.75447057535513,103.78899927319831,98.63002615434812,57.57394032633204,71.1997558170649,0.0,38.75447057535513,0.0,0.0,0.0,0.0,0.0,0.0
2026-09-28 06:00:00,13,28,2026-10-04 18:00:00,6 days 12:00:00,156,33.24,-62.09,995.3,52.1,13.040506271766525,86.76828479955537,93.27066792206514,60.685884651878574,53.85296192298401,60.5020641457494,59.60249961290182,48.35333004761196,48.202450515563655,0.0,0.0,0.0,0.0
2026-09-28 06:00:00,13,28,2026-10-05 00:00:00,6 days 18:00:00,162,34.01,-60.63,994.5,55.2,20.658421315140345,72.87507697246826,82.47145871087088,51.976151588374,46.1989449322964,57.80337950480708,58.53007658941437,47.40603548898181,46.1989449322964,0.0,0.0,0.0,0.0
2026-09-28 06:00:00,13,28,2026-10-05 06:00:00,7 days 00:00:00,168,34.82,-59.2,1000.9,47.9,76.27647507782515,22.09976378591282,76.27647507782515,7.121879614016358,0.0,0.0,0.0,0.0,0.0,0.0,0.0,0.0,0.0
2026-09-28 06:00:00,13,28,2026-10-05 12:00:00,7 days 06:00:00,174,35.13,-57.06,1001.0,50.6,75.87098222568284,76.27452156234858,77.4672142578388,48.48266036464906,46.812994161492725,0.4232392418940094,75.87098222568284,0.487301531430262,0.0,0.0,0.0,0.0,0.0
2026-09-28 06:00:00,13,28,2026-10-05 18:00:00,7 days 12:00:00,180,35.37,-54.45,1002.3,45.6,103.13051478734008,84.8567656658571,103.13051478734008,60.09352368932571,63.65602119532585,0.0,0.0,0.0,0.0,0.0,0.0,0.0,0.0
2026-09-28 06:00:00,13,28,2026-10-06 00:00:00,7 days 18:00:00,186,35.19,-52.66,1000.0,45.4,44.307876942258304,82.74113519374556,79.7143943581506,52.38016388093935,55.555436721402245,0.0,0.0,0.0,0.0,0.0,0.0,0.0,0.0
2026-09-28 06:00:00,13,28,2026-10-06 06:00:00,8 days 00:00:00,192,36.03,-51.88,998.8,42.1,83.78412956485491,10.770082064226791,83.78412956485491,7.795618649430651,4.462918182318575,0.0,0.0,0.0,0.0,0.0,0.0,0.0,0.0
2026-09-28 06:00:00,13,28,2026-10-06 12:00:00,8 days 06:00:00,198,36.34,-49.76,1004.6,34.0,154.5498555178575,0.0,0.0,0.0,0.0,0.0,0.0,0.0,0.0,0.0,0.0,0.0,0.0
2026-09-28 06:00:00,13,28,2026-10-06 18:00:00,8 days 12:00:00,204,36.84,-48.49,1004.3,32.7,80.76646212691132,0.0,0.0,0.0,0.0,0.0,0.0,0.0,0.0,0.0,0.0,0.0,0.0
2026-09-28 06:00:00,22,28,2026-10-10 00:00:00,11 days 18:00:00,282,10.87,161.83,1000.8,29.4,59.471339150313966,0.0,0.0,0.0,0.0,0.0,0.0,0.0,0.0,0.0,0.0,0.0,0.0
2026-09-28 06:00:00,22,28,2026-10-10 06:00:00,12 days 00:00:00,288,10.5,160.52,1003.3,28.1,48.79791097220279,0.0,0.0,0.0,0.0,0.0,0.0,0.0,0.0,0.0,0.0,0.0,0.0
2026-09-28 06:00:00,22,28,2026-10-10 12:00:00,12 days 06:00:00,294,10.31,159.57,1002.4,23.4,115.88003395280472,0.0,0.0,0.0,0.0,0.0,0.0,0.0,0.0,0.0,0.0,0.0,0.0
2026-09-28 06:00:00,22,28,2026-10-10 18:00:00,12 days 12:00:00,300,9.91,158.88,1000.1,34.8,41.65832701234897,50.01477469466168,36.12934117940296,29.269754509209,38.16292492756021,0.0,0.0,0.0,0.0,0.0,0.0,0.0,0.0
2026-09-28 06:00:00,22,28,2026-10-11 00:00:00,12 days 18:00:00,306,9.65,157.85,999.1,30.3,54.61571667957104,0.0,0.0,0.0,0.0,0.0,0.0,0.0,0.0,0.0,0.0,0.0,0.0
2026-09-28 06:00:00,22,28,2026-10-11 06:00:00,13 days 00:00:00,312,9.53,156.94,995.5,45.2,40.98879705651581,65.08627949617596,50.31714677770832,45.86965369549112,57.52744007491461,0.0,0.0,0.0,0.0,0.0,0.0,0.0,0.0
2026-09-28 06:00:00,22,28,2026-10-11 12:00:00,13 days 06:00:00,318,10.05,156.1,990.5,47.1,58.69640959496229,90.9970616018874,66.27934798458622,70.14157949080308,77.55033220028292,0.0,0.0,0.0,0.0,0.0,0.0,0.0,0.0
2026-09-28 06:00:00,22,28,2026-10-11 18:00:00,13 days 12:00:00,324,9.77,155.46,995.7,41.7,56.38062987465516,56.38062987465516,7.651142155927684,0.0690063061858752,9.515470316250909,0.0,0.0,0.0,0.0,0.0,0.0,0.0,0.0
2026-09-28 06:00:00,22,28,2026-10-12 00:00:00,13 days 18:00:00,330,10.01,154.88,997.4,42.2,46.866347849723496,86.18674286391898,74.67455388482938,59.82637292453345,71.44343005117882,0.0,0.0,0.0,0.0,0.0,0.0,0.0,0.0
2026-09-28 06:00:00,22,28,2026-10-12 06:00:00,14 days 00:00:00,336,10.08,154.39,980.3,63.2,41.46560623670101,313.5386913925838,282.12578402770345,255.0879002950496,288.56447391380584,1.0320863316071298,0.0,0.0,41.46560623670101,0.0,0.0,0.0,0.0
2026-09-28 06:00:00,22,28,2026-10-12 12:00:00,14 days 06:00:00,342,10.7,153.96,986.3,57.9,83.65394047311297,370.78638362029534,368.5119346452618,316.966265004613,334.4812157789107,83.65394047311297,5.933815126743237,4.5916463842293735,6.560034698563394,0.0,0.0,0.0,0.0
2026-09-28 06:00:00,22,28,2026-10-12 18:00:00,14 days 12:00:00,348,10.95,153.21,988.2,65.3,39.66686823193547,208.16932238437835,196.8305409618581,144.8511766689207,162.15528781484477,54.56148986348424,48.073397847014974,34.4613193681482,40.739623988067166,39.66686823193547,1.3008846061530548,0.0,1.2543635150246075
2026-09-28 06:00:00,22,28,2026-10-13 00:00:00,14 days 18:00:00,354,11.42,152.43,976.9,75.1,57.90693488115509,165.97085711722693,141.04992006855286,124.50196731403896,147.5836091142323,0.0167786677111232,0.0,0.0,57.90693488115509,0.0167786677111232,0.0,0.0,57.90693488115509
2026-09-28 06:00:00,22,28,2026-10-13 06:00:00,15 days 00:00:00,360,11.73,151.68,975.6,77.7,22.70302577919483,179.10265063646693,153.76328980556536,123.98633670928848,151.74981336514065,86.60650929349868,69.98694991350112,52.3732515765596,72.95695716756745,41.15945205441767,33.688526488023854,25.992087392839267,34.143761245828046
2026-09-28 06:00:00,AL062026,28,2026-09-28 06:00:00,0 days 00:00:00,0,28.3,-43.8,1012.0,25.0,56.0,0.0,0.0,0.0,0.0,0.0,0.0,0.0,0.0,0.0,0.0,0.0,0.0
2026-09-28 06:00:00,AL912026(2),28,2026-09-28 06:00:00,0 days 00:00:00,0,36.3,-53.1,1013.0,29.0,148.0,0.0,0.0,0.0,0.0,0.0,0.0,0.0,0.0,0.0,0.0,0.0,0.0
2026-09-28 06:00:00,AL912026(2),28,2026-09-28 12:00:00,0 days 06:00:00,6,36.45,-50.66,1004.7,47.0,13.720116282675631,49.18695228627884,46.96016857115532,27.00856734962092,28.677731633031343,0.0,0.0,0.0,0.0,0.0,0.0,0.0,0.0
2026-09-28 06:00:00,AL912026(2),28,2026-09-28 18:00:00,0 days 12:00:00,12,35.97,-48.83,1000.1,45.4,44.30732489968904,44.30732489968904,29.736084902816017,11.429306731844122,17.45593656762628,0.0,0.0,0.0,0.0,0.0,0.0,0.0,0.0
2026-09-28 06:00:00,AL912026(2),28,2026-09-29 00:00:00,0 days 18:00:00,18,35.92,-47.1,993.5,51.3,49.4516466947025,28.488945148956645,49.4516466947025,49.4516466947025,18.16284920957833,0.0,0.2790732603904189,49.4516466947025,0.0,0.0,0.0,0.0,0.0
2026-09-28 06:00:00,EP152026(2),28,2026-09-28 06:00:00,0 days 00:00:00,0,16.4,-160.8,929.0,134.0,28.0,241.0,185.0,148.0,204.0,93.0,74.0,74.0,93.0,56.0,46.0,37.0,46.0
2026-09-28 06:00:00,EP152026(2),28,2026-09-28 12:00:00,0 days 06:00:00,6,16.71,-161.63,944.2,122.3,14.866639684920596,191.8323708847703,144.22249759180897,115.46779748501976,178.9517143696656,105.99159973176047,83.56270258853019,68.61632542686752,93.4282620498316,58.36126724441477,49.023745153383416,42.32480688558087,52.7688413634813
2026-09-28 06:00:00,EP152026(2),28,2026-09-28 18:00:00,0 days 12:00:00,12,17.32,-162.19,948.0,115.6,12.684481360969473,197.0446261760501,182.189166694284,123.46592689106048,170.9330194111986,15.813996035003765,1.2563160002088931,0.0,11.96516510933601,12.684481360969473,1.2563160002088931,0.0,4.347992953035863
2026-09-28 06:00:00,EP152026(2),28,2026-09-29 00:00:00,0 days 18:00:00,18,18.33,-162.94,945.0,116.6,11.597551210915723,145.90630152053666,136.20787821344538,67.6227288599017,105.11550434902668,11.597551210915723,0.0,0.0,1.0733329925814878,11.597551210915723,0.0,0.0,0.7885152459773348
2026-09-28 06:00:00,EP152026(2),28,2026-09-29 06:00:00,1 days 00:00:00,24,18.97,-163.62,956.4,108.2,8.553441766147131,190.95417344263427,152.95048917730696,102.55338033881642,146.19114823520763,82.45628700754772,68.2106174844101,48.937539580783465,70.24909336345567,42.78915743469774,35.83733056832852,29.349916650931966,36.845936698763
2026-09-28 06:00:00,EP152026(2),28,2026-09-29 12:00:00,1 days 06:00:00,30,20.25,-163.93,968.7,87.4,42.16295622630065,198.88671789914173,159.6840883527645,108.714663684088,177.4019634446987,107.90731272068864,90.2670145485682,71.45766391220536,91.40715574956154,53.52690763471734,48.65062322041004,40.81765982734669,47.610783487547565
2026-09-28 06:00:00,EP152026(2),28,2026-09-29 18:00:00,1 days 12:00:00,36,21.45,-163.64,982.6,68.4,38.71188426261837,139.19116992088271,113.33125553090562,64.11213640429665,102.51682672165012,56.03367893146958,44.9182881582754,28.44124612594877,42.291257562170685,38.71188426261837,21.059745969434008,15.2686442423215,20.548947234780996
2026-09-28 06:00:00,EP152026(2),28,2026-09-30 00:00:00,1 days 18:00:00,42,22.29,-164.0,980.7,71.1,31.430350075457227,198.4806395488638,183.6473955819911,128.4435262965985,148.61894381333232,0.0,31.430350075457227,0.0,0.0,0.0,31.430350075457227,0.0,0.0
2026-09-28 06:00:00,EP152026(2),28,2026-09-30 06:00:00,2 days 00:00:00,48,22.66,-164.35,991.6,58.8,87.58980975539635,168.00456927030763,145.7715705696116,118.14517125695164,143.27415890080073,0.0,0.0,0.0,87.58980975539635,0.0,0.0,0.0,0.0
2026-09-28 06:00:00,EP152026(2),28,2026-09-30 12:00:00,2 days 06:00:00,54,22.51,-164.42,992.1,46.4,75.8660296800341,109.16092681625278,87.27005043668055,69.70945770818794,83.02245414244385,0.0,0.0,0.0,0.0,0.0,0.0,0.0,0.0
2026-09-28 06:00:00,EP152026(2),28,2026-09-30 18:00:00,2 days 12:00:00,60,22.19,-164.81,996.5,38.1,63.093562185888274,170.93924081661623,142.9395822071487,126.0647784324477,143.09077653888409,0.0,0.0,0.0,0.0,0.0,0.0,0.0,0.0
2026-09-28 06:00:00,EP152026(2),28,2026-10-01 00:00:00,2 days 18:00:00,66,22.46,-164.61,996.0,40.8,98.3324003963389,98.3324003963389,11.13909518635094,10.028242910180593,10.682271242472344,0.0,0.0,0.0,0.0,0.0,0.0,0.0,0.0
2026-09-28 06:00:00,EP152026(2),28,2026-10-01 06:00:00,3 days 00:00:00,72,22.38,-164.95,993.8,43.8,109.7965814151202,0.0,109.7965814151202,0.4403622271296896,0.0,0.0,0.0,0.0,0.0,0.0,0.0,0.0,0.0
2026-09-28 06:00:00,EP152026(2),28,2026-10-01 12:00:00,3 days 06:00:00,78,22.68,-165.8,997.6,39.0,151.07853452401756,0.0,0.0,0.0,151.07853452401756,0.0,0.0,0.0,0.0,0.0,0.0,0.0,0.0
2026-09-28 06:00:00,EP152026(2),28,2026-10-01 18:00:00,3 days 12:00:00,84,22.85,-166.56,990.3,51.0,95.9866645695124,9.42964317538599,6.753041974041459,95.9866645695124,95.9866645695124,0.0,0.0,0.4029460739335482,95.9866645695124,0.0,0.0,0.0,0.0
2026-09-28 06:00:00,EP152026(2),28,2026-10-02 00:00:00,3 days 18:00:00,90,23.12,-167.07,985.2,55.5,86.11703025918757,172.0339810753548,156.98449015697267,138.6406271831989,148.79345346573038,0.7463548127674979,0.2508595723369078,0.1819409414225092,86.11703025918757,0.0,0.0,0.0,0.0
2026-09-28 06:00:00,EP152026(2),28,2026-10-02 06:00:00,4 days 00:00:00,96,23.33,-167.16,989.7,50.0,95.67899158644354,176.04613795056264,149.4637615581616,117.42669510878316,136.31668685948077,95.67899158644354,0.0472231619175449,0.0,0.901705118868148,0.0,0.0,0.0,0.0
2026-09-28 06:00:00,EP152026(2),28,2026-10-02 12:00:00,4 days 06:00:00,102,23.8,-167.5,981.3,60.6,46.42832593915114,150.25179166148214,131.64481970799562,91.7009703168184,105.7434617843729,100.2903672849654,93.41037173264112,77.08188373597586,80.97152902167359,0.0,0.0,0.0,0.0
2026-09-28 06:00:00,EP152026(2),28,2026-10-02 18:00:00,4 days 12:00:00,108,23.75,-167.84,983.8,57.7,53.28276494593803,165.05851407527734,151.9756894102694,108.77203330109931,125.39500895553287,53.28276494593803,4.865954432008544,1.5282200270398762,1.4761871705237848,0.0,0.0,0.0,0.0
2026-09-28 06:00:00,EP152026(2),28,2026-10-03 00:00:00,4 days 18:00:00,114,23.99,-168.37,973.7,72.8,27.728352713763957,120.9499807455928,107.82651021973597,90.00312549979927,91.60513429601627,27.728352713763957,1.3868694313929415,0.5980526197907565,27.728352713763957,0.2122473270442935,0.2143910720870359,0.0,27.728352713763957
2026-09-28 06:00:00,EP152026(2),28,2026-10-03 06:00:00,5 days 00:00:00,120,24.07,-169.08,971.9,73.8,32.35132574684113,132.65243974391987,122.8657630325282,105.86364492879844,120.05633436732714,32.35132574684113,2.953851599358547,0.5988103962057418,5.481366532505425,32.35132574684113,0.0,0.0,0.6753505994362574
2026-09-28 06:00:00,EP152026(2),28,2026-10-03 12:00:00,5 days 06:00:00,126,24.28,-170.31,980.7,67.8,24.996656490112144,142.6250802169161,114.3405544676816,94.6379500439819,128.4589305362831,62.26838868897062,50.02960690622592,35.028611341959845,52.34654333823386,26.84522463241888,21.1267633985659,14.817853644030322,21.982400289784323
2026-09-28 06:00:00,EP152026(2),28,2026-10-03 18:00:00,5 days 12:00:00,132,24.36,-171.99,984.3,65.9,29.271000841490636,137.14649027285554,102.97479311138324,74.91499910565216,112.80732497986963,29.271000841490636,0.0071122533898844,0.0,29.271000841490636,0.3172996117879059,0.0,0.0,29.271000841490636
2026-09-28 06:00:00,EP152026(2),28,2026-10-04 00:00:00,5 days 18:00:00,138,24.45,-173.43,987.8,69.3,23.01962410534047,105.6407130263732,69.04505706623382,41.63551053121029,83.26395321712558,23.01962410534047,1.851034546815444,0.0,23.01962410534047,0.9917896105768332,0.0,0.0,23.01962410534047
2026-09-28 06:00:00,EP152026(2),28,2026-10-04 06:00:00,6 days 00:00:00,144,24.64,-174.96,976.6,72.5,48.32394981115608,239.24721382887276,182.42098413063087,145.36023902897506,209.21241175867036,66.90525183980454,49.4749283508701,33.41864438491241,54.51955536916962,48.32394981115608,23.16635106997898,16.77183627267864,24.433064829131936
2026-09-28 06:00:00,EP152026(2),28,2026-10-04 12:00:00,6 days 06:00:00,150,25.14,-176.61,974.9,77.4,33.03321517492242,171.39709456365227,120.2644338982042,83.71430067293593,144.97982942046582,81.46363974162009,62.64792334225884,42.81396446105069,67.77418357770122,38.46108108962014,30.5636368074489,23.076024882375272,32.68909287405624
2026-09-28 06:00:00,EP152026(2),28,2026-10-04 18:00:00,6 days 12:00:00,156,25.57,-178.22,968.9,80.5,9.999174089808657,204.29067272510176,153.4379622146409,116.05454134720728,173.97937635229334,98.63746000130912,85.45482606354972,64.46512372158871,86.06998734860738,50.60614910780448,44.05582264034892,34.93709979129876,43.37976429637126
2026-09-28 06:00:00,EP152026(2),28,2026-10-05 00:00:00,6 days 18:00:00,162,26.3,-179.67,964.0,90.7,9.376699339809932,155.52122275845636,130.8490288205112,78.55510783172991,127.19486011148295,69.92862805617801,55.49158219965466,37.054944115330215,57.6151425438693,34.125236461278746,27.87433745428531,20.408414058939485,28.690463437461347
2026-09-28 06:00:00,EP152026(2),28,2026-10-05 06:00:00,7 days 00:00:00,168,27.03,179.36,963.7,96.3,42.16594376913858,250.1592162285475,223.47033058702004,160.56846293722748,192.28518736821687,42.16594376913858,5.370265162733764,0.0,9.32281419085015,42.16594376913858,0.0,0.0,1.9842330807007809
2026-09-28 06:00:00,EP152026(2),28,2026-10-05 12:00:00,7 days 06:00:00,174,27.62,178.28,966.2,88.1,26.42645074664469,100.90483850708034,68.08345165784087,29.00713540873579,71.47708376080863,26.42645074664469,7.618446195016368,0.7437052260753987,12.208548319424615,26.42645074664469,2.3946928420462648,0.6640377326760589,4.9613441760568335
2026-09-28 06:00:00,EP152026(2),28,2026-10-05 18:00:00,7 days 12:00:00,180,28.21,177.37,976.9,70.8,51.40217607747617,248.33363162481223,195.449583191148,133.16140212718778,193.3210071264075,51.40217607747617,20.022062005990318,6.426283853308915,24.08929699617724,51.40217607747617,5.107146828361531,1.23558483667656,7.827283194668056
2026-09-28 06:00:00,EP152026(2),28,2026-10-06 00:00:00,7 days 18:00:00,186,28.52,176.62,976.0,70.2,0.0,95.24542710955076,81.71060305628251,55.23447951567741,84.83985910709356,4.8931524122855965,1.923530372017872,0.0,4.68897735658968,0.5958677139032202,0.0,0.0,0.0200026738922751
2026-09-28 06:00:00,EP152026(2),28,2026-10-06 06:00:00,8 days 00:00:00,192,28.36,176.02,977.0,72.0,36.02863297660876,174.9345042937109,130.90268262306677,104.95064733435862,143.1161504208531,36.02863297660876,6.615912601543593,0.9091951524476802,10.128727904413164,36.02863297660876,0.6460503438823799,0.0,1.833464005742902
2026-09-28 06:00:00,EP152026(2),28,2026-10-06 12:00:00,8 days 06:00:00,198,27.81,175.39,988.8,63.5,55.067048990339096,162.97269675986888,140.4610772094494,123.79628606464784,155.06152226352108,0.0,0.0,0.0,55.067048990339096,0.0,0.0,0.0,0.0
2026-09-28 06:00:00,EP152026(2),28,2026-10-06 18:00:00,8 days 12:00:00,204,27.3,174.17,996.4,42.7,24.87797375057937,60.25585152775338,15.99150569120208,20.592174013203618,39.31490657703115,0.0,0.0,0.0,0.0,0.0,0.0,0.0,0.0
2026-09-28 06:00:00,EP152026(2),28,2026-10-07 00:00:00,8 days 18:00:00,210,26.06,172.29,994.1,48.0,105.1728104172944,105.1728104172944,7.071321292072195,2.7190581057656047,8.502553126710367,0.0,0.0,0.0,0.0,0.0,0.0,0.0,0.0
2026-09-28 06:00:00,EP152026(2),28,2026-10-07 06:00:00,9 days 00:00:00,216,25.6,170.03,1003.6,40.3,98.94730350875147,0.362348238560557,0.1343713881485371,0.0,98.94730350875147,0.0,0.0,0.0,0.0,0.0,0.0,0.0,0.0
2026-09-28 06:00:00,EP152026(2),28,2026-10-07 12:00:00,9 days 06:00:00,222,25.51,167.44,1006.2,28.2,52.85182730598049,0.0,0.0,0.0,0.0,0.0,0.0,0.0,0.0,0.0,0.0,0.0,0.0
2026-09-28 06:00:00,EP152026(2),28,2026-10-07 18:00:00,9 days 12:00:00,228,25.28,164.62,1007.6,20.0,46.5568008429093,0.0,0.0,0.0,0.0,0.0,0.0,0.0,0.0,0.0,0.0,0.0,0.0
2026-09-28 06:00:00,EP152026(2),28,2026-10-08 00:00:00,9 days 18:00:00,234,26.62,162.97,1009.2,19.6,59.98889253010728,0.0,0.0,0.0,0.0,0.0,0.0,0.0,0.0,0.0,0.0,0.0,0.0
2026-09-28 06:00:00,EP172026,28,2026-09-28 06:00:00,0 days 00:00:00,0,23.2,-114.0,955.0,105.0,28.0,167.0,148.0,148.0,148.0,102.0,93.0,83.0,83.0,65.0,65.0,65.0,65.0
2026-09-28 06:00:00,EP172026,28,2026-09-28 12:00:00,0 days 06:00:00,6,23.91,-113.74,969.7,85.3,0.8448131674737169,140.48340846878466,156.59962930702568,97.18756038767944,93.04893962912784,67.46038672190765,67.58540231509147,49.667801370995306,51.51847953751883,34.13199420991468,31.87117647946241,25.35873279379932,27.88161742729392
2026-09-28 06:00:00,EP172026,28,2026-09-28 18:00:00,0 days 12:00:00,12,24.79,-113.21,975.8,77.2,9.816478297511583,150.73158503361728,194.96067124038743,149.83040377028,111.16242898191194,87.92809823208584,98.11947080029272,76.03126337329034,73.50536341369066,46.30245610879802,47.08427280021368,39.583553066649614,40.71598204073281
2026-09-28 06:00:00,EP172026,28,2026-09-29 00:00:00,0 days 18:00:00,18,25.2,-112.84,980.0,69.8,17.217908593778702,137.42975877941717,184.85597095966293,129.86596753336198,104.2240871785034,74.99198224707288,83.70601860872193,63.75891686305113,57.046751648606005,36.60308603215162,38.89872651676524,32.5319370342263,31.39434277600776
2026-09-28 06:00:00,EP172026,28,2026-09-29 06:00:00,1 days 00:00:00,24,26.04,-111.91,992.5,46.7,31.73209527639301,189.85670029931887,193.15433821719043,144.65261011149045,155.44251749227664,0.0,0.0,0.0,0.0,0.0,0.0,0.0,0.0
2026-09-28 06:00:00,EP172026,28,2026-09-29 12:00:00,1 days 06:00:00,30,26.83,-110.96,993.4,42.0,63.4863113567501,63.4863113567501,19.896941362325144,0.9318720989642416,4.255374189123881,0.0,0.0,0.0,0.0,0.0,0.0,0.0,0.0
2026-09-28 06:00:00,EP172026,28,2026-09-29 18:00:00,1 days 12:00:00,36,28.03,-110.38,996.3,33.2,56.01756594892208,0.0,0.0,0.0,0.0,0.0,0.0,0.0,0.0,0.0,0.0,0.0,0.0
2026-09-28 06:00:00,EP182026,28,2026-09-28 06:00:00,0 days 00:00:00,0,13.2,-100.0,1001.0,41.0,93.0,222.0,185.0,148.0,222.0,0.0,0.0,0.0,0.0,0.0,0.0,0.0,0.0
2026-09-28 06:00:00,EP182026,28,2026-09-28 12:00:00,0 days 06:00:00,6,13.47,-100.79,987.2,61.0,35.77624234823553,99.44441800333722,73.98786882659617,50.56982546295556,82.94390119945305,35.77624234823553,14.853549367039909,10.064302741295537,14.595391325092546,0.0,0.0,0.0,0.0
2026-09-28 06:00:00,EP182026,28,2026-09-28 18:00:00,0 days 12:00:00,12,13.6,-101.47,990.1,57.2,52.836185127247816,219.17198896940155,198.13500885954693,172.28455755841958,198.0986895702485,52.836185127247816,34.39722333217618,28.64643408271762,32.66019285232888,0.0,0.0,0.0,0.0
2026-09-28 06:00:00,EP182026,28,2026-09-29 00:00:00,0 days 18:00:00,18,14.18,-102.39,991.4,49.6,62.00104728704155,104.04534105443636,83.06234530835074,57.31968971890764,79.56048789154585,0.0,0.0,0.0,0.0,0.0,0.0,0.0,0.0
2026-09-28 06:00:00,EP182026,28,2026-09-29 06:00:00,1 days 00:00:00,24,14.76,-103.63,993.5,49.1,67.33155441942108,195.034703350682,159.83645767074836,137.65069958992072,159.87832568834784,0.0,0.0,0.0,0.0,0.0,0.0,0.0,0.0
2026-09-28 06:00:00,EP182026,28,2026-09-29 12:00:00,1 days 06:00:00,30,15.07,-104.26,994.0,46.8,69.63432191527062,159.10794734348843,127.4093987174572,97.8080648277638,120.09144988609349,0.0,0.0,0.0,0.0,0.0,0.0,0.0,0.0
2026-09-28 06:00:00,EP182026,28,2026-09-29 18:00:00,1 days 12:00:00,36,15.83,-105.13,988.6,52.6,49.13437327768219,143.0660183172149,135.3295337699734,104.4882744587544,113.3230074077932,49.13437327768219,20.506473432977412,16.516428619055972,19.116543064083142,0.0,0.0,0.0,0.0
2026-09-28 06:00:00,EP182026,28,2026-09-30 00:00:00,1 days 18:00:00,42,16.48,-105.63,987.6,66.9,35.11254038020559,202.29588516720787,170.4574871869777,105.4306953523444,155.0550417885231,35.11254038020559,18.955566682376254,5.156614038394267,17.768577542478567,35.11254038020559,3.6971038190429937,0.5565195642848622,3.893445374106612
2026-09-28 06:00:00,EP182026,28,2026-09-30 06:00:00,2 days 00:00:00,48,17.18,-106.01,980.3,71.6,34.85006969664098,170.2559883415616,164.263242449526,111.53583294987608,131.86781451501457,34.85006969664098,23.580171557773788,15.808472272466997,20.333869943273307,34.85006969664098,0.0,0.0,0.2596276680874123
2026-09-28 06:00:00,EP182026,28,2026-09-30 12:00:00,2 days 06:00:00,54,17.52,-106.65,982.2,71.0,28.56781958993253,171.6920898730425,153.6837193309325,103.93372543482997,138.93884979363156,74.01776964261512,58.90348091111344,39.15220439107389,58.52640630084045,32.03452705922098,25.91275244435593,18.28748802453316,26.036280926208377
2026-09-28 06:00:00,EP182026,28,2026-09-30 18:00:00,2 days 12:00:00,60,18.09,-107.1,969.8,91.4,23.85663911797224,196.1822400401396,175.25331981093484,117.40641278989584,147.72976718428652,71.471984277843,57.39986185712439,36.7666760790309,58.07811424149014,30.472795173168663,24.660192196150007,16.697776520840755,24.295057847110883
2026-09-28 06:00:00,EP182026,28,2026-10-01 00:00:00,2 days 18:00:00,66,18.58,-107.57,944.6,112.8,0.0,141.2293291385178,133.355132932571,106.42447963768836,114.65313644901936,43.42182455873879,40.16156655491183,29.77940201550362,38.20047792468152,22.175126197122253,19.44313832011024,14.413364536746968,18.218170317841853
2026-09-28 06:00:00,EP182026,28,2026-10-01 06:00:00,3 days 00:00:00,72,18.17,-107.76,945.9,111.7,14.21613544459666,167.14144546748662,148.33507827376866,164.53539131301022,176.02996050569868,81.76781351270023,76.36528598907478,74.32434687030809,78.7577868514561,48.2770593266535,46.52535450143159,41.04788846243122,42.87561594131574
2026-09-28 06:00:00,EP182026,28,2026-10-01 12:00:00,3 days 06:00:00,78,18.57,-107.86,953.5,102.9,42.3894268015255,190.27067069561207,168.4770702755572,158.7688143621661,183.5220989982516,42.3894268015255,15.813554825047316,15.049737202771611,20.028474674911816,42.3894268015255,8.125648997492043,7.415206744210138,8.33159956284987
2026-09-28 06:00:00,EP182026,28,2026-10-01 18:00:00,3 days 12:00:00,84,18.41,-108.25,952.6,103.6,15.319395057953834,160.07364430088074,149.24184592297024,146.47775542972715,152.1191698650696,80.64671769007593,79.24017686108857,71.58252908547513,74.37111316769561,46.4924353896846,44.97491898367604,38.33110145821862,40.66367150096889
2026-09-28 06:00:00,EP182026,28,2026-10-02 00:00:00,3 days 18:00:00,90,18.66,-108.34,960.8,94.3,38.84423241892768,137.92845786023946,127.0819419975022,147.62916556862115,146.0989301984515,82.92260499429221,77.02203429925635,72.2144350493682,79.57724733659711,47.43662158813592,44.363544019056775,38.11360356503312,42.06542123138996
2026-09-28 06:00:00,EP182026,28,2026-10-02 06:00:00,4 days 00:00:00,96,18.79,-108.91,963.3,87.7,48.51378952900416,162.79360722350157,139.51664221324836,140.9781038335018,151.99054184796933,91.9178602241218,80.85934564016156,71.36264199101629,82.67347790756958,48.51378952900416,44.29112864370165,38.50744228928045,43.191912570583554
2026-09-28 06:00:00,EP182026,28,2026-10-02 12:00:00,4 days 06:00:00,102,18.49,-109.07,969.2,92.1,0.0,164.74422615196403,136.7368958791942,139.79853826052738,149.35127056457443,57.760946140965615,53.21454736394831,45.255281482419846,51.58224712376413,29.758291009698866,27.274047758653264,24.64934874885346,26.435693417733248
2026-09-28 06:00:00,EP182026,28,2026-10-02 18:00:00,4 days 12:00:00,108,18.55,-109.71,966.6,89.4,11.400826127859176,188.4316341616021,157.70588001716692,165.7560972493991,205.9720857725656,112.01286060068765,98.31818998839702,86.60553580776991,102.59325208068742,60.00149703833927,54.51013443512073,47.92501508799367,53.81926388848018
2026-09-28 06:00:00,EP182026,28,2026-10-03 00:00:00,4 days 18:00:00,114,18.41,-110.12,961.7,99.0,33.40445562689004,181.2492156325452,165.06709085453417,170.19551617336555,189.0336226820927,109.14801656104363,95.87834593799715,83.1335420042829,101.68683383251188,59.52102738904245,52.05394915052442,45.25814438673198,52.5529067516218
2026-09-28 06:00:00,EP182026,28,2026-10-03 06:00:00,5 days 00:00:00,120,18.27,-110.62,965.8,88.3,32.995770113393604,155.75410918273468,119.85262652467767,126.8612561464554,163.99406921660614,81.3708991152352,70.51416311539225,61.42895128250358,74.81690533854949,42.35654962656151,38.09067423355575,33.544152994812094,37.9310030349931
2026-09-28 06:00:00,EP182026,28,2026-10-03 12:00:00,5 days 06:00:00,126,18.29,-111.15,969.2,88.2,21.52895272802304,186.5300783882929,163.53991518425997,144.63526602610352,179.81113376870184,100.19345374513276,88.79979113503008,74.35945176210052,89.26354064923835,51.48668667184829,47.01318977071645,38.92582825124962,45.24909973969889
2026-09-28 06:00:00,EP182026,28,2026-10-03 18:00:00,5 days 12:00:00,132,18.34,-111.4,972.2,78.0,20.67105897195204,164.88232240669015,140.07226481863864,149.36675926731365,166.9405702560307,82.87144025132321,72.52821819523649,62.69436891679085,76.8996564903374,42.97639308838805,38.4960228188034,32.355655342508825,37.09701900600054
2026-09-28 06:00:00,EP182026,28,2026-10-04 00:00:00,5 days 18:00:00,138,18.34,-111.58,975.3,70.0,51.4356159412761,141.3612304402125,138.25420877565813,131.97697860852136,141.1648763413794,84.82765060166395,77.20227954232479,64.42534632735816,77.58573982859116,51.4356159412761,39.62038031615907,31.60126716731257,37.56698414147674
2026-09-28 06:00:00,EP182026,28,2026-10-04 06:00:00,6 days 00:00:00,144,18.68,-111.93,973.7,79.9,25.73397638400445,122.42392788464151,112.06148309707504,112.18633238347412,113.71282728341212,69.13792421679776,62.505508773862765,53.07044076780535,62.67336018420709,36.19500587560057,32.73198613921995,26.36940466906468,30.907568198625427
2026-09-28 06:00:00,EP182026,28,2026-10-04 12:00:00,6 days 06:00:00,150,18.62,-111.9,985.3,63.0,35.36742982315883,163.22999473312598,157.7822556930223,138.01063232748697,143.866044921024,91.00799532864698,83.91971619450248,66.05345408156882,75.99164649856834,0.0,0.0,0.0,0.0
2026-09-28 06:00:00,EP182026,28,2026-10-04 18:00:00,6 days 12:00:00,156,19.03,-111.94,985.6,57.1,22.137020962002797,151.5678596113455,151.97087260311014,113.13271513239135,122.4326247309715,69.02286954161019,61.34820820454286,45.457351271694336,54.80351801393681,0.0,0.0,0.0,0.0
2026-09-28 06:00:00,EP182026,28,2026-10-05 00:00:00,6 days 18:00:00,162,19.3,-111.86,984.5,59.3,19.686448309806508,106.55049394057691,103.23638854407524,77.94577319309576,83.52905947784984,43.94134605109716,38.85688738756528,27.278552854336567,32.35870558988323,0.0,0.0,0.0,0.0
2026-09-28 06:00:00,EP182026,28,2026-10-05 06:00:00,7 days 00:00:00,168,19.21,-112.07,985.5,58.9,37.30013770286317,116.57411642081745,108.73552527460492,76.02100006540874,93.67522225721684,37.30013770286317,8.149294634852652,2.096390307007708,7.052626404497758,0.0,0.0,0.0,0.0
2026-09-28 06:00:00,EP182026,28,2026-10-05 12:00:00,7 days 06:00:00,174,19.47,-112.16,979.8,72.6,54.39490174732923,168.5674363373767,143.52348344464076,114.8906237009546,140.34506090787676,70.07330153364644,59.87102596085124,41.64370113391996,57.9755719152176,54.39490174732923,25.795356493380005,18.82072060911369,24.450389408583263
2026-09-28 06:00:00,EP182026,28,2026-10-05 18:00:00,7 days 12:00:00,180,19.62,-112.87,975.4,75.8,17.889286768635515,158.6176150177829,129.78526865606443,109.98670596656372,147.07136808680775,78.08526073825587,67.71687853655251,53.888421646419374,67.55546679867352,37.65225909054258,33.51833775262199,27.825860748475197,32.713966430092626
2026-09-28 06:00:00,EP182026,28,2026-10-06 00:00:00,7 days 18:00:00,186,19.75,-113.47,976.3,78.0,28.150959135363536,187.16582806351173,155.30072939623096,140.95681290127447,178.52067340766416,104.39065398890052,88.50006715476135,72.3374685044596,91.46364226659068,52.978807157486926,45.90414365352295,37.77303024991159,45.98084222257219
2026-09-28 06:00:00,EP182026,28,2026-10-06 06:00:00,8 days 00:00:00,192,20.09,-113.91,967.3,88.5,15.781301202966638,160.6108109814116,125.9028637947292,125.45310346083384,146.73827036200794,81.47918522475995,72.17019614606048,60.98407850390971,75.04828459198717,41.744932605665866,37.49736567455093,30.24833527602151,35.412127392520105
2026-09-28 06:00:00,EP182026,28,2026-10-06 12:00:00,8 days 06:00:00,198,20.39,-114.52,979.2,73.9,39.42978697120792,138.34494510204155,121.4084105814463,113.29937897428417,127.8923397826232,66.74156438823475,55.05686446633236,42.52572367195674,57.26602480053542,39.42978697120792,26.17733314511113,18.964781033081685,25.740961312785128
2026-09-28 06:00:00,EP182026,28,2026-10-06 18:00:00,8 days 12:00:00,204,20.64,-115.17,968.3,87.3,30.26217305821601,185.63434039095532,145.99231442402166,127.33389485491318,170.16172804455596,87.16753590240313,71.89797047710101,59.642739036232335,78.37686025302054,42.38254531750026,36.89736617453927,30.069963257115337,36.67740751455898
2026-09-28 06:00:00,EP182026,28,2026-10-07 00:00:00,8 days 18:00:00,210,21.18,-115.85,967.1,85.4,0.0,127.74481037548684,103.11680441892533,81.01998428566003,108.9948771212803,33.763160473812604,24.636327350784995,15.461946008495945,28.285999079998877,13.255741379047322,9.899417220403848,5.691867782413738,10.114373033477024
2026-09-28 06:00:00,EP182026,28,2026-10-07 06:00:00,9 days 00:00:00,216,21.5,-116.4,977.4,74.8,12.775336260421437,157.53944269744872,121.31837907657736,99.8326790570033,136.4515056245104,73.36993654994791,60.95965024593646,45.01261523990328,62.80763877717788,34.56641583911343,28.84218252373964,21.30065996125973,28.48169955845288
2026-09-28 06:00:00,EP182026,28,2026-10-07 12:00:00,9 days 06:00:00,222,22.08,-116.94,969.4,87.3,27.71944655304111,230.85340567472656,191.5092968729305,153.991460095481,198.95977223746468,108.04100569783202,92.05540582218153,71.80021829499378,92.7425841542643,52.99365439991044,46.07474504552695,35.41983405700424,44.1851229293768
2026-09-28 06:00:00,EP182026,28,2026-10-07 18:00:00,9 days 12:00:00,228,22.14,-117.73,969.9,87.6,38.585893268477534,196.1315780153227,157.2712966430699,156.06273794157903,189.62475300688996,112.4981706223493,98.76849573153692,85.40273028913049,104.4299040040044,59.284885042416526,53.55183081261921,45.003268667331824,51.86519626676829
2026-09-28 06:00:00,EP182026,28,2026-10-08 00:00:00,9 days 18:00:00,234,22.46,-118.11,975.8,77.5,26.190678514272637,208.1180624256073,176.35748729881573,146.19224415152797,192.04377482337875,109.6803375425278,95.41344637015489,75.08801153116394,93.67732155664868,52.87551291046526,47.650303182096,37.60236808746991,45.13794418238189
2026-09-28 06:00:00,EP182026,28,2026-10-08 06:00:00,10 days 00:00:00,240,22.72,-118.83,981.0,62.2,69.43004861955785,255.25913253517075,223.95168116003325,195.05368731855245,227.89693159457264,69.43004861955785,1.3281175673593486,0.0,4.816960101590524,0.0,0.0,0.0,0.0
2026-09-28 06:00:00,EP182026,28,2026-10-08 12:00:00,10 days 06:00:00,246,22.55,-119.36,976.6,71.4,40.14103015058773,178.03942869831243,149.87782467182453,139.44031117512793,172.60473426032223,40.37364983962924,34.35671332910404,27.730772068851717,34.71153857345928,40.14103015058773,0.2734495121250857,0.2826282131907307,1.3914355728208294
2026-09-28 06:00:00,EP182026,28,2026-10-08 18:00:00,10 days 12:00:00,252,22.5,-119.89,977.7,70.4,15.391709102921531,161.46099095558534,132.61374392316347,114.45790779571348,141.67680020534095,68.67270259135663,56.54169090740098,44.27801868169871,58.99564896532675,32.04014581989075,27.757574535735323,22.30142508298553,26.83462751350426
2026-09-28 06:00:00,EP182026,28,2026-10-09 00:00:00,10 days 18:00:00,258,22.52,-120.27,984.8,57.5,74.64061895216224,213.0356103070794,195.3764801059494,161.60437889896215,185.29827071309995,74.64061895216224,31.43497080873517,26.68283622073378,28.89650967290305,0.0,0.0,0.0,0.0
2026-09-28 06:00:00,EP182026,28,2026-10-09 06:00:00,11 days 00:00:00,264,22.43,-120.77,992.1,52.0,47.84612800783652,228.88251156466737,209.14076823793252,184.24156070654843,209.32567882585093,0.5541776648755667,0.0,0.0,47.84612800783652,0.0,0.0,0.0,0.0
2026-09-28 06:00:00,EP182026,28,2026-10-09 12:00:00,11 days 06:00:00,270,22.44,-121.27,992.9,42.9,81.41419212846355,110.89669038124714,93.53664509396056,76.06529090234619,92.69535214775188,0.0,0.0,0.0,0.0,0.0,0.0,0.0,0.0
2026-09-28 06:00:00,EP182026,28,2026-10-09 18:00:00,11 days 12:00:00,276,22.68,-121.6,994.6,42.5,59.13056731695652,166.33428871212817,148.80952037873772,132.2269228762353,145.6186817995769,0.0,0.0,0.0,0.0,0.0,0.0,0.0,0.0
2026-09-28 06:00:00,EP182026,28,2026-10-10 00:00:00,11 days 18:00:00,282,22.86,-121.59,997.0,39.2,59.57170794016431,169.84968598725064,153.9048144520255,125.03529960788168,142.65113162046558,0.0,0.0,0.0,0.0,0.0,0.0,0.0,0.0
2026-09-28 06:00:00,EP182026,28,2026-10-10 06:00:00,12 days 00:00:00,288,23.1,-121.91,997.6,42.6,55.599884663538205,2.051619730455627,55.599884663538205,0.0,4.519922429745975,0.0,0.0,0.0,0.0,0.0,0.0,0.0,0.0
2026-09-28 06:00:00,EP182026,28,2026-10-10 12:00:00,12 days 06:00:00,294,23.23,-122.39,1001.4,33.1,116.37663599907424,0.0,0.0,0.0,0.0,0.0,0.0,0.0,0.0,0.0,0.0,0.0,0.0
2026-09-28 06:00:00,EP182026,28,2026-10-10 18:00:00,12 days 12:00:00,300,23.13,-122.8,1000.6,33.5,60.65814122734191,0.0,0.0,0.0,0.0,0.0,0.0,0.0,0.0,0.0,0.0,0.0,0.0
2026-09-28 06:00:00,EP182026,28,2026-10-11 00:00:00,12 days 18:00:00,306,23.1,-122.89,1000.4,29.6,90.3390878486399,0.0,0.0,0.0,0.0,0.0,0.0,0.0,0.0,0.0,0.0,0.0,0.0
2026-09-28 06:00:00,EP182026,28,2026-10-11 06:00:00,13 days 00:00:00,312,23.12,-122.45,1003.1,31.3,135.3629429291273,0.0,0.0,0.0,0.0,0.0,0.0,0.0,0.0,0.0,0.0,0.0,0.0
2026-09-28 06:00:00,EP182026,28,2026-10-11 12:00:00,13 days 06:00:00,318,24.25,-122.84,1001.7,32.2,85.30355570791231,0.0,0.0,0.0,0.0,0.0,0.0,0.0,0.0,0.0,0.0,0.0,0.0
2026-09-28 06:00:00,EP182026,28,2026-10-11 18:00:00,13 days 12:00:00,324,24.47,-122.87,1002.9,30.7,119.6070954071858,0.0,0.0,0.0,0.0,0.0,0.0,0.0,0.0,0.0,0.0,0.0,0.0
2026-09-28 06:00:00,EP182026,28,2026-10-12 00:00:00,13 days 18:00:00,330,26.08,-122.9,1003.7,28.5,59.911720001751895,0.0,0.0,0.0,0.0,0.0,0.0,0.0,0.0,0.0,0.0,0.0,0.0
2026-09-28 06:00:00,EP182026,28,2026-10-12 06:00:00,14 days 00:00:00,336,26.39,-122.82,1001.8,24.1,54.05974491680524,0.0,0.0,0.0,0.0,0.0,0.0,0.0,0.0,0.0,0.0,0.0,0.0
2026-09-28 06:00:00,EP182026,28,2026-10-12 12:00:00,14 days 06:00:00,342,26.51,-123.15,1004.5,24.2,63.56391731803204,0.0,0.0,0.0,0.0,0.0,0.0,0.0,0.0,0.0,0.0,0.0,0.0
2026-09-28 06:00:00,EP182026,28,2026-10-12 18:00:00,14 days 12:00:00,348,27.22,-123.36,1009.2,20.2,61.36880077182924,0.0,0.0,0.0,0.0,0.0,0.0,0.0,0.0,0.0,0.0,0.0,0.0
2026-09-28 06:00:00,EP182026,28,2026-10-13 00:00:00,14 days 18:00:00,354,27.5,-123.04,1007.3,25.0,119.40905557524589,0.0,0.0,0.0,0.0,0.0,0.0,0.0,0.0,0.0,0.0,0.0,0.0
2026-09-28 06:00:00,EP912026(3),28,2026-09-28 06:00:00,0 days 00:00:00,0,12.7,-136.6,1005.0,29.0,93.0,0.0,0.0,0.0,0.0,0.0,0.0,0.0,0.0,0.0,0.0,0.0,0.0
2026-09-28 06:00:00,WP252026,28,2026-09-28 06:00:00,0 days 00:00:00,0,27.5,131.6,954.0,99.0,9.0,148.0,158.0,148.0,121.0,,,,,,,,
2026-09-28 06:00:00,WP252026,28,2026-09-28 12:00:00,0 days 06:00:00,6,27.5,132.82,986.3,60.5,15.142993369072885,123.08692179736954,134.89539941417934,108.9424018513064,91.48852261201728,1.2313391877680715,15.142993369072885,2.839170058106447,0.0,0.0,0.0,0.0,0.0
2026-09-28 06:00:00,WP252026,28,2026-09-28 18:00:00,0 days 12:00:00,12,27.76,133.23,990.3,48.1,58.689498097022565,40.38836862465446,58.689498097022565,31.43068979880657,25.10864901363475,0.0,0.0,0.0,0.0,0.0,0.0,0.0,0.0
2026-09-28 06:00:00,WP252026,28,2026-09-29 00:00:00,0 days 18:00:00,18,28.55,134.14,991.8,46.6,47.17088955093971,158.73231638621468,155.89254998849742,115.33094913035046,116.87561109665111,0.0,0.0,0.0,0.0,0.0,0.0,0.0,0.0
2026-09-28 06:00:00,WP252026,28,2026-09-29 06:00:00,1 days 00:00:00,24,29.31,134.92,987.4,50.0,48.428870359685206,130.30431720827386,122.75847048913823,89.97565530779937,92.45256999330184,0.0,48.428870359685206,0.0907880989231539,0.0,0.0,0.0,0.0,0.0
2026-09-28 06:00:00,WP252026,28,2026-09-29 12:00:00,1 days 06:00:00,30,29.84,136.03,998.6,37.2,103.27868336662434,103.27868336662434,1.6181282075593,0.6748732447549051,0.0,0.0,0.0,0.0,0.0,0.0,0.0,0.0,0.0
2026-09-28 06:00:00,WP252026,28,2026-09-29 18:00:00,1 days 12:00:00,36,30.71,137.16,998.0,33.6,61.43935768121064,0.0,0.0,0.0,0.0,0.0,0.0,0.0,0.0,0.0,0.0,0.0,0.0
2026-09-28 06:00:00,WP252026,28,2026-09-30 00:00:00,1 days 18:00:00,42,31.18,138.11,994.9,36.9,80.35157552950841,86.19202460321947,74.08258971138855,59.912161998217584,69.9730585836038,0.0,0.0,0.0,0.0,0.0,0.0,0.0,0.0
2026-09-28 06:00:00,WP252026,28,2026-09-30 06:00:00,2 days 00:00:00,48,31.94,139.23,1000.2,33.3,117.58682119411692,0.0,0.0,0.0,0.0,0.0,0.0,0.0,0.0,0.0,0.0,0.0,0.0
2026-09-28 06:00:00,WP252026,28,2026-09-30 12:00:00,2 days 06:00:00,54,33.18,140.69,995.5,35.7,39.274781685445774,42.28558276568397,46.943173291698045,16.875121257567763,13.846142481807782,0.0,0.0,0.0,0.0,0.0,0.0,0.0,0.0
2026-09-28 06:00:00,WP252026,28,2026-09-30 18:00:00,2 days 12:00:00,60,33.96,141.94,993.2,39.1,33.3131876835962,0.0,33.3131876835962,0.0,0.0,0.0,0.0,0.0,0.0,0.0,0.0,0.0,0.0
2026-09-28 06:00:00,WP252026,28,2026-10-01 00:00:00,2 days 18:00:00,66,34.87,143.71,993.6,36.0,113.34279617829309,9.469334915370425,113.34279617829309,0.0,0.7113199167819602,0.0,0.0,0.0,0.0,0.0,0.0,0.0,0.0
2026-09-28 06:00:00,WP252026,28,2026-10-01 06:00:00,3 days 00:00:00,72,35.67,145.05,1000.1,31.4,145.0648367022145,0.0,0.0,0.0,0.0,0.0,0.0,0.0,0.0,0.0,0.0,0.0,0.0
2026-09-28 06:00:00,WP252026,28,2026-10-01 12:00:00,3 days 06:00:00,78,37.37,146.64,1003.1,30.7,138.98228871830386,0.0,0.0,0.0,0.0,0.0,0.0,0.0,0.0,0.0,0.0,0.0,0.0
2026-09-28 06:00:00,WP252026,28,2026-10-01 18:00:00,3 days 12:00:00,84,39.22,150.95,998.7,34.7,130.8438795148777,0.0,0.0,130.8438795148777,0.0,0.0,0.0,0.0,0.0,0.0,0.0,0.0,0.0
2026-09-28 06:00:00,WP252026,28,2026-10-02 00:00:00,3 days 18:00:00,90,41.81,155.45,995.7,38.3,171.43458215457278,171.43458215457278,0.0,0.0,0.0,0.0,0.0,0.0,0.0,0.0,0.0,0.0,0.0
2026-09-28 06:00:00,WP252026,28,2026-10-02 06:00:00,4 days 00:00:00,96,43.18,160.47,991.9,35.8,177.16657447064438,177.16657447064438,0.0,0.0,0.0,0.0,0.0,0.0,0.0,0.0,0.0,0.0,0.0
2026-09-28 06:00:00,WP252026,28,2026-10-02 12:00:00,4 days 06:00:00,102,45.29,164.74,989.9,38.4,98.54402356148896,98.54402356148896,11.03925117043086,5.029660578601671,10.92353568366068,0.0,0.0,0.0,0.0,0.0,0.0,0.0,0.0
2026-09-28 06:00:00,WP922026(4),28,2026-09-28 06:00:00,0 days 00:00:00,0,16.4,97.6,1001.0,29.0,64.0,0.0,0.0,0.0,0.0,0.0,0.0,0.0,0.0,0.0,0.0,0.0,0.0
2026-09-28 06:00:00,WP922026(4),28,2026-09-28 12:00:00,0 days 06:00:00,6,17.21,97.24,1002.3,22.7,67.51187475651699,0.0,0.0,0.0,0.0,0.0,0.0,0.0,0.0,0.0,0.0,0.0,0.0
2026-09-28 06:00:00,WP922026(4),28,2026-09-28 18:00:00,0 days 12:00:00,12,18.28,96.31,1002.9,20.4,47.40957312038023,0.0,0.0,0.0,0.0,0.0,0.0,0.0,0.0,0.0,0.0,0.0,0.0
2026-09-28 06:00:00,WP922026(4),28,2026-09-29 00:00:00,0 days 18:00:00,18,19.91,95.79,1006.9,22.4,66.52450702846613,0.0,0.0,0.0,0.0,0.0,0.0,0.0,0.0,0.0,0.0,0.0,0.0
2026-09-28 06:00:00,WP922026(4),28,2026-09-29 06:00:00,1 days 00:00:00,24,19.57,94.67,1003.1,24.5,64.43461977148127,0.0,0.0,0.0,0.0,0.0,0.0,0.0,0.0,0.0,0.0,0.0,0.0
2026-09-28 06:00:00,1,29,2026-09-28 12:00:00,0 days 06:00:00,6,23.43,-123.25,1002.0,24.0,94.78792888043192,0.0,0.0,0.0,0.0,0.0,0.0,0.0,0.0,0.0,0.0,0.0,0.0
2026-09-28 06:00:00,1,29,2026-09-28 18:00:00,0 days 12:00:00,12,22.99,-123.15,1005.5,27.4,117.37367820774568,0.0,0.0,0.0,0.0,0.0,0.0,0.0,0.0,0.0,0.0,0.0,0.0
2026-09-28 06:00:00,1,29,2026-09-29 00:00:00,0 days 18:00:00,18,22.43,-122.93,1004.4,29.3,76.64790225310502,0.0,0.0,0.0,0.0,0.0,0.0,0.0,0.0,0.0,0.0,0.0,0.0
2026-09-28 06:00:00,1,29,2026-09-29 06:00:00,1 days 00:00:00,24,21.15,-123.05,1005.3,23.2,152.0168847531075,0.0,0.0,0.0,0.0,0.0,0.0,0.0,0.0,0.0,0.0,0.0,0.0
2026-09-28 06:00:00,1,29,2026-09-29 12:00:00,1 days 06:00:00,30,20.7,-123.38,1006.6,21.8,151.93537801638217,0.0,0.0,0.0,0.0,0.0,0.0,0.0,0.0,0.0,0.0,0.0,0.0
2026-09-28 06:00:00,1,29,2026-09-29 18:00:00,1 days 12:00:00,36,20.27,-123.37,1005.7,24.3,126.61702880760804,0.0,0.0,0.0,0.0,0.0,0.0,0.0,0.0,0.0,0.0,0.0,0.0
2026-09-28 06:00:00,1,29,2026-09-30 00:00:00,1 days 18:00:00,42,19.46,-124.36,1007.4,19.4,98.66206317063804,0.0,0.0,0.0,0.0,0.0,0.0,0.0,0.0,0.0,0.0,0.0,0.0
2026-09-28 06:00:00,1,29,2026-09-30 06:00:00,2 days 00:00:00,48,18.75,-124.36,1006.3,20.7,130.04283682859676,0.0,0.0,0.0,0.0,0.0,0.0,0.0,0.0,0.0,0.0,0.0,0.0
2026-09-28 06:00:00,1,29,2026-09-30 12:00:00,2 days 06:00:00,54,18.97,-124.78,1007.3,18.6,118.11461247934312,0.0,0.0,0.0,0.0,0.0,0.0,0.0,0.0,0.0,0.0,0.0,0.0
2026-09-28 06:00:00,1,29,2026-09-30 18:00:00,2 days 12:00:00,60,18.93,-125.34,1007.3,15.7,95.6505630116458,0.0,0.0,0.0,0.0,0.0,0.0,0.0,0.0,0.0,0.0,0.0,0.0
2026-09-28 06:00:00,1,29,2026-10-01 00:00:00,2 days 18:00:00,66,18.76,-125.93,1005.1,22.4,41.35324382537136,0.0,0.0,0.0,0.0,0.0,0.0,0.0,0.0,0.0,0.0,0.0,0.0
2026-09-28 06:00:00,1,29,2026-10-01 06:00:00,3 days 00:00:00,72,18.87,-126.33,1008.2,18.8,57.83504647142837,0.0,0.0,0.0,0.0,0.0,0.0,0.0,0.0,0.0,0.0,0.0,0.0
2026-09-28 06:00:00,1,29,2026-10-01 12:00:00,3 days 06:00:00,78,17.51,-127.27,1010.8,19.0,136.1346913189845,0.0,0.0,0.0,0.0,0.0,0.0,0.0,0.0,0.0,0.0,0.0,0.0
2026-09-28 06:00:00,1,29,2026-10-01 18:00:00,3 days 12:00:00,84,18.17,-127.95,1005.8,21.0,64.15580025926391,0.0,0.0,0.0,0.0,0.0,0.0,0.0,0.0,0.0,0.0,0.0,0.0
2026-09-28 06:00:00,15,29,2026-10-04 06:00:00,6 days 00:00:00,144,10.76,159.18,1004.2,20.1,68.39191729029189,0.0,0.0,0.0,0.0,0.0,0.0,0.0,0.0,0.0,0.0,0.0,0.0
2026-09-28 06:00:00,15,29,2026-10-04 12:00:00,6 days 06:00:00,150,9.64,159.08,1007.0,22.0,76.18918690111764,0.0,0.0,0.0,0.0,0.0,0.0,0.0,0.0,0.0,0.0,0.0,0.0
2026-09-28 06:00:00,15,29,2026-10-04 18:00:00,6 days 12:00:00,156,9.64,158.93,1005.3,23.6,55.52224836615007,0.0,0.0,0.0,0.0,0.0,0.0,0.0,0.0,0.0,0.0,0.0,0.0
2026-09-28 06:00:00,15,29,2026-10-05 00:00:00,6 days 18:00:00,162,7.95,159.62,1006.6,23.8,59.76826484228698,0.0,0.0,0.0,0.0,0.0,0.0,0.0,0.0,0.0,0.0,0.0,0.0
2026-09-28 06:00:00,15,29,2026-10-05 06:00:00,7 days 00:00:00,168,7.4,159.34,1003.9,28.3,57.88200968191462,0.0,0.0,0.0,0.0,0.0,0.0,0.0,0.0,0.0,0.0,0.0,0.0
2026-09-28 06:00:00,15,29,2026-10-05 12:00:00,7 days 06:00:00,174,7.04,160.06,1004.0,24.2,60.159480437808526,0.0,0.0,0.0,0.0,0.0,0.0,0.0,0.0,0.0,0.0,0.0,0.0
2026-09-28 06:00:00,15,29,2026-10-05 18:00:00,7 days 12:00:00,180,7.15,160.29,1001.9,32.2,54.847332617439406,0.0,0.0,0.0,0.0,0.0,0.0,0.0,0.0,0.0,0.0,0.0,0.0
2026-09-28 06:00:00,15,29,2026-10-06 00:00:00,7 days 18:00:00,186,7.83,161.0,1003.3,28.6,82.39686841606806,0.0,0.0,0.0,0.0,0.0,0.0,0.0,0.0,0.0,0.0,0.0,0.0
2026-09-28 06:00:00,15,29,2026-10-06 06:00:00,8 days 00:00:00,192,7.97,160.87,1002.2,30.6,72.20816414489994,0.0,0.0,0.0,0.0,0.0,0.0,0.0,0.0,0.0,0.0,0.0,0.0
2026-09-28 06:00:00,15,29,2026-10-06 12:00:00,8 days 06:00:00,198,8.53,160.92,998.2,45.3,64.99480402438442,7.98185415227205,64.99480402438442,17.12741155040169,5.361837804424817,0.0,0.0,0.0,0.0,0.0,0.0,0.0,0.0
2026-09-28 06:00:00,15,29,2026-10-06 18:00:00,8 days 12:00:00,204,9.28,160.26,992.5,52.5,62.24737318327702,138.96024396381932,137.31081574433415,112.76420266777043,110.34145536325155,62.24737318327702,15.70085673425711,11.149378494464385,14.803650913742215,0.0,0.0,0.0,0.0
2026-09-28 06:00:00,15,29,2026-10-07 00:00:00,8 days 18:00:00,210,10.2,159.54,1000.8,35.0,40.71336645980003,40.71336645980003,24.23959627290921,14.85978730838218,30.05623905361676,0.0,0.0,0.0,0.0,0.0,0.0,0.0,0.0
2026-09-28 06:00:00,15,29,2026-10-07 06:00:00,9 days 00:00:00,216,11.41,159.25,990.6,55.6,29.91582274512476,114.67429281975927,92.63645745049187,69.57558373704387,93.481470720051,29.91582274512476,5.211617572339083,0.5514953513975094,5.516116925992417,0.0,0.0,0.0,0.0
2026-09-28 06:00:00,15,29,2026-10-07 12:00:00,9 days 06:00:00,222,12.54,158.45,988.0,65.0,30.58542911595693,181.53621619746127,153.4195735427133,118.70102663989928,156.6563938023993,36.1905665149948,27.571631270991663,16.52243580246636,23.86282139068107,30.58542911595693,0.0,0.0,0.0
2026-09-28 06:00:00,15,29,2026-10-07 18:00:00,9 days 12:00:00,228,13.63,157.46,992.1,53.6,80.4334710399763,80.4334710399763,25.317852602338437,18.14043954237941,80.4334710399763,0.0,0.0,0.0,80.4334710399763,0.0,0.0,0.0,0.0
2026-09-28 06:00:00,15,29,2026-10-08 00:00:00,9 days 18:00:00,234,14.47,156.5,973.8,77.1,27.51600009805716,179.877259796371,126.46292200748948,112.434839224274,154.07082146881334,58.40399135235568,39.02862437529208,25.95693949740283,43.06698068772138,27.51600009805716,8.418236307847373,6.713945045880383,11.467504475481778
2026-09-28 06:00:00,15,29,2026-10-08 06:00:00,10 days 00:00:00,240,15.46,155.3,977.0,71.6,32.134250361855564,119.5397531320474,98.64249301569424,73.16483059171658,94.27999645706922,32.134250361855564,0.3022044591874888,32.134250361855564,0.194850120845143,0.0,0.0,32.134250361855564,0.194850120845143
2026-09-28 06:00:00,15,29,2026-10-08 12:00:00,10 days 06:00:00,246,15.99,154.25,1000.0,46.8,55.895832727626086,59.78518014597671,31.70529592669987,22.748596161686216,46.42296677734821,0.0,0.0,0.0,0.0,0.0,0.0,0.0,0.0
2026-09-28 06:00:00,15,29,2026-10-08 18:00:00,10 days 12:00:00,252,17.07,153.35,1000.0,41.8,57.49146539074172,57.49146539074172,3.704300907794959,9.511063736181768,15.023409382852035,0.0,0.0,0.0,0.0,0.0,0.0,0.0,0.0
2026-09-28 06:00:00,15,29,2026-10-09 00:00:00,10 days 18:00:00,258,17.55,153.07,999.6,43.2,75.19358490222976,7.636507503354892,0.0,7.632335903288776,75.19358490222976,0.0,0.0,0.0,0.0,0.0,0.0,0.0,0.0
2026-09-28 06:00:00,15,29,2026-10-09 06:00:00,11 days 00:00:00,264,17.93,152.38,1002.4,38.1,117.318223659901,117.318223659901,74.3857777463819,55.29579708060001,75.12737383567347,0.0,0.0,0.0,0.0,0.0,0.0,0.0,0.0
2026-09-28 06:00:00,15,29,2026-10-09 12:00:00,11 days 06:00:00,270,18.13,151.53,1002.0,35.4,59.16819439582184,2.825837723443186,59.16819439582184,0.0,1.4249926397674173,0.0,0.0,0.0,0.0,0.0,0.0,0.0,0.0
2026-09-28 06:00:00,15,29,2026-10-09 18:00:00,11 days 12:00:00,276,18.89,150.85,1002.7,36.0,96.04062681207304,96.04062681207304,0.0,0.0,2.9538074641107954,0.0,0.0,0.0,0.0,0.0,0.0,0.0,0.0
2026-09-28 06:00:00,15,29,2026-10-10 00:00:00,11 days 18:00:00,282,19.06,150.22,1004.7,26.4,114.6479718404906,0.0,0.0,0.0,0.0,0.0,0.0,0.0,0.0,0.0,0.0,0.0,0.0
2026-09-28 06:00:00,15,29,2026-10-10 06:00:00,12 days 00:00:00,288,19.63,150.12,1004.5,30.8,49.660618181871705,0.0,0.0,0.0,0.0,0.0,0.0,0.0,0.0,0.0,0.0,0.0,0.0
2026-09-28 06:00:00,15,29,2026-10-10 12:00:00,12 days 06:00:00,294,18.69,149.21,1007.4,21.1,117.02569363532712,0.0,0.0,0.0,0.0,0.0,0.0,0.0,0.0,0.0,0.0,0.0,0.0
2026-09-28 06:00:00,15,29,2026-10-10 18:00:00,12 days 12:00:00,300,18.42,148.39,1005.3,24.0,59.42981078466703,0.0,0.0,0.0,0.0,0.0,0.0,0.0,0.0,0.0,0.0,0.0,0.0
2026-09-28 06:00:00,15,29,2026-10-11 00:00:00,12 days 18:00:00,306,17.54,148.17,1006.5,15.5,123.1072508968748,0.0,0.0,0.0,0.0,0.0,0.0,0.0,0.0,0.0,0.0,0.0,0.0
2026-09-28 06:00:00,15,29,2026-10-11 06:00:00,13 days 00:00:00,312,18.32,146.82,1005.5,18.5,79.7008915458066,0.0,0.0,0.0,0.0,0.0,0.0,0.0,0.0,0.0,0.0,0.0,0.0
2026-09-28 06:00:00,2,29,2026-09-28 18:00:00,0 days 12:00:00,12,15.44,154.58,1004.6,23.8,153.37774914709013,0.0,0.0,0.0,0.0,0.0,0.0,0.0,0.0,0.0,0.0,0.0,0.0
2026-09-28 06:00:00,2,29,2026-09-29 00:00:00,0 days 18:00:00,18,15.61,154.63,1008.9,22.3,112.85554378129176,0.0,0.0,0.0,0.0,0.0,0.0,0.0,0.0,0.0,0.0,0.0,0.0
2026-09-28 06:00:00,2,29,2026-09-29 06:00:00,1 days 00:00:00,24,15.43,154.34,1006.2,20.2,157.983716600276,0.0,0.0,0.0,0.0,0.0,0.0,0.0,0.0,0.0,0.0,0.0,0.0
2026-09-28 06:00:00,2,29,2026-09-29 12:00:00,1 days 06:00:00,30,16.38,153.71,1003.6,26.5,147.75414174425185,0.0,0.0,0.0,0.0,0.0,0.0,0.0,0.0,0.0,0.0,0.0,0.0
2026-09-28 06:00:00,2,29,2026-09-29 18:00:00,1 days 12:00:00,36,16.53,152.59,1003.9,23.5,73.1728979977508,0.0,0.0,0.0,0.0,0.0,0.0,0.0,0.0,0.0,0.0,0.0,0.0
2026-09-28 06:00:00,2,29,2026-09-30 00:00:00,1 days 18:00:00,42,16.18,151.91,998.9,32.5,95.83338535519466,0.0,0.0,0.0,0.0,0.0,0.0,0.0,0.0,0.0,0.0,0.0,0.0
2026-09-28 06:00:00,2,29,2026-09-30 06:00:00,2 days 00:00:00,48,16.51,150.7,999.6,26.9,109.37265927914105,0.0,0.0,0.0,0.0,0.0,0.0,0.0,0.0,0.0,0.0,0.0,0.0
2026-09-28 06:00:00,2,29,2026-09-30 12:00:00,2 days 06:00:00,54,16.95,149.79,1004.0,27.9,147.55736643618982,0.0,0.0,0.0,0.0,0.0,0.0,0.0,0.0,0.0,0.0,0.0,0.0
2026-09-28 06:00:00,2,29,2026-09-30 18:00:00,2 days 12:00:00,60,17.11,148.37,995.5,42.3,66.5116686047461,20.67792693152204,66.5116686047461,15.868536139403188,18.87480956434701,0.0,0.0,0.0,0.0,0.0,0.0,0.0,0.0
2026-09-28 06:00:00,2,29,2026-10-01 00:00:00,2 days 18:00:00,66,17.15,147.46,990.6,43.0,4.45405604907085,32.3933123582762,35.56369165156167,37.1483358589656,27.087962726109737,0.0,0.0,0.0,0.0,0.0,0.0,0.0,0.0
2026-09-28 06:00:00,2,29,2026-10-01 06:00:00,3 days 00:00:00,72,17.36,146.58,994.3,39.3,67.32408947110775,184.78800902806643,155.17348066733575,130.33174904281873,157.1593037722032,0.0,0.0,0.0,0.0,0.0,0.0,0.0,0.0
2026-09-28 06:00:00,2,29,2026-10-01 12:00:00,3 days 06:00:00,78,17.19,145.46,990.7,47.6,91.22765944084638,91.22765944084638,16.84568697780842,14.88549870752402,21.248573477117805,0.0,0.0,0.0,0.0,0.0,0.0,0.0,0.0
2026-09-28 06:00:00,2,29,2026-10-01 18:00:00,3 days 12:00:00,84,17.25,144.91,986.4,54.0,34.56078664654328,263.241403347468,232.44667416873588,206.18484224433195,237.97167831317967,115.46023762959643,97.66877167445436,77.12596010524777,98.46632313050296,0.0,0.0,0.0,0.0
2026-09-28 06:00:00,2,29,2026-10-02 00:00:00,3 days 18:00:00,90,17.22,144.84,982.9,62.1,47.41631213073971,211.66037669608676,187.3490744599809,152.7040741457389,173.80625339962893,47.41631213073971,32.62553839308303,22.42781404673509,29.237756311200258,0.0,0.0,0.0,0.0
2026-09-28 06:00:00,2,29,2026-10-02 06:00:00,4 days 00:00:00,96,17.81,144.2,972.0,70.0,42.60343627704403,138.13558678936647,121.8966940474334,86.2102728340391,100.83806130923894,42.60343627704403,1.1505499800402643,0.0,42.60343627704403,0.0,0.0,0.0,42.60343627704403
2026-09-28 06:00:00,2,29,2026-10-02 12:00:00,4 days 06:00:00,102,18.16,143.89,978.6,67.0,35.5230967338053,247.4233924469129,213.38035588010192,172.92661581221682,206.12244306565103,85.30131848157183,69.96917455894422,51.04143932840604,67.85708337130254,35.5230967338053,17.204505984541438,12.457596161079923,16.69424124535307
2026-09-28 06:00:00,2,29,2026-10-02 18:00:00,4 days 12:00:00,108,18.29,143.13,967.4,78.4,31.740996986887158,212.9050270749004,187.59246288514947,146.19663310470196,173.4240173368846,90.35865370143644,75.51440774269506,56.04765744730391,72.91126258596027,31.987076103018246,27.609888163424607,20.3438830602034,27.412385857057707
2026-09-28 06:00:00,2,29,2026-10-03 00:00:00,4 days 18:00:00,114,18.23,142.92,962.5,84.1,31.25607822273193,248.95962687025892,237.080190537392,206.03784685525545,221.2668934246108,138.34363251188012,126.28470668039051,103.65253491481484,119.63124769812735,58.32539984183117,52.151007881452216,42.45341681339725,49.82320688861867
2026-09-28 06:00:00,2,29,2026-10-03 06:00:00,5 days 00:00:00,120,19.02,142.85,962.0,80.7,44.86026334216684,238.8873138720686,219.21402819506736,179.20494569613712,200.75509923145253,90.99821208071704,79.6387885537307,61.61321041928767,74.49877202379474,44.86026334216684,30.70404205317601,23.99201054730113,28.8229224359884
2026-09-28 06:00:00,2,29,2026-10-03 12:00:00,5 days 06:00:00,126,19.04,142.92,966.4,81.3,38.77391469617487,261.64502628469927,268.5593416879856,237.89389555333943,221.3613626693441,140.117831879189,139.23345179701028,117.07427928745346,122.3170987461699,65.01528733729742,60.89690355528728,50.58013857559536,55.49792731953221
2026-09-28 06:00:00,2,29,2026-10-03 18:00:00,5 days 12:00:00,132,19.58,142.91,959.8,84.0,35.1500905090097,269.79000850507475,257.3218495964361,214.98764433840597,226.60836356092045,144.59798839868938,136.73722374629006,112.62159413005828,123.69034852326412,69.30864344734718,65.40454772723554,54.2967380412386,59.23099354309978
2026-09-28 06:00:00,2,29,2026-10-04 00:00:00,5 days 18:00:00,138,20.03,143.23,955.7,96.0,17.515556818040935,325.05723038577173,344.4088980003776,303.2091292617952,273.827528974604,219.2167706017022,232.45197015979653,209.17746424106923,196.50414183016505,132.91147230403362,134.80177508792397,117.01763598110696,115.34219268764272
2026-09-28 06:00:00,2,29,2026-10-04 06:00:00,6 days 00:00:00,144,20.47,142.97,936.0,112.0,19.997537527616718,410.10179641870855,405.92090044649376,336.1747133976787,345.2509537956794,206.44645916545412,204.5993586521981,175.02010903577866,179.32689914832008,113.36092651109902,110.861239626347,94.1508231259586,97.40896069324572
2026-09-28 06:00:00,2,29,2026-10-04 12:00:00,6 days 06:00:00,150,21.29,143.13,925.5,121.0,21.393583973951365,375.07396284785295,383.0069211225782,301.7561841398192,296.4082322365623,148.1932195873011,151.52733990805268,123.81463198444914,123.7260056495736,72.44243934916136,71.81586973248227,61.08433162728451,61.149116525894215
2026-09-28 06:00:00,2,29,2026-10-04 18:00:00,6 days 12:00:00,156,22.23,142.48,945.2,102.9,17.239056318273725,418.234995369545,376.1702614133246,288.28716454707364,338.96111493760554,199.4370869662166,189.79884405782707,158.15140089751435,169.9017369373854,120.67617056779602,120.67424529152989,102.72875595444332,106.67466668931796
2026-09-28 06:00:00,2,29,2026-10-05 00:00:00,6 days 18:00:00,162,22.65,142.46,941.2,103.5,5.4495658407087415,404.34975297828106,413.01400304451977,331.73375861973693,323.6885070151491,215.29566554022813,216.11657380680688,187.8513548762475,186.8779713809616,112.31405038984336,112.69643070657436,96.7024444366714,97.37711976329426
2026-09-28 06:00:00,2,29,2026-10-05 06:00:00,7 days 00:00:00,168,23.77,143.21,921.1,120.7,37.59086271528152,525.7774469083497,565.4833976931834,471.445477572184,455.3270966614675,252.64715488692315,271.29051915767025,235.79378422280865,219.6326288599865,122.19314659054294,133.0186807352374,114.74322359079356,109.3433813137485
2026-09-28 06:00:00,2,29,2026-10-05 12:00:00,7 days 06:00:00,174,25.45,143.58,933.0,108.3,29.466348865330172,507.9980568694482,510.7233759507208,428.05194244384273,428.0569168102372,250.1098893252552,256.57757819754954,221.6473952944665,216.8035840429669,122.85717558229068,129.0925478463698,110.43441346582514,109.65111446614593
2026-09-28 06:00:00,2,29,2026-10-05 18:00:00,7 days 12:00:00,180,26.86,143.73,924.5,119.6,0.0,412.48600295614574,445.5241304907005,363.275382572236,356.0337112613938,226.5517683312908,238.9119380680765,209.0476795084292,199.8329611115235,132.21458339590723,137.3388396961925,117.4446814256645,117.52893630466448
2026-09-28 06:00:00,2,29,2026-10-06 00:00:00,7 days 18:00:00,186,28.01,144.8,951.2,84.9,133.74076105138013,573.516770340456,578.9881811088283,494.1360444335872,471.88611689042034,153.78467183384942,154.34200937189374,119.11779406557164,122.63398833953822,32.764659072040935,133.74076105138013,26.149273186489733,27.626163629170247
2026-09-28 06:00:00,2,29,2026-10-06 06:00:00,8 days 00:00:00,192,29.48,145.22,964.1,67.8,77.39565013903666,627.9544375309993,679.0412858190753,580.5036471002336,548.419496520381,244.44897805423184,261.29602501049726,219.8480287633431,206.7014242654268,63.45907331530788,77.39565013903666,64.00034055168064,56.74268017660347
2026-09-28 06:00:00,2,29,2026-10-06 12:00:00,8 days 06:00:00,198,31.1,145.67,966.7,62.1,158.60664966153848,615.0708667932392,626.7815530626863,509.5706113599743,514.8231235059592,199.02037295684607,198.770599614904,151.87965274979786,158.57881708360452,0.0,0.0,0.0,0.0
2026-09-28 06:00:00,2,29,2026-10-06 18:00:00,8 days 12:00:00,204,32.81,146.4,963.2,65.6,154.68988756469713,236.14827896940432,258.59896936050075,184.43318278260037,184.35927969796148,154.68988756469713,154.68988756469713,26.12094533896853,27.444220113132083,0.0,154.68988756469713,0.0,0.0
2026-09-28 06:00:00,2,29,2026-10-07 00:00:00,8 days 18:00:00,210,35.26,147.54,968.0,62.5,47.0253896026051,245.901670757644,270.1466563018124,198.03806497585416,192.8781605675947,44.93890267556528,48.28081939212096,29.732975400427048,29.119137412628884,0.0,0.0,0.0,0.0
2026-09-28 06:00:00,2,29,2026-10-07 06:00:00,9 days 00:00:00,216,37.03,148.92,969.9,54.2,128.2707365054098,282.21782082087407,300.7816274069156,227.22197740688543,221.94268283735332,53.69612156475462,128.2707365054098,34.296541018701504,35.96844943894737,0.0,0.0,0.0,0.0
2026-09-28 06:00:00,2,29,2026-10-07 12:00:00,9 days 06:00:00,222,39.19,149.73,971.8,60.9,61.40309372064317,325.7971178443079,369.1759674494998,292.0295774807746,272.7834052066672,95.14231679922602,101.53732620205082,78.17284881191105,70.84682377546724,0.0,0.0,0.0,0.0
2026-09-28 06:00:00,2,29,2026-10-07 18:00:00,9 days 12:00:00,228,41.81,151.93,972.2,55.0,162.97138368890344,162.97138368890344,162.97138368890344,38.348953674445696,26.45924623561413,162.97138368890344,8.723675919863101,3.3756897254984004,0.0,0.0,0.0,0.0,0.0
2026-09-28 06:00:00,2,29,2026-10-08 00:00:00,9 days 18:00:00,234,43.29,155.67,985.0,43.3,191.4252223429903,21.742411685073197,191.4252223429903,19.31821361718221,11.31484705189223,0.0,0.0,0.0,0.0,0.0,0.0,0.0,0.0
2026-09-28 06:00:00,2,29,2026-10-08 06:00:00,10 days 00:00:00,240,44.85,158.51,980.6,42.0,214.74898911541368,11.494346082170722,214.74898911541368,0.0,0.0,0.0,0.0,0.0,0.0,0.0,0.0,0.0,0.0
2026-09-28 06:00:00,2,29,2026-10-08 12:00:00,10 days 06:00:00,246,44.95,162.2,979.5,43.9,212.5267037331924,0.5422381755290715,0.0,0.0,212.5267037331924,0.0,0.0,0.0,0.0,0.0,0.0,0.0,0.0
2026-09-28 06:00:00,2,29,2026-10-08 18:00:00,10 days 12:00:00,252,46.25,167.41,977.2,46.2,110.91558571467364,110.91558571467364,4.925688778529889,0.0,5.39257612507879,0.0,0.0,0.0,0.0,0.0,0.0,0.0,0.0
2026-09-28 06:00:00,2,29,2026-10-09 00:00:00,10 days 18:00:00,258,46.57,172.76,980.3,45.7,232.5742014758847,232.5742014758847,0.0,0.0,0.0,0.0,0.0,0.0,0.0,0.0,0.0,0.0,0.0
2026-09-28 06:00:00,20,29,2026-10-08 06:00:00,10 days 00:00:00,240,10.94,115.58,1005.3,20.7,120.33400469645036,0.0,0.0,0.0,0.0,0.0,0.0,0.0,0.0,0.0,0.0,0.0,0.0
2026-09-28 06:00:00,20,29,2026-10-08 12:00:00,10 days 06:00:00,246,10.99,115.34,1004.3,31.0,140.7215858883871,0.0,0.0,0.0,0.0,0.0,0.0,0.0,0.0,0.0,0.0,0.0,0.0
2026-09-28 06:00:00,20,29,2026-10-08 18:00:00,10 days 12:00:00,252,11.11,115.13,1004.0,20.0,77.5591942003656,0.0,0.0,0.0,0.0,0.0,0.0,0.0,0.0,0.0,0.0,0.0,0.0
2026-09-28 06:00:00,20,29,2026-10-09 00:00:00,10 days 18:00:00,258,10.83,114.15,1001.9,23.6,160.54462994215754,0.0,0.0,0.0,0.0,0.0,0.0,0.0,0.0,0.0,0.0,0.0,0.0
2026-09-28 06:00:00,20,29,2026-10-09 06:00:00,11 days 00:00:00,264,11.02,112.59,997.7,33.3,74.62510345135486,0.0,0.0,0.0,0.0,0.0,0.0,0.0,0.0,0.0,0.0,0.0,0.0
2026-09-28 06:00:00,20,29,2026-10-09 12:00:00,11 days 06:00:00,270,11.75,112.68,992.2,45.8,80.54898883379667,80.54898883379667,12.129839671945495,2.885372736094861,14.48531451738926,0.0,0.0,0.0,0.0,0.0,0.0,0.0,0.0
2026-09-28 06:00:00,20,29,2026-10-09 18:00:00,11 days 12:00:00,276,12.3,112.17,997.1,35.0,132.48808476227146,187.61408105992825,159.5847569677728,128.4787141456016,154.46592570674284,0.0,0.0,0.0,0.0,0.0,0.0,0.0,0.0
2026-09-28 06:00:00,20,29,2026-10-10 00:00:00,11 days 18:00:00,282,12.6,111.46,1002.0,34.0,166.97170644465308,174.20124402129431,166.4071316115041,145.9365057149352,150.79059174514578,0.0,0.0,0.0,0.0,0.0,0.0,0.0,0.0
2026-09-28 06:00:00,20,29,2026-10-10 06:00:00,12 days 00:00:00,288,13.26,110.74,995.5,36.7,64.23949577717437,64.23949577717437,20.162911372171678,12.844771971640732,27.330878693632894,0.0,0.0,0.0,0.0,0.0,0.0,0.0,0.0
2026-09-28 06:00:00,20,29,2026-10-10 12:00:00,12 days 06:00:00,294,14.11,110.24,998.5,40.9,93.31885418531556,201.7739187081068,170.9344070696443,131.18921653039283,164.70954005268777,0.0,0.0,0.0,0.0,0.0,0.0,0.0,0.0
2026-09-28 06:00:00,20,29,2026-10-10 18:00:00,12 days 12:00:00,300,14.66,108.65,989.7,50.1,48.30447072484293,145.36259545398286,134.58240527099977,104.46644911291808,115.62121327449466,48.30447072484293,12.928125561122767,8.588526252973615,10.977900805334034,0.0,0.0,0.0,0.0
2026-09-28 06:00:00,20,29,2026-10-11 00:00:00,12 days 18:00:00,306,15.3,108.29,1001.9,25.7,97.94280391254392,0.0,0.0,0.0,0.0,0.0,0.0,0.0,0.0,0.0,0.0,0.0,0.0
2026-09-28 06:00:00,20,29,2026-10-11 06:00:00,13 days 00:00:00,312,15.67,107.92,1000.2,27.7,44.558060609729374,0.0,0.0,0.0,0.0,0.0,0.0,0.0,0.0,0.0,0.0,0.0,0.0
2026-09-28 06:00:00,20,29,2026-10-11 12:00:00,13 days 06:00:00,318,15.66,108.19,1009.0,18.7,139.37182305653369,0.0,0.0,0.0,0.0,0.0,0.0,0.0,0.0,0.0,0.0,0.0,0.0
2026-09-28 06:00:00,21,29,2026-10-08 06:00:00,10 days 00:00:00,240,12.65,-99.33,1001.6,33.7,103.91068319722754,0.0,0.0,0.0,0.0,0.0,0.0,0.0,0.0,0.0,0.0,0.0,0.0
2026-09-28 06:00:00,21,29,2026-10-08 12:00:00,10 days 06:00:00,246,13.33,-99.55,996.4,43.9,102.80739343226452,156.2719224427437,146.8487382755963,111.95625639034564,128.86507849101062,0.0,0.0,0.0,0.0,0.0,0.0,0.0,0.0
2026-09-28 06:00:00,21,29,2026-10-08 18:00:00,10 days 12:00:00,252,13.87,-99.41,998.9,41.1,61.88632268477657,61.88632268477657,15.572177670393028,2.5949519250740423,15.97503630990841,0.0,0.0,0.0,0.0,0.0,0.0,0.0,0.0
2026-09-28 06:00:00,21,29,2026-10-09 00:00:00,10 days 18:00:00,258,14.39,-100.43,999.5,41.5,117.5247800761018,117.5247800761018,103.797451078851,75.47806637299504,90.28551327948968,0.0,0.0,0.0,0.0,0.0,0.0,0.0,0.0
2026-09-28 06:00:00,21,29,2026-10-09 06:00:00,11 days 00:00:00,264,14.92,-101.05,993.1,53.1,63.552753956569546,234.693476837204,205.80473236854377,163.50773088409238,191.7149420661326,63.552753956569546,51.52068359574395,34.556448005997666,47.72460179431972,0.0,0.0,0.0,0.0
2026-09-28 06:00:00,21,29,2026-10-09 12:00:00,11 days 06:00:00,270,15.39,-101.65,982.2,66.8,29.968114343098748,192.06412378704363,166.3901341682622,132.23843656670016,173.07971195931373,59.27898654947407,46.7081744445054,33.51332846248942,47.71055143786904,29.968114343098748,10.394711438597357,7.690758555999475,10.889954731370558
2026-09-28 06:00:00,21,29,2026-10-09 18:00:00,11 days 12:00:00,276,15.82,-102.2,982.5,69.2,21.536104754500613,172.12806844412458,140.12241228248044,110.70347620369918,142.9679946881596,84.87934722595242,70.21018725107082,55.24861914063464,71.19299195766354,33.26926474322425,29.016941318364932,22.918843286421357,27.914433870321226
2026-09-28 06:00:00,21,29,2026-10-10 00:00:00,11 days 18:00:00,282,16.62,-102.58,969.8,91.4,8.807728777906412,111.52852278020372,99.71946350100498,78.27593508809687,93.83331638171964,61.44198162781935,49.507414042569934,38.62188709212524,50.39792517395336,34.18795119392655,29.511406601478026,23.38377620103798,29.32839667863899
2026-09-28 06:00:00,21,29,2026-10-10 06:00:00,12 days 00:00:00,288,17.82,-103.14,971.4,97.8,13.308351654078107,103.2034180339453,83.63730621976256,42.006649134597055,87.4666278577296,60.83924513417051,48.93323224199402,38.01090798443241,51.89551578365644,38.35177380955098,32.58161717327428,25.56791263601191,33.195261875311864
2026-09-28 06:00:00,21,29,2026-10-10 12:00:00,12 days 06:00:00,294,18.73,-103.43,987.9,56.9,34.403005553813635,214.09798565171704,203.89398043289071,152.63162683271392,172.9752260190433,42.838184457573696,36.04697697175448,20.608117004525223,30.190062765984347,0.0,0.0,0.0,0.0
2026-09-28 06:00:00,21,29,2026-10-10 18:00:00,12 days 12:00:00,300,20.47,-103.43,1004.5,30.6,44.30057961902698,0.0,0.0,0.0,0.0,0.0,0.0,0.0,0.0,0.0,0.0,0.0,0.0
2026-09-28 06:00:00,21,29,2026-10-11 00:00:00,12 days 18:00:00,306,21.87,-104.33,1002.4,25.2,91.70975160965054,0.0,0.0,0.0,0.0,0.0,0.0,0.0,0.0,0.0,0.0,0.0,0.0
2026-09-28 06:00:00,23,29,2026-10-09 18:00:00,11 days 12:00:00,276,11.13,-82.01,1007.4,21.3,158.0881886861868,0.0,0.0,0.0,0.0,0.0,0.0,0.0,0.0,0.0,0.0,0.0,0.0
2026-09-28 06:00:00,23,29,2026-10-10 00:00:00,11 days 18:00:00,282,11.57,-81.89,1005.6,24.3,160.8424782622992,0.0,0.0,0.0,0.0,0.0,0.0,0.0,0.0,0.0,0.0,0.0,0.0
2026-09-28 06:00:00,23,29,2026-10-10 06:00:00,12 days 00:00:00,288,11.3,-82.16,1003.0,28.8,80.86531709547339,0.0,0.0,0.0,0.0,0.0,0.0,0.0,0.0,0.0,0.0,0.0,0.0
2026-09-28 06:00:00,23,29,2026-10-10 12:00:00,12 days 06:00:00,294,11.89,-81.75,1001.1,33.6,132.54726373967517,0.0,0.0,0.0,0.0,0.0,0.0,0.0,0.0,0.0,0.0,0.0,0.0
2026-09-28 06:00:00,23,29,2026-10-10 18:00:00,12 days 12:00:00,300,12.43,-81.8,1001.7,31.8,67.90258129909304,0.0,0.0,0.0,0.0,0.0,0.0,0.0,0.0,0.0,0.0,0.0,0.0
2026-09-28 06:00:00,23,29,2026-10-11 00:00:00,12 days 18:00:00,306,13.26,-81.9,997.1,46.1,129.2334978305988,219.06520507618276,193.59151881963945,147.7955622220958,171.09251406921555,0.0,0.0,0.0,0.0,0.0,0.0,0.0,0.0
2026-09-28 06:00:00,23,29,2026-10-11 06:00:00,13 days 00:00:00,312,14.02,-82.21,990.2,61.6,40.04146317543402,192.5732964752957,169.0606276300183,116.6633180059802,156.36665618608174,67.75180634828067,55.61857177173442,38.35641534931855,52.24712962280947,0.0,0.0,0.0,0.0
2026-09-28 06:00:00,23,29,2026-10-11 12:00:00,13 days 06:00:00,318,15.13,-82.44,986.4,69.2,65.76319153416785,280.2342893561756,253.39422452533591,181.9336924425005,223.18473028063016,65.76319153416785,51.11893543669845,32.33468177138589,46.00911216903428,65.76319153416785,0.1991333375621405,0.0,0.4622024629165694
2026-09-28 06:00:00,23,29,2026-10-11 18:00:00,13 days 12:00:00,324,16.08,-82.25,980.9,73.2,37.6567544265252,269.6702297803063,264.03430287474293,186.71637898582503,214.86799838998425,67.42769909306446,59.67651945145394,33.54001350294658,45.32063601559423,37.6567544265252,6.231874523302647,2.1987865737073875,4.083962061206336
2026-09-28 06:00:00,23,29,2026-10-12 00:00:00,13 days 18:00:00,330,16.98,-82.26,962.6,95.2,27.953093755507663,270.2946201359928,271.233263377826,183.96719163719263,209.0557878046293,113.65002295700242,107.62436057726109,73.36118325251095,85.78646412153807,46.27937804016369,41.99321189848126,30.607973200250854,36.925075950232326
2026-09-28 06:00:00,23,29,2026-10-12 06:00:00,14 days 00:00:00,336,17.87,-82.07,926.3,130.0,5.805257040113489,328.6166474674971,346.7373370657883,237.064446569683,247.86945390686049,129.92540983580298,123.0407942851219,89.857275831323,100.53184881053475,61.92609717398765,60.835848862790826,48.68324831066819,52.41149180435463
2026-09-28 06:00:00,23,29,2026-10-12 12:00:00,14 days 06:00:00,342,18.56,-81.85,950.4,110.2,17.661456770049163,265.26416141302667,275.30629084799153,158.96959584463548,187.97256494877865,103.913587033141,103.26105649958696,71.86346671270093,77.38691744028604,57.807907529432114,54.53450321685239,42.23412749357641,46.66669476680114
2026-09-28 06:00:00,23,29,2026-10-12 18:00:00,14 days 12:00:00,348,19.05,-81.41,949.2,114.3,21.04498062086729,281.593857423645,314.0173076828688,219.56930632469448,198.6080257080121,88.99222834170598,98.51271239262502,72.13645311319218,66.06278942859734,45.65648503583695,47.12063249508053,38.38543376982771,35.21124687270701
2026-09-28 06:00:00,23,29,2026-10-13 00:00:00,14 days 18:00:00,354,20.09,-81.14,938.8,116.8,1.1649604211296918,265.3096594314252,301.30354254634506,206.89610595226907,192.3422472378596,120.65432705781888,126.10740246535318,95.39793128305362,93.72942386918083,67.39831338466695,67.93645443531464,55.744925095300246,56.23530604006604
2026-09-28 06:00:00,23,29,2026-10-13 06:00:00,15 days 00:00:00,360,20.65,-81.08,944.3,113.8,40.49631355091949,286.96810782926843,290.6192781480954,175.92463447419544,211.11399886118448,140.5394073248314,132.20061772416935,97.99154296375605,112.37870289328744,86.62309519361256,80.92449434035629,66.34012566072414,72.53565693727326
2026-09-28 06:00:00,AL062026,29,2026-09-28 06:00:00,0 days 00:00:00,0,28.3,-43.8,1012.0,25.0,56.0,0.0,0.0,0.0,0.0,0.0,0.0,0.0,0.0,0.0,0.0,0.0,0.0
2026-09-28 06:00:00,AL912026(2),29,2026-09-28 06:00:00,0 days 00:00:00,0,36.3,-53.1,1013.0,29.0,148.0,0.0,0.0,0.0,0.0,0.0,0.0,0.0,0.0,0.0,0.0,0.0,0.0
2026-09-28 06:00:00,AL912026(2),29,2026-09-28 12:00:00,0 days 06:00:00,6,37.42,-50.96,1009.4,30.6,137.57263847244198,0.0,0.0,0.0,0.0,0.0,0.0,0.0,0.0,0.0,0.0,0.0,0.0
2026-09-28 06:00:00,AL912026(2),29,2026-09-28 18:00:00,0 days 12:00:00,12,36.71,-50.31,1006.7,32.7,143.97335730147825,0.0,0.0,0.0,0.0,0.0,0.0,0.0,0.0,0.0,0.0,0.0,0.0
2026-09-28 06:00:00,AL912026(2),29,2026-09-29 00:00:00,0 days 18:00:00,18,36.03,-47.08,1006.2,37.3,80.42691140789034,80.42691140789034,7.454145576231781,5.824185180204722,6.756343763665669,0.0,0.0,0.0,0.0,0.0,0.0,0.0,0.0
2026-09-28 06:00:00,EP152026(2),29,2026-09-28 06:00:00,0 days 00:00:00,0,16.4,-160.8,929.0,134.0,28.0,241.0,185.0,148.0,204.0,93.0,74.0,74.0,93.0,56.0,46.0,37.0,46.0
2026-09-28 06:00:00,EP152026(2),29,2026-09-28 12:00:00,0 days 06:00:00,6,16.75,-161.59,937.6,125.2,22.678286046261707,231.9188557659085,180.89260732557608,137.5461300216275,219.55956804686215,117.83326817421316,87.67025429831885,67.021665896917,104.57475747163484,74.65565977084448,60.78362532787642,48.746631490440826,65.09115638352714
2026-09-28 06:00:00,EP152026(2),29,2026-09-28 18:00:00,0 days 12:00:00,12,17.37,-162.5,947.4,114.8,36.07992694391156,279.3002033642572,221.282928393972,128.81641712679067,222.8422376703738,118.3106749506204,87.2822261813402,58.09274837700595,96.15644247656726,63.07836168292943,51.44524631309258,37.58788620792095,52.957444521908776
2026-09-28 06:00:00,EP152026(2),29,2026-09-29 00:00:00,0 days 18:00:00,18,18.33,-163.22,951.7,112.2,28.55672840383648,190.65559087418444,134.56361828925125,84.82932572388147,160.97835716809263,52.59426824055441,28.56192775231837,15.547445819413053,40.77312757648896,28.74080351597544,20.98220169946312,15.305365054023982,24.705758530909296
2026-09-28 06:00:00,EP152026(2),29,2026-09-29 06:00:00,1 days 00:00:00,24,19.24,-163.63,963.3,100.6,46.46676891383018,222.4430121198688,186.5206214288753,116.92152948212636,162.95704761149614,62.82797799910166,48.864418075646654,25.25984798025276,40.653816740271225,46.46676891383018,19.614834942678183,12.668237420447614,17.34506951229929
2026-09-28 06:00:00,EP152026(2),29,2026-09-29 12:00:00,1 days 06:00:00,30,20.26,-163.95,972.1,95.1,54.10173328620118,193.19598533050248,135.60690483029236,78.75515448313882,148.6056941969997,118.4987683212064,99.01071642023092,74.224100052163,97.3809643525778,73.38046069364265,63.24909771689323,50.10787631291368,59.89191832092847
2026-09-28 06:00:00,EP152026(2),29,2026-09-29 18:00:00,1 days 12:00:00,36,21.01,-163.8,972.8,84.0,47.48588848656683,170.9662121467695,155.53190505956044,97.12453821150946,134.13436026394655,83.23020242646751,74.36997947187004,50.95777058154376,63.265527415498255,47.48588848656683,34.75438463558948,26.65128638179474,31.010076657691933
2026-09-28 06:00:00,EP152026(2),29,2026-09-30 00:00:00,1 days 18:00:00,42,22.04,-163.6,984.7,76.0,60.49246820296716,201.792436247728,202.44809165930985,133.65553466162098,154.20894068916965,80.31392374858967,71.80018592697077,51.32549086245043,60.77002282797818,60.49246820296716,23.55605838246085,18.35477330673342,21.919132137942235
2026-09-28 06:00:00,EP152026(2),29,2026-09-30 06:00:00,2 days 00:00:00,48,22.59,-162.95,987.0,59.2,60.31564309719522,222.81835782551295,233.21676818553897,179.36223266886918,191.32065403931392,34.878754492477015,60.31564309719522,22.511325140463214,24.726517588029083,0.0,0.0,0.0,0.0
2026-09-28 06:00:00,EP152026(2),29,2026-09-30 12:00:00,2 days 06:00:00,54,22.7,-162.74,991.9,51.6,113.08643946616203,147.72269675464565,129.3098151546463,80.78169445526967,102.7553526091965,113.08643946616203,2.514172103249301,0.2718321854065442,4.584031916397111,0.0,0.0,0.0,0.0
2026-09-28 06:00:00,EP152026(2),29,2026-09-30 18:00:00,2 days 12:00:00,60,22.52,-162.63,993.5,48.3,99.79775770476908,99.79775770476908,58.25169786946037,45.46925387132194,52.75263552632828,0.0,0.0,0.0,0.0,0.0,0.0,0.0,0.0
2026-09-28 06:00:00,EP152026(2),29,2026-10-01 00:00:00,2 days 18:00:00,66,22.52,-162.68,993.2,43.4,40.94695934299795,40.94695934299795,10.074586289047785,11.897193805439748,28.04104877939763,0.0,0.0,0.0,0.0,0.0,0.0,0.0,0.0
2026-09-28 06:00:00,EP152026(2),29,2026-10-01 06:00:00,3 days 00:00:00,72,22.62,-162.96,998.2,38.7,64.13737899626616,64.13737899626616,40.544257108565134,41.5051103513878,53.39103382875663,0.0,0.0,0.0,0.0,0.0,0.0,0.0,0.0
2026-09-28 06:00:00,EP152026(2),29,2026-10-01 12:00:00,3 days 06:00:00,78,22.41,-163.39,1002.5,36.3,130.87414722254326,130.87414722254326,13.25715798726098,6.691591788522246,20.669489002479068,0.0,0.0,0.0,0.0,0.0,0.0,0.0,0.0
2026-09-28 06:00:00,EP152026(2),29,2026-10-01 18:00:00,3 days 12:00:00,84,22.75,-164.15,994.2,43.7,66.08061019344619,66.08061019344619,14.381087012500831,12.310328837479798,26.19922092571385,0.0,0.0,0.0,0.0,0.0,0.0,0.0,0.0
2026-09-28 06:00:00,EP152026(2),29,2026-10-02 00:00:00,3 days 18:00:00,90,23.45,-164.43,993.8,46.1,59.00557749456165,132.4105004094888,104.2641536814296,82.38290565074394,103.63227889104964,0.0,0.0,0.0,0.0,0.0,0.0,0.0,0.0
2026-09-28 06:00:00,EP152026(2),29,2026-10-02 06:00:00,4 days 00:00:00,96,23.85,-164.89,992.2,46.1,102.18241859282077,102.18241859282077,21.56145879045079,11.696535398400718,24.243033842434805,0.0,0.0,0.0,0.0,0.0,0.0,0.0,0.0
2026-09-28 06:00:00,EP152026(2),29,2026-10-02 12:00:00,4 days 06:00:00,102,24.53,-165.57,987.9,46.1,78.60257306730036,84.28810600000735,67.201553470372,42.43807235133177,55.33370585898639,0.0,0.0,0.0,0.0,0.0,0.0,0.0,0.0
2026-09-28 06:00:00,EP152026(2),29,2026-10-02 18:00:00,4 days 12:00:00,108,25.03,-165.55,985.4,52.4,93.03449834160412,93.03449834160412,24.96684955004818,15.120570495429009,23.280504465457817,93.03449834160412,0.0,0.0,0.0,0.0,0.0,0.0,0.0
2026-09-28 06:00:00,EP152026(2),29,2026-10-03 00:00:00,4 days 18:00:00,114,25.15,-166.16,991.6,52.9,91.8264653394934,91.8264653394934,57.09771002692983,41.4407799136916,91.8264653394934,1.0648833365855062,0.0,0.0,91.8264653394934,0.0,0.0,0.0,0.0
2026-09-28 06:00:00,EP152026(2),29,2026-10-03 06:00:00,5 days 00:00:00,120,25.35,-166.8,993.5,49.9,110.1414061695641,110.1414061695641,34.286860410428474,27.230978977377863,38.51044800753682,0.0,0.0,0.0,0.0,0.0,0.0,0.0,0.0
2026-09-28 06:00:00,EP152026(2),29,2026-10-03 12:00:00,5 days 06:00:00,126,25.3,-168.18,990.2,54.4,81.85011356190554,204.84912988955392,169.18024442507112,126.74081601603416,168.821400192782,81.85011356190554,20.033801422637573,10.417015375632936,20.027156550904685,0.0,0.0,0.0,0.0
2026-09-28 06:00:00,EP152026(2),29,2026-10-03 18:00:00,5 days 12:00:00,132,25.45,-170.11,992.1,57.7,80.02896167694186,203.89366405000956,168.52893927619812,123.3445540812908,164.16597126468946,80.02896167694186,24.085456352341065,14.215443072480303,23.868727756808333,0.0,0.0,0.0,0.0
2026-09-28 06:00:00,EP152026(2),29,2026-10-04 00:00:00,5 days 18:00:00,138,25.38,-171.79,991.0,57.3,39.70112699375161,262.5601767024009,208.14249692255368,166.53054366204526,225.32498215832925,65.06742834122115,45.51702073236299,28.365288112295115,50.64903446795277,0.0,0.0,0.0,0.0
2026-09-28 06:00:00,EP152026(2),29,2026-10-04 06:00:00,6 days 00:00:00,144,25.58,-173.69,985.9,56.2,43.80649715885936,200.01584822484568,166.27689528222248,137.63412669835705,170.94743886239036,43.80649715885936,17.505185524734095,9.879420352240038,19.432628465823445,0.0,0.0,0.0,0.0
2026-09-28 06:00:00,EP152026(2),29,2026-10-04 12:00:00,6 days 06:00:00,150,26.02,-174.8,982.6,69.4,39.906566219409726,235.76640459517483,208.8741068630216,152.06216374587007,187.1856864370305,39.906566219409726,30.343088338658298,15.978154845587667,27.85878690815097,39.906566219409726,0.0334787032851693,0.0,0.1162342880023645
2026-09-28 06:00:00,EP152026(2),29,2026-10-04 18:00:00,6 days 12:00:00,156,27.04,-176.11,982.0,68.0,57.74448466841718,199.67121884105396,147.68460419212164,97.92330214225164,155.87406770405494,99.34312252110765,81.31363367566149,58.091922777336215,81.12762917625989,57.74448466841718,40.2161287414429,31.216716560014525,39.60149243030246
2026-09-28 06:00:00,EP152026(2),29,2026-10-05 00:00:00,6 days 18:00:00,162,27.63,-176.78,980.1,68.0,41.57654176298965,281.4174751778237,253.7410357550475,181.50279235433916,233.61022883121584,76.18593311877765,59.825422502868605,36.27803475677666,56.07976837581134,41.57654176298965,5.596334809380668,2.255216948938692,5.66488946055647
2026-09-28 06:00:00,EP152026(2),29,2026-10-05 06:00:00,7 days 00:00:00,168,28.37,-177.34,986.6,57.4,29.9312815600357,240.75571499732945,220.3032395945038,156.22868991917875,187.86660930860145,45.19937962430335,36.856549987319646,20.40527275102891,30.956774578684342,0.0,0.0,0.0,0.0
2026-09-28 06:00:00,EP152026(2),29,2026-10-05 12:00:00,7 days 06:00:00,174,28.85,-177.94,988.4,61.2,29.377132438648268,257.5257713454183,213.1579836799944,140.71256525610838,202.06388184601064,53.80909022727942,36.48251390058221,17.66822048803124,35.356151448190786,0.0,0.0,0.0,0.0
2026-09-28 06:00:00,EP152026(2),29,2026-10-05 18:00:00,7 days 12:00:00,180,28.72,-178.58,981.4,65.2,24.722142729508867,190.82035419464648,150.88560970312992,122.70366612366644,162.57929794659054,24.722142729508867,4.638000667494914,0.0,12.151710835516315,24.722142729508867,0.0,0.0,1.129649251711822
2026-09-28 06:00:00,EP152026(2),29,2026-10-06 00:00:00,7 days 18:00:00,186,28.98,-179.07,979.2,73.8,55.262623901865936,331.8018024076232,275.5173187244058,235.6284777394186,296.3136277229528,90.54242460268784,67.83260720237186,52.64349302596312,75.0932117196204,55.262623901865936,10.843325096793755,8.758756082352575,14.385173438383347
2026-09-28 06:00:00,EP152026(2),29,2026-10-06 06:00:00,8 days 00:00:00,192,28.95,-179.96,978.9,74.5,36.289653232157775,275.0237875567723,247.63785863678368,225.3281852157761,264.17488830180173,109.35039085148878,85.98766875920023,68.7913074998254,92.11862850678632,36.289653232157775,27.2192853231532,22.39015896693826,29.45089415639643
2026-09-28 06:00:00,EP152026(2),29,2026-10-06 12:00:00,8 days 06:00:00,198,28.82,179.31,968.3,83.5,40.81185770631754,212.5762400176601,171.65767418106896,145.1301705771251,192.64764043198696,77.9944041244911,59.37703399474242,42.9575209090401,64.68444108662709,40.81185770631754,22.2069890791482,16.61377849008554,24.03925347899183
2026-09-28 06:00:00,EP152026(2),29,2026-10-06 18:00:00,8 days 12:00:00,204,29.11,178.97,989.9,56.4,70.43067560253192,377.1329609872727,351.9609829485006,283.574108917934,332.6465901640838,92.35075874868204,75.61238385833391,51.192637897548686,69.98851835230104,0.0,0.0,0.0,0.0
2026-09-28 06:00:00,EP152026(2),29,2026-10-07 00:00:00,8 days 18:00:00,210,28.71,178.75,987.6,59.1,48.26363281532002,229.84948720913405,181.74645237988875,186.44989689060347,230.46346906034037,144.4836724829643,125.67806925920344,104.25094457001627,130.1758501030933,0.0,0.0,0.0,0.0
2026-09-28 06:00:00,EP152026(2),29,2026-10-07 06:00:00,9 days 00:00:00,216,28.53,178.74,984.7,62.8,49.72175030600837,183.08869226603892,172.23879687304324,187.02488789009735,187.3668026296492,97.91479486686086,91.8566342411194,80.57559363714041,89.76843661143816,0.0,0.0,0.0,0.0
2026-09-28 06:00:00,EP152026(2),29,2026-10-07 12:00:00,9 days 06:00:00,222,27.97,178.98,996.2,55.1,38.4151412717737,152.265912433387,160.7615751690567,144.6127913095059,149.94584765171192,21.364590588107628,38.4151412717737,17.722837688754723,21.122044197872185,0.0,0.0,0.0,0.0
2026-09-28 06:00:00,EP152026(2),29,2026-10-07 18:00:00,9 days 12:00:00,228,26.71,178.58,997.5,55.0,72.8223870998643,122.15281061254376,104.3724130976189,101.4662803222373,115.99655081884328,72.8223870998643,8.841797539784718,5.672712743318208,11.265262063335232,0.0,0.0,0.0,0.0
2026-09-28 06:00:00,EP152026(2),29,2026-10-08 00:00:00,9 days 18:00:00,234,25.66,177.5,1001.0,47.4,133.97366078778555,12.074892143107007,9.834182794287656,133.97366078778555,12.493427789831903,0.0,0.0,0.0,0.0,0.0,0.0,0.0,0.0
2026-09-28 06:00:00,EP152026(2),29,2026-10-08 06:00:00,10 days 00:00:00,240,24.25,176.57,1002.7,39.1,133.22398242335015,133.22398242335015,9.403052025380104,9.354124474570892,7.215874247433566,0.0,0.0,0.0,0.0,0.0,0.0,0.0,0.0
2026-09-28 06:00:00,EP152026(2),29,2026-10-08 12:00:00,10 days 06:00:00,246,22.88,175.43,1002.9,40.5,110.13267868453534,246.17921190901652,210.03577451613057,172.03874715386087,209.48480443815447,0.0,0.0,0.0,0.0,0.0,0.0,0.0,0.0
2026-09-28 06:00:00,EP152026(2),29,2026-10-08 18:00:00,10 days 12:00:00,252,21.55,173.93,1001.5,36.8,70.08982782477958,70.08982782477958,31.043406488947827,24.712015441279043,38.88133362182461,0.0,0.0,0.0,0.0,0.0,0.0,0.0,0.0
2026-09-28 06:00:00,EP152026(2),29,2026-10-09 00:00:00,10 days 18:00:00,258,20.33,172.03,1008.9,26.0,145.35201144574637,0.0,0.0,0.0,0.0,0.0,0.0,0.0,0.0,0.0,0.0,0.0,0.0
2026-09-28 06:00:00,EP152026(2),29,2026-10-09 06:00:00,11 days 00:00:00,264,19.29,170.7,1004.7,40.0,96.65720170170948,12.73877891178553,8.640738646443928,10.422256715404773,96.65720170170948,0.0,0.0,0.0,0.0,0.0,0.0,0.0,0.0
2026-09-28 06:00:00,EP152026(2),29,2026-10-09 12:00:00,11 days 06:00:00,270,18.49,168.51,999.7,25.9,58.03027839057252,0.0,0.0,0.0,0.0,0.0,0.0,0.0,0.0,0.0,0.0,0.0,0.0
2026-09-28 06:00:00,EP152026(2),29,2026-10-09 18:00:00,11 days 12:00:00,276,18.08,167.86,1000.6,32.7,112.94047302125978,0.0,0.0,0.0,0.0,0.0,0.0,0.0,0.0,0.0,0.0,0.0,0.0
2026-09-28 06:00:00,EP152026(2),29,2026-10-10 00:00:00,11 days 18:00:00,282,17.51,166.76,999.4,30.5,81.97967975080212,0.0,0.0,0.0,0.0,0.0,0.0,0.0,0.0,0.0,0.0,0.0,0.0
2026-09-28 06:00:00,EP152026(2),29,2026-10-10 06:00:00,12 days 00:00:00,288,17.65,165.7,1000.1,36.1,42.83818384944243,5.847522937648469,42.83818384944243,0.0713623222431998,7.282606690719733,0.0,0.0,0.0,0.0,0.0,0.0,0.0,0.0
2026-09-28 06:00:00,EP152026(2),29,2026-10-10 12:00:00,12 days 06:00:00,294,17.26,164.61,1002.3,26.9,114.4316130798838,0.0,0.0,0.0,0.0,0.0,0.0,0.0,0.0,0.0,0.0,0.0,0.0
2026-09-28 06:00:00,EP152026(2),29,2026-10-10 18:00:00,12 days 12:00:00,300,16.86,163.55,998.5,37.4,34.69488596136392,0.0,3.970381123432992,5.802004013893416,34.69488596136392,0.0,0.0,0.0,0.0,0.0,0.0,0.0,0.0
2026-09-28 06:00:00,EP152026(2),29,2026-10-11 00:00:00,12 days 18:00:00,306,16.87,162.25,997.8,39.2,99.40530816591838,99.40530816591838,41.11222915195009,38.03340281637321,42.730527311752205,0.0,0.0,0.0,0.0,0.0,0.0,0.0,0.0
2026-09-28 06:00:00,EP152026(2),29,2026-10-11 06:00:00,13 days 00:00:00,312,16.88,160.6,1003.0,25.7,69.61915311619669,0.0,0.0,0.0,0.0,0.0,0.0,0.0,0.0,0.0,0.0,0.0,0.0
2026-09-28 06:00:00,EP152026(2),29,2026-10-11 12:00:00,13 days 06:00:00,318,16.8,159.33,1005.9,23.5,172.52179489660267,0.0,0.0,0.0,0.0,0.0,0.0,0.0,0.0,0.0,0.0,0.0,0.0
2026-09-28 06:00:00,EP152026(2),29,2026-10-11 18:00:00,13 days 12:00:00,324,16.47,158.29,1003.8,25.2,151.4306720289127,0.0,0.0,0.0,0.0,0.0,0.0,0.0,0.0,0.0,0.0,0.0,0.0
2026-09-28 06:00:00,EP152026(2),29,2026-10-12 00:00:00,13 days 18:00:00,330,16.88,157.11,1003.3,23.9,131.38767464355328,0.0,0.0,0.0,0.0,0.0,0.0,0.0,0.0,0.0,0.0,0.0,0.0
2026-09-28 06:00:00,EP152026(2),29,2026-10-12 06:00:00,14 days 00:00:00,336,16.64,155.59,1001.0,25.5,83.16951017715468,0.0,0.0,0.0,0.0,0.0,0.0,0.0,0.0,0.0,0.0,0.0,0.0
2026-09-28 06:00:00,EP152026(2),29,2026-10-12 12:00:00,14 days 06:00:00,342,17.06,154.58,1003.8,20.8,77.70562091959346,0.0,0.0,0.0,0.0,0.0,0.0,0.0,0.0,0.0,0.0,0.0,0.0
2026-09-28 06:00:00,EP152026(2),29,2026-10-12 18:00:00,14 days 12:00:00,348,16.93,153.67,999.7,32.3,82.7787615483445,0.0,0.0,0.0,0.0,0.0,0.0,0.0,0.0,0.0,0.0,0.0,0.0
2026-09-28 06:00:00,EP152026(2),29,2026-10-13 00:00:00,14 days 18:00:00,354,17.24,153.09,1003.0,31.4,87.88137681844876,0.0,0.0,0.0,0.0,0.0,0.0,0.0,0.0,0.0,0.0,0.0,0.0
2026-09-28 06:00:00,EP152026(2),29,2026-10-13 06:00:00,15 days 00:00:00,360,17.66,151.72,1001.9,33.8,164.10411709611884,0.0,0.0,0.0,0.0,0.0,0.0,0.0,0.0,0.0,0.0,0.0,0.0
2026-09-28 06:00:00,EP172026,29,2026-09-28 06:00:00,0 days 00:00:00,0,23.2,-114.0,955.0,105.0,28.0,167.0,148.0,148.0,148.0,102.0,93.0,83.0,83.0,65.0,65.0,65.0,65.0
2026-09-28 06:00:00,EP172026,29,2026-09-28 12:00:00,0 days 06:00:00,6,23.97,-113.85,957.6,108.0,46.21593213023327,198.0862604711678,245.30746624033375,155.1617222442992,136.68539913351952,57.06067538627929,62.65896445991451,35.410775416269274,33.769078273753664,46.21593213023327,24.4564528828716,17.559158919324098,19.645666627904063
2026-09-28 06:00:00,EP172026,29,2026-09-28 18:00:00,0 days 12:00:00,12,24.83,-113.5,966.2,84.2,31.74782933868929,130.7193069345219,171.110875378787,97.68280739546108,90.0994002655992,59.04894395118848,63.73996118549462,37.09463636685903,36.07640906592274,39.8749046523826,35.88876596818292,27.196811781521266,30.078286262510268
2026-09-28 06:00:00,EP172026,29,2026-09-29 00:00:00,0 days 18:00:00,18,25.48,-112.89,975.7,67.6,20.122204008903296,222.48376495790745,272.31062776315355,192.27686129402375,169.94194296834257,65.06866570218436,71.0159933877994,48.17466746862725,42.86742276135664,22.985559998881666,22.338007232514272,16.934958393372856,17.103890676112808
2026-09-28 06:00:00,EP172026,29,2026-09-29 06:00:00,1 days 00:00:00,24,25.99,-112.23,981.6,65.9,58.024750777821055,58.024750777821055,60.73693688913772,32.943853470838235,32.802962569671735,58.024750777821055,0.0,0.0,0.0,58.024750777821055,0.0,0.0,0.0
2026-09-28 06:00:00,EP172026,29,2026-09-29 12:00:00,1 days 06:00:00,30,26.74,-111.19,973.4,72.6,38.35314620911784,128.86539481086774,134.39805353317587,86.91811588202924,93.88297626793133,78.42946617307109,76.64931771418344,56.77544094152435,60.35485064302563,42.343614063750266,39.906134449924735,30.4721429456764,33.98135361562253
2026-09-28 06:00:00,EP172026,29,2026-09-29 18:00:00,1 days 12:00:00,36,28.52,-110.1,992.5,42.6,33.82959161231511,12.36196318010198,33.82959161231511,10.260635018070571,13.671567178651143,0.0,0.0,0.0,0.0,0.0,0.0,0.0,0.0
2026-09-28 06:00:00,EP182026,29,2026-09-28 06:00:00,0 days 00:00:00,0,13.2,-100.0,1001.0,41.0,93.0,222.0,185.0,148.0,222.0,0.0,0.0,0.0,0.0,0.0,0.0,0.0,0.0
2026-09-28 06:00:00,EP182026,29,2026-09-28 12:00:00,0 days 06:00:00,6,13.1,-100.65,993.4,49.7,48.97296326582036,48.97296326582036,37.83111949723791,16.388041332822624,30.196062535534764,0.0,0.0,0.0,0.0,0.0,0.0,0.0,0.0
2026-09-28 06:00:00,EP182026,29,2026-09-28 18:00:00,0 days 12:00:00,12,13.94,-101.58,994.7,52.4,64.60261535854222,129.1111265493227,96.05759118250536,66.35113671473655,99.5361363467568,64.60261535854222,2.242115572429718,0.0,3.084940424309341,0.0,0.0,0.0,0.0
2026-09-28 06:00:00,EP182026,29,2026-09-29 00:00:00,0 days 18:00:00,18,14.22,-102.63,993.5,52.1,44.14293807888353,155.20929307993345,119.48152479019453,83.7535115130843,123.0608837144986,44.14293807888353,12.301444608382775,4.775121785422502,14.993438888784643,0.0,0.0,0.0,0.0
2026-09-28 06:00:00,EP182026,29,2026-09-29 06:00:00,1 days 00:00:00,24,14.93,-103.83,997.4,44.1,87.32090341555377,115.60200707742246,92.09207715963996,67.51489821877261,85.05884090505566,0.0,0.0,0.0,0.0,0.0,0.0,0.0,0.0
2026-09-28 06:00:00,EP182026,29,2026-09-29 12:00:00,1 days 06:00:00,30,15.45,-104.58,996.5,44.8,104.08865611533838,133.460918319739,107.51018911550636,78.31090931510698,98.88519626472588,0.0,0.0,0.0,0.0,0.0,0.0,0.0,0.0
2026-09-28 06:00:00,EP182026,29,2026-09-29 18:00:00,1 days 12:00:00,36,15.9,-105.59,993.6,48.0,64.93020581824075,158.80636907320758,140.14666710379072,104.78265513956528,127.19410234477265,0.0,0.0,0.0,0.0,0.0,0.0,0.0,0.0
2026-09-28 06:00:00,EP182026,29,2026-09-30 00:00:00,1 days 18:00:00,42,16.56,-106.1,991.2,48.7,60.93706801220138,161.55511332685984,133.58889395318138,100.45807919679272,124.81980141196708,0.0,0.0,0.0,0.0,0.0,0.0,0.0,0.0
2026-09-28 06:00:00,EP182026,29,2026-09-30 06:00:00,2 days 00:00:00,48,17.41,-106.74,990.7,55.8,55.962950687229934,173.7389673830902,142.21629041175726,91.06245839245368,119.01724388811692,55.962950687229934,9.678654781500674,3.0341415014706645,8.210145381819839,0.0,0.0,0.0,0.0
2026-09-28 06:00:00,EP182026,29,2026-09-30 12:00:00,2 days 06:00:00,54,17.56,-107.45,990.1,61.4,27.05072147736726,172.2094737893293,143.77732383038185,105.66080803406012,143.14660069877596,36.37854813713108,27.07717888925992,13.756674212311417,25.23696227925207,0.0,0.0,0.0,0.0
2026-09-28 06:00:00,EP182026,29,2026-09-30 18:00:00,2 days 12:00:00,60,18.73,-108.25,993.1,53.8,31.70858782728226,178.69503828912104,147.77582677209182,111.60944851428332,140.47554283275576,31.70858782728226,20.106160303206536,11.121480809749931,20.62804975303033,0.0,0.0,0.0,0.0
2026-09-28 06:00:00,EP182026,29,2026-10-01 00:00:00,2 days 18:00:00,66,18.79,-108.92,984.4,57.5,3.261121485402441,188.11221773006628,164.16544427439203,127.64738433097376,154.50107310290923,46.57819909011784,36.81700349295341,22.450708311418797,33.81148822686612,0.0,0.0,0.0,0.0
2026-09-28 06:00:00,EP182026,29,2026-10-01 06:00:00,3 days 00:00:00,72,18.9,-109.14,989.4,61.9,37.26325785698444,124.33066373674887,114.00083649403882,98.50301229997947,112.29151469079008,47.06542291624355,40.67749448116112,31.84724509073402,40.10609963299886,0.0,0.0,0.0,0.0
2026-09-28 06:00:00,EP182026,29,2026-10-01 12:00:00,3 days 06:00:00,78,19.3,-109.35,990.4,59.2,61.00458509036761,188.24456485083869,162.19508655576203,140.33298675637826,167.33205278858264,64.26269935584486,52.5919294968879,39.20119107194135,52.07995538313858,0.0,0.0,0.0,0.0
2026-09-28 06:00:00,EP182026,29,2026-10-01 18:00:00,3 days 12:00:00,84,19.47,-109.52,990.4,53.9,31.875961825818067,203.56183464136257,171.1345091600807,136.65330326167253,161.52321427614322,37.15272398222437,28.198319673174492,17.25876616598633,27.373341297550127,0.0,0.0,0.0,0.0
2026-09-28 06:00:00,EP182026,29,2026-10-02 00:00:00,3 days 18:00:00,90,19.43,-109.69,989.8,56.7,50.63447271960621,221.7831486961702,209.72672308526307,177.30155053005728,190.508091071998,58.88103524702143,50.45006548384282,35.82833305897259,44.05315085233195,0.0,0.0,0.0,0.0
2026-09-28 06:00:00,EP182026,29,2026-10-02 06:00:00,4 days 00:00:00,96,19.64,-109.89,992.9,51.0,73.71349367801271,100.4054629858104,93.70973772989748,74.37071969753191,81.03110806006396,0.0,73.71349367801271,0.0,0.0,0.0,0.0,0.0,0.0
2026-09-28 06:00:00,EP182026,29,2026-10-02 12:00:00,4 days 06:00:00,102,19.7,-110.27,988.1,56.0,31.17996694609561,152.63118971692282,129.4162735368275,104.78073056533168,129.5765236512603,39.80950871199396,29.936929920515706,18.94512786527544,30.008493673605194,0.0,0.0,0.0,0.0
2026-09-28 06:00:00,EP182026,29,2026-10-02 18:00:00,4 days 12:00:00,108,19.85,-110.54,991.8,48.8,47.72665125252836,121.41356711426802,105.67433877166604,84.5100190965751,99.11302211449063,0.0,0.0,0.0,0.0,0.0,0.0,0.0,0.0
2026-09-28 06:00:00,EP182026,29,2026-10-03 00:00:00,4 days 18:00:00,114,20.07,-110.61,991.0,55.1,14.380810682057929,186.97992672855617,175.98163049321738,130.7615520915897,151.96501759444072,40.0350616612468,32.68934322815312,19.49896415587955,27.178632344417565,0.0,0.0,0.0,0.0
2026-09-28 06:00:00,EP182026,29,2026-10-03 06:00:00,5 days 00:00:00,120,20.32,-110.91,986.8,61.7,39.21540386342342,179.6974410083399,161.4641644688591,132.50882993652377,154.55856321684993,55.040384995602125,45.44446883871477,32.594833629462656,42.37797645755035,0.0,0.0,0.0,0.0
2026-09-28 06:00:00,EP182026,29,2026-10-03 12:00:00,5 days 06:00:00,126,20.37,-110.96,992.3,55.2,33.189722155468445,163.82260602633914,155.76995956530754,125.0471764592,139.98276077766093,53.15628962141639,47.27528957526471,35.00193123640261,41.35337256907815,0.0,0.0,0.0,0.0
2026-09-28 06:00:00,EP182026,29,2026-10-03 18:00:00,5 days 12:00:00,132,20.59,-111.3,992.8,55.3,48.83777821684362,151.12791342320122,140.43537512410094,101.77081251541276,114.4245239640864,48.83777821684362,11.525741614237402,5.251407391678292,6.940545289507763,0.0,0.0,0.0,0.0
2026-09-28 06:00:00,EP182026,29,2026-10-04 00:00:00,5 days 18:00:00,138,20.77,-111.94,971.6,79.3,25.133662985976034,148.19072094651847,120.91371118412684,108.86967620319436,134.9432925215727,53.80226487317299,39.533411227446045,31.225168205933,43.77294400430758,25.133662985976034,17.288760610474466,13.39022983500572,17.876850822964805
2026-09-28 06:00:00,EP182026,29,2026-10-04 06:00:00,6 days 00:00:00,144,21.0,-112.13,981.3,70.0,9.029065539166352,142.94863554510837,122.61003081615618,100.3133900733662,125.84756832934258,59.898644000372975,48.44628124471143,38.11252981030441,50.1120995768422,24.713816326058456,21.29523034953243,16.72218532623524,21.63801549455514
2026-09-28 06:00:00,EP182026,29,2026-10-04 12:00:00,6 days 06:00:00,150,21.21,-112.98,972.7,76.0,27.37192818711133,91.68970760315844,70.40577786063645,62.799433374717765,88.02537682983845,43.64363833633144,31.497562168595604,24.733529880568703,38.69708671696314,27.37192818711133,20.328206314038358,16.2903179652514,21.16339479841759
2026-09-28 06:00:00,EP182026,29,2026-10-04 18:00:00,6 days 12:00:00,156,21.28,-113.93,982.5,67.7,26.386160371136214,117.37030060354893,90.12583705217988,66.25675403156103,107.66704407165176,58.83660458879011,42.68403094054855,31.62082011704905,47.10670099694201,26.386160371136214,22.40676610095698,17.3536114414977,22.67520992369525
2026-09-28 06:00:00,EP182026,29,2026-10-05 00:00:00,6 days 18:00:00,162,21.33,-114.73,989.7,47.9,17.44763067270152,105.23668052101957,81.87866150686206,63.819713625809,98.73982460285612,0.0,0.0,0.0,0.0,0.0,0.0,0.0,0.0
2026-09-28 06:00:00,EP182026,29,2026-10-05 06:00:00,7 days 00:00:00,168,21.23,-115.76,996.1,47.0,15.01298427538208,64.17696838080437,41.340794942051446,24.717878112062092,53.62800370443839,0.0,0.0,0.0,0.0,0.0,0.0,0.0,0.0
2026-09-28 06:00:00,EP182026,29,2026-10-05 12:00:00,7 days 06:00:00,174,21.02,-116.87,999.6,36.7,21.93500761338673,164.58214779176456,137.2720279296498,97.32877427827296,136.1075151543797,0.0,0.0,0.0,0.0,0.0,0.0,0.0,0.0
2026-09-28 06:00:00,EP182026,29,2026-10-05 18:00:00,7 days 12:00:00,180,20.8,-118.1,993.8,52.1,28.320039993608333,135.89635228496016,100.18354095744954,71.81499029480091,118.34518470004328,49.21764342808586,39.389350943854645,26.57216443709895,40.05600918879371,0.0,0.0,0.0,0.0
2026-09-28 06:00:00,EP182026,29,2026-10-06 00:00:00,7 days 18:00:00,186,20.83,-118.74,996.9,43.2,15.811352815268144,154.3689317577439,120.26990583218011,110.82307261248071,141.03619001196574,0.0,0.0,0.0,0.0,0.0,0.0,0.0,0.0
2026-09-28 06:00:00,EP182026,29,2026-10-06 06:00:00,8 days 00:00:00,192,20.14,-119.61,989.8,56.2,19.151193368923288,102.98325950726895,84.23591929243646,73.11679153375681,92.5143162168421,19.151193368923288,0.0,0.0,0.0,0.0,0.0,0.0,0.0
2026-09-28 06:00:00,EP182026,29,2026-10-06 12:00:00,8 days 06:00:00,198,20.2,-120.65,999.9,49.6,49.38868745772929,120.2293813715494,84.2368054572845,65.40055042404111,105.14097184057384,0.0,0.0,0.0,0.0,0.0,0.0,0.0,0.0
2026-09-28 06:00:00,EP182026,29,2026-10-06 18:00:00,8 days 12:00:00,204,19.89,-121.9,1003.4,38.8,43.5643952620708,43.5643952620708,0.0,0.0,26.079362604544745,0.0,0.0,0.0,0.0,0.0,0.0,0.0,0.0
2026-09-28 06:00:00,EP182026,29,2026-10-07 00:00:00,8 days 18:00:00,210,19.48,-122.78,1004.5,32.0,53.46361876405001,0.0,0.0,0.0,0.0,0.0,0.0,0.0,0.0,0.0,0.0,0.0,0.0
2026-09-28 06:00:00,EP182026,29,2026-10-07 06:00:00,9 days 00:00:00,216,19.21,-123.41,1000.3,39.7,55.5643603077453,72.84875384797385,48.200490215354606,43.04084669259857,72.13044131286436,0.0,0.0,0.0,0.0,0.0,0.0,0.0,0.0
2026-09-28 06:00:00,EP182026,29,2026-10-07 12:00:00,9 days 06:00:00,222,18.95,-124.29,996.8,49.5,17.727191599055026,64.56792307005188,47.92288648484773,30.653907993815597,57.30938758742254,0.0,0.0,0.0,0.0,0.0,0.0,0.0,0.0
2026-09-28 06:00:00,EP182026,29,2026-10-07 18:00:00,9 days 12:00:00,228,18.59,-124.9,1002.0,43.7,45.59576258156682,24.0492150164852,11.749918920297844,7.899793495726346,45.59576258156682,0.0,0.0,0.0,0.0,0.0,0.0,0.0,0.0
2026-09-28 06:00:00,EP182026,29,2026-10-08 00:00:00,9 days 18:00:00,234,18.53,-125.83,1000.7,45.9,47.43839881375842,47.43839881375842,9.15824226186158,3.7232148059066894,29.27931487689581,0.0,0.0,0.0,0.0,0.0,0.0,0.0,0.0
2026-09-28 06:00:00,EP182026,29,2026-10-08 06:00:00,10 days 00:00:00,240,18.5,-126.9,1003.8,35.4,88.69591261580176,5.359659701350182,0.0,0.2092105768635335,88.69591261580176,0.0,0.0,0.0,0.0,0.0,0.0,0.0,0.0
2026-09-28 06:00:00,EP182026,29,2026-10-08 12:00:00,10 days 06:00:00,246,18.39,-127.81,1002.5,35.3,66.0186489492473,66.0186489492473,0.0,0.0,10.357451589998169,0.0,0.0,0.0,0.0,0.0,0.0,0.0,0.0
2026-09-28 06:00:00,EP182026,29,2026-10-08 18:00:00,10 days 12:00:00,252,18.16,-128.91,1003.8,36.1,33.57423304620183,22.522875364867986,2.1177790760487696,3.168482832477764,33.57423304620183,0.0,0.0,0.0,0.0,0.0,0.0,0.0,0.0
2026-09-28 06:00:00,EP182026,29,2026-10-09 00:00:00,10 days 18:00:00,258,18.05,-129.61,1005.8,29.4,79.34215120205599,0.0,0.0,0.0,0.0,0.0,0.0,0.0,0.0,0.0,0.0,0.0,0.0
2026-09-28 06:00:00,EP182026,29,2026-10-09 06:00:00,11 days 00:00:00,264,17.92,-130.32,1008.7,25.8,99.38235538439524,0.0,0.0,0.0,0.0,0.0,0.0,0.0,0.0,0.0,0.0,0.0,0.0
2026-09-28 06:00:00,EP182026,29,2026-10-09 12:00:00,11 days 06:00:00,270,17.26,-131.06,1010.4,22.2,74.9641051173562,0.0,0.0,0.0,0.0,0.0,0.0,0.0,0.0,0.0,0.0,0.0,0.0
2026-09-28 06:00:00,EP182026,29,2026-10-09 18:00:00,11 days 12:00:00,276,17.23,-131.8,1010.2,24.3,83.6760156870799,0.0,0.0,0.0,0.0,0.0,0.0,0.0,0.0,0.0,0.0,0.0,0.0
2026-09-28 06:00:00,EP182026,29,2026-10-10 00:00:00,11 days 18:00:00,282,17.05,-132.43,1003.3,38.0,34.38685117650659,19.13014444984624,4.045304108020719,6.440770035136151,34.38685117650659,0.0,0.0,0.0,0.0,0.0,0.0,0.0,0.0
2026-09-28 06:00:00,EP182026,29,2026-10-10 06:00:00,12 days 00:00:00,288,16.36,-133.0,1002.9,28.0,90.94923350019256,0.0,0.0,0.0,0.0,0.0,0.0,0.0,0.0,0.0,0.0,0.0,0.0
2026-09-28 06:00:00,EP182026,29,2026-10-10 12:00:00,12 days 06:00:00,294,15.97,-133.39,1006.9,26.5,107.02856110373112,0.0,0.0,0.0,0.0,0.0,0.0,0.0,0.0,0.0,0.0,0.0,0.0
2026-09-28 06:00:00,EP182026,29,2026-10-10 18:00:00,12 days 12:00:00,300,15.74,-134.01,1004.7,25.2,56.97067944574927,0.0,0.0,0.0,0.0,0.0,0.0,0.0,0.0,0.0,0.0,0.0,0.0
2026-09-28 06:00:00,EP182026,29,2026-10-11 00:00:00,12 days 18:00:00,306,15.61,-134.69,1003.9,29.3,82.93879531333195,0.0,0.0,0.0,0.0,0.0,0.0,0.0,0.0,0.0,0.0,0.0,0.0
2026-09-28 06:00:00,EP912026(3),29,2026-09-28 06:00:00,0 days 00:00:00,0,12.7,-136.6,1005.0,29.0,93.0,0.0,0.0,0.0,0.0,0.0,0.0,0.0,0.0,0.0,0.0,0.0,0.0
2026-09-28 06:00:00,WP252026,29,2026-09-28 06:00:00,0 days 00:00:00,0,27.5,131.6,954.0,99.0,9.0,148.0,158.0,148.0,121.0,,,,,,,,
2026-09-28 06:00:00,WP252026,29,2026-09-28 12:00:00,0 days 06:00:00,6,27.39,132.11,979.7,73.2,25.127534409112577,128.9576934334491,100.992204782246,74.37750500734381,77.51355702870774,25.127534409112577,10.515649549175988,1.980718078324739,8.39334081911725,25.127534409112577,0.0,0.0,0.0
2026-09-28 06:00:00,WP252026,29,2026-09-28 18:00:00,0 days 12:00:00,12,27.92,132.93,994.8,50.7,54.43180511077966,215.73017894598155,211.1417980792577,163.30946549902842,168.2885510255449,47.4061744577824,54.43180511077966,31.741331769005143,35.0444359969415,0.0,0.0,0.0,0.0
2026-09-28 06:00:00,WP252026,29,2026-09-29 00:00:00,0 days 18:00:00,18,28.44,133.7,993.1,47.1,31.942578694421,150.36164831730505,138.2754436503423,100.8334874141988,107.546460087036,0.0,0.0,0.0,0.0,0.0,0.0,0.0,0.0
2026-09-28 06:00:00,WP252026,29,2026-09-29 06:00:00,1 days 00:00:00,24,29.19,134.67,1001.4,33.9,102.36502041469066,0.0,0.0,0.0,0.0,0.0,0.0,0.0,0.0,0.0,0.0,0.0,0.0
2026-09-28 06:00:00,WP252026,29,2026-09-29 12:00:00,1 days 06:00:00,30,29.64,135.94,999.5,33.7,146.51840696629125,0.0,0.0,0.0,0.0,0.0,0.0,0.0,0.0,0.0,0.0,0.0,0.0
2026-09-28 06:00:00,WP252026,29,2026-09-29 18:00:00,1 days 12:00:00,36,29.8,137.34,1003.2,29.6,119.1081857230838,0.0,0.0,0.0,0.0,0.0,0.0,0.0,0.0,0.0,0.0,0.0,0.0
2026-09-28 06:00:00,WP252026,29,2026-09-30 00:00:00,1 days 18:00:00,42,31.26,138.07,1002.6,32.8,69.45404459235571,0.0,0.0,0.0,0.0,0.0,0.0,0.0,0.0,0.0,0.0,0.0,0.0
2026-09-28 06:00:00,WP252026,29,2026-09-30 06:00:00,2 days 00:00:00,48,32.04,139.37,988.9,40.5,81.82370713738199,83.11198646618921,92.93353156395932,62.45332059554092,54.51888587552028,0.0,0.0,0.0,0.0,0.0,0.0,0.0,0.0
2026-09-28 06:00:00,WP252026,29,2026-09-30 12:00:00,2 days 06:00:00,54,33.24,141.07,995.7,46.0,152.5331332454989,191.42005060238372,174.1992024483102,110.99607405070708,135.0583350371057,0.0,0.0,0.0,0.0,0.0,0.0,0.0,0.0
2026-09-28 06:00:00,WP252026,29,2026-09-30 18:00:00,2 days 12:00:00,60,34.13,142.31,993.9,42.5,64.63261585475283,62.96393970939912,72.0346656677404,38.79511987475844,34.72957454394141,0.0,0.0,0.0,0.0,0.0,0.0,0.0,0.0
2026-09-28 06:00:00,WP252026,29,2026-10-01 00:00:00,2 days 18:00:00,66,35.35,143.44,992.7,49.4,61.00630197569768,20.1922154112522,61.00630197569768,0.0,5.937380479458888,0.0,0.0,0.0,0.0,0.0,0.0,0.0,0.0
2026-09-28 06:00:00,WP252026,29,2026-10-01 06:00:00,3 days 00:00:00,72,36.9,145.35,997.0,39.5,39.164383097624885,10.71923010854998,39.164383097624885,3.966006556885997,6.141306623738132,0.0,0.0,0.0,0.0,0.0,0.0,0.0,0.0
2026-09-28 06:00:00,WP252026,29,2026-10-01 12:00:00,3 days 06:00:00,78,38.68,148.38,1001.6,29.9,166.66053264729987,0.0,0.0,0.0,0.0,0.0,0.0,0.0,0.0,0.0,0.0,0.0,0.0
2026-09-28 06:00:00,WP252026,29,2026-10-01 18:00:00,3 days 12:00:00,84,41.32,153.99,987.8,36.5,67.09691368381485,0.0,67.09691368381485,7.244820048152135,0.0,0.0,0.0,0.0,0.0,0.0,0.0,0.0,0.0
2026-09-28 06:00:00,WP922026(4),29,2026-09-28 06:00:00,0 days 00:00:00,0,16.4,97.6,1001.0,29.0,64.0,0.0,0.0,0.0,0.0,0.0,0.0,0.0,0.0,0.0,0.0,0.0,0.0
2026-09-28 06:00:00,WP922026(4),29,2026-09-28 12:00:00,0 days 06:00:00,6,17.68,97.02,1006.9,28.4,92.08149595581716,0.0,0.0,0.0,0.0,0.0,0.0,0.0,0.0,0.0,0.0,0.0,0.0
2026-09-28 06:00:00,0,3,2026-09-28 12:00:00,0 days 06:00:00,6,14.87,155.38,1008.2,23.0,96.2569655418822,0.0,0.0,0.0,0.0,0.0,0.0,0.0,0.0,0.0,0.0,0.0,0.0
2026-09-28 06:00:00,0,3,2026-09-28 18:00:00,0 days 12:00:00,12,15.28,155.9,1007.5,20.8,81.6764342069313,0.0,0.0,0.0,0.0,0.0,0.0,0.0,0.0,0.0,0.0,0.0,0.0
2026-09-28 06:00:00,0,3,2026-09-29 00:00:00,0 days 18:00:00,18,15.43,156.16,1007.0,17.7,84.2267063674314,0.0,0.0,0.0,0.0,0.0,0.0,0.0,0.0,0.0,0.0,0.0,0.0
2026-09-28 06:00:00,0,3,2026-09-29 06:00:00,1 days 00:00:00,24,15.06,155.07,1004.9,26.0,54.77984339918591,0.0,0.0,0.0,0.0,0.0,0.0,0.0,0.0,0.0,0.0,0.0,0.0
2026-09-28 06:00:00,0,3,2026-09-29 12:00:00,1 days 06:00:00,30,15.49,154.05,1005.1,23.8,137.9986169038109,0.0,0.0,0.0,0.0,0.0,0.0,0.0,0.0,0.0,0.0,0.0,0.0
2026-09-28 06:00:00,0,3,2026-09-29 18:00:00,1 days 12:00:00,36,16.36,153.06,1007.1,20.6,88.09792158059504,0.0,0.0,0.0,0.0,0.0,0.0,0.0,0.0,0.0,0.0,0.0,0.0
2026-09-28 06:00:00,0,3,2026-09-30 00:00:00,1 days 18:00:00,42,16.4,151.89,1003.0,27.6,108.19437423929224,0.0,0.0,0.0,0.0,0.0,0.0,0.0,0.0,0.0,0.0,0.0,0.0
2026-09-28 06:00:00,0,3,2026-09-30 06:00:00,2 days 00:00:00,48,16.56,150.61,1000.2,28.1,58.139500551366574,0.0,0.0,0.0,0.0,0.0,0.0,0.0,0.0,0.0,0.0,0.0,0.0
2026-09-28 06:00:00,0,3,2026-09-30 12:00:00,2 days 06:00:00,54,16.78,150.05,1002.4,22.5,69.19997892643977,0.0,0.0,0.0,0.0,0.0,0.0,0.0,0.0,0.0,0.0,0.0,0.0
2026-09-28 06:00:00,0,3,2026-09-30 18:00:00,2 days 12:00:00,60,16.85,148.39,1000.9,35.7,57.24634774021568,11.078218193871107,57.24634774021568,9.690378332101474,11.130393903216168,0.0,0.0,0.0,0.0,0.0,0.0,0.0,0.0
2026-09-28 06:00:00,0,3,2026-10-01 00:00:00,2 days 18:00:00,66,17.28,146.95,999.7,35.4,65.05454339261938,0.0,0.0,65.05454339261938,0.0,0.0,0.0,0.0,0.0,0.0,0.0,0.0,0.0
2026-09-28 06:00:00,0,3,2026-10-01 06:00:00,3 days 00:00:00,72,17.14,145.74,993.5,47.5,43.77753747230614,0.0,0.0,43.77753747230614,1.1107503841354776,0.0,0.0,0.0,0.0,0.0,0.0,0.0,0.0
2026-09-28 06:00:00,0,3,2026-10-01 12:00:00,3 days 06:00:00,78,17.32,144.66,993.2,51.5,43.62241428886487,78.77693292736998,76.27679806373,60.21989223316864,64.2410746557239,0.0,0.0,43.62241428886487,0.0,0.0,0.0,0.0,0.0
2026-09-28 06:00:00,0,3,2026-10-01 18:00:00,3 days 12:00:00,84,17.43,143.51,989.5,57.8,53.64861696741158,151.39942269224844,140.4929192706228,109.6567320796321,124.48811554354504,53.64861696741158,0.0,0.0,0.0,0.0,0.0,0.0,0.0
2026-09-28 06:00:00,0,3,2026-10-02 00:00:00,3 days 18:00:00,90,17.67,142.66,978.0,75.4,32.011315398918775,279.05026090017856,247.6824328899123,202.536158164698,250.831714513888,126.50741771295591,108.56672410906504,84.39607904538897,102.80533920221072,32.011315398918775,19.53537648487948,15.40177964265192,18.1962222593326
2026-09-28 06:00:00,0,3,2026-10-02 06:00:00,4 days 00:00:00,96,17.69,142.1,966.3,89.1,45.60385062599376,259.88585327755163,250.8547411888436,192.8335826613877,212.94422126944085,45.60385062599376,4.132031612149813,0.0,3.35659472676529,45.60385062599376,0.0,0.0,0.0
2026-09-28 06:00:00,0,3,2026-10-02 12:00:00,4 days 06:00:00,102,18.14,142.34,932.6,123.5,5.128399317720039,254.4651374983372,267.1159653786733,255.0036606017477,234.82531358205236,111.19832115569376,129.5925642729452,112.95963102942004,101.54334540345133,38.895796396892734,43.67974346077392,38.32274321477124,37.69023245709792
2026-09-28 06:00:00,0,3,2026-10-02 18:00:00,4 days 12:00:00,108,18.34,141.73,963.9,87.2,79.49952721901737,428.7469305571833,386.382197048012,329.7033382037803,371.5003718477348,79.49952721901737,72.93987823161274,57.57416342990329,79.49952721901737,0.908387358570838,0.6291268764913421,0.7379585967760215,79.49952721901737
2026-09-28 06:00:00,0,3,2026-10-03 00:00:00,4 days 18:00:00,114,18.55,141.77,965.5,81.9,48.881508601525134,222.84275816091892,250.85810599989367,225.5606075239376,196.8020193538553,51.608051816083766,57.60264994827234,47.66336641327129,44.05949693731265,1.8909649048429893,48.881508601525134,3.046302263989957,1.2120814486240032
2026-09-28 06:00:00,0,3,2026-10-03 06:00:00,5 days 00:00:00,120,18.69,141.76,940.2,113.1,18.517633448879543,379.82737335031874,402.44534902151855,314.79669942348465,315.18371581267496,143.8404484265011,148.86819969592784,119.30274653954304,114.76963727784612,45.41421624335864,44.15655710320279,37.73598809374974,39.26108754133092
2026-09-28 06:00:00,0,3,2026-10-03 12:00:00,5 days 06:00:00,126,19.26,142.19,944.0,107.8,9.033070575677328,334.0426156647138,361.6907418272965,306.36448070922734,282.33097593817274,181.7474496471792,198.778975118556,167.86003968457737,157.10214265923196,112.63265178920147,111.37806917707888,95.65174553110997,97.53286425815747
2026-09-28 06:00:00,0,3,2026-10-03 18:00:00,5 days 12:00:00,132,19.74,142.4,933.1,122.7,2.96071409053421,261.1097790937718,334.7237933559911,298.9536534436618,225.61492818098893,14.526296129706251,29.57364662630085,22.20005734550086,15.11576088437092,11.804223678133926,15.075642759624929,13.456513071046484,10.17473948516418
2026-09-28 06:00:00,0,3,2026-10-04 00:00:00,5 days 18:00:00,138,20.32,143.01,920.9,133.4,42.13940803047522,350.12429100695886,390.7346460528436,303.4295541469344,285.12335280514753,158.23878449312843,166.32546417219885,134.80288586273588,126.43400495897822,74.60795094328634,72.86334112575766,59.83091961219148,64.22052146120964
2026-09-28 06:00:00,0,3,2026-10-04 06:00:00,6 days 00:00:00,144,21.24,143.21,923.5,129.7,32.24803742584244,365.270448803804,403.83104044202537,341.25819515550427,323.3479911310721,140.83913360703744,157.4899498070589,122.01324566988124,117.0314739124914,44.53253375973905,45.04935362864985,36.38292319208343,37.97853238194594
2026-09-28 06:00:00,0,3,2026-10-04 12:00:00,6 days 06:00:00,150,22.07,143.86,896.0,156.0,46.33155835261557,436.9377324678113,495.8622992081746,435.801130988636,376.1008543377488,28.9513185546529,64.0568361093363,49.09878140913582,33.27578476689007,20.47064023060136,46.33155835261557,21.30840258649295,18.301315533466568
2026-09-28 06:00:00,0,3,2026-10-04 18:00:00,6 days 12:00:00,156,22.71,144.03,920.3,125.0,31.92593783222917,391.3802746399875,421.7654131525021,354.8758060289365,338.0950032088324,121.64113638762782,135.6166067419351,106.7904941649823,99.77208975664853,40.588377171578784,39.669357167370976,33.568526164764066,34.71220883817841
2026-09-28 06:00:00,0,3,2026-10-05 00:00:00,6 days 18:00:00,162,23.79,144.18,913.3,136.5,14.250611637809412,377.7286548362631,395.47735550304833,345.04262979747136,347.109189841663,152.87787439898125,156.50427951906636,123.19913610558784,127.11832234407711,63.40697263928956,62.88303805970827,48.733546874670594,54.346745949841306
2026-09-28 06:00:00,0,3,2026-10-05 06:00:00,7 days 00:00:00,168,25.13,144.11,923.7,130.1,27.383107791166736,344.5337412045817,363.455654266674,294.1547722647156,285.3471458332176,112.3366492213314,121.83436902895176,92.83225266409325,92.1872943825042,53.44123055820919,50.2917315261341,41.6859184893346,45.53184898224191
2026-09-28 06:00:00,0,3,2026-10-05 12:00:00,7 days 06:00:00,174,25.72,144.06,906.3,144.9,54.86106872662336,485.6017363142754,510.4961342433288,476.3792067391579,442.2100244624363,216.57804569782007,232.9711545367892,192.86967599366085,184.6436309972682,76.96832955867714,76.74040598439814,65.96826616632798,67.34726429989615
2026-09-28 06:00:00,0,3,2026-10-05 18:00:00,7 days 12:00:00,180,26.91,144.42,921.0,123.2,39.45387724961461,425.0798797988781,446.3849122392109,387.9891644299777,361.5631086347988,216.27917690180067,234.23143807791652,198.05957067297152,191.8722204801977,118.96846943616065,119.20703457811274,101.53602322609504,105.06270955812084
2026-09-28 06:00:00,0,3,2026-10-06 00:00:00,7 days 18:00:00,186,28.2,144.57,933.5,102.3,34.270606629753736,494.3670307730504,514.9992524005631,447.8587322706549,430.1228857130308,267.9758973849947,277.3675851164437,232.0224124561953,229.3039965607138,108.04895239258548,110.47676980724896,91.775952318961,95.2172403245292
2026-09-28 06:00:00,0,3,2026-10-06 06:00:00,8 days 00:00:00,192,30.07,144.68,933.6,103.3,34.65513240371912,416.4142128392907,454.7305919760879,386.6895996934403,339.3918972355178,149.95413050256343,159.60887370597305,122.82729324074742,122.74405410789475,43.57514976499457,43.081602538936174,35.157439381690324,37.608469077304
2026-09-28 06:00:00,0,3,2026-10-06 12:00:00,8 days 06:00:00,198,31.95,145.36,948.6,100.5,35.10283245156533,375.68675257438406,372.5519961355141,312.8719891077452,308.7264888562195,192.318847331122,197.88606456597796,160.93387615781188,164.2323262701827,84.08793268894343,81.37958195572425,68.06406528662232,73.67386986636092
2026-09-28 06:00:00,0,3,2026-10-06 18:00:00,8 days 12:00:00,204,34.0,145.52,962.5,70.9,111.20998263169864,486.65533620983206,519.1925703890116,402.5158723825507,379.3471586414543,262.77799155440823,270.1438767172114,219.23296509042373,211.9476052163996,43.84340609022309,111.20998263169864,35.78839050482738,37.50250281511681
2026-09-28 06:00:00,0,3,2026-10-07 00:00:00,8 days 18:00:00,210,37.16,147.51,959.3,78.4,55.52544631252338,348.13409041419646,397.6178523730469,326.8614452810122,266.2329036938688,140.3970229373259,147.73993621501225,116.10874332547549,101.1730134875779,0.0,55.52544631252338,0.0,0.0
2026-09-28 06:00:00,0,3,2026-10-07 06:00:00,9 days 00:00:00,216,40.91,150.33,969.0,64.4,69.58632199713495,188.26699636100352,262.58264816321457,199.63226817269435,115.2148281466626,46.26566587740673,69.58632199713495,42.94116765834938,30.114987265511463,0.0,69.58632199713495,0.0,0.0
2026-09-28 06:00:00,0,3,2026-10-07 12:00:00,9 days 06:00:00,222,45.54,153.59,971.0,57.4,91.88396479208778,171.86652971797977,248.12739072010532,201.29217050528268,113.8095561469477,52.44464130121537,91.88396479208778,47.96082707644753,38.751961735556606,0.0,0.0,0.0,0.0
2026-09-28 06:00:00,0,3,2026-10-07 18:00:00,9 days 12:00:00,228,49.9,156.12,966.8,55.3,97.89360820680628,3.432276698057773,97.89360820680628,16.55439822110731,0.0,3.432276698057773,97.89360820680628,2.48906874405269,0.0,0.0,0.0,0.0,0.0
2026-09-28 06:00:00,0,3,2026-10-08 00:00:00,9 days 18:00:00,234,53.85,159.74,966.6,49.5,186.3213471964089,186.3213471964089,73.02896285089594,54.553883080128045,22.87940849386731,0.0,0.0,0.0,0.0,0.0,0.0,0.0,0.0
2026-09-28 06:00:00,0,3,2026-10-08 06:00:00,10 days 00:00:00,240,56.15,162.73,949.7,56.9,215.43879172988864,63.75506648958364,215.43879172988864,215.43879172988864,91.24604772216787,12.100083973303343,23.08294232602029,215.43879172988864,17.75003230345812,0.0,0.0,0.0,0.0
2026-09-28 06:00:00,13,3,2026-10-03 00:00:00,4 days 18:00:00,114,17.56,158.2,1005.3,25.4,92.36583894033193,0.0,0.0,0.0,0.0,0.0,0.0,0.0,0.0,0.0,0.0,0.0,0.0
2026-09-28 06:00:00,13,3,2026-10-03 06:00:00,5 days 00:00:00,120,17.54,158.54,1003.7,28.9,85.8457588578618,0.0,0.0,0.0,0.0,0.0,0.0,0.0,0.0,0.0,0.0,0.0,0.0
2026-09-28 06:00:00,13,3,2026-10-03 12:00:00,5 days 06:00:00,126,17.24,158.83,1003.3,30.6,53.75373069608186,0.0,0.0,0.0,0.0,0.0,0.0,0.0,0.0,0.0,0.0,0.0,0.0
2026-09-28 06:00:00,13,3,2026-10-03 18:00:00,5 days 12:00:00,132,16.65,158.68,1001.9,32.8,45.79449372738927,0.0,0.0,0.0,0.0,0.0,0.0,0.0,0.0,0.0,0.0,0.0,0.0
2026-09-28 06:00:00,13,3,2026-10-04 00:00:00,5 days 18:00:00,138,15.89,159.18,996.3,43.3,74.02768438150184,92.72988344964786,94.77895899046727,61.941742157198064,77.13069507889679,0.0,0.0,0.0,0.0,0.0,0.0,0.0,0.0
2026-09-28 06:00:00,13,3,2026-10-04 06:00:00,6 days 00:00:00,144,15.39,158.98,999.0,47.6,59.63413352807845,82.61774773472109,81.4104432088244,62.84410027328568,75.94485651055436,0.0,0.0,0.0,0.0,0.0,0.0,0.0,0.0
2026-09-28 06:00:00,13,3,2026-10-04 12:00:00,6 days 06:00:00,150,14.15,158.98,991.7,50.8,70.27485324721678,130.5641723695139,109.3600220275339,75.21133479685344,110.7419894511648,70.27485324721678,0.0,0.0,0.0,0.0,0.0,0.0,0.0
2026-09-28 06:00:00,13,3,2026-10-04 18:00:00,6 days 12:00:00,156,13.4,159.12,990.7,43.6,59.16088106830284,73.97865211094904,64.46993498619122,63.60006869042263,60.24128165664297,0.0,0.0,0.0,0.0,0.0,0.0,0.0,0.0
2026-09-28 06:00:00,13,3,2026-10-05 00:00:00,6 days 18:00:00,162,12.55,159.07,995.6,48.7,36.32742285668611,96.80530851178604,96.4496769532267,79.47161086859629,81.68068234371235,0.0,0.0,0.0,0.0,0.0,0.0,0.0,0.0
2026-09-28 06:00:00,13,3,2026-10-05 06:00:00,7 days 00:00:00,168,11.61,159.08,985.9,63.5,33.012539004615434,75.72062728390006,72.34077514578658,62.206398946575725,62.40582802192846,33.012539004615434,1.1980157949151842,1.3431016118708077,0.0,0.0,0.0,0.0,0.0
2026-09-28 06:00:00,13,3,2026-10-05 12:00:00,7 days 06:00:00,174,10.59,159.0,994.8,46.7,63.245764564717625,151.25871784894684,160.95343029515942,150.41956762633225,158.30690489740104,0.0,0.0,0.0,0.0,0.0,0.0,0.0,0.0
2026-09-28 06:00:00,13,3,2026-10-05 18:00:00,7 days 12:00:00,180,10.14,159.24,986.2,62.3,64.67697165578605,141.46726378178056,147.07871650132734,148.2074804133595,127.24074642337756,7.6534538376676995,6.611743100004899,64.67697165578605,6.845724479192906,0.0,0.0,0.0,0.0
2026-09-28 06:00:00,13,3,2026-10-06 00:00:00,7 days 18:00:00,186,9.21,159.4,990.5,59.7,46.615281533350895,148.48353405444385,155.4071382910192,136.80045055436167,136.69048087663094,46.615281533350895,7.624221636527633,5.239437564519589,5.699926435923201,0.0,0.0,0.0,0.0
2026-09-28 06:00:00,13,3,2026-10-06 06:00:00,8 days 00:00:00,192,9.07,159.51,981.5,73.3,48.18640833451154,118.8111672200332,122.17598695808812,111.90405180134331,91.46646477345872,3.654434961364509,48.18640833451154,48.18640833451154,2.515943650141495,0.0,0.0,48.18640833451154,0.0
2026-09-28 06:00:00,13,3,2026-10-06 12:00:00,8 days 06:00:00,198,8.98,160.02,982.0,67.4,52.78958064559546,91.7130106611764,87.95377881926507,92.36289761445856,78.64062975485189,3.1314365700548112,52.78958064559546,52.78958064559546,2.5844825983298367,0.0,52.78958064559546,0.2163963284838214,0.0510215758778505
2026-09-28 06:00:00,13,3,2026-10-06 18:00:00,8 days 12:00:00,204,9.26,160.14,986.5,55.6,54.3574378309914,158.70486118997783,139.80169182597746,124.86720709010076,139.89961514330955,54.3574378309914,0.0,0.0,0.0,0.0,0.0,0.0,0.0
2026-09-28 06:00:00,13,3,2026-10-07 00:00:00,8 days 18:00:00,210,10.66,159.66,993.8,47.9,40.29287679157164,40.29287679157164,7.283619739927428,0.0,10.96092041331747,0.0,0.0,0.0,0.0,0.0,0.0,0.0,0.0
2026-09-28 06:00:00,13,3,2026-10-07 06:00:00,9 days 00:00:00,216,11.53,159.75,989.3,60.8,64.72231215449257,245.7959324779627,228.7995501826432,195.176619251034,200.5903507069673,64.72231215449257,6.277324552103906,0.0,5.022302640259491,0.0,0.0,0.0,0.0
2026-09-28 06:00:00,13,3,2026-10-07 12:00:00,9 days 06:00:00,222,12.44,159.34,991.8,53.2,62.09890919693545,127.95750694031392,118.71015850334136,105.48771191799771,121.75456532551306,62.09890919693545,0.0,0.0,0.0,0.0,0.0,0.0,0.0
2026-09-28 06:00:00,13,3,2026-10-07 18:00:00,9 days 12:00:00,228,12.93,159.09,988.1,60.6,34.46523406046093,85.36519411125828,89.52753794732793,69.3340115918709,75.74464443727717,34.46523406046093,2.96495113768579,0.0,3.2764820458381925,0.0,0.0,0.0,0.0
2026-09-28 06:00:00,13,3,2026-10-08 00:00:00,9 days 18:00:00,234,13.32,158.65,976.3,68.3,36.43912952855175,123.0886578838464,115.34872725125295,101.63465146546524,108.01666561406267,36.43912952855175,3.0199142670171035,0.0,6.745040115028349,36.43912952855175,0.0,0.0,0.0
2026-09-28 06:00:00,13,3,2026-10-08 06:00:00,10 days 00:00:00,240,13.85,158.53,990.1,55.3,52.50470725986205,133.97342971353896,134.52435338684944,130.97285865778122,133.2543509909685,52.50470725986205,10.072648203651395,5.193402705977354,8.074567750525787,0.0,0.0,0.0,0.0
2026-09-28 06:00:00,13,3,2026-10-08 12:00:00,10 days 06:00:00,246,14.39,158.57,993.5,46.1,120.20651416974351,228.8117598316985,211.33048948721463,157.50070932626852,182.36342735581184,0.0,0.0,0.0,0.0,0.0,0.0,0.0,0.0
2026-09-28 06:00:00,13,3,2026-10-08 18:00:00,10 days 12:00:00,252,14.91,157.95,996.7,46.3,31.118846641355606,92.59916460665926,85.82427828147974,71.33173897587301,73.9100109859169,0.0,0.0,0.0,0.0,0.0,0.0,0.0,0.0
2026-09-28 06:00:00,13,3,2026-10-09 00:00:00,10 days 18:00:00,258,14.53,158.01,995.6,49.7,48.07741231468103,260.1706960446809,243.77278298520804,223.3618154454265,251.336008541716,0.0,0.0,0.0,0.0,0.0,0.0,0.0,0.0
2026-09-28 06:00:00,13,3,2026-10-09 06:00:00,11 days 00:00:00,264,14.72,157.0,992.2,43.2,103.99078636647644,224.37442267284607,213.3265258688129,191.668838366392,197.2907392112269,0.0,0.0,0.0,0.0,0.0,0.0,0.0,0.0
2026-09-28 06:00:00,13,3,2026-10-09 12:00:00,11 days 06:00:00,270,14.17,157.08,998.7,45.2,33.06320142078447,65.0305885763164,72.6786438850646,78.30127789086441,66.19177261830322,0.0,0.0,0.0,0.0,0.0,0.0,0.0,0.0
2026-09-28 06:00:00,13,3,2026-10-09 18:00:00,11 days 12:00:00,276,14.11,156.51,989.8,54.0,52.90537621995792,117.39299466039772,118.2034665715257,99.8055305287066,104.85436968207271,0.4354737027196695,0.1590766867046178,52.90537621995792,0.0,0.0,0.0,0.0,0.0
2026-09-28 06:00:00,13,3,2026-10-10 00:00:00,11 days 18:00:00,282,14.03,155.65,962.4,89.2,4.372279454020488,186.8784280784145,196.04199849531503,179.56633175321517,178.63271387378177,49.59195246873874,42.05764672827412,34.21041978513878,44.21193259409729,4.372279454020488,2.0961902481429675,1.5553496864113503,2.7029848458726637
2026-09-28 06:00:00,13,3,2026-10-10 06:00:00,12 days 00:00:00,288,13.87,155.35,966.9,86.3,23.8073187903941,189.6678287645363,164.76031534719547,166.9847825708544,181.4837119545361,91.10807425033435,79.56564517634683,63.602815068863066,82.7326272325077,49.75052983736971,43.4805881361567,35.71133311387557,42.68486771262105
2026-09-28 06:00:00,13,3,2026-10-10 12:00:00,12 days 06:00:00,294,14.05,154.74,952.0,109.5,26.97572611264564,214.16518695193977,190.70046148173697,174.14322051141275,199.8627043695327,103.49658605706004,85.01355206838133,69.64405371676017,90.30288878362256,64.83134607855645,57.17688286288399,48.0279797504264,55.737933219693474
2026-09-28 06:00:00,13,3,2026-10-10 18:00:00,12 days 12:00:00,300,14.43,154.19,952.3,101.9,13.217639393773936,207.5308649936328,160.8400710191113,158.4511272892014,204.0439210387608,115.93241040852148,95.42115541258272,82.53233986634473,102.9818281092464,76.79367278300913,66.2090185613095,57.69929966924764,68.29990867653771
2026-09-28 06:00:00,13,3,2026-10-11 00:00:00,12 days 18:00:00,306,14.7,153.57,926.6,130.4,6.057595940716007,217.92078012794445,165.13736470572138,164.43214407514122,216.92086617169687,124.81722865329526,102.80864319239218,84.59959354573452,106.5935581121488,70.15426513421112,59.62843253812413,50.28575424356925,61.54529538940281
2026-09-28 06:00:00,13,3,2026-10-11 06:00:00,13 days 00:00:00,312,15.02,153.3,921.7,131.8,9.793733607183206,248.38275343710447,205.6240788601737,191.3128058508428,218.61970295454893,9.793733607183206,3.796929676759802,2.8423052727595266,7.009400752674436,9.793733607183206,3.796929676759802,2.8423052727595266,7.009400752674436
2026-09-28 06:00:00,13,3,2026-10-11 12:00:00,13 days 06:00:00,318,15.25,152.62,917.5,134.4,33.99228777802021,212.85812849526585,202.5382675164588,219.3362450285835,215.0501007020552,33.99228777802021,1.1487565944456055,0.1954954384621039,33.99228777802021,33.99228777802021,1.1487565944456055,0.1954954384621039,2.4164806130711733
2026-09-28 06:00:00,13,3,2026-10-11 18:00:00,13 days 12:00:00,324,15.6,151.8,917.8,142.8,26.47360540106669,319.74740206721185,270.64518452353065,270.0690983969896,290.1608248540406,60.35362523827943,41.88912435912261,28.150676342690637,55.26121978895283,32.22774877258142,26.358301237691137,18.874178011489903,28.88971566887764
2026-09-28 06:00:00,13,3,2026-10-12 00:00:00,13 days 18:00:00,330,15.87,151.19,920.2,145.4,0.0,278.9107569173478,232.3688533696284,210.46517979964065,240.11527437031395,52.91574693286461,35.82788892954417,22.180172601865973,47.06564241283376,29.239588591844395,24.44800898858147,17.487049800248865,26.181272507606867
2026-09-28 06:00:00,13,3,2026-10-12 06:00:00,14 days 00:00:00,336,16.55,150.29,924.9,129.8,50.777325324428425,338.7764690848918,307.35265929783554,280.1584104243448,297.2305597145312,50.777325324428425,0.0,0.0,4.9971759469737815,50.777325324428425,0.0,0.0,0.0
2026-09-28 06:00:00,13,3,2026-10-12 12:00:00,14 days 06:00:00,342,16.85,149.39,914.0,144.0,0.0,301.4984805336086,226.6592778669057,192.5421342756225,285.59892136488986,170.55079907553295,138.17470756789197,114.17682465166358,144.10257149334737,90.57544514008067,80.61695187864505,68.03310299095139,84.60203154156189
2026-09-28 06:00:00,13,3,2026-10-12 18:00:00,14 days 12:00:00,348,17.41,148.96,922.4,130.3,24.531362036975597,274.5291296801069,262.2114038774361,228.1078882655234,236.78054701964896,39.803168147371736,29.439984731094043,20.29899544823293,36.20543978299743,32.63775225133073,29.439984731094043,20.29899544823293,28.050362524984216
2026-09-28 06:00:00,13,3,2026-10-13 00:00:00,14 days 18:00:00,354,17.91,148.49,925.6,133.3,8.2047965582493,282.25428904866163,264.15407989025124,234.16700258223847,248.68957409381068,134.3928896280098,121.18125324287168,98.31002483663656,113.83003443717944,72.26200855751226,65.2860129135982,52.39138128245544,63.403455561257815
2026-09-28 06:00:00,13,3,2026-10-13 06:00:00,15 days 00:00:00,360,18.46,148.4,926.1,126.6,39.51611453416435,231.47603228845725,268.4946435848089,219.19770907026327,179.9391075841993,39.51611453416435,39.51611453416435,16.340765162540084,17.36712163986293,39.51611453416435,20.71593075616046,14.742159803754967,17.36712163986293
2026-09-28 06:00:00,17,3,2026-10-06 06:00:00,8 days 00:00:00,192,15.28,-99.37,1001.9,33.5,42.61987597405675,0.0,0.0,0.0,0.0,0.0,0.0,0.0,0.0,0.0,0.0,0.0,0.0
2026-09-28 06:00:00,17,3,2026-10-06 12:00:00,8 days 06:00:00,198,15.52,-100.15,1004.1,29.7,75.58558757478957,0.0,0.0,0.0,0.0,0.0,0.0,0.0,0.0,0.0,0.0,0.0,0.0
2026-09-28 06:00:00,17,3,2026-10-06 18:00:00,8 days 12:00:00,204,15.62,-100.7,1004.6,32.1,105.4584488944446,0.0,0.0,0.0,0.0,0.0,0.0,0.0,0.0,0.0,0.0,0.0,0.0
2026-09-28 06:00:00,17,3,2026-10-07 00:00:00,8 days 18:00:00,210,15.98,-101.78,1002.6,42.3,30.20220109243285,6.479899213471725,2.883680909198578,6.266700095839383,30.20220109243285,0.0,0.0,0.0,0.0,0.0,0.0,0.0,0.0
2026-09-28 06:00:00,17,3,2026-10-07 06:00:00,9 days 00:00:00,216,16.0,-102.75,1002.9,40.8,55.06996767070947,40.595935600523546,21.80200061129347,22.47683173450996,55.06996767070947,0.0,0.0,0.0,0.0,0.0,0.0,0.0,0.0
2026-09-28 06:00:00,17,3,2026-10-07 12:00:00,9 days 06:00:00,222,16.16,-103.36,997.4,44.7,77.71386139010967,77.71386139010967,49.37174860465132,27.597203836480027,56.75449763538042,0.0,0.0,0.0,0.0,0.0,0.0,0.0,0.0
2026-09-28 06:00:00,17,3,2026-10-07 18:00:00,9 days 12:00:00,228,16.1,-103.89,1002.4,33.7,59.37442690605312,0.0,0.0,0.0,0.0,0.0,0.0,0.0,0.0,0.0,0.0,0.0,0.0
2026-09-28 06:00:00,17,3,2026-10-08 00:00:00,9 days 18:00:00,234,15.83,-104.74,999.0,44.4,66.44596553134484,55.561814995636055,40.602712964058696,40.50343275712181,66.44596553134484,0.0,0.0,0.0,0.0,0.0,0.0,0.0,0.0
2026-09-28 06:00:00,17,3,2026-10-08 06:00:00,10 days 00:00:00,240,15.38,-105.23,996.0,50.2,30.63715654532008,73.19747493950976,65.66630503195118,52.66770330278766,71.34296366736113,30.63715654532008,0.0,0.0,0.3465490183331603,0.0,0.0,0.0,0.0
2026-09-28 06:00:00,17,3,2026-10-08 12:00:00,10 days 06:00:00,246,15.19,-105.59,994.9,51.9,46.27410045243026,46.27410045243026,11.453855890113497,5.699548035166703,46.27410045243026,4.399167186722364,0.8435644149483559,0.2836690691084391,46.27410045243026,0.0,0.0,0.0,0.0
2026-09-28 06:00:00,17,3,2026-10-08 18:00:00,10 days 12:00:00,252,14.83,-105.98,986.0,67.6,14.686130175456556,43.4095011269266,39.53748291156451,48.05756859023524,53.70343841338008,15.147995887904308,10.581675080962526,8.161331385663175,15.339712014968097,14.686130175456556,0.0,0.0,0.2252201931354742
2026-09-28 06:00:00,17,3,2026-10-09 00:00:00,10 days 18:00:00,258,14.98,-106.43,994.3,50.7,45.7047719918408,63.67107762482786,58.0379815246811,62.819408336161736,67.04426194269018,45.7047719918408,0.0,0.0,0.0,0.0,0.0,0.0,0.0
2026-09-28 06:00:00,17,3,2026-10-09 06:00:00,11 days 00:00:00,264,15.01,-106.94,993.6,54.9,44.410181241315854,82.57581519972325,79.00412435611179,55.32631389892447,75.16848973563913,44.410181241315854,11.858409283428864,6.522959765299021,12.410700483406188,0.0,0.0,0.0,0.0
2026-09-28 06:00:00,17,3,2026-10-09 12:00:00,11 days 06:00:00,270,15.43,-107.29,990.1,58.7,9.357481431597025,85.08545365021709,78.95718164891838,61.86648824087739,72.52593756277402,38.16420148820434,28.335045939475595,16.43774889390292,29.15495054740552,0.0,0.0,0.0,0.0
2026-09-28 06:00:00,17,3,2026-10-09 18:00:00,11 days 12:00:00,276,15.77,-107.52,981.4,75.0,6.245173678396417,100.92610531922674,79.02033530123052,80.61220227950628,98.71024628900436,37.26604223753066,28.83039135328884,17.74453865958393,30.150236097701853,9.23930241444132,6.65992306574361,4.7813463015063045,7.432061671390479
2026-09-28 06:00:00,17,3,2026-10-10 00:00:00,11 days 18:00:00,282,16.44,-107.67,969.3,85.4,0.0,75.78660311641686,86.13241085845628,76.97611710300335,61.36727215224737,36.7394025464081,33.2071029960326,20.186885122666784,32.00750166839987,14.916778056064135,12.43816284271936,8.240475593137864,10.523962645565488
2026-09-28 06:00:00,17,3,2026-10-10 06:00:00,12 days 00:00:00,288,17.13,-107.52,961.7,86.1,20.31938441583597,114.47086676184092,119.82140440953208,96.01987401821656,108.20492782698908,68.32726596582094,56.3543744845953,37.354360702609085,55.2527426733983,20.31938441583597,16.009184359013553,10.32637532310796,13.970549647070383
2026-09-28 06:00:00,17,3,2026-10-10 12:00:00,12 days 06:00:00,294,17.98,-107.51,966.6,95.6,13.399289296928927,134.81041322395583,130.62477524641497,79.27406590462368,107.38100910015184,82.37049803052736,68.08698027284422,46.97162222820583,65.69680093683405,44.21382537560284,37.70793521909346,30.79063793028959,39.45876055709997
2026-09-28 06:00:00,17,3,2026-10-10 18:00:00,12 days 12:00:00,300,18.37,-107.52,972.1,85.4,0.0,134.13475436656637,131.6841529819732,84.98393044249474,106.4524071621686,56.75376738095407,47.848811715320345,29.964662353724897,40.42827920079228,4.20283193571348,3.664526011076583,1.0115628346718093,2.668311158205681
2026-09-28 06:00:00,17,3,2026-10-11 00:00:00,12 days 18:00:00,306,19.48,-107.8,977.6,80.1,0.9899495053212526,114.00750213896984,114.6301171957828,75.91151048827402,99.69567580666354,73.15597730688904,58.81434489204973,39.20676529963602,57.90928884006316,28.37117554170034,24.882478886538376,19.52024469316248,22.69117797145265
2026-09-28 06:00:00,17,3,2026-10-11 06:00:00,13 days 00:00:00,312,20.08,-107.96,981.5,70.5,1.4556491399769411,121.87951962600516,107.68052114809608,71.86511991779932,92.65399470148884,37.0573391380708,25.444314497345417,11.317226211956648,22.105816478641827,1.4556491399769411,0.0,0.0,0.0
2026-09-28 06:00:00,17,3,2026-10-11 12:00:00,13 days 06:00:00,318,21.05,-108.44,986.6,61.8,35.27767172163664,169.0354404428939,145.0537698543892,89.80971273957164,127.07716523632756,35.27767172163664,26.0192429516558,11.235639448366513,22.677245146464216,0.0,0.0,0.0,0.0
2026-09-28 06:00:00,17,3,2026-10-11 18:00:00,13 days 12:00:00,324,22.34,-108.86,980.9,72.5,36.60070942914342,124.44381277335492,103.52847598265907,51.11251058151902,88.91614586945184,36.60070942914342,36.60070942914342,0.0,1.2994318569688232,0.0,36.60070942914342,0.0,0.0711729677290478
2026-09-28 06:00:00,17,3,2026-10-12 00:00:00,13 days 18:00:00,330,23.57,-109.28,981.0,77.6,32.66526969884396,113.93533087090788,84.47782442883283,45.21494191679085,114.46448700392487,45.204749083114166,29.24415042938408,16.920225787557044,37.42780765679271,32.66526969884396,17.220717141882112,11.254690417543642,17.866152293978345
2026-09-28 06:00:00,17,3,2026-10-12 06:00:00,14 days 00:00:00,336,24.05,-110.03,987.3,55.3,14.010512367738546,83.23632840246464,53.36540546270514,39.31516375016406,82.69488987863082,47.55932805711353,35.67163817960858,24.01648590979252,35.71094770692154,0.0,0.0,0.0,0.0
2026-09-28 06:00:00,17,3,2026-10-12 12:00:00,14 days 06:00:00,342,24.37,-110.22,986.0,57.8,8.665515767688305,149.28541755308038,101.16470723710712,55.602418658876616,118.84816116965123,61.77011476347048,42.46978913857936,26.088622071241048,42.29767308397186,0.0,0.0,0.0,0.0
2026-09-28 06:00:00,17,3,2026-10-12 18:00:00,14 days 12:00:00,348,25.18,-110.81,993.7,55.3,6.002033291524526,80.63015685077596,69.0762634438546,55.97614415506638,61.42916269017644,6.002033291524526,0.2293276318501682,0.0,0.2782599288024272,0.0,0.0,0.0,0.0
2026-09-28 06:00:00,17,3,2026-10-13 00:00:00,14 days 18:00:00,354,25.69,-111.05,988.9,49.0,14.304694514648476,126.34319417524068,112.2929797473076,80.50142622220486,86.92648277810673,0.0,0.0,0.0,0.0,0.0,0.0,0.0,0.0
2026-09-28 06:00:00,17,3,2026-10-13 06:00:00,15 days 00:00:00,360,25.92,-111.11,992.0,49.9,68.08072093697638,74.48125973053308,85.01163043568391,53.00026223735321,50.777047198080055,0.0,0.0,0.0,0.0,0.0,0.0,0.0,0.0
2026-09-28 06:00:00,18,3,2026-10-07 00:00:00,8 days 18:00:00,210,21.52,-95.54,1004.5,33.8,81.05587393928069,0.0,0.0,0.0,0.0,0.0,0.0,0.0,0.0,0.0,0.0,0.0,0.0
2026-09-28 06:00:00,18,3,2026-10-07 06:00:00,9 days 00:00:00,216,21.13,-95.39,996.9,45.7,116.977749577107,116.977749577107,20.85768330959177,0.2346596801562306,17.24020464582989,0.0,0.0,0.0,0.0,0.0,0.0,0.0,0.0
2026-09-28 06:00:00,18,3,2026-10-07 12:00:00,9 days 06:00:00,222,21.15,-95.31,998.0,42.2,123.61338200869652,124.8057806486456,115.66312679106488,53.58411645537942,84.86707239790587,0.0,0.0,0.0,0.0,0.0,0.0,0.0,0.0
2026-09-28 06:00:00,18,3,2026-10-07 18:00:00,9 days 12:00:00,228,21.2,-95.17,998.4,47.6,71.11103610439156,184.45838417661048,171.9903355716521,117.49118505376242,152.0125677448142,0.0,0.0,0.0,0.0,0.0,0.0,0.0,0.0
2026-09-28 06:00:00,18,3,2026-10-08 00:00:00,9 days 18:00:00,234,20.73,-94.36,999.1,50.8,83.17721530387216,200.45290828254505,197.9121732811795,134.32706297158137,161.39710078174562,83.17721530387216,3.306477895012189,0.0303656469199697,2.1896751072858627,0.0,0.0,0.0,0.0
2026-09-28 06:00:00,18,3,2026-10-08 06:00:00,10 days 00:00:00,240,21.3,-94.1,995.3,49.7,91.79607488626482,147.31026978120497,132.04628728372484,88.03275911531301,119.28747757865987,0.0,0.0,0.0,0.0,0.0,0.0,0.0,0.0
2026-09-28 06:00:00,18,3,2026-10-08 12:00:00,10 days 06:00:00,246,21.55,-94.08,987.6,61.8,42.72870098151387,124.18237706336588,126.029342391216,103.44915432670496,109.23168019147886,42.72870098151387,10.095341945479303,3.687807805296561,6.936294959495147,0.0,0.0,0.0,0.0
2026-09-28 06:00:00,18,3,2026-10-08 18:00:00,10 days 12:00:00,252,21.66,-93.78,972.8,75.0,7.234661799730986,101.32645771338493,126.3365684863561,99.52677291315376,83.07286879607932,33.84054635965242,30.611728416719387,19.479060312585148,23.32819925289317,7.234661799730986,2.941777157059615,1.0611973026766537,1.98736221343124
2026-09-28 06:00:00,18,3,2026-10-09 00:00:00,10 days 18:00:00,258,22.31,-93.75,972.0,87.6,7.154610660233104,105.45052696693628,121.6214466788897,92.7063672413456,71.081842538939,68.11878399824595,65.50061244635351,46.09640242125742,47.26369189066247,37.90199039001296,34.75538913584976,28.431921193136223,31.921749795272977
2026-09-28 06:00:00,18,3,2026-10-09 06:00:00,11 days 00:00:00,264,22.91,-93.78,974.7,83.3,42.58420632493426,147.95633561592567,146.14970699752132,98.19439593014548,109.4350864685904,70.7819348748915,65.46029645220929,47.65777403327411,58.643291974315645,42.58420632493426,27.62499875180653,21.056999704694757,24.280105037971527
2026-09-28 06:00:00,18,3,2026-10-09 12:00:00,11 days 06:00:00,270,23.52,-92.83,966.6,95.7,11.76344711029256,169.3111354438746,195.5077122111026,113.0079243641146,111.11054870740828,89.1954427149663,86.33111572044757,59.02254563517366,70.3935038950764,50.49902056112656,48.15756926202927,36.8754373349137,41.900415823501646
2026-09-28 06:00:00,18,3,2026-10-09 18:00:00,11 days 12:00:00,276,23.88,-92.75,971.2,91.3,7.144990174989637,242.231739780528,223.25807783803967,163.8714723230267,209.45191565772055,109.09232386551976,100.15812194630726,81.98904413410017,85.68641028542963,31.711397122589812,29.694506784754097,26.00650150414433,25.364229801110945
2026-09-28 06:00:00,18,3,2026-10-10 00:00:00,11 days 18:00:00,282,24.15,-92.22,958.2,99.7,13.52191994702946,156.03817133263294,193.22105030893303,136.74482029039956,125.747413350273,75.52015490186872,83.72022759487267,63.85866610946504,65.853297014318,44.76406813001388,45.27587671080271,36.125104140045664,38.12471205220032
2026-09-28 06:00:00,18,3,2026-10-10 06:00:00,12 days 00:00:00,288,24.4,-92.21,981.4,76.1,36.369721182969016,175.869360370772,149.43512302890062,116.9599888535235,140.43512648020953,64.1202298344218,49.22916211721743,28.413613805347648,49.34978766625751,36.369721182969016,6.816447664099916,2.0590952715260635,7.413066259703458
2026-09-28 06:00:00,18,3,2026-10-10 12:00:00,12 days 06:00:00,294,25.08,-92.54,995.2,55.1,84.78468530017263,195.7691189190896,156.9371093011534,105.91919030359418,149.24963808886469,84.78468530017263,33.4910651470198,20.43342083464145,29.258214885497303,0.0,0.0,0.0,0.0
2026-09-28 06:00:00,18,3,2026-10-10 18:00:00,12 days 12:00:00,300,26.12,-92.45,992.1,58.8,39.67832407465176,123.09024612564826,118.89599506696686,61.70534761760428,76.70724538859213,39.67832407465176,2.3865888405598525,0.0,1.2951127334772536,0.0,0.0,0.0,0.0
2026-09-28 06:00:00,18,3,2026-10-11 00:00:00,12 days 18:00:00,306,27.3,-92.52,993.0,63.5,45.62589779849608,180.6812374636437,158.88361713923058,100.34490246614897,125.80151285225033,60.96842359181752,48.53247275368985,27.871203295804,38.39567847749812,0.0,0.0,0.0,0.0
2026-09-28 06:00:00,18,3,2026-10-11 06:00:00,13 days 00:00:00,312,28.57,-92.13,992.9,58.5,57.59151474776051,140.8859243864051,141.2252338685842,71.88302248094078,84.20094987344753,57.59151474776051,11.546650026631676,2.587700084665838,8.346839855528758,0.0,0.0,0.0,0.0
2026-09-28 06:00:00,18,3,2026-10-11 12:00:00,13 days 06:00:00,318,30.21,-91.76,994.9,54.6,59.19192572207624,161.8930042397941,194.3459601387193,114.7238396246683,98.75179708725896,3.701585524549741,59.19192572207624,1.0662466382132,0.0,0.0,0.0,0.0,0.0
2026-09-28 06:00:00,18,3,2026-10-11 18:00:00,13 days 12:00:00,324,32.06,-90.26,1001.3,33.6,50.22991969036213,0.0,0.0,0.0,0.0,0.0,0.0,0.0,0.0,0.0,0.0,0.0,0.0
2026-09-28 06:00:00,18,3,2026-10-12 00:00:00,13 days 18:00:00,330,33.11,-87.95,1002.8,32.0,155.1106358455113,0.0,0.0,0.0,0.0,0.0,0.0,0.0,0.0,0.0,0.0,0.0,0.0
2026-09-28 06:00:00,18,3,2026-10-12 06:00:00,14 days 00:00:00,336,34.51,-84.5,1007.6,21.8,108.55926549613532,0.0,0.0,0.0,0.0,0.0,0.0,0.0,0.0,0.0,0.0,0.0,0.0
2026-09-28 06:00:00,18,3,2026-10-12 12:00:00,14 days 06:00:00,342,35.12,-79.78,1014.2,19.6,137.53447127001516,0.0,0.0,0.0,0.0,0.0,0.0,0.0,0.0,0.0,0.0,0.0,0.0
2026-09-28 06:00:00,18,3,2026-10-12 18:00:00,14 days 12:00:00,348,35.95,-77.48,997.7,36.2,73.60330371163514,73.60330371163514,27.675243552073084,15.781001536851292,16.358755394351675,0.0,0.0,0.0,0.0,0.0,0.0,0.0,0.0
2026-09-28 06:00:00,18,3,2026-10-13 00:00:00,14 days 18:00:00,354,36.92,-73.55,991.9,39.5,53.16375095502511,48.18365851512856,66.86441031415333,44.7197251978468,33.47828982409882,0.0,0.0,0.0,0.0,0.0,0.0,0.0,0.0
2026-09-28 06:00:00,18,3,2026-10-13 06:00:00,15 days 00:00:00,360,37.53,-70.37,995.1,38.0,159.76776299678158,159.76776299678158,8.779382172520542,1.745739186165821,0.0,0.0,0.0,0.0,0.0,0.0,0.0,0.0,0.0
2026-09-28 06:00:00,20,3,2026-10-09 00:00:00,10 days 18:00:00,258,15.06,142.52,1004.8,25.7,93.05240143888112,0.0,0.0,0.0,0.0,0.0,0.0,0.0,0.0,0.0,0.0,0.0,0.0
2026-09-28 06:00:00,20,3,2026-10-09 06:00:00,11 days 00:00:00,264,15.26,141.93,1005.8,21.2,140.27806183554526,0.0,0.0,0.0,0.0,0.0,0.0,0.0,0.0,0.0,0.0,0.0,0.0
2026-09-28 06:00:00,20,3,2026-10-09 12:00:00,11 days 06:00:00,270,14.71,141.19,1004.2,24.5,104.00010255067404,0.0,0.0,0.0,0.0,0.0,0.0,0.0,0.0,0.0,0.0,0.0,0.0
2026-09-28 06:00:00,20,3,2026-10-09 18:00:00,11 days 12:00:00,276,14.34,141.03,1001.7,26.2,57.64468422444742,0.0,0.0,0.0,0.0,0.0,0.0,0.0,0.0,0.0,0.0,0.0,0.0
2026-09-28 06:00:00,20,3,2026-10-10 00:00:00,11 days 18:00:00,282,14.01,140.49,1002.2,27.2,92.25965531074873,0.0,0.0,0.0,0.0,0.0,0.0,0.0,0.0,0.0,0.0,0.0,0.0
2026-09-28 06:00:00,20,3,2026-10-10 06:00:00,12 days 00:00:00,288,13.82,139.56,998.6,30.7,56.29499375743551,0.0,0.0,0.0,0.0,0.0,0.0,0.0,0.0,0.0,0.0,0.0,0.0
2026-09-28 06:00:00,20,3,2026-10-10 12:00:00,12 days 06:00:00,294,13.72,139.03,1003.4,24.2,134.22905419045037,0.0,0.0,0.0,0.0,0.0,0.0,0.0,0.0,0.0,0.0,0.0,0.0
2026-09-28 06:00:00,20,3,2026-10-10 18:00:00,12 days 12:00:00,300,13.89,138.06,1001.2,27.8,73.64558581655172,0.0,0.0,0.0,0.0,0.0,0.0,0.0,0.0,0.0,0.0,0.0,0.0
2026-09-28 06:00:00,20,3,2026-10-11 00:00:00,12 days 18:00:00,306,13.88,137.01,1000.9,29.6,36.79285519316643,0.0,0.0,0.0,0.0,0.0,0.0,0.0,0.0,0.0,0.0,0.0,0.0
2026-09-28 06:00:00,20,3,2026-10-11 06:00:00,13 days 00:00:00,312,14.14,136.47,1001.1,30.0,53.19429985915514,0.0,0.0,0.0,0.0,0.0,0.0,0.0,0.0,0.0,0.0,0.0,0.0
2026-09-28 06:00:00,20,3,2026-10-11 12:00:00,13 days 06:00:00,318,14.25,135.39,999.6,28.5,63.98345615280576,0.0,0.0,0.0,0.0,0.0,0.0,0.0,0.0,0.0,0.0,0.0,0.0
2026-09-28 06:00:00,20,3,2026-10-11 18:00:00,13 days 12:00:00,324,14.07,134.64,1001.2,28.2,62.211519130331,0.0,0.0,0.0,0.0,0.0,0.0,0.0,0.0,0.0,0.0,0.0,0.0
2026-09-28 06:00:00,20,3,2026-10-12 00:00:00,13 days 18:00:00,330,13.83,133.6,992.9,47.4,47.487610952577526,47.487610952577526,12.354381316319268,6.280362563661576,17.84434432194467,0.0,0.0,0.0,0.0,0.0,0.0,0.0,0.0
2026-09-28 06:00:00,20,3,2026-10-12 06:00:00,14 days 00:00:00,336,13.81,132.94,987.2,50.5,24.840157506664674,5.437084720359913,5.534840732338441,24.840157506664674,24.840157506664674,0.6898788948860464,0.0,0.0,24.840157506664674,0.0,0.0,0.0,0.0
2026-09-28 06:00:00,20,3,2026-10-12 12:00:00,14 days 06:00:00,342,13.42,132.09,987.6,54.4,30.11278276325116,42.11107834727081,41.298041380872434,29.18442730882282,35.64178648088706,30.11278276325116,7.588389061788754,4.038727629577188,9.87209148394345,0.0,0.0,0.0,0.0
2026-09-28 06:00:00,20,3,2026-10-12 18:00:00,14 days 12:00:00,348,13.13,131.35,972.2,79.4,11.77906341478456,109.22146834748996,86.58712050636733,62.65974877844898,85.39014127945158,0.4224144671657388,0.0,0.2551834500873884,11.77906341478456,0.0,0.0,0.2551834500873884,11.77906341478456
2026-09-28 06:00:00,20,3,2026-10-13 00:00:00,14 days 18:00:00,354,12.79,130.2,972.1,78.4,0.0,79.12154386599848,62.306068843161015,65.41598246996773,82.50012276216111,26.123830509150253,19.791405082561987,14.15989638968355,22.47879399506313,1.8610328296896523,0.0,0.0,1.5253288977289323
2026-09-28 06:00:00,20,3,2026-10-13 06:00:00,15 days 00:00:00,360,12.17,129.6,956.6,99.4,0.0,116.59175617094054,103.87955444933564,106.82009255668922,118.9826614196474,36.677375471043646,30.019257545041,20.792588020579124,32.61577461146187,5.356566802870464,2.4346183138545507,1.2493110074815168,4.854369668203357
2026-09-28 06:00:00,AL062026,3,2026-09-28 06:00:00,0 days 00:00:00,0,28.3,-43.8,1012.0,25.0,56.0,0.0,0.0,0.0,0.0,0.0,0.0,0.0,0.0,0.0,0.0,0.0,0.0
2026-09-28 06:00:00,AL062026,3,2026-09-28 12:00:00,0 days 06:00:00,6,27.89,-43.85,1011.6,36.7,73.75605861449534,73.75605861449534,0.0,0.0,0.0,0.0,0.0,0.0,0.0,0.0,0.0,0.0,0.0
2026-09-28 06:00:00,AL062026,3,2026-09-28 18:00:00,0 days 12:00:00,12,27.46,-44.96,1010.7,32.5,93.4419493278604,0.0,0.0,0.0,0.0,0.0,0.0,0.0,0.0,0.0,0.0,0.0,0.0
2026-09-28 06:00:00,AL062026,3,2026-09-29 00:00:00,0 days 18:00:00,18,26.47,-45.57,1012.1,29.7,70.90744793923511,0.0,0.0,0.0,0.0,0.0,0.0,0.0,0.0,0.0,0.0,0.0,0.0
2026-09-28 06:00:00,AL062026,3,2026-09-29 06:00:00,1 days 00:00:00,24,25.69,-46.61,1009.6,26.3,54.10141142921024,0.0,0.0,0.0,0.0,0.0,0.0,0.0,0.0,0.0,0.0,0.0,0.0
2026-09-28 06:00:00,AL062026,3,2026-09-29 12:00:00,1 days 06:00:00,30,24.6,-47.47,1006.3,38.9,81.22094149697818,5.204294134536298,0.0,0.0,81.22094149697818,0.0,0.0,0.0,0.0,0.0,0.0,0.0,0.0
2026-09-28 06:00:00,AL912026(2),3,2026-09-28 06:00:00,0 days 00:00:00,0,36.3,-53.1,1013.0,29.0,148.0,0.0,0.0,0.0,0.0,0.0,0.0,0.0,0.0,0.0,0.0,0.0,0.0
2026-09-28 06:00:00,EP152026(2),3,2026-09-28 06:00:00,0 days 00:00:00,0,16.4,-160.8,929.0,134.0,28.0,241.0,185.0,148.0,204.0,93.0,74.0,74.0,93.0,56.0,46.0,37.0,46.0
2026-09-28 06:00:00,EP152026(2),3,2026-09-28 12:00:00,0 days 06:00:00,6,16.65,-161.5,953.6,111.6,17.45693245758546,212.21004865255216,154.9843250954632,114.63380879481323,193.12398654893985,101.113108181663,68.81061386985941,47.8923308126172,81.29853099969702,49.26263435945,37.8590955172175,30.04311980537307,44.124433132968754
2026-09-28 06:00:00,EP152026(2),3,2026-09-28 18:00:00,0 days 12:00:00,12,17.58,-162.57,947.1,119.7,12.725848298634231,176.7655996471732,124.66592069683172,99.71409806845406,140.49246825268918,77.00234471981744,57.8609117592361,39.10624629755064,66.36389538021723,48.99927960333207,40.22775212521101,31.71419532257859,43.763466550980525
2026-09-28 06:00:00,EP152026(2),3,2026-09-29 00:00:00,0 days 18:00:00,18,18.46,-163.46,942.2,121.9,0.0,189.55588202519328,158.6464273827536,113.16530236167704,167.82612200450802,99.19963409674398,76.2249510655212,52.91291779836544,80.00474881584952,60.07783301210623,49.48717840134039,40.16666110377258,53.18639545338135
2026-09-28 06:00:00,EP152026(2),3,2026-09-29 06:00:00,1 days 00:00:00,24,19.46,-163.62,945.5,113.4,26.81071015823028,209.9256233954108,182.4326918169412,119.6236562780234,159.30300709550704,94.51288379863836,74.7939267843296,50.47551918996776,74.43266916109692,59.47205715553436,51.75669729388807,39.77794070581569,52.12495148867314
2026-09-28 06:00:00,EP152026(2),3,2026-09-29 12:00:00,1 days 06:00:00,30,20.65,-163.79,946.6,111.5,8.0566768497047,206.7817022572142,172.14483574389453,121.2338421385299,175.36928714699138,126.90311458442125,102.91314649848364,73.7612962006562,102.64828266964116,73.77744380370007,64.8104747306746,52.254504372250096,65.35873474521918
2026-09-28 06:00:00,EP152026(2),3,2026-09-29 18:00:00,1 days 12:00:00,36,21.86,-163.64,962.5,88.5,21.69113559380773,183.8058979120142,192.2347067001408,137.17216974539525,153.13431029741685,112.43679102042644,100.19412723583184,72.69452597435279,91.27099429392216,53.330800633333865,46.53661688388286,36.857519623021815,45.7744059690221
2026-09-28 06:00:00,EP152026(2),3,2026-09-30 00:00:00,1 days 18:00:00,42,22.59,-163.41,972.4,82.7,7.815033449610937,169.39449115789057,173.7772055283384,118.23720411035475,133.87978310857156,84.01255576979071,66.55906908536053,45.46756932585106,62.324002390230376,22.708276590259217,19.495357006181823,14.251579075945871,17.63840385588729
2026-09-28 06:00:00,EP152026(2),3,2026-09-30 06:00:00,2 days 00:00:00,48,23.06,-163.51,988.6,61.1,61.43768784732738,253.97796380806057,222.3513025899053,180.45269080696943,209.57585652023727,82.4534648997205,78.49988265407188,57.92984665963704,67.22035291755785,0.0,0.0,0.0,0.0
2026-09-28 06:00:00,EP152026(2),3,2026-09-30 12:00:00,2 days 06:00:00,54,23.24,-163.51,988.0,56.4,49.48677720622666,184.2245244349901,160.37774717355174,132.58264091689497,153.8050849065072,49.48677720622666,7.471470549658229,1.9572078702345328,6.012345215855671,0.0,0.0,0.0,0.0
2026-09-28 06:00:00,EP152026(2),3,2026-09-30 18:00:00,2 days 12:00:00,60,22.85,-163.98,994.4,42.1,94.2037028569706,181.98366140526585,165.07712968051123,140.09781359527994,174.31440188010038,0.0,0.0,0.0,0.0,0.0,0.0,0.0,0.0
2026-09-28 06:00:00,EP152026(2),3,2026-10-01 00:00:00,2 days 18:00:00,66,22.89,-164.51,999.5,39.1,79.84722600496002,6.782179071508779,13.089643523524051,79.84722600496002,8.90154853669734,0.0,0.0,0.0,0.0,0.0,0.0,0.0,0.0
2026-09-28 06:00:00,EP152026(2),3,2026-10-01 06:00:00,3 days 00:00:00,72,22.28,-164.56,995.5,37.7,108.49093999639128,108.49093999639128,42.96839281757158,34.551007021311534,50.962457826304046,0.0,0.0,0.0,0.0,0.0,0.0,0.0,0.0
2026-09-28 06:00:00,EP152026(2),3,2026-10-01 12:00:00,3 days 06:00:00,78,22.63,-165.35,995.4,37.9,79.63861022472489,23.07093576395066,12.843679236001758,22.1211658516023,79.63861022472489,0.0,0.0,0.0,0.0,0.0,0.0,0.0,0.0
2026-09-28 06:00:00,EP152026(2),3,2026-10-01 18:00:00,3 days 12:00:00,84,22.77,-166.42,992.2,42.9,187.0902697083659,349.23528672342445,300.0252225928957,235.72825134702,294.0725867140759,0.0,0.0,0.0,0.0,0.0,0.0,0.0,0.0
2026-09-28 06:00:00,EP152026(2),3,2026-10-02 00:00:00,3 days 18:00:00,90,22.95,-166.92,992.7,46.9,98.16521982116616,137.71393337084294,112.1151987013646,87.30520520040423,113.3065769087548,0.0,0.0,0.0,0.0,0.0,0.0,0.0,0.0
2026-09-28 06:00:00,EP152026(2),3,2026-10-02 06:00:00,4 days 00:00:00,96,23.17,-167.3,987.8,52.5,107.21561694313608,353.0435087057108,314.2940826268891,255.5680446208776,307.87215176370364,107.21561694313608,28.45078008414606,18.924168248108145,26.34818667409488,0.0,0.0,0.0,0.0
2026-09-28 06:00:00,EP152026(2),3,2026-10-02 12:00:00,4 days 06:00:00,102,23.53,-167.92,984.2,56.1,62.88943463719486,225.51986566401524,176.10678459218,134.63602032077898,201.7976366774984,68.38611120204538,52.67836113905543,36.21718628016684,53.65594841404304,0.0,0.0,0.0,0.0
2026-09-28 06:00:00,EP152026(2),3,2026-10-02 18:00:00,4 days 12:00:00,108,23.42,-168.82,980.7,66.0,60.591650348034094,149.6333363302084,119.07389839201468,92.7804530347324,133.36654960802616,60.591650348034094,31.556943540797988,19.089921783285867,34.92295161238436,60.591650348034094,0.0,0.0,0.2397098659937913
2026-09-28 06:00:00,EP152026(2),3,2026-10-03 00:00:00,4 days 18:00:00,114,23.36,-169.78,985.0,62.7,48.85285553998571,272.5613338322098,212.3374826807157,169.64867276745753,238.146877508009,85.59732042745944,68.0906158545904,50.26912011747781,70.37631033380566,0.0,0.0,0.0,0.0
2026-09-28 06:00:00,EP152026(2),3,2026-10-03 06:00:00,5 days 00:00:00,120,23.37,-170.87,980.9,72.2,39.50733547786635,256.46293149111773,225.2227147202805,187.3099667996788,222.5346630140869,39.50733547786635,0.0,0.0,2.428023782182862,39.50733547786635,0.0,0.0,0.0
2026-09-28 06:00:00,EP152026(2),3,2026-10-03 12:00:00,5 days 06:00:00,126,23.6,-172.53,970.1,84.8,14.024100944991185,189.716054584397,162.86228512036644,123.53309705771277,163.18448710888742,73.10692572946323,61.98385625280439,46.79653758100552,59.82517622276251,29.814915234624934,25.05960330681873,20.685787753404625,25.28313990913649
2026-09-28 06:00:00,EP152026(2),3,2026-10-03 18:00:00,5 days 12:00:00,132,23.47,-174.33,960.1,98.2,33.75083555156564,197.3948001459902,174.95713485084514,113.8972887943732,172.7969689846575,81.0844657956657,60.20167242538884,41.80153015371106,66.64968112645123,34.34593759732465,26.58740382011884,20.740828532350843,29.968104140859623
2026-09-28 06:00:00,EP152026(2),3,2026-10-04 00:00:00,5 days 18:00:00,138,23.45,-175.74,971.8,83.8,27.580183848429947,222.87029407213865,178.23793307293437,142.22970341358763,189.66354922789003,88.82696582128956,67.68867447681251,47.07935250305616,69.13875343463334,27.580183848429947,10.685468997122658,6.395084071510104,13.63471100101783
2026-09-28 06:00:00,EP152026(2),3,2026-10-04 06:00:00,6 days 00:00:00,144,24.22,-177.5,957.5,99.0,21.209185453890264,189.9648726092409,154.72340878987353,115.39771320469436,162.3839546456419,28.559397961428477,12.749601482277743,3.1674324743408584,27.668730152904416,21.209185453890264,5.013218314807175,2.180204921122253,8.682380030701523
2026-09-28 06:00:00,EP152026(2),3,2026-10-04 12:00:00,6 days 06:00:00,150,24.42,-179.36,955.7,97.2,28.52028048206456,338.1169210927297,273.4380420086278,216.55824238266356,304.1627470509095,133.65021737006722,108.45435149375156,82.31178212228289,112.1638213773677,37.642112135101975,33.418888343724454,24.531979417635497,35.246821419007134
2026-09-28 06:00:00,EP152026(2),3,2026-10-04 18:00:00,6 days 12:00:00,156,24.82,179.13,964.1,87.9,23.843833520472,285.4120517540846,249.95510700667825,186.28410581292044,237.2145162456999,83.15720341443645,65.47936528512447,44.09891355283928,60.18016587260293,23.843833520472,1.7015837077784135,0.0,2.8136353160385896
2026-09-28 06:00:00,EP152026(2),3,2026-10-05 00:00:00,6 days 18:00:00,162,25.73,177.81,953.5,103.4,35.862743303849044,298.0454740582222,250.31268560325736,163.77226310950834,240.0432330573269,86.63088730563959,64.47851689219215,36.698471451991765,62.986163780639686,35.862743303849044,5.415952692002019,2.222282775385517,10.205648783735718
2026-09-28 06:00:00,EP152026(2),3,2026-10-05 06:00:00,7 days 00:00:00,168,26.05,176.64,958.4,102.5,21.22206208663829,226.60090628702028,192.7807499553692,153.4499445755332,190.27311826658752,50.47223946696636,29.83159755834416,16.704775682538866,36.62058005438831,21.22206208663829,4.638815827518293,2.032775154315786,6.19803663963593
2026-09-28 06:00:00,EP152026(2),3,2026-10-05 12:00:00,7 days 06:00:00,174,25.88,175.38,963.7,97.6,26.114831605715075,396.7011180322144,319.8846655738481,260.7366162415432,346.66722461003195,141.84145693273874,120.91515826758484,94.72638095300874,119.1606078023849,34.16966405955255,29.624109094745144,23.52685065160921,30.92597098006889
2026-09-28 06:00:00,EP152026(2),3,2026-10-05 18:00:00,7 days 12:00:00,180,26.13,174.19,964.0,88.9,52.10409942681886,274.2378859882911,218.0768887531372,173.54159994402693,242.2564228940784,132.2965534006108,111.36164701568852,89.73292814646456,118.03559036669722,63.66714420178551,55.99724631030964,46.23614546306221,55.27718696228973
2026-09-28 06:00:00,EP152026(2),3,2026-10-06 00:00:00,7 days 18:00:00,186,26.15,172.81,960.1,93.0,25.12022111693103,229.67671809464167,178.8724577475566,145.1955371167494,204.5808008633582,97.77355672113192,74.93373886381028,54.31962982445158,83.94324118363804,39.00262283017467,31.82317930293963,24.740008053965557,33.731591707802934
2026-09-28 06:00:00,EP152026(2),3,2026-10-06 06:00:00,8 days 00:00:00,192,26.08,171.09,950.0,100.5,20.822785055725788,259.58079980614474,240.65949108565076,184.8494909459117,219.8295715053229,33.54367502368276,18.026282138693613,8.376005029568578,27.45895149673796,20.822785055725788,0.0,0.0,0.9403864686882007
2026-09-28 06:00:00,EP152026(2),3,2026-10-06 12:00:00,8 days 06:00:00,198,25.91,169.52,971.6,84.8,41.17650111495066,218.77959455972783,189.0557510432612,147.34650465266802,176.3342557744365,41.17650111495066,4.8288881912880335,0.0,15.847059813881724,41.17650111495066,0.0,0.0,0.3480715473377656
2026-09-28 06:00:00,EP152026(2),3,2026-10-06 18:00:00,8 days 12:00:00,204,26.17,167.1,972.3,76.2,42.02268482248816,271.96067870989134,249.18184564449604,195.55540146211888,229.867792759112,82.54906962273847,68.45021217433523,50.81605733773763,66.04553269404693,42.02268482248816,3.496534443899744,0.669636255527056,2.953101937426648
2026-09-28 06:00:00,EP152026(2),3,2026-10-07 00:00:00,8 days 18:00:00,210,26.49,165.17,979.3,73.3,36.77120606821225,319.64533349750286,268.543804899178,194.52501630417945,278.3631961284975,115.9138519117556,93.0130110683931,64.2747792642829,91.19290854909735,36.77120606821225,4.679175342199059,1.0538285413579729,7.951760689641139
2026-09-28 06:00:00,EP152026(2),3,2026-10-07 06:00:00,9 days 00:00:00,216,26.72,163.04,967.1,87.1,21.82778088704116,273.2467444847598,224.8556146054474,161.36797967077678,233.8267796392415,54.254078376381,33.476777357806185,19.474114000440498,36.59656915653717,21.82778088704116,0.0,0.0,0.3573461785718457
2026-09-28 06:00:00,EP152026(2),3,2026-10-07 12:00:00,9 days 06:00:00,222,27.09,160.85,985.1,62.8,46.0829293306067,189.70297934043447,167.92832743402982,128.66851996370212,156.72779633010737,46.0829293306067,8.321542481307212,2.2125841451860744,12.514326585415128,0.0,0.0,0.0,0.0
2026-09-28 06:00:00,EP152026(2),3,2026-10-07 18:00:00,9 days 12:00:00,228,27.31,158.97,987.2,60.0,30.29957449048712,180.4936762148884,154.23619426266816,116.354799256354,147.60255634074372,55.781886097186,38.601785435957154,23.060976318222664,40.312739114963335,0.0,0.0,0.0,0.0
2026-09-28 06:00:00,EP152026(2),3,2026-10-08 00:00:00,9 days 18:00:00,234,27.97,157.35,986.6,63.5,54.10448079068805,176.24272898358512,143.38887511771094,105.08889154361792,145.4824970519003,54.10448079068805,5.647755579844201,0.921216065057476,9.570137325877706,0.0,0.0,0.0,0.0
2026-09-28 06:00:00,EP152026(2),3,2026-10-08 06:00:00,10 days 00:00:00,240,28.2,155.79,994.4,55.8,49.07350417347711,138.28275574349186,124.04824698756184,95.27185205006111,126.84601925863272,49.07350417347711,3.528579483384135,0.0,9.019156578028271,0.0,0.0,0.0,0.0
2026-09-28 06:00:00,EP152026(2),3,2026-10-08 12:00:00,10 days 06:00:00,246,28.79,154.68,983.9,61.4,12.48329076229258,227.13647275698213,188.2113524829645,168.3042806237886,221.93733833518425,103.95646752908186,75.84306690127042,54.83423927808339,82.15564586913243,0.0,0.0,0.0,0.0
2026-09-28 06:00:00,EP152026(2),3,2026-10-08 18:00:00,10 days 12:00:00,252,29.14,153.18,987.6,61.8,0.0,170.0148546032459,134.41784118813175,120.0512081711459,153.14400087323477,77.25108633864481,53.63616635861875,34.69675798697844,59.38884071952427,0.0,0.0,0.0,0.0
2026-09-28 06:00:00,EP152026(2),3,2026-10-09 00:00:00,10 days 18:00:00,258,29.41,152.03,973.0,90.1,10.379536465191716,212.8765688059811,163.84558681776065,116.4491418054884,186.99509138048543,118.92386422076255,94.51060925806156,71.85125132108465,95.4735621475706,59.348216945284335,50.36228494273949,42.54688968448764,51.650547435793534
2026-09-28 06:00:00,EP152026(2),3,2026-10-09 06:00:00,11 days 00:00:00,264,30.15,151.26,973.1,76.6,42.48850194267071,205.04349793796268,166.47249846580553,124.17061774293676,178.02664413646468,89.82255152907868,72.21442354207804,54.12131763616641,79.19382302228905,45.67073390319186,39.403103907250326,32.11990839709304,40.47971780311045
2026-09-28 06:00:00,EP152026(2),3,2026-10-09 12:00:00,11 days 06:00:00,270,30.95,150.8,979.3,68.3,33.248011596051526,143.03898616374778,152.01301122844598,116.01960411274167,108.50839690622676,33.248011596051526,0.1795353071462582,0.0,0.8047505143160771,33.248011596051526,0.0,0.0,0.0
2026-09-28 06:00:00,EP152026(2),3,2026-10-09 18:00:00,11 days 12:00:00,276,31.71,150.64,978.4,73.4,27.31075764217972,125.12477295368848,130.25952054543757,83.34169464379808,72.90727986153935,27.31075764217972,0.7881724392004328,0.0,2.446806308347359,27.31075764217972,0.0,0.0,0.0
2026-09-28 06:00:00,EP152026(2),3,2026-10-10 00:00:00,11 days 18:00:00,282,32.5,150.94,982.2,68.8,25.294066159278277,222.73299274443357,235.9611929867908,175.4641986648411,169.14766220384615,27.12140185832679,27.96965763901339,11.925683245661284,18.940112396210512,0.0,25.294066159278277,0.0,0.0
2026-09-28 06:00:00,EP152026(2),3,2026-10-10 06:00:00,12 days 00:00:00,288,33.23,151.54,978.4,67.0,45.07320106560144,181.54085086253397,207.4349692220735,150.45763878385537,132.7037635332831,18.171790133594072,45.07320106560144,11.173388660157457,5.626347089561804,0.0,45.07320106560144,0.0,0.0
2026-09-28 06:00:00,EP152026(2),3,2026-10-10 12:00:00,12 days 06:00:00,294,34.0,151.68,982.6,63.9,50.7156875235421,292.10820543090324,296.7138183451956,209.8817477828777,215.1579248444509,133.08461162422532,131.4751065638515,94.8598838620751,102.86979383544455,0.0,0.0,0.0,0.0
2026-09-28 06:00:00,EP152026(2),3,2026-10-10 18:00:00,12 days 12:00:00,300,35.1,153.2,985.1,60.9,41.104738678791705,210.04658094502796,225.0551943154173,170.27490616070827,155.0555707868175,0.0,41.104738678791705,0.0,0.0,0.0,0.0,0.0,0.0
2026-09-28 06:00:00,EP152026(2),3,2026-10-11 00:00:00,12 days 18:00:00,306,36.2,154.29,977.1,64.7,40.90207651346782,138.22793387654343,184.4441984977716,137.62063408999882,99.47597079258912,40.90207651346782,40.90207651346782,0.0,0.0,40.90207651346782,0.0,0.0,0.0
2026-09-28 06:00:00,EP152026(2),3,2026-10-11 06:00:00,13 days 00:00:00,312,36.92,155.97,984.3,48.9,76.43691023966801,279.727690630236,318.5089914670316,265.65608411813656,217.93793582588015,0.0,0.0,0.0,0.0,0.0,0.0,0.0,0.0
2026-09-28 06:00:00,EP152026(2),3,2026-10-11 12:00:00,13 days 06:00:00,318,38.11,158.13,985.0,58.4,68.18461539910747,268.09035389287146,293.2919879400318,242.1627754277121,210.8222447429232,73.3216183551788,75.11431855379178,55.27551913695788,54.21100922274671,0.0,0.0,0.0,0.0
2026-09-28 06:00:00,EP152026(2),3,2026-10-11 18:00:00,13 days 12:00:00,324,38.91,160.53,984.0,55.5,80.02182241555937,320.0471792216381,365.2279321191481,315.35158375065384,278.2062064925225,115.9814180004749,112.97765418767456,87.07775989658921,80.36149787756926,0.0,0.0,0.0,0.0
2026-09-28 06:00:00,EP152026(2),3,2026-10-12 00:00:00,13 days 18:00:00,330,40.25,163.12,986.7,59.7,118.92705391015896,442.6270157267135,480.2726465370299,407.48056328620976,355.70854468051994,144.05477214702267,148.27543255899914,117.41519433273118,109.0147038630123,0.0,0.0,0.0,0.0
2026-09-28 06:00:00,EP152026(2),3,2026-10-12 06:00:00,14 days 00:00:00,336,41.21,165.71,991.5,45.8,123.26919994663172,287.1157631231954,323.2345388543581,275.7404412394517,227.38358974752737,0.0,0.0,0.0,0.0,0.0,0.0,0.0,0.0
2026-09-28 06:00:00,EP172026,3,2026-09-28 06:00:00,0 days 00:00:00,0,23.2,-114.0,955.0,105.0,28.0,167.0,148.0,148.0,148.0,102.0,93.0,83.0,83.0,65.0,65.0,65.0,65.0
2026-09-28 06:00:00,EP172026,3,2026-09-28 12:00:00,0 days 06:00:00,6,23.93,-113.85,954.3,99.4,11.462915372427169,130.28227086358214,153.4355843001005,108.4099130361402,97.4513425136418,78.29915926617018,69.17239739000107,48.44624224354352,60.33940686959456,38.90538892071547,33.82898966097183,25.849540921177365,31.45978873123395
2026-09-28 06:00:00,EP172026,3,2026-09-28 18:00:00,0 days 12:00:00,12,24.76,-113.67,962.2,91.3,0.0,119.200437914981,143.71879423288573,103.39658573778216,89.68269695453364,26.504204002947183,27.930233565885203,13.174885636443255,16.74759615551381,9.496925765840851,8.639733551206602,5.7382734820075605,7.243687711069715
2026-09-28 06:00:00,EP172026,3,2026-09-29 00:00:00,0 days 18:00:00,18,25.56,-113.26,973.8,82.9,0.0,81.58650094371451,134.52572687400047,111.63614628761238,48.18923320163614,36.08069846346363,42.53014773332519,27.74619523170494,26.13084871387766,11.76059815243817,12.541031229640613,6.810536280640719,7.085147857055946
2026-09-28 06:00:00,EP172026,3,2026-09-29 06:00:00,1 days 00:00:00,24,26.18,-112.17,975.3,82.0,19.02797166513111,174.09703726698666,193.50711185287668,122.6933609968869,131.77015995288002,72.02803092506082,68.95087468066967,49.15625408684545,56.05647790943602,47.97609677685483,42.49063520072119,35.78828047426985,39.76391882560112
2026-09-28 06:00:00,EP172026,3,2026-09-29 12:00:00,1 days 06:00:00,30,27.71,-111.42,989.8,46.5,76.72785858052757,168.87035093260084,172.41158854345613,128.6540939323975,126.0646104708853,0.0,0.0,0.0,0.0,0.0,0.0,0.0,0.0
2026-09-28 06:00:00,EP172026,3,2026-09-29 18:00:00,1 days 12:00:00,36,29.8,-109.83,1005.4,19.9,53.08990399595974,0.0,0.0,0.0,0.0,0.0,0.0,0.0,0.0,0.0,0.0,0.0,0.0
2026-09-28 06:00:00,EP182026,3,2026-09-28 06:00:00,0 days 00:00:00,0,13.2,-100.0,1001.0,41.0,93.0,222.0,185.0,148.0,222.0,0.0,0.0,0.0,0.0,0.0,0.0,0.0,0.0
2026-09-28 06:00:00,EP182026,3,2026-09-28 12:00:00,0 days 06:00:00,6,13.21,-100.81,997.4,48.3,71.24565573091797,209.41317420523984,183.9226871222216,167.42814269668375,196.84149846928804,0.0,0.0,0.0,0.0,0.0,0.0,0.0,0.0
2026-09-28 06:00:00,EP182026,3,2026-09-28 18:00:00,0 days 12:00:00,12,13.92,-102.01,986.6,63.0,33.864714703248325,139.7143077684284,130.80226929924106,99.46530725188218,124.2794654864522,33.864714703248325,4.203105148170399,0.3572717232656273,4.921460223030085,0.0,0.0,0.0,0.0
2026-09-28 06:00:00,EP182026,3,2026-09-29 00:00:00,0 days 18:00:00,18,14.44,-103.18,998.3,46.6,74.38608519427908,174.93402900430192,158.1673593798714,124.60070594080388,148.7229415958809,0.0,0.0,0.0,0.0,0.0,0.0,0.0,0.0
2026-09-28 06:00:00,EP182026,3,2026-09-29 06:00:00,1 days 00:00:00,24,14.8,-104.27,995.6,48.1,101.62495889011215,203.51844373923083,183.27538909770055,140.0338454300417,170.63963598061488,0.0,0.0,0.0,0.0,0.0,0.0,0.0,0.0
2026-09-28 06:00:00,EP182026,3,2026-09-29 12:00:00,1 days 06:00:00,30,15.11,-104.92,991.4,53.4,90.67231261879812,200.1387781546931,174.0481334270985,135.1797655724318,170.9246687515479,90.67231261879812,0.0703515654297159,0.0,1.1342189525759752,0.0,0.0,0.0,0.0
2026-09-28 06:00:00,EP182026,3,2026-09-29 18:00:00,1 days 12:00:00,36,15.59,-105.83,988.0,62.9,48.96055350586386,213.26688365048585,170.8964824081081,120.95911564852749,183.56454124437096,72.48333391580684,54.20545091356428,35.47631914762883,50.946880513365045,0.0,0.0,0.0,0.0
2026-09-28 06:00:00,EP182026,3,2026-09-30 00:00:00,1 days 18:00:00,42,16.28,-106.45,980.0,69.6,50.19599506300398,244.1924822679565,221.84115930057976,151.14800484211727,191.7421638219349,112.22817713469954,92.14601225072778,60.73023681845501,84.18302892848646,50.19599506300398,11.640438962315434,6.98278784399279,11.794858576975198
2026-09-28 06:00:00,EP182026,3,2026-09-30 06:00:00,2 days 00:00:00,48,17.29,-107.13,950.5,119.0,24.805989377667515,232.605489994578,223.12089617940532,161.88379174726504,179.70686746329147,24.805989377667515,21.94961445540514,9.730070287226038,15.10260737765185,24.805989377667515,1.225512717715329,0.0,0.6463759021432409
2026-09-28 06:00:00,EP182026,3,2026-09-30 12:00:00,2 days 06:00:00,54,18.11,-107.85,958.0,97.3,28.917609199846737,168.04938168883442,157.0750658002551,120.06597122664742,141.37805942489334,79.76399385084869,58.386724240297,40.84608263789775,62.0024339308725,28.917609199846737,22.108050142833708,16.531739710682416,22.95799138314317
2026-09-28 06:00:00,EP182026,3,2026-09-30 18:00:00,2 days 12:00:00,60,18.54,-108.28,940.7,122.8,32.45255675824933,232.05264200906183,201.1414270979717,159.37156267667888,198.338706011572,111.44593861703834,87.911898725323,61.05768062412972,88.12352333493959,58.83000361838356,49.87039193214696,37.70159626211955,49.53337087050227
2026-09-28 06:00:00,EP182026,3,2026-10-01 00:00:00,2 days 18:00:00,66,19.04,-108.94,927.6,141.5,23.0053939488872,155.45273265886496,156.70579418648623,138.76018916249575,130.39903176294962,27.094966109626704,20.264162456677493,13.714708490955475,21.250113772739745,23.0053939488872,17.858662784401325,13.714708490955475,19.048546140696388
2026-09-28 06:00:00,EP182026,3,2026-10-01 06:00:00,3 days 00:00:00,72,19.08,-109.21,936.3,119.5,27.356308173547347,197.56006635548448,189.40345814682115,162.18764069276358,195.48251538295008,90.90018338092958,72.58034757624827,57.735554980551626,80.87125978044963,63.93668480218767,55.08434572873492,47.00220384478389,57.273357640509744
2026-09-28 06:00:00,EP182026,3,2026-10-01 12:00:00,3 days 06:00:00,78,18.95,-109.46,942.6,114.6,37.19572416060973,166.27649487331905,152.67985151315656,142.68361515464915,181.80323732679653,90.07929858597004,73.97134327511964,59.56555460297864,73.33380037548477,64.07322665802252,57.926609346197125,48.63206365818911,56.64994683626634
2026-09-28 06:00:00,EP182026,3,2026-10-01 18:00:00,3 days 12:00:00,84,19.12,-109.82,962.3,91.9,43.46178784807076,242.3008730647508,219.3784907216508,195.6947502834909,219.70817570626963,122.86430044076954,112.07430666364448,94.1376537579784,119.30350090003029,96.14876827001184,86.66473072178606,71.84837157222165,84.09731793107262
2026-09-28 06:00:00,EP182026,3,2026-10-02 00:00:00,3 days 18:00:00,90,19.19,-110.23,959.5,88.2,27.88890951655293,231.3416998592352,203.64546290687463,184.3681131922008,227.3387343163913,128.8619362886684,103.87021487117728,83.26387701671729,112.59171250404302,81.11492506732554,71.18766429491723,58.76755280088997,71.13652862867991
2026-09-28 06:00:00,EP182026,3,2026-10-02 06:00:00,4 days 00:00:00,96,18.95,-110.4,975.7,72.5,25.35579792987231,195.7309996128481,167.07367195430604,159.80699108207114,187.4907226361218,107.8439057073386,99.93853160944876,87.09679807650215,93.62522330667387,44.0251833079997,41.10444810552951,36.11183623904501,40.000735023222
2026-09-28 06:00:00,EP182026,3,2026-10-02 12:00:00,4 days 06:00:00,102,19.02,-110.49,954.9,93.3,36.73236372358321,221.42087162961897,189.8579984360329,221.638704922776,218.21357432621411,138.38485997214173,131.8168115250491,125.54497350826448,127.03959081992632,75.00398476940475,71.58847928172439,62.48651089670359,70.98596608259443
2026-09-28 06:00:00,EP182026,3,2026-10-02 18:00:00,4 days 12:00:00,108,19.35,-110.74,978.6,64.1,34.66745677767585,105.05450657429036,109.94632100597528,102.30279304799204,106.85830875851934,41.67113665066836,41.30295021147549,33.26600004390343,39.40199802643929,34.66745677767585,12.076854586921629,10.16520983415029,9.276187414933132
2026-09-28 06:00:00,EP182026,3,2026-10-03 00:00:00,4 days 18:00:00,114,19.62,-110.89,982.7,63.8,24.69693824335428,129.08235173816,138.99559308139223,116.20197727040438,122.99656088604428,62.54531334578505,60.05922179707613,46.75159108442273,55.00729419538399,0.0,0.0,0.0,0.0
2026-09-28 06:00:00,EP182026,3,2026-10-03 06:00:00,5 days 00:00:00,120,19.79,-111.07,988.6,52.1,43.54922435711204,180.6318000032454,167.91173528768346,133.44140137127445,160.38163215615845,81.05661728558061,70.85296390170168,49.86044088261101,63.57399862240541,0.0,0.0,0.0,0.0
2026-09-28 06:00:00,EP182026,3,2026-10-03 12:00:00,5 days 06:00:00,126,19.99,-111.16,984.6,53.9,37.10137174177044,148.30002175125463,141.79905942470543,105.58278176584014,117.23260381951584,0.0,37.10137174177044,0.0,0.3472682761287089,0.0,0.0,0.0,0.0
2026-09-28 06:00:00,EP182026,3,2026-10-03 18:00:00,5 days 12:00:00,132,19.98,-111.36,987.1,56.7,39.13364081364151,150.4385751852892,128.94724530668012,94.21033993844394,124.46524614111873,39.13364081364151,29.8887679882996,18.647648603866596,24.33865258785753,0.0,0.0,0.0,0.0
2026-09-28 06:00:00,EP182026,3,2026-10-04 00:00:00,5 days 18:00:00,138,20.33,-111.67,984.7,60.5,57.25791412043327,140.8749944473966,124.44879354786826,99.22925209635288,117.68235704375547,63.6693122779252,54.51198798979749,36.69279590620136,51.72727913042763,0.0,0.0,0.0,0.0
2026-09-28 06:00:00,EP182026,3,2026-10-04 06:00:00,6 days 00:00:00,144,20.37,-111.85,978.4,73.7,19.92023112454125,115.58090139359082,121.86597414250956,112.04872684798256,107.06264438812408,47.550277032992895,44.72659901269732,36.12461766175423,42.083455299885344,19.92023112454125,15.252273224823789,11.280595921961456,12.11753337807889
2026-09-28 06:00:00,EP182026,3,2026-10-04 12:00:00,6 days 06:00:00,150,20.31,-111.91,973.2,77.6,33.76157940379638,137.33261496529911,122.52461150730672,114.1763293864072,136.1827894707545,74.97038524817472,62.09945832290674,50.37231752249838,66.18447691086662,40.64980403522762,35.07100353181402,29.7037492911096,34.61893217958886
2026-09-28 06:00:00,EP182026,3,2026-10-04 18:00:00,6 days 12:00:00,156,20.27,-112.28,981.3,63.7,6.458543740293486,89.23401876772469,69.74831915778306,78.0147555428698,94.14642622555772,47.60654220698546,36.25780992928148,28.17200765891923,41.03019591465039,0.0,0.0,0.0,0.0
2026-09-28 06:00:00,EP182026,3,2026-10-05 00:00:00,6 days 18:00:00,162,20.06,-112.38,982.5,71.7,31.72637257929653,107.47454153619812,86.60023696089848,95.64188337999477,110.90503310084318,38.63103700189728,31.15245293132402,25.617345279606997,36.50338989704803,32.27486700232711,28.34023348935347,23.579466483618685,28.187166645597536
2026-09-28 06:00:00,EP182026,3,2026-10-05 06:00:00,7 days 00:00:00,168,19.94,-113.12,980.2,63.1,8.587700797413163,104.24768888601196,82.59685601187925,85.59458980132541,112.16977474094332,42.789890534186426,29.5962371253544,20.885994277821247,34.57984382068376,0.0,0.0,0.0,0.0
2026-09-28 06:00:00,EP182026,3,2026-10-05 12:00:00,7 days 06:00:00,174,19.82,-113.65,992.1,50.5,60.4515135983786,164.53472562201136,137.5674239186137,124.76421157310214,154.71241624239858,60.4515135983786,9.378427735440162,4.71558178839733,15.477139775613947,0.0,0.0,0.0,0.0
2026-09-28 06:00:00,EP182026,3,2026-10-05 18:00:00,7 days 12:00:00,180,19.75,-114.54,992.1,55.3,50.90153726381504,73.54135095300555,60.20310381621992,45.71655784633508,72.90228225881361,50.90153726381504,12.028332345944342,7.498401003285515,18.53299205781668,0.0,0.0,0.0,0.0
2026-09-28 06:00:00,EP182026,3,2026-10-06 00:00:00,7 days 18:00:00,186,19.62,-115.44,987.4,57.7,24.149460544166608,141.45941120430078,111.3390300103624,89.85235796584749,130.74089146300523,59.036405769850106,40.3467820683714,24.54421377116856,44.91924111966424,0.0,0.0,0.0,0.0
2026-09-28 06:00:00,EP182026,3,2026-10-06 06:00:00,8 days 00:00:00,192,19.71,-116.33,982.4,68.7,2.014549964084523,109.8899121779162,103.04504053421522,95.22735732104093,113.79246367368438,67.8103413126197,52.76635151322023,38.15355859884198,55.38297947649579,18.93354668995136,15.468093674512758,12.17464172046175,15.738856334242172
2026-09-28 06:00:00,EP182026,3,2026-10-06 12:00:00,8 days 06:00:00,198,20.16,-117.57,967.4,88.7,21.396507540617343,90.05012802169763,89.10020133510619,84.11041532974289,79.75659452702641,21.396507540617343,11.587950808342375,4.999622383364292,21.396507540617343,21.396507540617343,3.18354240944264,1.321256252645109,4.403976109723404
2026-09-28 06:00:00,EP182026,3,2026-10-06 18:00:00,8 days 12:00:00,204,20.15,-118.66,977.1,78.8,10.029455886805408,119.04182768298232,77.67313642043791,62.43057828162682,117.82985498143398,64.55756618275018,43.34309060137093,31.14845303593165,56.43034583423696,25.71586465036489,19.066002006377403,14.46042278877843,22.67331372793717
2026-09-28 06:00:00,EP182026,3,2026-10-07 00:00:00,8 days 18:00:00,210,20.22,-119.66,964.2,95.9,0.0,82.76061729181635,69.30865660531468,74.93564725945498,81.23065201085966,40.71445112441661,27.94399984854989,20.27920180277069,38.618378605226425,20.591386560858588,15.5539688453484,11.552770765719472,17.55330489319923
2026-09-28 06:00:00,EP182026,3,2026-10-07 06:00:00,9 days 00:00:00,216,20.39,-120.54,948.3,122.6,23.107840895469163,173.01507389105194,141.5585640505107,157.3476811536148,154.19741590894404,92.35958724328545,91.75299693775897,87.83414987901446,94.37948153905585,69.08584852120663,64.79864137576705,55.83292158867155,61.57499672857837
2026-09-28 06:00:00,EP182026,3,2026-10-07 12:00:00,9 days 06:00:00,222,20.94,-121.54,985.9,62.4,25.916586353886004,136.7190339236986,123.35046610623284,90.691134964988,122.68955562730446,43.480827596154086,29.97472452287711,19.111913640315308,30.73679336212122,0.0,0.0,0.0,0.0
2026-09-28 06:00:00,EP182026,3,2026-10-07 18:00:00,9 days 12:00:00,228,21.33,-122.85,995.1,56.6,14.136002824896424,140.91982896791887,105.29388808022486,87.14409525536757,130.84947061058483,32.804447678281576,21.79362597026557,13.445638798801156,22.71320512456805,0.0,0.0,0.0,0.0
2026-09-28 06:00:00,EP182026,3,2026-10-08 00:00:00,9 days 18:00:00,234,21.58,-123.71,992.2,61.0,37.59432303221888,92.56807087279776,69.77117826140739,63.17217563137661,92.27314864027268,37.59432303221888,7.381186945227995,3.216286744714381,14.464987850687862,0.0,0.0,0.0,0.0
2026-09-28 06:00:00,EP182026,3,2026-10-08 06:00:00,10 days 00:00:00,240,21.64,-124.89,995.0,49.4,56.40574821748878,124.34945838975852,94.55436791286496,85.49926268911798,111.86670205894656,0.0,0.0,0.0,0.0,0.0,0.0,0.0,0.0
2026-09-28 06:00:00,EP182026,3,2026-10-08 12:00:00,10 days 06:00:00,246,21.74,-125.93,999.9,46.7,64.06149685686495,111.84005601261624,85.76452358944614,68.35272038601981,95.47793622433365,0.0,0.0,0.0,0.0,0.0,0.0,0.0,0.0
2026-09-28 06:00:00,EP182026,3,2026-10-08 18:00:00,10 days 12:00:00,252,21.61,-127.06,991.9,54.6,7.563367334707948,108.10785481317944,76.34446980901006,69.93845193083166,101.41225213833226,36.00651586418053,26.031155307634684,17.77822315757779,28.53095941031184,0.0,0.0,0.0,0.0
2026-09-28 06:00:00,EP182026,3,2026-10-09 00:00:00,10 days 18:00:00,258,21.27,-128.25,998.2,40.5,37.3160443533957,11.088086834117366,3.585952512632605,16.608790186409266,37.3160443533957,0.0,0.0,0.0,0.0,0.0,0.0,0.0,0.0
2026-09-28 06:00:00,EP182026,3,2026-10-09 06:00:00,11 days 00:00:00,264,21.05,-129.51,1002.1,37.0,78.38442481555307,78.38442481555307,5.195558680369098,0.0,9.383926104421766,0.0,0.0,0.0,0.0,0.0,0.0,0.0,0.0
2026-09-28 06:00:00,EP182026,3,2026-10-09 12:00:00,11 days 06:00:00,270,21.61,-130.01,1000.3,44.4,28.36779092469876,93.25601505715365,80.09962549067612,61.285827251728655,89.88471750453064,0.0,0.0,0.0,0.0,0.0,0.0,0.0,0.0
2026-09-28 06:00:00,EP182026,3,2026-10-09 18:00:00,11 days 12:00:00,276,21.99,-130.82,1002.6,40.3,56.59772989478218,62.12502588891937,50.98903302004841,30.547711405099054,48.15597189876495,0.0,0.0,0.0,0.0,0.0,0.0,0.0,0.0
2026-09-28 06:00:00,EP182026,3,2026-10-10 00:00:00,11 days 18:00:00,282,22.66,-131.65,1000.3,37.3,89.02080077627465,138.33527533392527,121.4039848567484,87.92911213815184,108.38227606545595,0.0,0.0,0.0,0.0,0.0,0.0,0.0,0.0
2026-09-28 06:00:00,EP182026,3,2026-10-10 06:00:00,12 days 00:00:00,288,23.4,-132.02,999.5,33.9,70.07125110348841,0.0,0.0,0.0,0.0,0.0,0.0,0.0,0.0,0.0,0.0,0.0,0.0
2026-09-28 06:00:00,EP182026,3,2026-10-10 12:00:00,12 days 06:00:00,294,24.14,-132.46,998.8,35.4,115.98354054150091,115.98354054150091,52.66007375742544,30.809281565321385,49.84708998635583,0.0,0.0,0.0,0.0,0.0,0.0,0.0,0.0
2026-09-28 06:00:00,EP182026,3,2026-10-10 18:00:00,12 days 12:00:00,300,25.41,-132.33,1000.0,40.9,73.45233063347371,78.59694591731323,54.52550926100605,25.81597427312596,44.62037728665018,0.0,0.0,0.0,0.0,0.0,0.0,0.0,0.0
2026-09-28 06:00:00,EP182026,3,2026-10-11 00:00:00,12 days 18:00:00,306,26.82,-132.22,1001.6,41.5,63.04275192198225,63.04275192198225,32.75009888790977,10.88578679169499,16.534641804517577,0.0,0.0,0.0,0.0,0.0,0.0,0.0,0.0
2026-09-28 06:00:00,EP182026,3,2026-10-11 06:00:00,13 days 00:00:00,312,29.63,-131.24,1006.4,30.4,63.57913634065124,0.0,0.0,0.0,0.0,0.0,0.0,0.0,0.0,0.0,0.0,0.0,0.0
2026-09-28 06:00:00,EP182026,3,2026-10-11 12:00:00,13 days 06:00:00,318,30.01,-132.17,1004.7,31.0,92.96324070331032,0.0,0.0,0.0,0.0,0.0,0.0,0.0,0.0,0.0,0.0,0.0,0.0
2026-09-28 06:00:00,EP182026,3,2026-10-11 18:00:00,13 days 12:00:00,324,30.91,-132.25,1007.9,25.6,90.574003545031,0.0,0.0,0.0,0.0,0.0,0.0,0.0,0.0,0.0,0.0,0.0,0.0
2026-09-28 06:00:00,EP912026(3),3,2026-09-28 06:00:00,0 days 00:00:00,0,12.7,-136.6,1005.0,29.0,93.0,0.0,0.0,0.0,0.0,0.0,0.0,0.0,0.0,0.0,0.0,0.0,0.0
2026-09-28 06:00:00,EP912026(3),3,2026-09-28 12:00:00,0 days 06:00:00,6,13.64,-136.47,997.8,46.3,32.980968723783654,15.513274125971932,32.980968723783654,15.19774230176521,9.245903377766789,0.0,0.0,0.0,0.0,0.0,0.0,0.0,0.0
2026-09-28 06:00:00,EP912026(3),3,2026-09-28 18:00:00,0 days 12:00:00,12,14.47,-135.93,1001.6,37.3,45.306091109973,45.306091109973,8.549419863250021,0.0,9.480372687608018,0.0,0.0,0.0,0.0,0.0,0.0,0.0,0.0
2026-09-28 06:00:00,WP252026,3,2026-09-28 06:00:00,0 days 00:00:00,0,27.5,131.6,954.0,99.0,9.0,148.0,158.0,148.0,121.0,,,,,,,,
2026-09-28 06:00:00,WP252026,3,2026-09-28 12:00:00,0 days 06:00:00,6,27.56,132.17,976.0,76.8,0.0,145.76788693271908,162.99046801985705,139.81594332961265,113.22562302831366,61.6911945117171,61.33306736349547,45.97969752418184,49.39831127752411,15.826073593334693,15.761035065501586,10.276738117294968,12.638780258436668
2026-09-28 06:00:00,WP252026,3,2026-09-28 18:00:00,0 days 12:00:00,12,28.21,133.09,996.3,50.7,24.463930197187917,58.69107474122495,84.37510806789906,68.76593772933592,38.49053208316623,0.0,24.463930197187917,0.0,0.0,0.0,0.0,0.0,0.0
2026-09-28 06:00:00,WP252026,3,2026-09-29 00:00:00,0 days 18:00:00,18,28.73,133.81,1000.1,43.5,41.855968462094665,29.560865100683728,44.23887129628691,26.24817584046594,30.62204285773975,0.0,0.0,0.0,0.0,0.0,0.0,0.0,0.0
2026-09-28 06:00:00,WP252026,3,2026-09-29 06:00:00,1 days 00:00:00,24,29.1,134.99,993.2,42.6,32.350443095517655,14.957207131325042,43.97652956369302,26.97957297091125,14.056933554549428,0.0,0.0,0.0,0.0,0.0,0.0,0.0,0.0
2026-09-28 06:00:00,WP252026,3,2026-09-29 12:00:00,1 days 06:00:00,30,29.67,136.28,995.1,37.6,123.9536404887439,85.90796956767734,123.9536404887439,67.04104053801592,74.3564713365929,0.0,0.0,0.0,0.0,0.0,0.0,0.0,0.0
2026-09-28 06:00:00,WP252026,3,2026-09-29 18:00:00,1 days 12:00:00,36,30.04,136.96,1001.3,35.6,34.67138239202968,0.0,34.67138239202968,2.665234904015726,0.0,0.0,0.0,0.0,0.0,0.0,0.0,0.0,0.0
2026-09-28 06:00:00,WP252026,3,2026-09-30 00:00:00,1 days 18:00:00,42,30.51,138.06,999.3,38.3,104.30126036067816,0.0,104.30126036067816,0.0,0.0,0.0,0.0,0.0,0.0,0.0,0.0,0.0,0.0
2026-09-28 06:00:00,WP252026,3,2026-09-30 06:00:00,2 days 00:00:00,48,30.75,138.93,998.1,38.6,62.13795333813073,3.881010267143552,62.13795333813073,0.0,0.0,0.0,0.0,0.0,0.0,0.0,0.0,0.0,0.0
2026-09-28 06:00:00,WP252026,3,2026-09-30 12:00:00,2 days 06:00:00,54,31.3,140.14,994.0,35.2,67.79932946579886,138.3942339422748,138.97122974297088,92.73820447934531,105.7743103350331,0.0,0.0,0.0,0.0,0.0,0.0,0.0,0.0
2026-09-28 06:00:00,WP252026,3,2026-09-30 18:00:00,2 days 12:00:00,60,32.51,140.74,1002.7,29.6,67.44088582039923,0.0,0.0,0.0,0.0,0.0,0.0,0.0,0.0,0.0,0.0,0.0,0.0
2026-09-28 06:00:00,WP252026,3,2026-10-01 00:00:00,2 days 18:00:00,66,33.67,141.38,1002.0,33.3,51.300882275327126,0.0,0.0,0.0,0.0,0.0,0.0,0.0,0.0,0.0,0.0,0.0,0.0
2026-09-28 06:00:00,WP252026,3,2026-10-01 06:00:00,3 days 00:00:00,72,34.54,142.42,997.1,32.6,104.82658347297108,0.0,0.0,0.0,0.0,0.0,0.0,0.0,0.0,0.0,0.0,0.0,0.0
2026-09-28 06:00:00,WP252026,3,2026-10-01 12:00:00,3 days 06:00:00,78,35.94,144.65,997.2,30.4,57.147526367889895,0.0,0.0,0.0,0.0,0.0,0.0,0.0,0.0,0.0,0.0,0.0,0.0
2026-09-28 06:00:00,WP252026,3,2026-10-01 18:00:00,3 days 12:00:00,84,37.3,147.68,999.4,27.9,97.56600473238186,0.0,0.0,0.0,0.0,0.0,0.0,0.0,0.0,0.0,0.0,0.0,0.0
2026-09-28 06:00:00,WP252026,3,2026-10-02 00:00:00,3 days 18:00:00,90,38.6,152.67,1000.0,29.4,100.06483835181244,0.0,0.0,0.0,0.0,0.0,0.0,0.0,0.0,0.0,0.0,0.0,0.0
2026-09-28 06:00:00,WP922026(4),3,2026-09-28 06:00:00,0 days 00:00:00,0,16.4,97.6,1001.0,29.0,64.0,0.0,0.0,0.0,0.0,0.0,0.0,0.0,0.0,0.0,0.0,0.0,0.0
2026-09-28 06:00:00,WP922026(4),3,2026-09-28 12:00:00,0 days 06:00:00,6,17.31,97.0,1007.5,20.0,65.75905139459894,0.0,0.0,0.0,0.0,0.0,0.0,0.0,0.0,0.0,0.0,0.0,0.0
2026-09-28 06:00:00,WP922026(4),3,2026-09-28 18:00:00,0 days 12:00:00,12,18.38,96.82,1006.0,28.4,47.31852184055941,0.0,0.0,0.0,0.0,0.0,0.0,0.0,0.0,0.0,0.0,0.0,0.0
2026-09-28 06:00:00,WP922026(4),3,2026-09-29 00:00:00,0 days 18:00:00,18,19.11,95.32,1008.3,17.6,84.82067805054993,0.0,0.0,0.0,0.0,0.0,0.0,0.0,0.0,0.0,0.0,0.0,0.0
2026-09-28 06:00:00,WP922026(4),3,2026-09-29 06:00:00,1 days 00:00:00,24,20.23,95.15,1000.5,23.5,64.303569555973,0.0,0.0,0.0,0.0,0.0,0.0,0.0,0.0,0.0,0.0,0.0,0.0
2026-09-28 06:00:00,15,30,2026-10-04 00:00:00,5 days 18:00:00,138,11.65,167.06,1005.5,22.9,110.48274669917356,0.0,0.0,0.0,0.0,0.0,0.0,0.0,0.0,0.0,0.0,0.0,0.0
2026-09-28 06:00:00,15,30,2026-10-04 06:00:00,6 days 00:00:00,144,11.48,166.2,1004.9,20.3,88.45930527944896,0.0,0.0,0.0,0.0,0.0,0.0,0.0,0.0,0.0,0.0,0.0,0.0
2026-09-28 06:00:00,15,30,2026-10-04 12:00:00,6 days 06:00:00,150,12.06,165.43,1003.5,24.0,76.92381072603395,0.0,0.0,0.0,0.0,0.0,0.0,0.0,0.0,0.0,0.0,0.0,0.0
2026-09-28 06:00:00,15,30,2026-10-04 18:00:00,6 days 12:00:00,156,12.02,164.93,1002.6,28.5,113.5532539736057,0.0,0.0,0.0,0.0,0.0,0.0,0.0,0.0,0.0,0.0,0.0,0.0
2026-09-28 06:00:00,15,30,2026-10-05 00:00:00,6 days 18:00:00,162,12.05,164.88,1002.2,27.4,61.48497164023854,0.0,0.0,0.0,0.0,0.0,0.0,0.0,0.0,0.0,0.0,0.0,0.0
2026-09-28 06:00:00,15,30,2026-10-05 06:00:00,7 days 00:00:00,168,12.27,164.16,999.1,31.2,61.31070587537926,0.0,0.0,0.0,0.0,0.0,0.0,0.0,0.0,0.0,0.0,0.0,0.0
2026-09-28 06:00:00,15,30,2026-10-05 12:00:00,7 days 06:00:00,174,12.68,163.62,1000.5,30.7,96.74551165693462,0.0,0.0,0.0,0.0,0.0,0.0,0.0,0.0,0.0,0.0,0.0,0.0
2026-09-28 06:00:00,15,30,2026-10-05 18:00:00,7 days 12:00:00,180,13.0,162.95,998.8,29.6,65.69906309070203,0.0,0.0,0.0,0.0,0.0,0.0,0.0,0.0,0.0,0.0,0.0,0.0
2026-09-28 06:00:00,15,30,2026-10-06 00:00:00,7 days 18:00:00,186,13.78,161.99,1000.8,33.2,121.45213328365028,0.0,0.0,0.0,0.0,0.0,0.0,0.0,0.0,0.0,0.0,0.0,0.0
2026-09-28 06:00:00,15,30,2026-10-06 06:00:00,8 days 00:00:00,192,14.7,160.79,994.6,50.7,57.21254066635538,132.73101759625897,108.34421396599572,88.69059032829483,110.27792607423402,0.0,0.0,0.0,57.21254066635538,0.0,0.0,0.0,0.0
2026-09-28 06:00:00,15,30,2026-10-06 12:00:00,8 days 06:00:00,198,15.0,159.0,986.9,62.2,50.79027075980908,112.61542223641383,98.0657670921693,87.7187185368658,112.51054885904549,50.79027075980908,2.202440578667588,0.0,1.495224343121877,0.0,0.0,0.0,0.0
2026-09-28 06:00:00,15,30,2026-10-06 18:00:00,8 days 12:00:00,204,15.52,157.61,990.9,53.6,33.11456811360166,172.97783105490765,154.51288635704526,132.99065037821623,149.17949811193813,33.11456811360166,0.0,0.0,0.0,0.0,0.0,0.0,0.0
2026-09-28 06:00:00,15,30,2026-10-07 00:00:00,8 days 18:00:00,210,16.28,155.68,989.0,49.5,45.86705856898331,119.24122089192356,105.74721698542348,93.07971818828392,108.29684726179384,0.0,0.0,0.0,0.0,0.0,0.0,0.0,0.0
2026-09-28 06:00:00,15,30,2026-10-07 06:00:00,9 days 00:00:00,216,16.28,154.05,996.6,43.1,73.52968438679426,97.48254023710632,85.70077494395139,59.69625175853375,80.55560937842307,0.0,0.0,0.0,0.0,0.0,0.0,0.0,0.0
2026-09-28 06:00:00,15,30,2026-10-07 12:00:00,9 days 06:00:00,222,16.07,151.61,994.4,41.1,64.22941009253864,17.975622644437575,5.7353674089594335,9.13464073450896,64.22941009253864,0.0,0.0,0.0,0.0,0.0,0.0,0.0,0.0
2026-09-28 06:00:00,15,30,2026-10-07 18:00:00,9 days 12:00:00,228,16.43,149.71,985.9,65.5,24.12930405061581,179.49547882871616,146.7502522895386,134.02600702995676,166.13130017564708,126.99550615061004,114.85792780196198,95.00954507669076,110.2821865560677,42.71755187133925,40.22850771497673,33.83677995801216,37.25542630314885
2026-09-28 06:00:00,15,30,2026-10-08 00:00:00,9 days 18:00:00,234,16.76,147.49,987.0,59.9,18.04132981583311,111.5389030750378,94.04866912259124,66.24596865354505,89.65503655797724,69.3132385543778,59.77928386006985,45.61581495393425,58.9947251076841,0.0,0.0,0.0,0.0
2026-09-28 06:00:00,15,30,2026-10-08 06:00:00,10 days 00:00:00,240,16.91,145.33,969.5,85.9,18.7582437057532,153.99275052919631,135.3578645008686,125.5945794480005,146.89198083628764,89.77841095115843,81.33072596746283,71.7842510739191,81.08757914043933,46.52945942387226,43.59941264097012,38.37453212394892,40.91550971623418
2026-09-28 06:00:00,15,30,2026-10-08 12:00:00,10 days 06:00:00,246,17.01,143.57,948.7,107.2,9.333824052553382,194.5872780730391,187.92397634700572,179.03247220277353,194.1922113022731,115.04677947275808,106.10781958307646,94.852198516651,106.76894724022536,70.57346793051971,66.23942070991203,57.28442425217699,63.3197089856034
2026-09-28 06:00:00,15,30,2026-10-08 18:00:00,10 days 12:00:00,252,17.25,141.55,959.8,101.6,1.8683294796040852,177.3854289914877,145.93913220900572,97.64425861681389,140.73996881524226,78.8433754516555,62.61941447031822,44.56557932005225,64.74409291247594,33.85410137323393,28.28400874341159,21.421028394510927,29.22527777983333
2026-09-28 06:00:00,15,30,2026-10-09 00:00:00,10 days 18:00:00,258,17.46,139.51,931.1,126.6,26.00839004386289,233.14183543262385,196.0122128465256,172.70583439788192,215.302959670085,102.59253206365388,86.07326860097979,74.51086003399462,92.39589949729532,67.18935938445455,60.45784745356484,50.41811225946186,59.60516364100008
2026-09-28 06:00:00,15,30,2026-10-09 06:00:00,11 days 00:00:00,264,17.55,137.68,923.6,133.3,9.594256518341602,272.5594635410555,215.4716535715175,194.7573101380238,246.9112640558783,150.0956059011044,125.55966958284458,105.37681740973125,130.43994740477245,83.5354998458987,74.75246254893376,61.72050221223347,73.85705361669304
2026-09-28 06:00:00,15,30,2026-10-09 12:00:00,11 days 06:00:00,270,18.05,135.86,906.8,146.9,20.13504591477537,221.68107487244407,160.79306673975748,140.9528269308374,212.4931544415238,78.96104286945138,56.55585909365951,49.621611790714674,75.01370537952177,38.02168580285766,29.01211695778879,26.77171546575469,34.63693650034504
2026-09-28 06:00:00,15,30,2026-10-09 18:00:00,11 days 12:00:00,276,18.1,134.38,919.9,134.1,4.789391212761984,171.34871062927414,136.16977164524724,149.1213849290798,185.3605312582804,54.61951927299378,35.85928019024141,35.58367264542903,51.30563292032457,24.977657866824305,18.334209719858336,18.109154800418764,23.385133439209312
2026-09-28 06:00:00,15,30,2026-10-10 00:00:00,11 days 18:00:00,282,17.98,133.51,918.4,140.3,23.49043039537388,239.90113605062945,186.284505570186,187.11160901563045,238.1010278475922,119.07250630494408,96.54071990431656,82.3853232470743,113.07906352357668,66.37411235785615,55.945142143737726,47.94964853344746,60.71197835350168
2026-09-28 06:00:00,15,30,2026-10-10 06:00:00,12 days 00:00:00,288,18.28,132.16,924.2,135.0,28.493225592481394,339.4129126457767,285.091895450204,267.9536091384548,330.7220871742293,179.21352936477012,155.10751335603857,139.77216379351478,165.87053461681012,109.82350356819734,99.26354592058787,86.13129217432447,97.97023675657726
2026-09-28 06:00:00,15,30,2026-10-10 12:00:00,12 days 06:00:00,294,18.47,130.85,914.0,143.6,24.538686032253583,286.79719875349315,258.37268696069384,231.10609236107783,268.13943516436615,30.02225105795149,16.0336107290597,18.390077208829933,27.834455436837377,1.4447415261164505,0.0,0.4744647016619645,24.538686032253583
2026-09-28 06:00:00,15,30,2026-10-10 18:00:00,12 days 12:00:00,300,18.65,129.63,929.0,131.5,8.606804247368942,266.4491705725856,233.70838668751816,210.48212845501985,243.85650528398185,48.65415052946983,26.883787067204725,22.910799346456088,38.86376360556626,8.606804247368942,2.99377901716948,3.7217667875574656,7.845134191518141
2026-09-28 06:00:00,15,30,2026-10-11 00:00:00,12 days 18:00:00,306,18.68,128.82,926.3,122.0,5.338543089610127,313.6811558598904,292.20638551636995,271.94766276479334,286.5463924748391,175.58716085483363,158.76761160719434,135.81040497835062,151.91371533046387,87.02762099144036,83.83904468031838,69.38604074601099,78.05042499694906
2026-09-28 06:00:00,15,30,2026-10-11 06:00:00,13 days 00:00:00,312,19.16,127.91,923.6,130.3,13.860090127503824,316.41740161477685,255.3792367886571,236.97493883106105,279.6711399202784,70.5511851277356,45.84763629409699,40.28004091490144,61.63146875824649,13.860090127503824,6.465839099250898,7.689228117111915,12.373373619329788
2026-09-28 06:00:00,15,30,2026-10-11 12:00:00,13 days 06:00:00,318,18.95,126.89,918.2,139.0,3.138613602477462,358.2841127600825,290.26954466721145,299.356318920752,353.5722715880845,202.6240534305092,176.76727002182216,158.64645778897523,186.11522100392207,115.0241693746484,105.34022362805892,91.87642892249528,103.27593827584202
2026-09-28 06:00:00,15,30,2026-10-11 18:00:00,13 days 12:00:00,324,19.32,125.81,902.3,154.8,40.54732205839595,512.536834323256,489.88395223258624,457.818610698217,485.1490307828802,202.33667015667837,201.24446068107935,184.2898864142733,188.00781377936616,77.13876850850562,75.63573074900576,67.26471333666558,75.58983307110398
2026-09-28 06:00:00,15,30,2026-10-12 00:00:00,13 days 18:00:00,330,19.61,124.97,945.4,105.9,16.409928223750022,311.624606802136,296.9350467364484,263.620023245055,279.6191534863448,110.6111911928243,105.82513548988597,90.31584568776252,100.11935386860972,30.208455701021528,30.214584421936014,27.639400130067017,28.187890395379807
2026-09-28 06:00:00,15,30,2026-10-12 06:00:00,14 days 00:00:00,336,19.55,123.85,955.9,87.3,57.785201002700944,676.3770675565314,604.6156764331016,531.89451729606,607.9256082436352,313.8189065203824,297.5347205307966,246.84962833355343,271.4270490253724,77.71439839114981,72.93211131224028,61.97963445636431,68.74117451406767
2026-09-28 06:00:00,15,30,2026-10-12 12:00:00,14 days 06:00:00,342,19.56,123.41,957.1,93.7,46.15968648506857,365.0496390972662,331.2683048449206,306.7604613818163,354.641433977467,238.43985263737105,223.4501189668736,195.77773273391463,215.93231781556037,126.87570116047826,120.79069813121004,101.9432626175853,112.78626242287449
2026-09-28 06:00:00,15,30,2026-10-12 18:00:00,14 days 12:00:00,348,19.95,122.66,950.4,91.4,36.98752527261093,304.2474526682645,291.4097771963816,232.5054558381144,234.56527066633495,2.5286185884787926,36.98752527261093,0.0,0.0,0.0,36.98752527261093,0.0,0.0
2026-09-28 06:00:00,15,30,2026-10-13 00:00:00,14 days 18:00:00,354,20.3,122.03,941.5,98.6,84.95911488773368,430.7440525180456,384.8347496359313,344.34126010279255,375.4816198827737,176.1058187966646,165.7663581529314,142.40751782844566,156.3643036324092,84.95911488773368,76.13335421284373,65.06219326582575,69.37286155291685
2026-09-28 06:00:00,15,30,2026-10-13 06:00:00,15 days 00:00:00,360,20.96,121.32,960.4,81.6,30.74148464153096,388.9353520007927,346.7790673225221,265.45308941324936,315.84110168037387,113.81290806670448,93.75715023149996,60.516803468758674,86.3384505045101,30.74148464153096,1.2665699035727798,0.0,2.9122772392188523
2026-09-28 06:00:00,3,30,2026-09-28 18:00:00,0 days 12:00:00,12,15.63,154.86,1006.6,21.2,62.14501584862982,0.0,0.0,0.0,0.0,0.0,0.0,0.0,0.0,0.0,0.0,0.0,0.0
2026-09-28 06:00:00,3,30,2026-09-29 00:00:00,0 days 18:00:00,18,15.85,155.26,1008.7,22.6,76.91082642812029,0.0,0.0,0.0,0.0,0.0,0.0,0.0,0.0,0.0,0.0,0.0,0.0
2026-09-28 06:00:00,3,30,2026-09-29 06:00:00,1 days 00:00:00,24,16.22,153.96,1004.5,26.0,96.477035394602,0.0,0.0,0.0,0.0,0.0,0.0,0.0,0.0,0.0,0.0,0.0,0.0
2026-09-28 06:00:00,3,30,2026-09-29 12:00:00,1 days 06:00:00,30,15.99,153.27,1005.3,25.8,83.45453690953713,0.0,0.0,0.0,0.0,0.0,0.0,0.0,0.0,0.0,0.0,0.0,0.0
2026-09-28 06:00:00,3,30,2026-09-29 18:00:00,1 days 12:00:00,36,15.88,152.36,1003.4,26.2,61.700150936643226,0.0,0.0,0.0,0.0,0.0,0.0,0.0,0.0,0.0,0.0,0.0,0.0
2026-09-28 06:00:00,3,30,2026-09-30 00:00:00,1 days 18:00:00,42,16.27,151.33,998.2,27.8,102.58033506491714,0.0,0.0,0.0,0.0,0.0,0.0,0.0,0.0,0.0,0.0,0.0,0.0
2026-09-28 06:00:00,3,30,2026-09-30 06:00:00,2 days 00:00:00,48,16.34,150.41,1000.9,32.3,74.1192241455545,0.0,0.0,0.0,0.0,0.0,0.0,0.0,0.0,0.0,0.0,0.0,0.0
2026-09-28 06:00:00,3,30,2026-09-30 12:00:00,2 days 06:00:00,54,16.6,149.07,1000.1,35.6,88.11846293529894,88.11846293529894,0.0,0.0,0.0,0.0,0.0,0.0,0.0,0.0,0.0,0.0,0.0
2026-09-28 06:00:00,3,30,2026-09-30 18:00:00,2 days 12:00:00,60,17.07,148.26,995.2,50.5,81.63658010414875,194.7031464237973,188.84012456972383,154.3003952554036,162.74603982522265,0.0,0.0,81.63658010414875,0.0,0.0,0.0,0.0,0.0
2026-09-28 06:00:00,3,30,2026-10-01 00:00:00,2 days 18:00:00,66,17.48,147.16,989.6,51.7,32.8363190024744,133.42772742980196,121.8403376340309,93.086803656631,113.6013580731086,32.8363190024744,6.05413185990713,2.0841064707308945,4.07049187085947,0.0,0.0,0.0,0.0
2026-09-28 06:00:00,3,30,2026-10-01 06:00:00,3 days 00:00:00,72,17.89,146.37,980.9,68.6,32.91326647454397,188.58649381986544,151.9502460199079,113.4206208368838,151.08936515642523,88.99986932050413,74.50775740807047,54.71549330808112,72.85577328681666,32.91326647454397,9.304997582405166,6.9183609970978805,9.270809385365158
2026-09-28 06:00:00,3,30,2026-10-01 12:00:00,3 days 06:00:00,78,18.1,145.14,973.6,76.1,35.47480279970154,193.46282212694905,165.15416180303936,150.9672070772815,171.36104216466697,95.43767125595906,82.66661604166593,64.85682171930605,81.80615208577814,35.47480279970154,22.443382249877597,17.883471132308415,22.37365246064266
2026-09-28 06:00:00,3,30,2026-10-01 18:00:00,3 days 12:00:00,84,17.87,144.53,954.9,99.3,29.749395802752208,218.6845344743567,184.05679867825148,176.46780030905228,191.92689627310585,123.05812182301057,108.05876430228216,95.70408953087394,112.02009639640464,65.6099479312978,60.15485087410622,51.7281638997795,58.48808862939334
2026-09-28 06:00:00,3,30,2026-10-02 00:00:00,3 days 18:00:00,90,18.17,144.03,946.8,106.4,8.47510603407315,254.06571604995605,240.8231679719055,199.2404334711725,219.19954402480187,34.08725230238392,30.507906178601612,22.485211712549823,29.59861806815224,8.47510603407315,1.4942976791799945,1.0278968688906014,1.9985829510005784
2026-09-28 06:00:00,3,30,2026-10-02 06:00:00,4 days 00:00:00,96,18.64,143.86,936.2,118.0,29.32837428780312,310.5529082180809,311.9731810054552,249.73080485576176,256.74647368769376,152.45999047554992,148.07339512101154,127.71033653124816,136.41330833058726,104.2427750108646,99.72217871978503,84.89645623127468,91.53821203263924
2026-09-28 06:00:00,3,30,2026-10-02 12:00:00,4 days 06:00:00,102,18.82,143.5,926.2,132.9,5.456990183647804,335.06525471220993,312.6309841148613,260.4148854130781,283.6835804477014,154.101664202165,138.46262184471107,113.74020819657608,129.56603345433587,83.69744088513426,76.96907173451564,64.39902919110568,72.0486282763618
2026-09-28 06:00:00,3,30,2026-10-02 18:00:00,4 days 12:00:00,108,19.6,143.79,915.8,139.1,22.028096115008392,271.5430339327378,276.74441576135126,233.47920469157484,224.38597052602267,127.1807680487822,128.24947696189557,116.05221837896396,112.75504672297193,80.24962739981902,79.40319179982575,68.8262383496162,70.6421895293795
2026-09-28 06:00:00,3,30,2026-10-03 00:00:00,4 days 18:00:00,114,19.73,144.05,921.1,136.7,0.0,371.8930343668927,394.5493044598753,342.5244087013024,312.9939254874997,173.84900383991985,186.8842869022629,165.20669028027578,144.0437898305592,94.7747336158672,97.33992956155365,84.4284328649727,82.80752705513223
2026-09-28 06:00:00,3,30,2026-10-03 06:00:00,5 days 00:00:00,120,20.4,144.12,902.7,145.7,24.660729165622215,336.095176257061,345.5294943201102,288.32455130298706,280.08441427199614,137.58220147444882,139.6448411102071,119.32992951388138,119.48363859349,62.80414340700191,62.20052881597116,52.90555603274181,55.47932135509545
2026-09-28 06:00:00,3,30,2026-10-03 12:00:00,5 days 06:00:00,126,20.86,144.42,924.5,132.4,20.463611911602914,408.6959570385493,435.3472101511466,369.7487603230011,336.5733407334294,195.50629404188825,208.6945760191079,185.642848163548,169.39106966364426,107.95867258600802,111.87115334889609,97.44903778674114,95.81269766401628
2026-09-28 06:00:00,3,30,2026-10-03 18:00:00,5 days 12:00:00,132,21.76,144.64,919.0,133.2,4.1715297799438975,374.72218345416576,391.77094054482967,334.2569372734901,304.45213792514016,190.6290957646122,193.6258175786023,161.46576668082758,163.2959490214389,110.52505802062676,108.82994099047198,91.44316753106642,95.3463585830948
2026-09-28 06:00:00,3,30,2026-10-04 00:00:00,5 days 18:00:00,138,22.62,144.55,906.7,138.8,14.847288314100702,479.2933234785524,478.67592946651473,379.5713166829884,405.23182164830325,255.62000989468123,257.3429670594848,217.13420589049437,222.4488209313128,141.10708238624602,137.09820688051883,115.86965931333836,123.89039658010093
2026-09-28 06:00:00,3,30,2026-10-04 06:00:00,6 days 00:00:00,144,23.5,144.31,910.5,132.9,0.0,453.660736242344,467.017933982783,359.66167333220966,372.59290922726086,138.88152317599526,144.47712684961348,114.0948659671752,115.76922960070424,55.75655072691362,56.04058166716281,47.486191035679326,47.89416840481542
2026-09-28 06:00:00,3,30,2026-10-04 12:00:00,6 days 06:00:00,150,23.59,144.2,928.6,120.7,58.132229014435104,372.91623063210073,333.6083917384022,308.44010936683435,321.3787697198041,204.52302847725352,194.28890487368872,166.8009538485505,183.86838383251265,116.7323414172706,109.99408568822432,95.26414563192596,102.51883808418236
2026-09-28 06:00:00,3,30,2026-10-04 18:00:00,6 days 12:00:00,156,24.34,143.64,923.3,121.4,30.51270285936799,431.1411177099078,410.2219311069522,359.6044358149271,378.4474301397087,212.11238443448636,206.72669875444632,181.09199787372728,188.499832639099,119.929235785719,116.5065861031234,100.29233096110448,105.5079259381546
2026-09-28 06:00:00,3,30,2026-10-05 00:00:00,6 days 18:00:00,162,24.77,143.59,949.9,91.7,21.497351105050928,307.4786187405641,323.154465316804,264.0293860237774,263.24188296945647,164.18933311213448,157.9953030289625,132.5666187431641,138.88344980556474,86.78139138508422,83.51773566121287,69.29957367716489,74.64775334877055
2026-09-28 06:00:00,3,30,2026-10-05 06:00:00,7 days 00:00:00,168,25.56,143.49,928.9,117.3,0.0,328.2224076761151,335.0312522066083,286.8489488960887,264.6717061688952,111.60916111708968,111.74069772328868,91.36630527787266,91.82359227911184,44.42327286467672,44.96938486206476,37.2409784623095,36.851047057431146
2026-09-28 06:00:00,3,30,2026-10-05 12:00:00,7 days 06:00:00,174,26.41,143.59,935.9,111.2,23.351642971423797,436.95969718178026,428.0834262759853,347.3108068107068,366.01767161720113,221.16536786686044,215.1729796863563,185.67392164402395,196.3636014708996,130.4516483306544,127.1323226064005,107.98813986250042,114.61561114563588
2026-09-28 06:00:00,3,30,2026-10-05 18:00:00,7 days 12:00:00,180,27.45,143.35,925.6,114.7,6.6097539984016045,479.2410120434083,505.08991993668985,431.6066390365384,419.83196029675537,244.37595162334796,252.26032778223345,214.4292826184194,212.6997327709309,125.656077918011,126.8049614715814,106.90364906111692,110.28309814297344
2026-09-28 06:00:00,3,30,2026-10-06 00:00:00,7 days 18:00:00,186,28.78,142.92,933.6,108.2,24.75418871253221,423.0275358894489,435.85214978396345,347.0712083508846,330.0040181590905,210.7118835561812,209.18555486027373,171.34238630104346,176.71234684690793,102.93572275161335,100.76237155089711,83.23890102377275,87.31615224104544
2026-09-28 06:00:00,3,30,2026-10-06 06:00:00,8 days 00:00:00,192,30.15,143.13,937.3,107.7,26.0940201270339,401.51336581391706,435.7314309970766,356.19030139432834,339.2984744559949,207.9602961578944,209.6406916891904,174.10015048705577,177.616760542948,117.284229364402,117.24688745328126,96.102126073867,101.33466523013352
2026-09-28 06:00:00,3,30,2026-10-06 12:00:00,8 days 06:00:00,198,31.86,144.12,958.8,80.0,49.31283760384441,516.7100804425652,558.9661776831122,465.1981157350997,447.8872403648015,305.0439841573024,330.5205413479463,287.6709626753301,271.0646913265743,166.56450906938173,170.88949827964916,144.02311985685267,147.39604989989982
2026-09-28 06:00:00,3,30,2026-10-06 18:00:00,8 days 12:00:00,204,34.26,145.42,955.5,82.5,50.04017331989024,440.6746315959296,500.50255443018375,422.7059730997344,392.74882261947806,243.94948629627265,271.19870144010747,235.8526997269113,214.37743690671152,124.38657858981593,131.63008787603786,111.91247836040094,110.89571841938078
2026-09-28 06:00:00,3,30,2026-10-07 00:00:00,8 days 18:00:00,210,37.64,147.66,970.9,63.0,66.96398062174316,377.5012624875187,436.99044443668544,338.4596782786267,298.1590962361873,131.275636674365,145.776375367422,109.59997535276467,101.02760241144313,0.0,0.0,0.0,0.0
2026-09-28 06:00:00,3,30,2026-10-07 06:00:00,9 days 00:00:00,216,41.8,151.36,969.4,63.2,114.71455728050628,2.360782693496704,114.71455728050628,16.403749858826018,0.0,2.360782693496704,114.71455728050628,2.806577811108662,0.0,0.0,0.0,0.0,0.0
2026-09-28 06:00:00,3,30,2026-10-07 12:00:00,9 days 06:00:00,222,45.98,153.9,972.8,55.5,82.29365209223221,1.2255871141167756,82.29365209223221,10.066596811963262,0.0,1.2255871141167756,82.29365209223221,1.6833609400641034,0.0,0.0,0.0,0.0,0.0
2026-09-28 06:00:00,3,30,2026-10-07 18:00:00,9 days 12:00:00,228,49.81,157.32,968.9,48.0,105.0892034274306,7.050038252985345,105.0892034274306,21.09146969107146,0.0,0.0,0.0,0.0,0.0,0.0,0.0,0.0,0.0
2026-09-28 06:00:00,3,30,2026-10-08 00:00:00,9 days 18:00:00,234,52.31,159.76,969.9,41.8,152.89395002154924,6.730296459124418,152.89395002154924,5.8527361541204925,0.0,0.0,0.0,0.0,0.0,0.0,0.0,0.0,0.0
2026-09-28 06:00:00,3,30,2026-10-08 06:00:00,10 days 00:00:00,240,53.21,163.11,968.1,42.9,135.9042762352542,135.9042762352542,0.0,0.0,0.0,0.0,0.0,0.0,0.0,0.0,0.0,0.0,0.0
2026-09-28 06:00:00,3,30,2026-10-08 12:00:00,10 days 06:00:00,246,54.47,169.35,969.2,46.7,75.58605881851572,0.0,3.732890985254407,75.58605881851572,0.0,0.0,0.0,0.0,0.0,0.0,0.0,0.0,0.0
2026-09-28 06:00:00,AL062026,30,2026-09-28 06:00:00,0 days 00:00:00,0,28.3,-43.8,1012.0,25.0,56.0,0.0,0.0,0.0,0.0,0.0,0.0,0.0,0.0,0.0,0.0,0.0,0.0
2026-09-28 06:00:00,AL062026,30,2026-09-28 12:00:00,0 days 06:00:00,6,27.56,-44.2,1011.3,26.8,71.68713755639442,0.0,0.0,0.0,0.0,0.0,0.0,0.0,0.0,0.0,0.0,0.0,0.0
2026-09-28 06:00:00,AL062026,30,2026-09-28 18:00:00,0 days 12:00:00,12,27.13,-44.69,1009.8,30.4,45.714366157920495,0.0,0.0,0.0,0.0,0.0,0.0,0.0,0.0,0.0,0.0,0.0,0.0
2026-09-28 06:00:00,AL062026,30,2026-09-29 00:00:00,0 days 18:00:00,18,26.25,-45.34,1010.0,26.4,37.83467864304238,0.0,0.0,0.0,0.0,0.0,0.0,0.0,0.0,0.0,0.0,0.0,0.0
2026-09-28 06:00:00,AL062026,30,2026-09-29 06:00:00,1 days 00:00:00,24,25.65,-45.94,1012.4,22.0,83.65170284745375,0.0,0.0,0.0,0.0,0.0,0.0,0.0,0.0,0.0,0.0,0.0,0.0
2026-09-28 06:00:00,AL062026,30,2026-09-29 12:00:00,1 days 06:00:00,30,25.52,-46.61,1009.3,29.4,67.68458595809193,0.0,0.0,0.0,0.0,0.0,0.0,0.0,0.0,0.0,0.0,0.0,0.0
2026-09-28 06:00:00,AL062026,30,2026-09-29 18:00:00,1 days 12:00:00,36,24.69,-47.88,1011.8,27.9,55.02243943899907,0.0,0.0,0.0,0.0,0.0,0.0,0.0,0.0,0.0,0.0,0.0,0.0
2026-09-28 06:00:00,AL912026(2),30,2026-09-28 06:00:00,0 days 00:00:00,0,36.3,-53.1,1013.0,29.0,148.0,0.0,0.0,0.0,0.0,0.0,0.0,0.0,0.0,0.0,0.0,0.0,0.0
2026-09-28 06:00:00,EP152026(2),30,2026-09-28 06:00:00,0 days 00:00:00,0,16.4,-160.8,929.0,134.0,28.0,241.0,185.0,148.0,204.0,93.0,74.0,74.0,93.0,56.0,46.0,37.0,46.0
2026-09-28 06:00:00,EP152026(2),30,2026-09-28 12:00:00,0 days 06:00:00,6,16.92,-161.81,941.9,124.4,30.714888026773508,201.8106538132101,142.51599989481963,117.44858923082676,182.8942828142833,104.60886352535204,77.58899538629476,56.29180999803805,93.04349514313895,61.53188764994292,48.75806058269541,38.54545740215566,52.214524221941645
2026-09-28 06:00:00,EP152026(2),30,2026-09-28 18:00:00,0 days 12:00:00,12,17.54,-162.79,934.8,133.0,16.613149612146636,216.77661578987943,189.1641445064121,116.66525702543404,175.60863944617645,60.440666272891406,37.20256012352503,19.67767291489553,45.55254937849471,32.459805692597755,22.514328808815705,15.55747854995568,27.102385998649147
2026-09-28 06:00:00,EP152026(2),30,2026-09-29 00:00:00,0 days 18:00:00,18,18.62,-163.26,953.0,110.8,1.9196598109282803,205.22212732030584,180.90197745506964,127.04964114747725,179.1566322419873,106.55256449299898,88.78314941278529,66.51400168118336,85.75671843016067,61.41029692436848,54.748461712452695,43.64706247756389,52.89098215819442
2026-09-28 06:00:00,EP152026(2),30,2026-09-29 06:00:00,1 days 00:00:00,24,19.65,-163.61,955.1,106.3,27.53836640808249,183.25439200721203,160.3900693801941,113.1089101773371,147.93467493389622,93.17303176518814,81.22571811595445,63.22882065255679,79.68503084548075,51.622082881523504,45.68438951374975,37.577295504001455,43.21120670593604
2026-09-28 06:00:00,EP152026(2),30,2026-09-29 12:00:00,1 days 06:00:00,30,20.55,-163.48,963.1,99.0,28.527361961811486,213.42414544767408,196.50254176238863,133.2078529194374,175.28297522212506,68.36604901894991,56.68297741234181,39.55454383133105,54.19220236817972,28.527361961811486,17.28766106541234,13.66267845403584,15.653249059278105
2026-09-28 06:00:00,EP152026(2),30,2026-09-29 18:00:00,1 days 12:00:00,36,21.62,-163.41,970.9,90.5,28.197317006886003,184.8452483893692,174.5027551016608,115.40840204598652,151.8690400169171,112.7600910925974,103.11732121258072,80.84554948134249,93.5845646490286,50.35527154243994,46.69974300987444,38.25885875277122,41.85864786139582
2026-09-28 06:00:00,EP152026(2),30,2026-09-30 00:00:00,1 days 18:00:00,42,22.33,-163.44,971.5,85.5,27.483658480998727,214.3045185698654,205.43263419842395,135.47886389075146,168.05878350469715,96.9321739370094,91.68521866861744,64.91360770688885,78.5514088563072,35.69895042927946,33.88209677103987,26.83458979009164,31.28246717727148
2026-09-28 06:00:00,EP152026(2),30,2026-09-30 06:00:00,2 days 00:00:00,48,23.43,-163.32,978.0,79.9,41.49324229946512,258.4025044124237,250.4105479733994,197.47251228332243,225.7485620450907,135.04550037236095,130.46235859624267,107.28185683053653,119.17203817835524,67.02893579044178,66.37857076653006,54.23049721037864,58.28921633970208
2026-09-28 06:00:00,EP152026(2),30,2026-09-30 12:00:00,2 days 06:00:00,54,23.71,-163.14,989.4,60.7,61.17149927492419,237.3676603329417,221.1817262099505,172.49189049884825,179.58545123918856,97.47831742504728,91.56180848588366,67.70812354566553,78.52661471506548,0.0,0.0,0.0,0.0
2026-09-28 06:00:00,EP152026(2),30,2026-09-30 18:00:00,2 days 12:00:00,60,24.05,-163.09,981.0,66.4,51.7739754972328,180.28239091128057,171.2831672555224,136.04883151867097,149.33077649129214,51.7739754972328,23.94660502496188,16.32474791898423,21.98106867748269,51.7739754972328,0.0761683662194141,0.0,0.4585304828773036
2026-09-28 06:00:00,EP152026(2),30,2026-10-01 00:00:00,2 days 18:00:00,66,23.95,-163.25,989.3,45.3,39.126721925200414,62.956976435341616,56.2734872904452,49.56151398310932,54.20966442538811,0.0,0.0,0.0,0.0,0.0,0.0,0.0,0.0
2026-09-28 06:00:00,EP152026(2),30,2026-10-01 06:00:00,3 days 00:00:00,72,24.24,-163.56,995.1,40.8,102.38317532194826,166.23158014640703,153.684001802333,124.19536578323948,147.96111848249137,0.0,0.0,0.0,0.0,0.0,0.0,0.0,0.0
2026-09-28 06:00:00,EP152026(2),30,2026-10-01 12:00:00,3 days 06:00:00,78,24.2,-164.36,996.3,41.8,132.88116884695273,140.71913897567737,121.2095920490284,100.33239321916304,124.81502773804748,0.0,0.0,0.0,0.0,0.0,0.0,0.0,0.0
2026-09-28 06:00:00,EP152026(2),30,2026-10-01 18:00:00,3 days 12:00:00,84,24.63,-165.14,998.2,43.1,97.31440674321456,97.31440674321456,88.09906417764795,65.5907970557101,82.71545678242909,0.0,0.0,0.0,0.0,0.0,0.0,0.0,0.0
2026-09-28 06:00:00,EP152026(2),30,2026-10-02 00:00:00,3 days 18:00:00,90,24.9,-166.05,993.7,45.3,72.48197861375425,187.02996643824457,161.5442522206302,137.27774698118174,162.77871150977677,0.0,0.0,0.0,0.0,0.0,0.0,0.0,0.0
2026-09-28 06:00:00,EP152026(2),30,2026-10-02 06:00:00,4 days 00:00:00,96,25.58,-166.49,991.0,52.8,58.65817766237097,210.34586764963652,164.89372060270685,117.62890694877204,173.46181513344118,58.65817766237097,27.33771084096588,15.999031934845313,27.9383527461022,0.0,0.0,0.0,0.0
2026-09-28 06:00:00,EP152026(2),30,2026-10-02 12:00:00,4 days 06:00:00,102,25.76,-166.69,993.0,46.5,56.70640212014085,150.09412454022285,128.40890415442664,103.62315282325372,123.79969723274208,0.0,0.0,0.0,0.0,0.0,0.0,0.0,0.0
2026-09-28 06:00:00,EP152026(2),30,2026-10-02 18:00:00,4 days 12:00:00,108,25.67,-167.12,993.2,52.0,57.23094548719365,187.86256939498253,170.55915169246816,136.9615191056854,163.17045251449713,0.2034061061203687,57.23094548719365,0.4802861809413485,0.0650613712326375,0.0,0.0,0.0,0.0
2026-09-28 06:00:00,EP152026(2),30,2026-10-03 00:00:00,4 days 18:00:00,114,25.88,-168.09,989.7,53.3,55.01778506945476,202.02802407777423,161.0661966214464,137.28805750104738,183.79346161422532,55.01778506945476,32.62171579291089,23.577084291202432,32.47593930859685,0.0,0.0,0.0,0.0
2026-09-28 06:00:00,EP152026(2),30,2026-10-03 06:00:00,5 days 00:00:00,120,25.84,-168.6,991.8,57.0,49.99530515181471,107.29748914396365,84.30785236295311,72.08980259129063,100.43218992618128,49.99530515181471,0.0216699462216463,0.0,3.3919374752474365,0.0,0.0,0.0,0.0
2026-09-28 06:00:00,EP152026(2),30,2026-10-03 12:00:00,5 days 06:00:00,126,25.71,-169.7,991.2,59.7,17.94684771893587,195.80767204393575,164.68201395011408,128.35114207203162,174.71970068950634,17.94684771893587,10.428845354516094,5.072813818965031,13.306471901889331,0.0,0.0,0.0,0.0
2026-09-28 06:00:00,EP152026(2),30,2026-10-03 18:00:00,5 days 12:00:00,132,26.15,-171.31,984.0,63.6,27.62392166606378,170.40242404307287,130.09009212707042,104.60827809601663,156.5619139858561,27.62392166606378,10.948642115433271,5.835502401354773,15.097658530844882,0.0,0.0,0.0,0.0
2026-09-28 06:00:00,EP152026(2),30,2026-10-04 00:00:00,5 days 18:00:00,138,26.22,-173.1,993.0,56.7,69.95063588445308,160.09479926999938,128.44823605446186,92.05908630897623,129.89780718817516,69.95063588445308,0.4384117463268708,0.0,1.9028549505704675,0.0,0.0,0.0,0.0
2026-09-28 06:00:00,EP152026(2),30,2026-10-04 06:00:00,6 days 00:00:00,144,26.43,-174.89,984.2,73.2,5.658660252806342,216.9664192495405,169.31441550312869,130.84252423447523,188.75360521539935,71.93187159465973,55.978065826709866,40.74297928467284,59.148851402000695,11.729416121124457,8.465201695042127,5.259927385245601,9.253053028546828
2026-09-28 06:00:00,EP152026(2),30,2026-10-04 12:00:00,6 days 06:00:00,150,26.7,-176.34,979.4,73.4,11.28109006242929,246.08981287841317,193.48473461680464,134.87019935756211,198.27370211444267,84.79962377836584,66.55510811983962,42.90339845585404,66.6644815213433,11.28109006242929,4.860005867127383,1.4259780841923102,5.791173009761942
2026-09-28 06:00:00,EP152026(2),30,2026-10-04 18:00:00,6 days 12:00:00,156,27.22,-177.82,981.7,70.9,35.62033032809391,146.48589352111475,118.12112604330642,88.19441886965586,123.92432512873404,35.62033032809391,15.435194348249563,9.893612394735896,15.70042010362464,35.62033032809391,0.6126570603035278,0.2206310727234315,0.4370815961064952
2026-09-28 06:00:00,EP152026(2),30,2026-10-05 00:00:00,6 days 18:00:00,162,27.59,-179.44,984.4,59.8,25.61481585783406,234.61995510261067,175.66893598503475,122.89786792408154,190.75560639172363,89.10236723557864,73.73231234708123,52.28373242620398,71.65288280804953,0.0,0.0,0.0,0.0
2026-09-28 06:00:00,EP152026(2),30,2026-10-05 06:00:00,7 days 00:00:00,168,27.41,179.13,982.0,66.2,50.9515353345371,205.2446455070687,160.4402341435574,113.4934522890149,178.0979021240326,50.9515353345371,18.725725324297308,9.116660105144827,23.016596222028028,50.9515353345371,0.0,0.0,0.2536257436670206
2026-09-28 06:00:00,EP152026(2),30,2026-10-05 12:00:00,7 days 06:00:00,174,27.4,177.75,988.0,60.7,58.35191045407572,92.80769615977648,77.21687662676686,41.953269956052,84.4432661605573,58.35191045407572,0.0,0.0,0.1446296415309547,0.0,0.0,0.0,0.0
2026-09-28 06:00:00,EP152026(2),30,2026-10-05 18:00:00,7 days 12:00:00,180,27.79,176.61,993.4,54.5,51.29276768966977,225.4639920509718,190.0835806408112,153.17999632543663,205.04473480927868,51.29276768966977,2.499461431038738,0.9529172942119032,4.984422462839774,0.0,0.0,0.0,0.0
2026-09-28 06:00:00,EP152026(2),30,2026-10-06 00:00:00,7 days 18:00:00,186,28.11,175.5,997.8,41.5,96.54358979025363,135.69721411585624,101.61363627948418,83.93152302111633,112.83154633233328,0.0,0.0,0.0,0.0,0.0,0.0,0.0,0.0
2026-09-28 06:00:00,EP152026(2),30,2026-10-06 06:00:00,8 days 00:00:00,192,28.26,174.75,998.8,36.1,93.84190627075442,93.84190627075442,8.37184808933884,3.5935638144071547,21.79035434752383,0.0,0.0,0.0,0.0,0.0,0.0,0.0,0.0
2026-09-28 06:00:00,EP152026(2),30,2026-10-06 12:00:00,8 days 06:00:00,198,28.19,174.48,1003.3,32.6,59.08833889491344,0.0,0.0,0.0,0.0,0.0,0.0,0.0,0.0,0.0,0.0,0.0,0.0
2026-09-28 06:00:00,EP152026(2),30,2026-10-06 18:00:00,8 days 12:00:00,204,27.97,173.96,1004.5,32.2,70.68526382442843,0.0,0.0,0.0,0.0,0.0,0.0,0.0,0.0,0.0,0.0,0.0,0.0
2026-09-28 06:00:00,EP172026,30,2026-09-28 06:00:00,0 days 00:00:00,0,23.2,-114.0,955.0,105.0,28.0,167.0,148.0,148.0,148.0,102.0,93.0,83.0,83.0,65.0,65.0,65.0,65.0
2026-09-28 06:00:00,EP172026,30,2026-09-28 12:00:00,0 days 06:00:00,6,23.71,-113.72,970.9,78.6,24.78667647044778,126.48064439681391,148.71571497441147,91.70976525365027,90.44813679559562,32.84038849051633,30.84089590214828,18.53586899282895,22.46695969929049,24.78667647044778,7.158042461251884,3.748068411621982,6.022191149812475
2026-09-28 06:00:00,EP172026,30,2026-09-28 18:00:00,0 days 12:00:00,12,24.74,-113.27,966.4,87.8,38.929549020557815,149.14639051431166,177.91570407967697,119.3376099915798,96.02117610946424,23.26448841075311,38.929549020557815,15.169197151709852,10.91375999878002,1.2948232356257536,38.929549020557815,0.7501035327637693,0.0
2026-09-28 06:00:00,EP172026,30,2026-09-29 00:00:00,0 days 18:00:00,18,25.47,-112.82,979.5,77.7,10.768122009285456,152.36783114632647,180.9818456602038,135.84665004353803,115.73004301883302,59.29449083508466,59.610893295828944,46.05973810778136,45.944225741483685,17.76382076834188,18.996578736631115,14.66944802023162,15.787267718956532
2026-09-28 06:00:00,EP172026,30,2026-09-29 06:00:00,1 days 00:00:00,24,26.13,-112.35,980.2,63.1,26.100434391826425,153.16155688561173,150.31762307490493,109.57734008016584,106.60064420509298,26.100434391826425,7.309559059807832,2.87843217523465,5.697597744095761,0.0,0.0,0.0,0.0
2026-09-28 06:00:00,EP172026,30,2026-09-29 12:00:00,1 days 06:00:00,30,27.11,-111.65,992.9,42.4,28.651921703077814,32.70282221253362,41.583960392129576,18.15096863869616,24.1804460921298,0.0,0.0,0.0,0.0,0.0,0.0,0.0,0.0
2026-09-28 06:00:00,EP172026,30,2026-09-29 18:00:00,1 days 12:00:00,36,28.79,-110.17,998.6,32.2,50.63795151295119,0.0,0.0,0.0,0.0,0.0,0.0,0.0,0.0,0.0,0.0,0.0,0.0
2026-09-28 06:00:00,EP182026,30,2026-09-28 06:00:00,0 days 00:00:00,0,13.2,-100.0,1001.0,41.0,93.0,222.0,185.0,148.0,222.0,0.0,0.0,0.0,0.0,0.0,0.0,0.0,0.0
2026-09-28 06:00:00,EP182026,30,2026-09-28 12:00:00,0 days 06:00:00,6,13.33,-100.49,997.0,48.1,65.49049586882896,149.8334830070345,137.08456335955725,102.98107968887072,125.60529586528874,0.0,0.0,0.0,0.0,0.0,0.0,0.0,0.0
2026-09-28 06:00:00,EP182026,30,2026-09-28 18:00:00,0 days 12:00:00,12,13.93,-101.69,994.0,52.0,54.851055904836656,233.04658889736768,216.6901576676088,188.64877233573085,204.01705904816143,54.851055904836656,0.0,0.0,0.0,0.0,0.0,0.0,0.0
2026-09-28 06:00:00,EP182026,30,2026-09-29 00:00:00,0 days 18:00:00,18,14.67,-102.7,992.6,56.0,36.7140894957772,198.11307547776727,163.1501855580941,135.16165115237783,172.44353462364182,53.9489087317388,44.64349882929274,33.04907740804468,43.6032040472665,0.0,0.0,0.0,0.0
2026-09-28 06:00:00,EP182026,30,2026-09-29 06:00:00,1 days 00:00:00,24,14.5,-103.7,985.1,62.6,31.80474732667628,151.29593026358003,114.34694181048042,93.55273696799564,130.95999875958398,53.18197510774243,43.39323882285129,32.359271356542415,43.23780822500797,0.0,0.0,0.0,0.0
2026-09-28 06:00:00,EP182026,30,2026-09-29 12:00:00,1 days 06:00:00,30,14.88,-104.37,971.6,82.6,34.48709863417642,211.402090911734,189.2939882509949,136.3270028240934,176.8431222163651,112.79670295869336,97.24435989781232,75.55243311955459,94.33442391490738,54.44328676539129,49.94035131543063,40.318431635753086,47.84065546910204
2026-09-28 06:00:00,EP182026,30,2026-09-29 18:00:00,1 days 12:00:00,36,15.67,-105.37,983.1,69.1,22.83105508462588,216.1012911877229,191.4489417009538,149.17221113013446,175.43635761407876,73.22390508997638,61.53850442241355,40.29832509957332,56.80172078815337,22.83105508462588,1.0603967942315773,0.0,2.2617152885943703
2026-09-28 06:00:00,EP182026,30,2026-09-30 00:00:00,1 days 18:00:00,42,16.1,-106.21,931.0,128.8,32.78851192041157,205.20224320098924,195.2613280566532,127.41842163104717,175.314279405013,139.6789405445463,127.05582781198626,105.2290797248222,120.15455229396208,64.9911562430284,59.15426206773753,48.91217756078625,56.36849076087924
2026-09-28 06:00:00,EP182026,30,2026-09-30 06:00:00,2 days 00:00:00,48,17.27,-106.92,964.5,93.6,21.587031914232828,163.64505959455158,150.70984299044164,104.7264289332132,129.83326184918354,76.19649920303439,69.06155290129624,51.41394600618544,63.14053564204156,34.79786581409229,31.75666625434712,25.254233254096505,29.53484456338101
2026-09-28 06:00:00,EP182026,30,2026-09-30 12:00:00,2 days 06:00:00,54,17.85,-107.77,978.5,82.0,35.24373601142679,183.0434726421272,168.94733788165783,126.25035812674058,148.23383925966812,93.2766408260118,81.14307327519079,62.4508133916446,77.41112896087625,40.78563810888107,36.09058984637679,28.510028367658077,34.20257940754628
2026-09-28 06:00:00,EP182026,30,2026-09-30 18:00:00,2 days 12:00:00,60,18.37,-108.46,946.5,109.9,33.492873600184,220.7576615107972,180.00581012523872,125.30786471542169,161.60829589864733,61.04342333613459,43.29069221190296,27.84926055164667,50.78815191913425,33.492873600184,15.890601393410495,11.79869129907708,19.213549373938488
2026-09-28 06:00:00,EP182026,30,2026-10-01 00:00:00,2 days 18:00:00,66,18.81,-108.67,947.6,117.2,26.416396775406085,212.08007136600423,168.18151328224752,151.6246520187265,192.49438023554296,118.35330864775624,97.36375898870293,86.18777770544756,106.33040653263566,75.03285437254493,66.1511068924162,56.02325637025005,65.50102657150157
2026-09-28 06:00:00,EP182026,30,2026-10-01 06:00:00,3 days 00:00:00,72,18.89,-108.93,949.7,106.2,23.764959564001582,271.92329698965466,243.46681358971077,205.9466211115968,240.67131414498007,126.15078125253542,112.39204209113758,90.9532441192959,109.935430580361,61.060723575237226,54.916828051348304,45.2719321260225,53.25650365631305
2026-09-28 06:00:00,EP182026,30,2026-10-01 12:00:00,3 days 06:00:00,78,19.13,-109.21,963.5,92.2,46.94306415479747,244.2840569356188,235.00573615624808,229.4277051297045,226.40431005953175,105.96840184202324,99.00905760775233,86.88755990115567,93.59183035080264,49.97676273071244,48.52840632581757,41.49112684144416,44.50159266903029
2026-09-28 06:00:00,EP182026,30,2026-10-01 18:00:00,3 days 12:00:00,84,18.92,-109.2,965.0,94.3,36.17298885172062,255.85575366613895,228.74628073147005,233.6282510139636,242.78280253297908,155.13340862017412,143.06656629737404,124.63734298314318,143.37768853105285,76.39088209194188,71.96754071864314,60.38660076044522,68.82697683668277
2026-09-28 06:00:00,EP182026,30,2026-10-02 00:00:00,3 days 18:00:00,90,19.14,-109.28,965.4,76.8,14.839481987639353,160.6731657047222,169.75446687272228,160.36911170753726,143.8311609334451,103.07806887767627,96.0260137352544,84.82427592638047,91.61448093343628,58.49104528708605,56.55577816018494,48.4487412668576,52.09784425907979
2026-09-28 06:00:00,EP182026,30,2026-10-02 06:00:00,4 days 00:00:00,96,19.09,-109.67,955.8,94.8,17.138160587694784,246.9153476522383,216.74810055540465,190.1776713448036,237.3045292084192,119.01052450566468,108.82095032126914,100.60853376516216,116.768906372135,60.01876050274281,57.37240975217525,51.56996870564472,54.80845496466298
2026-09-28 06:00:00,EP182026,30,2026-10-02 12:00:00,4 days 06:00:00,102,19.02,-109.97,971.6,81.2,42.79640351684816,151.73961277498756,149.7290243010034,145.82699169684338,157.6890306128048,88.32690791249479,82.08733022858996,71.97285923331901,74.40742885455757,42.79640351684816,30.341094397223173,25.94502579093836,27.28816677138053
2026-09-28 06:00:00,EP182026,30,2026-10-02 18:00:00,4 days 12:00:00,108,19.13,-109.84,971.2,77.6,38.71449824314367,215.65660572617915,210.06943977548028,221.6865910438204,214.61431915543807,145.0650947159768,139.96504811503564,124.63308913746324,131.976669947937,73.66286838807495,71.16219533236043,61.38846804002451,65.48233101294863
2026-09-28 06:00:00,EP182026,30,2026-10-03 00:00:00,4 days 18:00:00,114,19.35,-109.9,966.7,86.0,27.739399402748404,161.87383668940993,158.05443388964375,167.46274778020802,158.83923935684516,83.68819987366771,82.43575267234331,74.81956339907504,77.52961513417125,42.898922416282005,42.00465644863209,36.68748102120668,37.97985764058386
2026-09-28 06:00:00,EP182026,30,2026-10-03 06:00:00,5 days 00:00:00,120,19.48,-110.04,969.5,83.0,34.91455554476818,183.59558910109808,182.814368339029,162.50681979224373,161.15561299022238,95.8909865830624,93.418160852342,85.18825076733833,89.91073986505808,55.1383056763392,54.87464620104561,46.63861001126236,49.265479953915246
2026-09-28 06:00:00,EP182026,30,2026-10-03 12:00:00,5 days 06:00:00,126,19.79,-110.44,967.1,84.7,41.28741798657205,182.84251392369504,175.74467174196684,149.93478018692764,171.4789544966875,79.48229657814488,70.64004117957461,60.56679492598434,73.73813588752449,44.33710927463363,42.19440976146285,35.35965178663005,40.37174331423682
2026-09-28 06:00:00,EP182026,30,2026-10-03 18:00:00,5 days 12:00:00,132,19.71,-110.73,967.8,84.1,15.062824151001472,201.91850810992975,181.81261785763112,170.282703378142,177.440959165134,115.61268594166076,105.11957280989304,85.27609168529825,101.9605394222818,43.62461432013138,39.77848472101567,32.89267245268669,37.47598029531231
2026-09-28 06:00:00,EP182026,30,2026-10-04 00:00:00,5 days 18:00:00,138,20.1,-111.01,965.7,91.8,29.89461165080872,177.93545343828106,173.94619792863284,142.46627806064689,151.10770480730807,77.22807139253649,70.6123687332568,57.45009310171824,66.8632638035566,41.06681564705229,37.97899717545036,31.874159977542543,35.438342986381144
2026-09-28 06:00:00,EP182026,30,2026-10-04 06:00:00,6 days 00:00:00,144,20.42,-111.5,976.3,69.4,34.046254160357634,172.0073050834841,144.50327930266118,134.82506961470364,161.27082457055835,68.46118765256458,60.13853747421943,47.96739562885179,58.19038152042461,34.046254160357634,10.29691525822377,8.391092915358152,9.341844132007706
2026-09-28 06:00:00,EP182026,30,2026-10-04 12:00:00,6 days 06:00:00,150,20.41,-111.74,973.3,86.6,12.591031933798888,173.18690948271828,133.94756900577102,111.87424067168418,137.47369427709918,64.02578028647133,49.49825042001807,36.31318930766942,54.388838897512834,16.968615244538334,13.477919494836367,9.305266375207124,14.590037143233268
2026-09-28 06:00:00,EP182026,30,2026-10-04 18:00:00,6 days 12:00:00,156,20.54,-112.47,977.6,72.5,42.23071592174668,193.1231504642681,154.17882990590897,141.89195562598638,193.65853279491853,102.41225323811966,85.35195546049249,68.36046127592732,90.09229307141028,42.23071592174668,34.674649350311256,26.24256716076198,34.78470117677436
2026-09-28 06:00:00,EP182026,30,2026-10-05 00:00:00,6 days 18:00:00,162,20.71,-113.03,979.4,69.3,51.77681765722602,177.9712928082607,141.37412410021898,134.01449279933803,166.37730687884454,101.26816442776362,87.35431603525822,66.32597848149175,83.64527436072726,51.77681765722602,22.892715192581825,17.12208058427606,22.031344704190676
2026-09-28 06:00:00,EP182026,30,2026-10-05 06:00:00,7 days 00:00:00,168,20.58,-113.96,979.3,71.2,15.337940361695958,164.89358102936822,128.95812136672512,111.30795227210216,156.23714816815547,80.47635847101864,65.43062469655675,51.42838576952089,68.8242461252435,31.878692846573284,26.588163556527995,20.817887287242375,26.942844303706565
2026-09-28 06:00:00,EP182026,30,2026-10-05 12:00:00,7 days 06:00:00,174,20.6,-114.76,977.8,77.4,13.624884090301506,102.52946993039384,74.81265119847716,61.49466882464858,82.11531554525159,54.94722036589957,41.28381702293723,30.785732023915955,45.611029753368136,15.046354391096234,11.73004867828312,8.894055061926966,12.64968836890468
2026-09-28 06:00:00,EP182026,30,2026-10-05 18:00:00,7 days 12:00:00,180,20.62,-115.45,975.6,80.8,31.154212209678366,145.40213560128586,118.0133934041147,98.97826762586791,142.50957212791232,73.08205966443082,58.67588502036724,50.34073277135181,65.94824831916051,40.929314102775656,34.099595731697,28.12884995152076,35.77076157837885
2026-09-28 06:00:00,EP182026,30,2026-10-06 00:00:00,7 days 18:00:00,186,20.66,-116.62,962.9,96.9,24.86562916895789,155.82336112508472,100.21336500563876,85.9327295943578,135.27429334855145,72.49547980036726,52.07952764701133,40.06311860668691,64.81797125332008,40.62911683338601,31.709700243965383,26.10746690221684,35.19828755818318
2026-09-28 06:00:00,EP182026,30,2026-10-06 06:00:00,8 days 00:00:00,192,20.33,-117.89,964.6,100.5,25.525694596210663,104.53199143035536,81.7677216545045,77.64103689187208,100.14286415437564,77.33645423882469,63.291788703939744,54.107298270063296,70.95946872876365,51.85820589033836,45.759260739939975,38.6095691381596,46.00868056989003
2026-09-28 06:00:00,EP182026,30,2026-10-06 12:00:00,8 days 06:00:00,198,20.35,-118.74,955.9,103.6,19.4868713405467,158.44699551625854,127.45982960816389,119.74707912946484,156.52753067305554,59.30774262585267,44.171061287161855,36.76915469959794,52.57531818785714,36.28863913784319,29.78466262273609,25.39563141203996,33.04830005947498
2026-09-28 06:00:00,EP182026,30,2026-10-06 18:00:00,8 days 12:00:00,204,20.52,-120.15,968.0,91.3,26.29486350289268,167.30037228018216,146.13119141197626,138.67749886513843,151.35689120271164,75.6350727074003,69.96793972197972,60.781517863460365,72.57228778213619,42.64740989645245,39.56342104983267,35.57657499081904,38.69232934852657
2026-09-28 06:00:00,EP182026,30,2026-10-07 00:00:00,8 days 18:00:00,210,20.31,-121.41,969.5,85.5,20.97604010044401,107.03006743268328,76.9568042523785,83.09009019238516,109.5762565132259,74.99556845498333,61.638490380927074,56.01567100833352,71.41667274930799,36.42456894779384,31.87411631104519,28.466082528126968,32.61423675018633
2026-09-28 06:00:00,EP182026,30,2026-10-07 06:00:00,9 days 00:00:00,216,20.46,-122.74,970.1,82.5,47.94590140697403,147.62841017799065,115.1489575988021,107.91340521532652,126.15390539159124,68.64812820077191,53.73691757751101,42.46109398491325,61.76310898301245,47.94590140697403,26.48705709929635,22.306586256492324,28.224651355200933
2026-09-28 06:00:00,EP182026,30,2026-10-07 12:00:00,9 days 06:00:00,222,20.59,-123.97,963.1,96.1,18.96585867245649,106.68354942192546,72.27763859823565,69.49504640636735,113.61736280943929,40.053625475063726,28.938425413794413,26.99154121577785,40.230751602438566,26.452587424382525,22.63950345304424,19.63417512157535,23.8676174341418
2026-09-28 06:00:00,EP182026,30,2026-10-07 18:00:00,9 days 12:00:00,228,20.5,-125.28,963.5,98.9,15.910875230964264,124.6918547407505,111.36520724789098,108.79346032468985,130.2763075969727,53.01042906861439,43.91194539521487,39.49246824155183,50.74292223072277,37.530901773887,31.10321617140131,26.46340019909122,33.14506582301039
2026-09-28 06:00:00,EP182026,30,2026-10-08 00:00:00,9 days 18:00:00,234,20.57,-126.41,969.8,85.9,49.558169457466015,157.72463990618883,114.14590449134704,110.59054629364005,131.04588340583464,60.42197051175753,48.771201941683714,40.850978938228,53.81212488496723,49.558169457466015,19.156700208277588,17.45808430540513,20.1894552392069
2026-09-28 06:00:00,EP182026,30,2026-10-08 06:00:00,10 days 00:00:00,240,20.6,-127.43,973.6,84.3,37.62340499966172,83.65150006144117,58.96856517348876,59.02988715260958,80.20167431237118,37.62340499966172,16.444807210160647,10.712411098406136,22.390415952336127,37.62340499966172,7.414678673614451,5.305318657744454,9.460230377196662
2026-09-28 06:00:00,EP182026,30,2026-10-08 12:00:00,10 days 06:00:00,246,20.56,-128.65,982.4,71.9,9.91462239524222,202.2301278284988,180.697603833748,129.56762785981374,165.1423938699071,71.66106493421566,58.1181936680166,44.34506870611429,59.45616578394163,27.545382925162343,24.663389425578643,18.758449572017483,24.13791448072722
2026-09-28 06:00:00,EP182026,30,2026-10-08 18:00:00,10 days 12:00:00,252,20.7,-129.82,979.2,71.3,30.27867643604509,141.15899048692833,97.702356231894,92.03548038561962,136.5333838440022,63.71318916711992,48.30424304214503,38.89753763079733,56.64598968887853,30.27867643604509,13.86622353240826,10.73790410763745,15.558338668501255
2026-09-28 06:00:00,EP182026,30,2026-10-09 00:00:00,10 days 18:00:00,258,20.84,-130.87,983.2,73.6,13.976632829546965,117.83224652374012,80.81924343741984,64.16517394925317,105.0761889562573,58.61325574254194,45.40593561995058,35.04783275418313,50.48022241320152,25.802704549248084,20.735163838970244,15.840960696035886,21.231945058246364
2026-09-28 06:00:00,EP182026,30,2026-10-09 06:00:00,11 days 00:00:00,264,20.9,-131.78,976.7,76.3,25.497544447167694,117.02310294965648,87.68820442702153,78.72263485940223,110.18928076734204,70.59449647300309,58.6794252406838,47.31945272856818,62.59967970280096,37.370886240871016,32.068760065256754,25.56396555564888,31.88736778323952
2026-09-28 06:00:00,EP182026,30,2026-10-09 12:00:00,11 days 06:00:00,270,21.02,-132.65,993.8,56.7,10.758211634516208,135.3241719518307,112.66086345176444,82.97599579689955,127.40715243338455,19.376418223762386,9.833967616107698,4.769164623755093,13.369194721452134,0.0,0.0,0.0,0.0
2026-09-28 06:00:00,EP182026,30,2026-10-09 18:00:00,11 days 12:00:00,276,21.12,-133.51,994.2,56.4,27.65635035858527,135.98353766862397,111.62423024698823,90.69787666043182,115.63698421893982,27.65635035858527,5.376459604103821,1.1207620928054591,7.92682843022494,0.0,0.0,0.0,0.0
2026-09-28 06:00:00,EP182026,30,2026-10-10 00:00:00,11 days 18:00:00,282,21.4,-134.16,987.4,63.9,10.630582542607058,112.22234863179604,83.76144980235762,65.3410600793307,88.46176783742132,10.630582542607058,2.3259364789729187,0.0,4.920521017484562,0.0,0.0,0.0,0.0
2026-09-28 06:00:00,EP182026,30,2026-10-10 06:00:00,12 days 00:00:00,288,21.33,-134.67,991.7,61.0,15.939164932781845,143.10561831015912,109.00076500090772,87.03786367994884,137.36146024824,43.337909907523,33.712271342842726,24.18021894499036,39.56193774205951,0.0,0.0,0.0,0.0
2026-09-28 06:00:00,EP182026,30,2026-10-10 12:00:00,12 days 06:00:00,294,20.98,-135.21,1000.6,45.2,28.706743112138227,171.51950803609267,150.02892078481267,115.82397878296037,154.67350933945352,0.0,0.0,0.0,0.0,0.0,0.0,0.0,0.0
2026-09-28 06:00:00,EP182026,30,2026-10-10 18:00:00,12 days 12:00:00,300,20.78,-135.79,1002.0,41.8,82.51082387944297,174.93255408085398,156.12604731879514,125.7116102875098,155.6805299402694,0.0,0.0,0.0,0.0,0.0,0.0,0.0,0.0
2026-09-28 06:00:00,EP182026,30,2026-10-11 00:00:00,12 days 18:00:00,306,20.68,-136.39,1001.4,33.8,60.17167082092156,0.0,0.0,0.0,0.0,0.0,0.0,0.0,0.0,0.0,0.0,0.0,0.0
2026-09-28 06:00:00,EP182026,30,2026-10-11 06:00:00,13 days 00:00:00,312,20.01,-137.28,1005.5,35.1,91.11536218200614,91.11536218200614,27.11588704135441,16.75323439198526,29.890809379159062,0.0,0.0,0.0,0.0,0.0,0.0,0.0,0.0
2026-09-28 06:00:00,EP182026,30,2026-10-11 12:00:00,13 days 06:00:00,318,19.72,-138.47,1007.3,25.4,57.81235030401119,0.0,0.0,0.0,0.0,0.0,0.0,0.0,0.0,0.0,0.0,0.0,0.0
2026-09-28 06:00:00,EP912026(3),30,2026-09-28 06:00:00,0 days 00:00:00,0,12.7,-136.6,1005.0,29.0,93.0,0.0,0.0,0.0,0.0,0.0,0.0,0.0,0.0,0.0,0.0,0.0,0.0
2026-09-28 06:00:00,WP252026,30,2026-09-28 06:00:00,0 days 00:00:00,0,27.5,131.6,954.0,99.0,9.0,148.0,158.0,148.0,121.0,,,,,,,,
2026-09-28 06:00:00,WP252026,30,2026-09-28 12:00:00,0 days 06:00:00,6,27.98,132.5,985.5,65.8,50.15005838365949,126.04748009180098,161.40950935816386,123.47150042728671,100.57622830484668,22.55072343548801,50.15005838365949,50.15005838365949,15.944485607724944,1.0634125616673231,1.5920724650587268,50.15005838365949,0.0
2026-09-28 06:00:00,WP252026,30,2026-09-28 18:00:00,0 days 12:00:00,12,27.97,132.95,988.1,55.1,41.101841458380335,175.3189662036595,178.27952184054038,174.6751952519631,145.54874874893224,1.4564334946120925,1.8323837940484056,41.101841458380335,0.0,0.0,0.0,0.0,0.0
2026-09-28 06:00:00,WP252026,30,2026-09-29 00:00:00,0 days 18:00:00,18,28.41,133.87,995.4,46.7,51.62715561019948,189.7142952963408,192.2289872052453,149.82354313181332,148.0707043133898,0.0,0.0,0.0,0.0,0.0,0.0,0.0,0.0
2026-09-28 06:00:00,WP252026,30,2026-09-29 06:00:00,1 days 00:00:00,24,29.08,134.61,997.3,41.9,112.6918356924656,204.9760979711808,208.83859415799088,179.31411113746557,168.77295917159174,0.0,0.0,0.0,0.0,0.0,0.0,0.0,0.0
2026-09-28 06:00:00,WP252026,30,2026-09-29 12:00:00,1 days 06:00:00,30,28.97,135.66,995.0,36.2,86.96776831852313,137.53519884195708,150.853975811068,130.91688091293872,119.9998499062102,0.0,0.0,0.0,0.0,0.0,0.0,0.0,0.0
2026-09-28 06:00:00,WP252026,30,2026-09-29 18:00:00,1 days 12:00:00,36,29.66,136.4,996.4,38.0,73.07745283426493,33.6655395411466,73.07745283426493,25.205323229256894,29.49278109045536,0.0,0.0,0.0,0.0,0.0,0.0,0.0,0.0
2026-09-28 06:00:00,WP252026,30,2026-09-30 00:00:00,1 days 18:00:00,42,30.4,137.2,1000.0,31.5,79.24564552322147,0.0,0.0,0.0,0.0,0.0,0.0,0.0,0.0,0.0,0.0,0.0,0.0
2026-09-28 06:00:00,WP252026,30,2026-09-30 06:00:00,2 days 00:00:00,48,31.21,138.16,1005.5,24.4,117.74564457880922,0.0,0.0,0.0,0.0,0.0,0.0,0.0,0.0,0.0,0.0,0.0,0.0
2026-09-28 06:00:00,WP252026,30,2026-09-30 12:00:00,2 days 06:00:00,54,32.45,139.24,1004.2,29.4,134.0512319651025,0.0,0.0,0.0,0.0,0.0,0.0,0.0,0.0,0.0,0.0,0.0,0.0
2026-09-28 06:00:00,WP252026,30,2026-09-30 18:00:00,2 days 12:00:00,60,33.4,140.0,1001.2,34.0,88.13843407103415,0.0,0.0,0.0,0.0,0.0,0.0,0.0,0.0,0.0,0.0,0.0,0.0
2026-09-28 06:00:00,WP252026,30,2026-10-01 00:00:00,2 days 18:00:00,66,34.01,142.0,997.7,34.9,35.96361979678859,35.96361979678859,0.0,0.0,0.0,0.0,0.0,0.0,0.0,0.0,0.0,0.0,0.0
2026-09-28 06:00:00,WP252026,30,2026-10-01 06:00:00,3 days 00:00:00,72,35.06,143.2,996.7,28.0,111.22808274298072,0.0,0.0,0.0,0.0,0.0,0.0,0.0,0.0,0.0,0.0,0.0,0.0
2026-09-28 06:00:00,WP252026,30,2026-10-01 12:00:00,3 days 06:00:00,78,36.44,145.46,1003.7,30.1,124.09577367368588,0.0,0.0,0.0,0.0,0.0,0.0,0.0,0.0,0.0,0.0,0.0,0.0
2026-09-28 06:00:00,WP252026,30,2026-10-01 18:00:00,3 days 12:00:00,84,38.14,149.16,994.3,29.4,84.23444975050695,0.0,0.0,0.0,0.0,0.0,0.0,0.0,0.0,0.0,0.0,0.0,0.0
2026-09-28 06:00:00,WP922026(4),30,2026-09-28 06:00:00,0 days 00:00:00,0,16.4,97.6,1001.0,29.0,64.0,0.0,0.0,0.0,0.0,0.0,0.0,0.0,0.0,0.0,0.0,0.0,0.0
2026-09-28 06:00:00,WP922026(4),30,2026-09-28 12:00:00,0 days 06:00:00,6,17.43,97.13,1003.2,15.0,128.76606841897154,0.0,0.0,0.0,0.0,0.0,0.0,0.0,0.0,0.0,0.0,0.0,0.0
2026-09-28 06:00:00,WP922026(4),30,2026-09-28 18:00:00,0 days 12:00:00,12,19.38,96.47,1005.1,19.3,43.24712261575979,0.0,0.0,0.0,0.0,0.0,0.0,0.0,0.0,0.0,0.0,0.0,0.0
2026-09-28 06:00:00,WP922026(4),30,2026-09-29 00:00:00,0 days 18:00:00,18,19.49,94.83,1004.9,18.0,67.0279289856903,0.0,0.0,0.0,0.0,0.0,0.0,0.0,0.0,0.0,0.0,0.0,0.0
2026-09-28 06:00:00,WP922026(4),30,2026-09-29 06:00:00,1 days 00:00:00,24,18.96,94.3,1002.8,22.2,99.93419369907488,0.0,0.0,0.0,0.0,0.0,0.0,0.0,0.0,0.0,0.0,0.0,0.0
2026-09-28 06:00:00,15,31,2026-10-04 12:00:00,6 days 06:00:00,150,15.66,158.08,1003.5,24.3,91.862374766622,0.0,0.0,0.0,0.0,0.0,0.0,0.0,0.0,0.0,0.0,0.0,0.0
2026-09-28 06:00:00,15,31,2026-10-04 18:00:00,6 days 12:00:00,156,15.25,158.16,998.8,37.2,50.45203740905774,50.45203740905774,6.724527515927697,19.736354791737128,15.284520641046427,0.0,0.0,0.0,0.0,0.0,0.0,0.0,0.0
2026-09-28 06:00:00,15,31,2026-10-05 00:00:00,6 days 18:00:00,162,13.58,158.55,1000.4,34.7,72.69333553325872,0.7552672167068009,72.69333553325872,6.522321582359467,4.878200479277487,0.0,0.0,0.0,0.0,0.0,0.0,0.0,0.0
2026-09-28 06:00:00,15,31,2026-10-05 06:00:00,7 days 00:00:00,168,12.72,159.07,995.9,38.6,72.62624329298009,12.90665405368948,72.62624329298009,7.487345591448936,3.607161012433676,0.0,0.0,0.0,0.0,0.0,0.0,0.0,0.0
2026-09-28 06:00:00,15,31,2026-10-05 12:00:00,7 days 06:00:00,174,11.9,159.42,996.3,51.2,65.90599061801358,124.31523224466488,115.29311396992654,101.71772284343768,124.81098100693433,65.90599061801358,0.0,0.0,0.0,0.0,0.0,0.0,0.0
2026-09-28 06:00:00,15,31,2026-10-05 18:00:00,7 days 12:00:00,180,11.37,159.57,992.9,46.5,74.31443972245806,74.31443972245806,38.39827276180807,25.837492171994462,43.75135443091639,0.0,0.0,0.0,0.0,0.0,0.0,0.0,0.0
2026-09-28 06:00:00,15,31,2026-10-06 00:00:00,7 days 18:00:00,186,11.08,160.06,996.9,42.2,71.42984060513241,184.22283637012697,170.67256352359485,140.3743914577757,161.89008242792835,0.0,0.0,0.0,0.0,0.0,0.0,0.0,0.0
2026-09-28 06:00:00,15,31,2026-10-06 06:00:00,8 days 00:00:00,192,10.78,160.09,994.3,43.6,54.59157832793346,37.26835272776998,54.59157832793346,29.06578514765305,35.96078754325477,0.0,0.0,0.0,0.0,0.0,0.0,0.0,0.0
2026-09-28 06:00:00,15,31,2026-10-06 12:00:00,8 days 06:00:00,198,11.19,160.24,995.0,48.9,41.85462008529228,56.79230366259751,54.15198249429387,43.842744481344994,48.60535275121104,0.0,0.0,0.0,0.0,0.0,0.0,0.0,0.0
2026-09-28 06:00:00,15,31,2026-10-06 18:00:00,8 days 12:00:00,204,11.71,160.5,996.5,49.9,72.85649319652464,124.94094857338284,119.65695885199482,90.11501274948849,97.61901696986038,0.0,0.0,0.0,0.0,0.0,0.0,0.0,0.0
2026-09-28 06:00:00,15,31,2026-10-07 00:00:00,8 days 18:00:00,210,12.57,160.31,995.5,56.4,48.47254635931489,135.02918271656682,123.220973332477,110.82236965314786,124.3626194822004,48.47254635931489,13.109406951473789,7.423034441787983,12.597796984778356,0.0,0.0,0.0,0.0
2026-09-28 06:00:00,15,31,2026-10-07 06:00:00,9 days 00:00:00,216,13.61,159.93,985.6,60.3,1.3695390380063452,162.75604182789806,142.01126164027062,119.8881814323356,143.27097058062628,84.15924388472868,67.5580900262716,45.34275303531573,65.55262741370251,0.0,0.0,0.0,0.0
2026-09-28 06:00:00,15,31,2026-10-07 12:00:00,9 days 06:00:00,222,14.66,159.51,965.9,87.5,16.995854268789984,106.9912848313044,114.46420250460125,119.3855071397212,115.17594139256686,66.83012040808066,57.07407033035079,42.43994858676915,54.44595726908175,22.84990386615157,19.772749411074308,14.470133498132626,18.806343246310615
2026-09-28 06:00:00,15,31,2026-10-07 18:00:00,9 days 12:00:00,228,15.65,158.77,991.8,56.6,39.38691002143448,165.943827544933,151.1620981933566,129.33977222696166,147.94723649692375,43.43738164346328,30.66248124916944,17.735557523802832,28.50866534047298,0.0,0.0,0.0,0.0
2026-09-28 06:00:00,15,31,2026-10-08 00:00:00,9 days 18:00:00,234,15.95,157.93,992.6,57.5,25.15041085582419,159.7136246806524,150.44379963118308,134.16743863058423,136.14035836574317,25.15041085582419,8.979856039191674,4.230773105625076,9.57040170019424,0.0,0.0,0.0,0.0
2026-09-28 06:00:00,15,31,2026-10-08 06:00:00,10 days 00:00:00,240,16.4,157.29,981.4,66.8,10.5571006273934,123.20557193903144,117.77030231746772,121.68765822965064,128.65543870022054,23.83296438050825,15.982863443038976,10.696674014179704,16.68219822674032,10.5571006273934,0.0,0.0,0.0
2026-09-28 06:00:00,15,31,2026-10-08 12:00:00,10 days 06:00:00,246,16.65,156.59,988.8,56.6,42.84188130381557,155.72726379739686,141.69953615866294,131.96334370711477,150.35372371383764,42.84188130381557,29.326874396071084,21.87213489694863,40.32031557684074,0.0,0.0,0.0,0.0
2026-09-28 06:00:00,15,31,2026-10-08 18:00:00,10 days 12:00:00,252,16.75,155.45,993.4,63.3,16.288831459334574,116.19728100777267,98.4582292710685,90.94515010062985,120.67389630578334,37.902011128316005,25.7517466792384,14.965779932584152,30.064825673483814,0.0,0.0,0.0,0.0
2026-09-28 06:00:00,15,31,2026-10-09 00:00:00,10 days 18:00:00,258,16.54,154.6,988.4,56.4,38.0013676077906,169.80894540231384,142.86713131509896,129.92190523421596,169.09694616202614,56.99473194207167,39.73018474307901,27.34970869200515,42.12121625146574,0.0,0.0,0.0,0.0
2026-09-28 06:00:00,15,31,2026-10-09 06:00:00,11 days 00:00:00,264,16.62,154.12,980.7,69.7,32.49337072543311,158.35434322818068,141.61877179394446,144.03284374543375,152.82077483330758,44.68553115744554,35.04839830563304,25.265762131338057,39.9880443861788,32.49337072543311,1.5706172887771983,0.4388868047398124,1.6346039459849575
2026-09-28 06:00:00,15,31,2026-10-09 12:00:00,11 days 06:00:00,270,16.87,153.16,980.8,71.8,21.41712987532409,196.59444925606465,184.8568679752449,163.71687183918564,179.48393931878272,118.57109852848411,101.9846448848518,85.86474397064286,104.05580196353968,60.02829919449198,55.77552948326009,47.09923644492154,52.54288258113784
2026-09-28 06:00:00,15,31,2026-10-09 18:00:00,11 days 12:00:00,276,17.04,152.69,955.6,102.8,4.7591072158374885,255.67419094836265,207.31737207556424,181.974151079315,231.71118400535568,130.54932863520077,107.3339481864286,87.51793885284008,116.62961058253292,84.60542956566715,73.5164037740387,61.96431791956272,74.79930223660284
2026-09-28 06:00:00,15,31,2026-10-10 00:00:00,11 days 18:00:00,282,17.55,152.15,958.2,91.1,38.41510479992584,260.57406880377926,243.09897302278355,190.39759284797856,223.2568293769464,140.3662004002523,123.32012150110882,99.8691225313695,117.90967948519044,82.93166083198406,78.91879553796099,65.52497884413478,72.60664632334993
2026-09-28 06:00:00,15,31,2026-10-10 06:00:00,12 days 00:00:00,288,18.14,151.79,937.5,122.4,15.00735104949465,266.7028973778978,264.0014003489593,233.6037347499759,241.69836258795613,39.27766750204963,32.96314371560183,18.218343784873557,31.011282878623305,17.572736321739633,13.482959662158851,10.39472750916826,15.884882330928328
2026-09-28 06:00:00,15,31,2026-10-10 12:00:00,12 days 06:00:00,294,18.77,151.28,945.6,111.2,10.886863045218774,223.21675003673363,201.0646203909328,158.57284641901288,208.75362648403825,106.51815523492542,93.35922462288136,73.17675256994539,83.4114276876096,60.60958078905719,54.18561017815614,46.21595306441225,53.50285690532337
2026-09-28 06:00:00,15,31,2026-10-10 18:00:00,12 days 12:00:00,300,19.55,150.54,919.9,136.3,19.11198143105729,315.5112517997903,282.11474590712487,233.626254579962,283.64759300668635,169.61364645925997,155.52145760500875,126.0404359418422,143.33563494978227,93.11979717129684,86.95178419532193,74.38848126158668,83.57386067297494
2026-09-28 06:00:00,15,31,2026-10-11 00:00:00,12 days 18:00:00,306,20.01,150.38,915.4,139.4,15.179217290524896,351.73623506601064,328.0360338068912,287.3643128689854,309.6428812484191,192.05430304789465,181.79040439239515,146.11800125892893,168.0695384284096,116.57427815194688,107.85941035460158,87.86252297841682,101.89075303224064
2026-09-28 06:00:00,15,31,2026-10-11 06:00:00,13 days 00:00:00,312,20.81,150.4,918.0,132.4,25.0585188163414,219.9150842452661,232.58782149178265,199.67290008739616,182.61581955737088,85.87602123969324,77.17173578492277,49.59449888133515,71.14386736742857,54.72979796324021,50.304129337538825,38.2805745204106,46.43606114334303
2026-09-28 06:00:00,15,31,2026-10-11 12:00:00,13 days 06:00:00,318,21.73,150.08,921.7,136.5,0.0,215.464044422956,212.35200723177104,169.63086866816036,183.2988507070761,108.96013679287488,100.58773987193462,75.57806326744367,89.1216732187637,68.04258991378737,61.31739308235666,50.949691317055965,59.09505055122588
2026-09-28 06:00:00,15,31,2026-10-11 18:00:00,13 days 12:00:00,324,22.84,149.9,925.0,129.5,17.881525348779427,282.95150710646743,283.60587987833964,213.98332978440448,241.47062813189817,147.94263531920623,136.12149197860737,103.51882641915822,118.68978363922896,78.14198687343111,72.48549822011067,58.14890581766382,68.1094891711153
2026-09-28 06:00:00,15,31,2026-10-12 00:00:00,13 days 18:00:00,330,23.75,149.74,937.6,123.9,18.05944824943659,221.4457246590216,230.01087952669545,186.9819388321772,179.30723064821197,25.48080404448889,33.15803101054976,16.76305001166296,23.617013801498835,21.38460793281773,20.374970566477568,14.915695442416608,19.385202365056596
2026-09-28 06:00:00,15,31,2026-10-12 06:00:00,14 days 00:00:00,336,24.99,149.89,944.2,105.6,8.588364963052715,256.04296212681527,239.28738812239297,184.08553295649685,199.45823470955952,135.51012020771304,129.75208161790383,103.55604302586636,114.11260695305052,83.74447257157632,79.39262831531536,65.94523664561942,72.78228790447326
2026-09-28 06:00:00,15,31,2026-10-12 12:00:00,14 days 06:00:00,342,25.96,150.29,951.0,99.9,6.513615939279077,330.1894990045066,331.0638772440859,266.73489204804497,282.726061429867,150.7162019476213,150.01916780159124,115.59035308015696,119.47270112530956,64.53485894104159,59.79938268114798,48.61878498677087,54.3007292024728
2026-09-28 06:00:00,15,31,2026-10-12 18:00:00,14 days 12:00:00,348,27.52,150.21,958.9,86.9,31.02523076047981,337.308806108529,366.2217733501967,284.1443558559471,252.8428910438544,167.32150246826114,172.62768066691322,136.3308350231316,135.6869428739243,53.61446065966285,53.82854052341209,42.94186483662621,45.72540002140219
2026-09-28 06:00:00,15,31,2026-10-13 00:00:00,14 days 18:00:00,354,29.17,150.38,966.3,76.4,52.63183408736423,356.3264348025394,346.17094512762253,262.926625180605,287.0746947639872,204.0145498752885,195.72001790285157,155.76455765059814,170.85611541796086,88.07911537716785,86.02902953403277,68.71997740362417,76.33867253879872
2026-09-28 06:00:00,15,31,2026-10-13 06:00:00,15 days 00:00:00,360,31.04,150.22,961.0,81.0,25.268250548535654,343.0229019703208,323.6273154342525,247.6647103677323,264.9208598600259,202.0004273872156,198.41655733053423,162.38824312840472,173.51008043037297,107.18812769558846,103.92957408987402,86.46404139535477,93.43282116026404
2026-09-28 06:00:00,20,31,2026-10-06 18:00:00,8 days 12:00:00,204,10.11,-98.45,1003.7,28.1,81.90808052612051,0.0,0.0,0.0,0.0,0.0,0.0,0.0,0.0,0.0,0.0,0.0,0.0
2026-09-28 06:00:00,20,31,2026-10-07 00:00:00,8 days 18:00:00,210,9.99,-98.35,1006.8,24.6,101.54636700735608,0.0,0.0,0.0,0.0,0.0,0.0,0.0,0.0,0.0,0.0,0.0,0.0
2026-09-28 06:00:00,20,31,2026-10-07 06:00:00,9 days 00:00:00,216,9.98,-98.5,1002.3,25.0,90.2111858972218,0.0,0.0,0.0,0.0,0.0,0.0,0.0,0.0,0.0,0.0,0.0,0.0
2026-09-28 06:00:00,20,31,2026-10-07 12:00:00,9 days 06:00:00,222,9.91,-99.75,1003.0,31.6,94.50749595476202,0.0,0.0,0.0,0.0,0.0,0.0,0.0,0.0,0.0,0.0,0.0,0.0
2026-09-28 06:00:00,20,31,2026-10-07 18:00:00,9 days 12:00:00,228,9.91,-99.36,1004.6,25.6,79.90345938562201,0.0,0.0,0.0,0.0,0.0,0.0,0.0,0.0,0.0,0.0,0.0,0.0
2026-09-28 06:00:00,20,31,2026-10-08 00:00:00,9 days 18:00:00,234,10.21,-100.46,1004.4,32.0,75.83376460369159,0.0,0.0,0.0,0.0,0.0,0.0,0.0,0.0,0.0,0.0,0.0,0.0
2026-09-28 06:00:00,20,31,2026-10-08 06:00:00,10 days 00:00:00,240,11.46,-101.65,1003.3,28.7,81.85065250212028,0.0,0.0,0.0,0.0,0.0,0.0,0.0,0.0,0.0,0.0,0.0,0.0
2026-09-28 06:00:00,20,31,2026-10-08 12:00:00,10 days 06:00:00,246,10.58,-101.78,1002.2,40.1,91.877363967216,91.877363967216,5.28888383074684,0.0,0.0,0.0,0.0,0.0,0.0,0.0,0.0,0.0,0.0
2026-09-28 06:00:00,20,31,2026-10-08 18:00:00,10 days 12:00:00,252,11.11,-101.76,999.2,38.8,76.94283870884763,76.94283870884763,23.28772789051864,8.657983302592852,15.227712772686512,0.0,0.0,0.0,0.0,0.0,0.0,0.0,0.0
2026-09-28 06:00:00,20,31,2026-10-09 00:00:00,10 days 18:00:00,258,11.08,-102.47,1002.3,38.6,68.46099893769303,68.46099893769303,7.448230121366489,0.0,0.0,0.0,0.0,0.0,0.0,0.0,0.0,0.0,0.0
2026-09-28 06:00:00,20,31,2026-10-09 06:00:00,11 days 00:00:00,264,11.53,-103.29,997.3,48.0,90.2100651875652,151.16754848995032,127.0327996803006,98.40986190861936,120.14852251467964,0.0,0.0,0.0,0.0,0.0,0.0,0.0,0.0
2026-09-28 06:00:00,20,31,2026-10-09 12:00:00,11 days 06:00:00,270,12.15,-103.75,992.3,56.2,78.62195178734956,107.3528752516599,86.49443312006164,48.93248612622462,78.62195178734956,0.3236856514828727,0.2681539610426995,0.0,78.62195178734956,0.0,0.0,0.0,0.0
2026-09-28 06:00:00,20,31,2026-10-09 18:00:00,11 days 12:00:00,276,12.59,-104.09,994.2,55.8,80.86711232566552,257.3785805595877,240.3984602017399,187.74062014066035,208.8608293253569,80.86711232566552,8.692112935432185,2.4882630729620563,7.795324149659069,0.0,0.0,0.0,0.0
2026-09-28 06:00:00,20,31,2026-10-10 00:00:00,11 days 18:00:00,282,13.03,-104.17,986.3,68.9,67.66242060061117,267.53122736850247,262.8135056684564,162.7486762242704,199.6143535592546,132.20946528754558,122.9359920448476,90.41018661176592,104.08057043720278,67.66242060061117,32.53488755883236,24.471070138150065,27.01169600533829
2026-09-28 06:00:00,20,31,2026-10-10 06:00:00,12 days 00:00:00,288,13.68,-104.19,972.9,82.3,47.684485744256754,297.91340886818625,290.2042735680659,195.74616784802564,228.96829750602984,123.89492693463654,116.77547500576088,87.51621156165851,96.17387088599128,47.684485744256754,38.16211502639784,30.337570521500293,33.83209612009787
2026-09-28 06:00:00,20,31,2026-10-10 12:00:00,12 days 06:00:00,294,14.02,-104.63,964.7,105.5,31.464216704489047,242.74011991293537,229.0099781818576,143.7247278810853,183.89369992767115,111.94082933471644,99.54078332495646,76.923786905513,90.2320387620681,60.538358618489326,55.155478033562815,45.38408795413875,51.58138291919886
2026-09-28 06:00:00,20,31,2026-10-10 18:00:00,12 days 12:00:00,300,14.67,-104.58,960.9,111.2,12.530914045602913,281.50587030661427,265.78134168612723,175.61031909143458,217.9733385502532,12.530914045602913,12.530914045602913,0.0,2.0075647929756144,0.3645544105831106,12.530914045602913,0.0,0.0
2026-09-28 06:00:00,20,31,2026-10-11 00:00:00,12 days 18:00:00,306,14.96,-104.57,971.5,86.0,14.165947100617284,206.38503778761748,223.661894782218,143.7821785321107,173.9518232492437,118.64007937439088,109.66554889780012,82.97827239007734,94.76462264869748,52.76467267726223,49.30821158871654,40.21757791965464,43.642099469626814
2026-09-28 06:00:00,20,31,2026-10-11 06:00:00,13 days 00:00:00,312,15.7,-104.27,966.4,96.4,0.0,197.3006302132977,195.0354552900882,124.9126613025427,149.2547251556522,91.02789049182996,79.43107879593609,51.46846730568358,67.71640710193961,51.01390385073132,46.488617334364655,36.03821182436443,40.88374892369458
2026-09-28 06:00:00,20,31,2026-10-11 12:00:00,13 days 06:00:00,318,16.56,-104.28,971.1,84.4,13.09190871906526,207.75197262200757,227.76242093142216,155.5957700602507,146.89795360223286,102.16309706940922,91.62565073633198,58.83674773989409,82.15892992696382,49.86179621132948,47.35780351349854,32.02122611404225,40.31745343502894
2026-09-28 06:00:00,20,31,2026-10-11 18:00:00,13 days 12:00:00,324,17.63,-103.77,957.7,100.7,24.21926654620341,163.5018738825674,173.9105629148828,117.89605252819706,124.16275722926169,97.73150636800096,82.59412335549246,53.4409369359781,75.66866622503937,45.92624211022624,41.45995476111054,30.581019471568226,37.29719272309086
2026-09-28 06:00:00,20,31,2026-10-12 00:00:00,13 days 18:00:00,330,18.92,-103.43,976.6,81.1,55.86457697474732,215.691991710876,198.14355033180635,133.01075932523182,158.55088948692145,93.6336619365325,91.123913681209,74.35662483245835,84.05050852205937,55.86457697474732,40.56138076871431,33.544949982180896,37.388128453507335
2026-09-28 06:00:00,20,31,2026-10-12 06:00:00,14 days 00:00:00,336,20.15,-102.58,985.3,53.2,35.10887776274953,115.2516949436349,133.50138543441426,103.07319319424292,100.10180794714272,25.060190552570223,35.10887776274953,16.803932715845885,23.978109986057216,0.0,0.0,0.0,0.0
2026-09-28 06:00:00,25,31,2026-10-09 06:00:00,11 days 00:00:00,264,11.28,116.38,1007.9,15.5,127.19265397234572,0.0,0.0,0.0,0.0,0.0,0.0,0.0,0.0,0.0,0.0,0.0,0.0
2026-09-28 06:00:00,25,31,2026-10-09 12:00:00,11 days 06:00:00,270,11.77,115.67,1002.9,20.6,62.59428833241127,0.0,0.0,0.0,0.0,0.0,0.0,0.0,0.0,0.0,0.0,0.0,0.0
2026-09-28 06:00:00,25,31,2026-10-09 18:00:00,11 days 12:00:00,276,11.89,116.03,1006.6,20.2,69.38535011895743,0.0,0.0,0.0,0.0,0.0,0.0,0.0,0.0,0.0,0.0,0.0,0.0
2026-09-28 06:00:00,25,31,2026-10-10 00:00:00,11 days 18:00:00,282,12.93,114.6,1002.3,31.7,118.14816599949114,0.0,0.0,0.0,0.0,0.0,0.0,0.0,0.0,0.0,0.0,0.0,0.0
2026-09-28 06:00:00,25,31,2026-10-10 06:00:00,12 days 00:00:00,288,13.73,114.35,1003.5,29.6,122.15004271299084,0.0,0.0,0.0,0.0,0.0,0.0,0.0,0.0,0.0,0.0,0.0,0.0
2026-09-28 06:00:00,25,31,2026-10-10 12:00:00,12 days 06:00:00,294,13.98,113.64,1001.8,32.6,130.71330548004136,0.0,0.0,0.0,0.0,0.0,0.0,0.0,0.0,0.0,0.0,0.0,0.0
2026-09-28 06:00:00,25,31,2026-10-10 18:00:00,12 days 12:00:00,300,14.47,112.73,1000.2,30.5,68.77499189105531,0.0,0.0,0.0,0.0,0.0,0.0,0.0,0.0,0.0,0.0,0.0,0.0
2026-09-28 06:00:00,25,31,2026-10-11 00:00:00,12 days 18:00:00,306,13.82,112.41,1001.1,26.9,41.72455368527909,0.0,0.0,0.0,0.0,0.0,0.0,0.0,0.0,0.0,0.0,0.0,0.0
2026-09-28 06:00:00,25,31,2026-10-11 06:00:00,13 days 00:00:00,312,15.06,111.75,997.6,33.6,108.23865500376488,0.0,0.0,0.0,0.0,0.0,0.0,0.0,0.0,0.0,0.0,0.0,0.0
2026-09-28 06:00:00,25,31,2026-10-11 12:00:00,13 days 06:00:00,318,15.35,111.39,997.4,37.2,90.9692562949603,171.36057258213708,169.49165996062533,144.02968893361435,157.60419445139215,0.0,0.0,0.0,0.0,0.0,0.0,0.0,0.0
2026-09-28 06:00:00,25,31,2026-10-11 18:00:00,13 days 12:00:00,324,15.41,111.86,998.2,31.2,53.15789060220845,0.0,0.0,0.0,0.0,0.0,0.0,0.0,0.0,0.0,0.0,0.0,0.0
2026-09-28 06:00:00,25,31,2026-10-12 00:00:00,13 days 18:00:00,330,15.35,110.92,997.2,35.4,187.1297471834173,429.7996227474125,405.5197928761829,307.9189022151793,362.32263320125503,0.0,0.0,0.0,0.0,0.0,0.0,0.0,0.0
2026-09-28 06:00:00,25,31,2026-10-12 06:00:00,14 days 00:00:00,336,15.76,110.2,996.9,31.1,61.35644699642184,0.0,0.0,0.0,0.0,0.0,0.0,0.0,0.0,0.0,0.0,0.0,0.0
2026-09-28 06:00:00,25,31,2026-10-12 12:00:00,14 days 06:00:00,342,15.84,110.07,999.2,27.0,74.62669649102614,0.0,0.0,0.0,0.0,0.0,0.0,0.0,0.0,0.0,0.0,0.0,0.0
2026-09-28 06:00:00,25,31,2026-10-12 18:00:00,14 days 12:00:00,348,15.54,109.11,1000.4,28.9,88.21109921058223,0.0,0.0,0.0,0.0,0.0,0.0,0.0,0.0,0.0,0.0,0.0,0.0
2026-09-28 06:00:00,25,31,2026-10-13 00:00:00,14 days 18:00:00,354,15.4,109.09,1002.7,24.2,81.7346669172747,0.0,0.0,0.0,0.0,0.0,0.0,0.0,0.0,0.0,0.0,0.0,0.0
2026-09-28 06:00:00,25,31,2026-10-13 06:00:00,15 days 00:00:00,360,15.37,108.82,1003.2,22.1,93.09129693004527,0.0,0.0,0.0,0.0,0.0,0.0,0.0,0.0,0.0,0.0,0.0,0.0
2026-09-28 06:00:00,7,31,2026-09-30 00:00:00,1 days 18:00:00,42,16.63,151.53,1005.6,22.1,152.10535895598454,0.0,0.0,0.0,0.0,0.0,0.0,0.0,0.0,0.0,0.0,0.0,0.0
2026-09-28 06:00:00,7,31,2026-09-30 06:00:00,2 days 00:00:00,48,17.06,150.5,1004.3,23.7,84.74395706040474,0.0,0.0,0.0,0.0,0.0,0.0,0.0,0.0,0.0,0.0,0.0,0.0
2026-09-28 06:00:00,7,31,2026-09-30 12:00:00,2 days 06:00:00,54,17.64,149.59,1005.3,20.0,84.08979278193343,0.0,0.0,0.0,0.0,0.0,0.0,0.0,0.0,0.0,0.0,0.0,0.0
2026-09-28 06:00:00,7,31,2026-09-30 18:00:00,2 days 12:00:00,60,17.53,147.51,1003.8,27.2,114.1538969392598,0.0,0.0,0.0,0.0,0.0,0.0,0.0,0.0,0.0,0.0,0.0,0.0
2026-09-28 06:00:00,7,31,2026-10-01 00:00:00,2 days 18:00:00,66,17.91,145.84,1000.0,34.1,72.16750969095236,72.16750969095236,2.3535943444514373,0.3439689658232687,8.76200754376,0.0,0.0,0.0,0.0,0.0,0.0,0.0,0.0
2026-09-28 06:00:00,7,31,2026-10-01 06:00:00,3 days 00:00:00,72,18.14,145.14,1004.3,26.5,117.19724225448785,0.0,0.0,0.0,0.0,0.0,0.0,0.0,0.0,0.0,0.0,0.0,0.0
2026-09-28 06:00:00,7,31,2026-10-01 12:00:00,3 days 06:00:00,78,17.99,144.35,1000.2,39.4,102.68151134612008,166.04110125268704,139.51442307638064,107.00355087959798,135.32517074668766,0.0,0.0,0.0,0.0,0.0,0.0,0.0,0.0
2026-09-28 06:00:00,7,31,2026-10-01 18:00:00,3 days 12:00:00,84,18.31,143.4,999.9,30.1,47.090318631171,0.0,0.0,0.0,0.0,0.0,0.0,0.0,0.0,0.0,0.0,0.0,0.0
2026-09-28 06:00:00,7,31,2026-10-02 00:00:00,3 days 18:00:00,90,17.79,142.5,994.6,48.8,99.4979925028844,239.56151300048228,199.0964395544459,167.33310592049563,207.92758924169527,0.0,0.0,0.0,0.0,0.0,0.0,0.0,0.0
2026-09-28 06:00:00,7,31,2026-10-02 06:00:00,4 days 00:00:00,96,18.18,141.96,994.3,42.0,57.389134638429255,178.0180682510593,163.92627683988724,136.97405485230206,148.16683742708958,0.0,0.0,0.0,0.0,0.0,0.0,0.0,0.0
2026-09-28 06:00:00,7,31,2026-10-02 12:00:00,4 days 06:00:00,102,18.17,141.14,986.7,50.7,70.26337918545289,182.2715608672874,166.6341727848533,144.9572564734438,157.73866571032374,0.0,0.0,70.26337918545289,0.0865365964097111,0.0,0.0,0.0,0.0
2026-09-28 06:00:00,7,31,2026-10-02 18:00:00,4 days 12:00:00,108,18.24,141.14,984.9,55.6,106.53104678466066,324.2556009464535,277.8788830181782,237.6442040999703,280.0779846645537,113.35349846519269,101.06478771158768,80.10271912418521,87.00954909139733,0.0,0.0,0.0,0.0
2026-09-28 06:00:00,7,31,2026-10-03 00:00:00,4 days 18:00:00,114,18.16,141.15,974.1,72.3,34.185144819142735,303.11303009750657,282.8913599954907,246.3245966451451,280.67849705834385,177.01475101088187,170.10659933658525,148.7724137570686,155.80146859824134,68.98110198098456,65.67929825588402,56.17696783745967,59.83759801178687
2026-09-28 06:00:00,7,31,2026-10-03 06:00:00,5 days 00:00:00,120,18.38,141.18,973.0,68.6,38.02966272515759,215.3258130210156,238.18610617660065,204.38253337180964,196.78699367625137,9.092141428314555,38.02966272515759,6.262294702820552,3.6717155626886617,0.0,38.02966272515759,0.0,0.0
2026-09-28 06:00:00,7,31,2026-10-03 12:00:00,5 days 06:00:00,126,18.8,141.43,964.3,86.6,69.10273897090988,410.7274115678602,438.7526614401117,370.7699025370231,361.2338120868381,144.69176243392712,147.29497978943414,118.16830071894708,113.10150896559682,0.0,69.10273897090988,0.3275811894177032,0.0
2026-09-28 06:00:00,7,31,2026-10-03 18:00:00,5 days 12:00:00,132,18.97,141.37,951.0,94.1,28.06181005101371,324.5816650040724,330.7478646007221,289.98666244887863,281.6914287370528,168.72289746185925,174.54802809407192,154.7114459291879,150.35995137439022,89.51856999262054,86.83993378381092,74.41448282173951,77.35397983195435
2026-09-28 06:00:00,7,31,2026-10-04 00:00:00,5 days 18:00:00,138,19.17,141.45,945.1,101.8,36.412088730643205,306.14014527096543,333.46869560713424,282.1441794587583,264.4663198411313,151.88839906047804,158.70557566021006,138.44268617343778,133.66645219905334,91.6809454168588,89.11132961917806,75.66784689891713,78.0452346739063
2026-09-28 06:00:00,7,31,2026-10-04 06:00:00,6 days 00:00:00,144,20.1,141.44,932.5,117.2,51.02539133299194,401.8036567292819,421.93424584769673,361.37129632306016,332.375671386162,165.6795032258172,178.07148614578333,143.96051486209348,140.2868460742149,71.10809575667287,69.1375901825193,58.56681282160679,61.160651255665
2026-09-28 06:00:00,7,31,2026-10-04 12:00:00,6 days 06:00:00,150,20.25,141.64,927.0,130.3,10.28940111705954,416.8647472968663,423.7649603750596,356.72168744859727,377.8808593467873,185.24228997170428,185.4567042855828,149.92411045118263,149.14563631734632,58.59809029653003,55.085347803138745,46.36978884455515,49.20803848505487
2026-09-28 06:00:00,7,31,2026-10-04 18:00:00,6 days 12:00:00,156,21.6,141.63,913.9,131.1,3.462625977254333,416.2705151125069,428.0315832857132,375.3919237851874,383.75369614563897,214.90096191825523,215.93994900371692,183.1473711804213,184.5832619637638,112.87554727855309,109.68340768870009,93.43143137821392,98.80114893481596
2026-09-28 06:00:00,7,31,2026-10-05 00:00:00,6 days 18:00:00,162,22.36,141.31,919.6,130.3,39.691021594130994,437.6807810329579,441.6656642038695,351.93649772426824,374.999410192543,209.05957682269093,209.2712156901118,171.8811669239839,172.0267433315065,93.33775977157616,89.7045769372349,75.89522563805036,81.97832571654241
2026-09-28 06:00:00,7,31,2026-10-05 06:00:00,7 days 00:00:00,168,23.43,141.71,916.4,131.9,59.26238180866597,420.19341209149286,444.9129425530156,376.5188647913068,345.2597139140631,187.12722704586548,208.0900928470012,172.20642189949967,167.18693124267458,93.41406409592834,94.69648573013828,81.01313478600846,82.05841620909358
2026-09-28 06:00:00,7,31,2026-10-05 12:00:00,7 days 06:00:00,174,24.09,141.99,906.4,148.3,0.0,546.5415865501195,507.8907418266922,476.3857336266413,506.9929220040149,302.5641705131702,304.5043491871104,271.3275490099363,270.85723987366123,162.5729121506159,171.14005463795104,147.7452355112536,151.4287708744871
2026-09-28 06:00:00,7,31,2026-10-05 18:00:00,7 days 12:00:00,180,25.61,142.33,939.7,101.3,74.91838075424083,566.4804829168382,565.6055087608136,451.89817034674667,473.9216849786708,297.8931723463915,298.55937344063057,246.0421097618515,254.36565457762896,124.162668523845,123.60158147030349,103.16859615265253,108.52827391586872
2026-09-28 06:00:00,7,31,2026-10-06 00:00:00,7 days 18:00:00,186,26.88,142.62,945.7,95.3,33.30449908744208,463.3076094728266,478.7311713974165,398.6317797127169,392.7486692009631,212.83282088491603,223.62267394519185,180.8811192175635,173.0603637113341,60.93062867314553,60.14023219666259,50.00658651086722,51.47138839096439
2026-09-28 06:00:00,7,31,2026-10-06 06:00:00,8 days 00:00:00,192,28.0,142.78,952.8,84.4,63.32047768545034,458.9913485343392,524.90082865992,435.35526416922,401.0345576556159,261.86909417666993,283.33939645526067,236.46655619789703,217.2533430976228,78.76618776125534,81.77355492094368,68.90838742641705,66.55152010373658
2026-09-28 06:00:00,7,31,2026-10-06 12:00:00,8 days 06:00:00,198,29.99,143.77,956.3,76.8,49.00084016016933,387.22000898184456,428.8260235623379,362.73740635195486,317.79289597926527,209.60822535541277,220.8338385352913,178.8106778635231,171.313449549526,51.36146749340273,53.02970754888173,43.83762105228331,43.83742221180529
2026-09-28 06:00:00,7,31,2026-10-06 18:00:00,8 days 12:00:00,204,32.44,144.92,967.7,65.5,103.52546317607523,394.874386287634,452.1407645066713,370.8890549976441,336.50534147863266,180.52575626574065,195.75481991745755,154.82086570664632,145.9154171963986,7.287856336887383,103.52546317607523,7.659185841176731,4.491829668256209
2026-09-28 06:00:00,7,31,2026-10-07 00:00:00,8 days 18:00:00,210,34.47,146.39,956.5,76.8,86.21788970607167,404.436274905318,474.40938931581513,404.4931487403682,342.6748506516469,219.33477203030088,242.11963518614084,202.90169511332897,191.0193878709433,84.25118381871653,92.85740663067008,76.18073292314011,72.39384388088729
2026-09-28 06:00:00,7,31,2026-10-07 06:00:00,9 days 00:00:00,216,38.05,147.85,962.7,67.6,49.46968146928784,309.1390818181372,373.3242496029003,307.42546553700004,254.0165510394333,181.27495305000147,195.94184369165868,161.04513632680397,147.93499943742657,40.644804758228815,49.46968146928784,35.0875960742564,33.37036193050852
2026-09-28 06:00:00,7,31,2026-10-07 12:00:00,9 days 06:00:00,222,42.19,150.86,968.3,53.0,128.32423584524764,292.7509565831894,361.1964406450376,305.83086025009925,241.3098566989845,87.33998405625462,128.32423584524764,78.88541516072982,70.09172882190009,0.0,0.0,0.0,0.0
2026-09-28 06:00:00,7,31,2026-10-07 18:00:00,9 days 12:00:00,228,45.3,153.53,975.4,47.9,74.08728460990739,6.004230738715407,74.08728460990739,3.4841033703947275,0.0,0.0,0.0,0.0,0.0,0.0,0.0,0.0,0.0
2026-09-28 06:00:00,7,31,2026-10-08 00:00:00,9 days 18:00:00,234,47.43,157.04,974.7,46.6,93.4575452729623,16.976506048371448,93.4575452729623,18.312436882011752,0.0,0.0,0.0,0.0,0.0,0.0,0.0,0.0,0.0
2026-09-28 06:00:00,AL062026,31,2026-09-28 06:00:00,0 days 00:00:00,0,28.3,-43.8,1012.0,25.0,56.0,0.0,0.0,0.0,0.0,0.0,0.0,0.0,0.0,0.0,0.0,0.0,0.0
2026-09-28 06:00:00,AL062026,31,2026-09-28 12:00:00,0 days 06:00:00,6,27.58,-44.08,1011.0,33.7,61.97742944640092,0.0,0.0,0.0,0.0,0.0,0.0,0.0,0.0,0.0,0.0,0.0,0.0
2026-09-28 06:00:00,AL062026,31,2026-09-28 18:00:00,0 days 12:00:00,12,26.97,-44.85,1009.9,26.4,92.86551913480272,0.0,0.0,0.0,0.0,0.0,0.0,0.0,0.0,0.0,0.0,0.0,0.0
2026-09-28 06:00:00,AL062026,31,2026-09-29 00:00:00,0 days 18:00:00,18,26.32,-45.45,1007.5,34.1,84.16525626104385,0.0,0.0,0.0,84.16525626104385,0.0,0.0,0.0,0.0,0.0,0.0,0.0,0.0
2026-09-28 06:00:00,AL062026,31,2026-09-29 06:00:00,1 days 00:00:00,24,25.19,-46.44,1010.3,29.3,102.83137291433744,0.0,0.0,0.0,0.0,0.0,0.0,0.0,0.0,0.0,0.0,0.0,0.0
2026-09-28 06:00:00,AL062026,31,2026-09-29 12:00:00,1 days 06:00:00,30,24.52,-47.55,1011.7,28.8,35.81231410317707,0.0,0.0,0.0,0.0,0.0,0.0,0.0,0.0,0.0,0.0,0.0,0.0
2026-09-28 06:00:00,AL062026,31,2026-09-29 18:00:00,1 days 12:00:00,36,24.09,-48.27,1010.8,21.9,146.5814397884459,0.0,0.0,0.0,0.0,0.0,0.0,0.0,0.0,0.0,0.0,0.0,0.0
2026-09-28 06:00:00,AL912026(2),31,2026-09-28 06:00:00,0 days 00:00:00,0,36.3,-53.1,1013.0,29.0,148.0,0.0,0.0,0.0,0.0,0.0,0.0,0.0,0.0,0.0,0.0,0.0,0.0
2026-09-28 06:00:00,AL912026(2),31,2026-09-28 12:00:00,0 days 06:00:00,6,36.62,-51.33,1008.9,35.0,47.12095177993875,9.19164620886356,47.12095177993875,22.889934517669545,4.557091875280534,0.0,0.0,0.0,0.0,0.0,0.0,0.0,0.0
2026-09-28 06:00:00,AL912026(2),31,2026-09-28 18:00:00,0 days 12:00:00,12,36.11,-49.2,1008.8,28.3,74.45015218940834,0.0,0.0,0.0,0.0,0.0,0.0,0.0,0.0,0.0,0.0,0.0,0.0
2026-09-28 06:00:00,AL912026(2),31,2026-09-29 00:00:00,0 days 18:00:00,18,35.34,-48.54,1006.6,31.7,164.26468035190425,0.0,0.0,0.0,0.0,0.0,0.0,0.0,0.0,0.0,0.0,0.0,0.0
2026-09-28 06:00:00,EP152026(2),31,2026-09-28 06:00:00,0 days 00:00:00,0,16.4,-160.8,929.0,134.0,28.0,241.0,185.0,148.0,204.0,93.0,74.0,74.0,93.0,56.0,46.0,37.0,46.0
2026-09-28 06:00:00,EP152026(2),31,2026-09-28 12:00:00,0 days 06:00:00,6,16.81,-161.61,949.0,116.3,22.227499067391648,170.6189484950081,122.67239347741172,95.79303887890532,152.8072447125735,80.00218507751032,55.98552505535625,38.475948710108256,66.76646573609028,48.3125661924233,37.00497123292368,30.29318366218652,42.76037492690594
2026-09-28 06:00:00,EP152026(2),31,2026-09-28 18:00:00,0 days 12:00:00,12,17.45,-162.64,946.5,110.2,46.24374416978088,222.16246856628936,179.9309217321927,127.4751158416899,184.17671104086503,102.2584875921184,77.19044863359545,54.74327170668101,83.87278248411178,50.94477456897516,42.70505307225966,32.51680419951799,44.93770626497872
2026-09-28 06:00:00,EP152026(2),31,2026-09-29 00:00:00,0 days 18:00:00,18,18.13,-163.73,947.6,115.2,44.75764572318694,207.2261152425973,174.25059636189437,115.34513972930446,159.19625421784434,112.99299820062431,91.77297550123376,60.10344640413771,91.98617812072646,55.82536289123244,46.29640671349827,34.90925708126929,46.296153965028495
2026-09-28 06:00:00,EP152026(2),31,2026-09-29 06:00:00,1 days 00:00:00,24,18.96,-163.77,942.3,120.1,0.0,190.5486592905872,212.55488269312025,159.44031132712354,149.23900741429088,77.42105576935843,70.90741332504392,48.73402073848257,64.91245733970818,58.6845464576498,53.00797081810219,41.855083435002086,49.7667975861798
2026-09-28 06:00:00,EP152026(2),31,2026-09-29 12:00:00,1 days 06:00:00,30,20.02,-164.19,949.1,120.8,1.479712679281242,176.8419516744718,178.23466026930544,115.15190580942505,141.80883709998645,29.290632376089285,18.084030836743853,5.014151208792583,19.58652688577208,10.681203129685317,8.138444377856123,5.014151208792583,8.851152489994982
2026-09-28 06:00:00,EP152026(2),31,2026-09-29 18:00:00,1 days 12:00:00,36,21.05,-164.16,963.1,98.8,8.370308827770433,166.2035854504297,182.80274325380364,106.5445923815505,106.5360562277746,52.98119936142332,46.897889603982,25.54825196226623,37.23109442103097,15.275369308801634,14.171159830905772,8.093873345589337,10.866616830997067
2026-09-28 06:00:00,EP152026(2),31,2026-09-30 00:00:00,1 days 18:00:00,42,21.98,-164.24,981.4,72.1,52.79423133155001,287.71020814280973,273.2151535077835,195.30582213231264,223.23108975964212,132.93526399668644,116.04091213078016,78.55749657631611,105.19910280598856,52.79423133155001,40.75914460451804,27.405103043407166,34.57152425423007
2026-09-28 06:00:00,EP152026(2),31,2026-09-30 06:00:00,2 days 00:00:00,48,22.5,-164.29,987.5,67.1,2.713195945040248,181.94780785284783,187.93319864759292,143.17828903714138,160.92332491636063,49.88659898525113,41.24856003246936,28.318095791743133,41.81977145414957,2.713195945040248,0.0,0.0,0.0
2026-09-28 06:00:00,EP152026(2),31,2026-09-30 12:00:00,2 days 06:00:00,54,22.7,-164.77,987.7,57.0,45.52111617768789,201.0141661579185,168.83210042614488,141.99643476747144,172.2562296350195,60.87956999310387,46.089012962605935,31.03099950589027,43.78674436132047,0.0,0.0,0.0,0.0
2026-09-28 06:00:00,EP152026(2),31,2026-09-30 18:00:00,2 days 12:00:00,60,22.49,-165.15,995.2,44.1,46.25338412401009,147.67557902548108,133.2301523499739,112.14430778501054,148.1901121484729,0.0,0.0,0.0,0.0,0.0,0.0,0.0,0.0
2026-09-28 06:00:00,EP152026(2),31,2026-10-01 00:00:00,2 days 18:00:00,66,22.37,-165.38,993.4,48.8,47.81217665415279,47.81217665415279,27.514349362683085,18.791618654403575,29.110782804937635,0.0,0.0,0.0,0.0,0.0,0.0,0.0,0.0
2026-09-28 06:00:00,EP152026(2),31,2026-10-01 06:00:00,3 days 00:00:00,72,22.71,-165.79,992.5,46.3,92.98414994278252,245.64642697788724,213.29043025211035,158.26140819661487,205.4167636765736,0.0,0.0,0.0,0.0,0.0,0.0,0.0,0.0
2026-09-28 06:00:00,EP152026(2),31,2026-10-01 12:00:00,3 days 06:00:00,78,23.1,-166.83,991.0,49.6,100.2874474819757,299.49365240078123,245.81756580263448,189.81119533870825,256.97677993213154,0.0,0.0,0.0,0.0,0.0,0.0,0.0,0.0
2026-09-28 06:00:00,EP152026(2),31,2026-10-01 18:00:00,3 days 12:00:00,84,23.33,-167.79,988.3,54.7,44.29166949295542,231.67021454473849,183.30204451537315,150.05271129070968,212.69527443933725,73.49366734817752,53.2108195842726,35.83604310372182,55.519030306826295,0.0,0.0,0.0,0.0
2026-09-28 06:00:00,EP152026(2),31,2026-10-02 00:00:00,3 days 18:00:00,90,23.33,-168.55,985.5,60.1,51.59233247346107,216.3563155375705,179.98401108746793,143.7636178199867,189.49072827284715,81.42371340022046,64.10511861484164,44.59957118391022,61.88832371454163,0.0,0.0,0.0,0.0
2026-09-28 06:00:00,EP152026(2),31,2026-10-02 06:00:00,4 days 00:00:00,96,23.31,-168.93,976.1,72.8,38.8391250376053,251.0818613720494,226.9643189608271,179.85136410729865,216.1775118889841,0.3470851718357579,38.8391250376053,0.346950110087576,0.419613014442568,0.0,38.8391250376053,0.346950110087576,0.419613014442568
2026-09-28 06:00:00,EP152026(2),31,2026-10-02 12:00:00,4 days 06:00:00,102,23.22,-169.87,971.1,75.4,31.244290405772677,164.00173740358565,142.30719658289638,129.5275251865981,149.76220211786438,31.244290405772677,15.061306626982566,9.15408410767253,17.637310185071946,31.244290405772677,0.0,0.0,0.0
2026-09-28 06:00:00,EP152026(2),31,2026-10-02 18:00:00,4 days 12:00:00,108,22.93,-170.46,982.0,65.3,48.22355739019287,322.13556172779874,259.1834136208104,223.994736910296,302.25443919533456,128.00057142418842,110.71768932512472,88.0439700658041,106.1461521717915,48.22355739019287,2.2220124477948,0.8552720582861338,4.53087603552186
2026-09-28 06:00:00,EP152026(2),31,2026-10-03 00:00:00,4 days 18:00:00,114,22.51,-171.16,967.3,84.4,28.159803639672145,236.8188347578493,197.51895162826375,158.24032847236555,210.5045370048667,122.97594670162724,106.9701459370376,87.72615279020116,110.1583184866211,67.55818442083999,60.16856411796687,49.33958656203386,57.64344218994253
2026-09-28 06:00:00,EP152026(2),31,2026-10-03 06:00:00,5 days 00:00:00,120,22.25,-171.78,965.5,81.8,38.68329472511421,276.1392133582845,226.78084832632973,191.00274086659755,248.1626911903983,128.56723322009088,106.03316132954404,84.79876993479812,110.42899898716306,46.68021607390021,41.20275375947784,32.48694954584959,40.5877915989737
2026-09-28 06:00:00,EP152026(2),31,2026-10-03 12:00:00,5 days 06:00:00,126,22.45,-173.03,966.2,87.6,43.86435554396897,279.1378509963974,216.7613525571734,167.27465882181764,237.14288977193215,118.63036204196013,92.54891660382316,71.90451393530384,101.3099598379994,51.30079610524601,45.34679603120874,34.62937309248075,45.35347980990221
2026-09-28 06:00:00,EP152026(2),31,2026-10-03 18:00:00,5 days 12:00:00,132,22.69,-174.74,972.0,79.6,54.51600140942196,363.5762477025419,286.8293935560141,218.21072597812417,305.9829857400782,161.6664057581529,133.6240356092885,102.11761973117471,134.51867940521151,54.51600140942196,29.521128094819236,21.10649907659524,30.529847456547827
2026-09-28 06:00:00,EP152026(2),31,2026-10-04 00:00:00,5 days 18:00:00,138,22.82,-176.34,973.8,72.7,25.776746892005296,249.60419962072868,197.22811304511364,159.19697706224406,229.2667303573367,122.15067235099846,99.26081909381872,74.34546961435028,100.73651203377102,25.776746892005296,14.458989826236987,10.718127810496291,17.551012925988733
2026-09-28 06:00:00,EP152026(2),31,2026-10-04 06:00:00,6 days 00:00:00,144,23.12,-178.51,973.4,80.3,29.48862342441924,283.026452473903,223.77767408590745,168.18914692923602,252.65468377857215,141.97622268785108,109.43711548745998,79.51501610779889,109.85489288741256,29.48862342441924,14.851889605795073,10.645764413084342,18.891102936536274
2026-09-28 06:00:00,EP152026(2),31,2026-10-04 12:00:00,6 days 06:00:00,150,23.78,179.92,964.6,93.2,34.06286362680648,311.5364438322967,257.36615889713835,200.81273676916788,265.7969781407172,160.4421550244594,133.141160218116,106.39441264867722,135.62738810795997,92.00932294352477,83.43516047575727,67.88536652495978,80.84408709810177
2026-09-28 06:00:00,EP152026(2),31,2026-10-04 18:00:00,6 days 12:00:00,156,24.16,178.39,960.8,93.8,16.10894158054012,271.1317127074772,227.47168378999072,161.73500243067474,225.47060112247092,109.61534329332028,85.0121152908925,57.71878619366359,87.32950586704987,26.726719452917397,21.594822230716886,15.187254841494202,24.21712955546954
2026-09-28 06:00:00,EP152026(2),31,2026-10-05 00:00:00,6 days 18:00:00,162,24.56,177.03,967.2,87.7,20.84837679857543,268.9609675564583,220.30484162062945,143.97553103868336,217.97215940724163,128.49181920795525,95.08903901699269,63.36806356504587,98.2754361484358,29.76081006077817,23.176308265175575,16.40027593958653,25.68072043491003
2026-09-28 06:00:00,EP152026(2),31,2026-10-05 06:00:00,7 days 00:00:00,168,25.0,175.78,963.2,91.6,50.86176999399152,434.716286319709,365.72998934286807,305.88525935532425,374.267544509451,106.2862403765032,86.03459350108255,61.38654558559955,81.58656014889414,50.86176999399152,0.7725456989202613,0.0,2.795057099559393
2026-09-28 06:00:00,EP152026(2),31,2026-10-05 12:00:00,7 days 06:00:00,174,25.33,174.27,964.2,95.5,62.74585239023151,372.7668580067528,292.00324282974367,215.85106904658423,309.3318193177046,126.91214057201968,104.9415681359783,79.48736316314955,109.37307798933308,62.74585239023151,38.27599973934669,28.50398577077268,38.840447285069175
2026-09-28 06:00:00,EP152026(2),31,2026-10-05 18:00:00,7 days 12:00:00,180,25.59,172.47,958.7,96.7,45.851169156733874,333.9593431415253,286.3643640541052,199.0183784527776,283.9553361633566,148.5518600414324,121.9321584493448,90.76032574864917,116.641212904645,54.40993553418824,46.21894427182076,39.01162065616663,48.70160429048804
2026-09-28 06:00:00,EP152026(2),31,2026-10-06 00:00:00,7 days 18:00:00,186,26.03,170.6,956.1,101.4,20.68946167141611,243.11271952286089,187.3943947833468,129.10610601054964,218.94737453313317,119.65216488163652,91.29235947847012,64.64587746081277,101.37388185139076,49.283236254929605,40.12987588357624,30.69632157215414,44.04604407066642
2026-09-28 06:00:00,EP152026(2),31,2026-10-06 06:00:00,8 days 00:00:00,192,26.67,168.87,960.2,94.0,31.136354245118756,259.811230633738,216.6157283959864,152.81792963610775,209.61286852631812,65.66324973339036,42.1925249163348,23.77801186434913,45.74844044947511,31.136354245118756,1.1757536649842066,0.0,4.442510525928533
2026-09-28 06:00:00,EP152026(2),31,2026-10-06 12:00:00,8 days 06:00:00,198,27.39,167.15,971.3,79.8,11.489148033609958,248.27566018597992,220.45812431512684,161.3663723453853,207.8516234205989,103.6329716323576,79.60107476217965,53.06684495410448,77.94957308575488,13.023849810001485,8.025956960816416,3.9958770461759823,10.550161169635455
2026-09-28 06:00:00,EP152026(2),31,2026-10-06 18:00:00,8 days 12:00:00,204,28.28,165.19,974.8,73.3,27.12657228959685,231.22977022776823,194.5144165803536,135.0149810915907,185.16316564074623,70.18408470867783,48.27943895040377,28.51579710790218,46.59559775623889,27.12657228959685,0.0,0.0,0.4875304155633349
2026-09-28 06:00:00,EP152026(2),31,2026-10-07 00:00:00,8 days 18:00:00,210,29.58,163.37,982.5,63.9,40.38652133111431,300.82777836766365,269.174704289285,203.7773877785947,246.35436614097063,132.0414423553839,109.59826545587478,78.46818470562478,98.46808298542992,0.0,0.0,0.0,0.0
2026-09-28 06:00:00,EP152026(2),31,2026-10-07 06:00:00,9 days 00:00:00,216,30.61,162.06,978.3,66.4,27.000152830824,210.55927467773927,182.02809342053385,137.62029122703154,159.20136884934726,116.41508429338384,101.52909027504606,74.46281950430028,93.80922004397652,44.1498889713846,39.04147023467334,30.55274905087145,37.48643155629384
2026-09-28 06:00:00,EP152026(2),31,2026-10-07 12:00:00,9 days 06:00:00,222,32.3,161.58,983.1,61.7,42.86241172991267,227.088646842198,234.3069144730828,193.19659835517672,188.6278663486501,100.75151943834884,93.37611978971772,69.71060630427232,77.86917950201678,0.0,0.0,0.0,0.0
2026-09-28 06:00:00,EP152026(2),31,2026-10-07 18:00:00,9 days 12:00:00,228,33.86,161.89,980.4,64.1,49.5258735603569,173.00430620962743,197.71250181686537,148.28413046853484,122.6321736274731,57.80292792090893,54.94574138327562,34.9963614266548,40.77820869375768,0.3158184398735102,49.5258735603569,0.0,0.0
2026-09-28 06:00:00,EP152026(2),31,2026-10-08 00:00:00,9 days 18:00:00,234,35.73,163.19,993.5,52.7,44.45556841476469,168.64891790208912,204.46305625860305,161.78573740797748,126.91402005611378,44.45556841476469,0.0,0.0,0.0,0.0,0.0,0.0,0.0
2026-09-28 06:00:00,EP152026(2),31,2026-10-08 06:00:00,10 days 00:00:00,240,36.95,165.91,993.2,46.3,34.51830503267233,130.1657316680985,166.33049868081088,129.48842230804763,100.53408369649097,0.0,0.0,0.0,0.0,0.0,0.0,0.0,0.0
2026-09-28 06:00:00,EP152026(2),31,2026-10-08 12:00:00,10 days 06:00:00,246,37.43,169.49,993.8,35.1,82.11417117424872,82.11417117424872,0.0,0.0,0.0,0.0,0.0,0.0,0.0,0.0,0.0,0.0,0.0
2026-09-28 06:00:00,EP152026(2),31,2026-10-08 18:00:00,10 days 12:00:00,252,38.27,173.39,994.0,36.2,37.42388564164464,0.0,18.966316065803365,37.42388564164464,0.0,0.0,0.0,0.0,0.0,0.0,0.0,0.0,0.0
2026-09-28 06:00:00,EP172026,31,2026-09-28 06:00:00,0 days 00:00:00,0,23.2,-114.0,955.0,105.0,28.0,167.0,148.0,148.0,148.0,102.0,93.0,83.0,83.0,65.0,65.0,65.0,65.0
2026-09-28 06:00:00,EP172026,31,2026-09-28 12:00:00,0 days 06:00:00,6,24.11,-113.87,950.1,110.2,5.718164463404975,166.94367083720243,200.73743210348496,128.2385968884563,126.55437550089631,82.86165194880334,76.95176310027821,52.1407404569985,62.30159300170757,34.551249541176134,30.621364428714152,23.01654552956778,28.15167394141568
2026-09-28 06:00:00,EP172026,31,2026-09-28 18:00:00,0 days 12:00:00,12,24.58,-113.55,970.7,88.9,0.0,123.39141820756224,131.8860160059387,118.79317498688296,93.98209544227171,66.24476578471841,61.19923343089079,41.468721797011256,48.51784976995876,23.87154421858594,22.55417268951693,14.900330210223744,18.159781256976324
2026-09-28 06:00:00,EP172026,31,2026-09-29 00:00:00,0 days 18:00:00,18,25.21,-112.79,965.5,89.5,10.097256547598754,110.48184689570095,145.1180569991751,123.07926021054134,93.7096095116797,65.93155694237525,66.83486854772991,50.907374535501184,49.4500408550688,33.21477878534719,30.440630151242623,26.52624014284701,26.907182721318577
2026-09-28 06:00:00,EP172026,31,2026-09-29 06:00:00,1 days 00:00:00,24,25.93,-111.9,977.4,74.6,30.38937852629724,135.72723035900407,135.04125254376515,90.39298973228672,101.45909923125254,57.91171559170255,59.36681052659529,50.29515350534092,50.8429037841609,37.67044182260159,35.1487461172085,28.63723584441273,31.515765572227288
2026-09-28 06:00:00,EP172026,31,2026-09-29 12:00:00,1 days 06:00:00,30,26.5,-111.13,987.8,58.4,15.184600520974822,80.70448778863158,94.1759601951619,56.50650266091033,54.9149863820333,21.165583723805305,20.467696431964416,9.91270062788998,15.526322400043114,0.0,0.0,0.0,0.0
2026-09-28 06:00:00,EP172026,31,2026-09-29 18:00:00,1 days 12:00:00,36,28.47,-109.74,1001.9,26.0,61.96197396162897,0.0,0.0,0.0,0.0,0.0,0.0,0.0,0.0,0.0,0.0,0.0,0.0
2026-09-28 06:00:00,EP182026,31,2026-09-28 06:00:00,0 days 00:00:00,0,13.2,-100.0,1001.0,41.0,93.0,222.0,185.0,148.0,222.0,0.0,0.0,0.0,0.0,0.0,0.0,0.0,0.0
2026-09-28 06:00:00,EP182026,31,2026-09-28 12:00:00,0 days 06:00:00,6,13.45,-100.67,993.8,53.8,32.77141353195361,88.47883712491557,80.76206295092925,61.88501537840057,73.56381534666343,1.085902315803196,0.0,0.0,32.77141353195361,0.0,0.0,0.0,0.0
2026-09-28 06:00:00,EP182026,31,2026-09-28 18:00:00,0 days 12:00:00,12,13.91,-101.9,989.6,59.0,50.80377805312692,144.49939266655042,114.36600033985523,79.38809007094164,110.2324517366452,50.80377805312692,9.246321432360125,3.3846612699830043,10.739235470894812,0.0,0.0,0.0,0.0
2026-09-28 06:00:00,EP182026,31,2026-09-29 00:00:00,0 days 18:00:00,18,14.11,-102.85,991.1,55.3,42.0094385631495,147.47512493370562,126.27869402547913,95.27513904353594,128.52824096724163,46.57843029825692,32.3866480606026,21.520435174930935,30.899251094618137,0.0,0.0,0.0,0.0
2026-09-28 06:00:00,EP182026,31,2026-09-29 06:00:00,1 days 00:00:00,24,14.74,-103.81,988.9,62.0,21.806337905635004,127.45787259351336,114.79102200628604,92.41757115769592,112.54952343953758,31.819869799916383,22.333847040982825,15.172406145123295,21.49325543758693,0.0,0.0,0.0,0.0
2026-09-28 06:00:00,EP182026,31,2026-09-29 12:00:00,1 days 06:00:00,30,15.2,-104.37,986.6,63.4,26.29287984592561,165.2079456914566,139.9565317435333,104.80952524046744,132.93411248765148,26.29287984592561,9.855845545954349,3.866338499724769,8.670647217691343,0.0,0.0,0.0,0.0
2026-09-28 06:00:00,EP182026,31,2026-09-29 18:00:00,1 days 12:00:00,36,15.97,-105.46,980.2,71.8,28.851578896791715,207.78346839450228,191.64769029178925,119.19605244971096,167.71504807181742,104.02841070146049,80.74795581626545,51.750632888092746,74.26522697608281,28.851578896791715,4.253043205314256,1.1230576153563183,4.9895097385291605
2026-09-28 06:00:00,EP182026,31,2026-09-30 00:00:00,1 days 18:00:00,42,16.66,-106.27,982.3,75.0,36.29493562675759,159.0664960259753,150.20995280586789,119.77343201668558,137.7734764789152,54.72695643135185,40.05919393119595,27.017246115523108,39.67815595594594,36.29493562675759,0.0,0.0,0.754112807857747
2026-09-28 06:00:00,EP182026,31,2026-09-30 06:00:00,2 days 00:00:00,48,17.1,-106.76,964.2,101.6,16.883257152007133,186.90911547129667,164.87271909766264,122.0259216461198,151.20006254962084,48.712113210375776,34.52157655335429,20.170101198099985,34.246265646468586,16.883257152007133,1.590594119909147,0.0,3.458112193546624
2026-09-28 06:00:00,EP182026,31,2026-09-30 12:00:00,2 days 06:00:00,54,17.73,-107.67,972.7,87.1,22.31608914853183,153.62423479937252,152.60125411737795,104.6454370950047,94.26569094808816,47.820050918188144,38.40178289843567,19.81006252227272,36.55850348117497,22.31608914853183,5.818595158885003,0.4471201459496114,5.59786845053652
2026-09-28 06:00:00,EP182026,31,2026-09-30 18:00:00,2 days 12:00:00,60,18.13,-107.85,958.4,95.4,32.59751939253553,168.11081216161188,143.72274767131427,121.90893386171884,151.320867995466,63.75213625494212,48.281848111931424,32.24472102569178,47.679469905041465,41.38651346915196,36.38067823639083,30.00466079186974,36.16768843023095
2026-09-28 06:00:00,EP182026,31,2026-10-01 00:00:00,2 days 18:00:00,66,18.85,-108.31,941.2,129.7,19.498253071162647,179.21570946133954,166.77188810712084,119.3726835563114,139.4199553588457,72.29969784796586,59.85728392540976,40.36506138531796,54.95762623989579,45.53452917967995,38.42336803362597,30.13908403289378,38.10708243662081
2026-09-28 06:00:00,EP182026,31,2026-10-01 06:00:00,3 days 00:00:00,72,19.04,-108.54,943.7,123.8,16.018641431157935,239.250890791296,207.88641716352677,172.8395870302926,204.53881193625347,90.04005648121321,71.73226305858067,51.9223695497693,77.80721117822875,67.67920530640474,58.36630944048074,46.31481027136558,58.02644093590811
2026-09-28 06:00:00,EP182026,31,2026-10-01 12:00:00,3 days 06:00:00,78,19.28,-108.91,953.2,108.1,32.31302650566464,268.1939074605384,237.7798860906313,198.26793889293447,226.21655200089745,126.36897304778653,108.46551949637733,88.10443698211994,114.70831562786913,87.02655656846854,79.37799705724979,64.69886365594544,75.71537919974541
2026-09-28 06:00:00,EP182026,31,2026-10-01 18:00:00,3 days 12:00:00,84,19.13,-109.39,956.5,103.2,12.725897441118008,183.90410179415755,161.90830631572953,152.62568668840368,178.85494737232375,106.38542671592823,87.59941036028982,70.94617176075667,95.62132632174558,74.28222726836712,65.13126987511505,54.11289250266484,64.53189040969761
2026-09-28 06:00:00,EP182026,31,2026-10-02 00:00:00,3 days 18:00:00,90,19.19,-109.35,945.0,117.0,38.65893397020991,122.27015262913304,151.91846529701832,153.7319581242245,123.1420078652602,61.08495389996125,61.60358023871791,52.3617249833066,52.2741611541289,58.82754088936227,53.38472739518828,47.12977895655317,51.47231316065936
2026-09-28 06:00:00,EP182026,31,2026-10-02 06:00:00,4 days 00:00:00,96,19.08,-109.37,971.2,79.1,16.731432649713668,171.8459899469733,189.79304854351997,174.17976456085444,160.06203734332598,86.28715574455259,85.50857204000931,73.62662877872401,73.13496215326643,32.65762982160237,32.610775536679625,28.23242669736581,28.03638186279963
2026-09-28 06:00:00,EP182026,31,2026-10-02 12:00:00,4 days 06:00:00,102,19.58,-108.95,978.6,62.3,21.415864967384096,181.7135964232293,181.03949541499424,154.88164350183342,152.2688983536782,87.64639200560669,84.27022421088077,67.81925354815962,73.18940438072923,0.0,0.0,0.0,0.0
2026-09-28 06:00:00,EP182026,31,2026-10-02 18:00:00,4 days 12:00:00,108,19.79,-109.06,981.7,68.9,22.596536488414984,163.51674927472527,144.6127650024113,116.0128656684538,142.9771900992156,31.203114970334084,21.459817125523927,12.470957859490632,20.63494026463289,22.596536488414984,0.0,0.0,0.0
2026-09-28 06:00:00,EP182026,31,2026-10-03 00:00:00,4 days 18:00:00,114,20.01,-109.29,989.3,55.9,27.673080208073625,140.1911273363043,129.11655080379063,121.14317797525902,118.87481334087326,41.68158555861229,36.16150510874765,24.35279816561477,32.169751997905884,0.0,0.0,0.0,0.0
2026-09-28 06:00:00,EP182026,31,2026-10-03 06:00:00,5 days 00:00:00,120,19.86,-109.74,981.0,64.5,27.244070434763096,167.69640388356677,142.669312062152,122.85166590204932,150.6215052728994,64.75685333826489,53.56444591579192,38.96264475742839,51.83754751516374,27.244070434763096,4.31158237675769,1.8538707377987835,4.846692776959089
2026-09-28 06:00:00,EP182026,31,2026-10-03 12:00:00,5 days 06:00:00,126,20.01,-109.9,982.8,63.8,49.38542361987868,160.22847658087937,145.48731020502288,112.2936371761237,142.9633975096283,73.13452386753427,65.04011451744817,50.38690183399332,62.64112869310162,0.0,0.0,0.0,0.0
2026-09-28 06:00:00,EP182026,31,2026-10-03 18:00:00,5 days 12:00:00,132,20.13,-110.25,976.8,73.2,32.09345205608447,174.01790572341326,157.86963794975003,116.93971451593842,146.2955501613808,68.69561162016737,62.86988570546194,48.50657841173775,62.55401190315291,32.28570990579861,30.40846778609786,24.07266662852724,27.185216592077037
2026-09-28 06:00:00,EP182026,31,2026-10-04 00:00:00,5 days 18:00:00,138,20.3,-110.44,994.5,56.0,73.65293688827352,199.96714075821848,196.4357142148212,148.76999755438214,179.91848238163078,73.65293688827352,52.41511140410702,33.51271346452535,47.309760521261566,0.0,0.0,0.0,0.0
2026-09-28 06:00:00,EP182026,31,2026-10-04 06:00:00,6 days 00:00:00,144,20.57,-110.43,980.7,71.4,57.28198983819624,220.56324070002196,224.976337528739,168.28824169758695,177.7497155612724,104.63041799708776,102.84179696058828,79.97926426451767,89.29004195875336,57.28198983819624,36.41603558990609,29.184619480506605,29.821957360845158
2026-09-28 06:00:00,EP182026,31,2026-10-04 12:00:00,6 days 06:00:00,150,21.26,-110.83,973.8,69.1,24.436181233469924,209.7444042690193,200.77399733467547,146.98275838355983,162.4556399049235,126.99223049327908,117.40096747225806,92.40622407197397,106.4130473587833,51.67783133881598,48.20774185756133,41.07672114496519,43.23381123350035
2026-09-28 06:00:00,EP182026,31,2026-10-04 18:00:00,6 days 12:00:00,156,21.94,-111.37,972.9,73.7,29.45335968014897,183.86981869167832,154.25741965687752,125.2930672526546,157.52283162524148,99.11717684477388,80.88623153330865,58.98719539934935,79.29417828513745,40.293853060412616,35.426210297967295,28.266411613668648,34.48041081083937
2026-09-28 06:00:00,EP182026,31,2026-10-05 00:00:00,6 days 18:00:00,162,22.31,-112.06,983.3,66.4,19.153933879535195,198.34562911699945,180.96050114260623,146.87565886690635,177.16132328955288,89.46195164781125,70.56939055954841,46.88253650970979,67.3783241231902,19.153933879535195,3.846736364362529,2.333381375030479,4.901107270405912
2026-09-28 06:00:00,EP182026,31,2026-10-05 06:00:00,7 days 00:00:00,168,22.59,-113.25,974.0,79.6,50.07583116695642,210.1267810900077,171.6108144600389,122.9567327899978,164.65404087100168,50.07583116695642,6.8566106910791005,1.8207323610936927,50.07583116695642,0.915103484328574,0.0539805592941045,0.0,50.07583116695642
2026-09-28 06:00:00,EP182026,31,2026-10-05 12:00:00,7 days 06:00:00,174,22.41,-113.41,941.7,121.5,24.27103420133582,176.90856284100997,142.1781663284981,126.45850362949376,179.03671032485062,53.4166105481599,40.66542359740899,34.799142786700656,47.68102973992914,24.27103420133582,18.319009556240477,15.922223881924106,21.450940317985754
2026-09-28 06:00:00,EP182026,31,2026-10-05 18:00:00,7 days 12:00:00,180,22.39,-114.78,997.8,45.0,110.3779118365344,185.66399737788487,162.0994577149167,119.32947796781497,143.27483157583964,0.0,0.0,0.0,0.0,0.0,0.0,0.0,0.0
2026-09-28 06:00:00,EP182026,31,2026-10-06 00:00:00,7 days 18:00:00,186,23.04,-115.51,999.1,37.3,70.14962531194578,141.65125610726125,117.91430164523256,75.48409181114235,113.90048166436443,0.0,0.0,0.0,0.0,0.0,0.0,0.0,0.0
2026-09-28 06:00:00,EP182026,31,2026-10-06 06:00:00,8 days 00:00:00,192,22.91,-116.88,1002.1,34.7,76.42596626786873,76.42596626786873,32.740496912968595,16.605111719474927,33.74195661863555,0.0,0.0,0.0,0.0,0.0,0.0,0.0,0.0
2026-09-28 06:00:00,EP182026,31,2026-10-06 12:00:00,8 days 06:00:00,198,23.06,-118.17,1001.1,33.8,47.60910480052284,0.0,0.0,0.0,0.0,0.0,0.0,0.0,0.0,0.0,0.0,0.0,0.0
2026-09-28 06:00:00,EP182026,31,2026-10-06 18:00:00,8 days 12:00:00,204,23.22,-118.9,1006.1,32.3,145.96942619387835,0.0,0.0,0.0,0.0,0.0,0.0,0.0,0.0,0.0,0.0,0.0,0.0
2026-09-28 06:00:00,EP182026,31,2026-10-07 00:00:00,8 days 18:00:00,210,23.29,-119.75,1001.7,31.5,120.03590576093164,0.0,0.0,0.0,0.0,0.0,0.0,0.0,0.0,0.0,0.0,0.0,0.0
2026-09-28 06:00:00,EP182026,31,2026-10-07 06:00:00,9 days 00:00:00,216,23.65,-120.73,1003.7,31.0,75.23988224328004,0.0,0.0,0.0,0.0,0.0,0.0,0.0,0.0,0.0,0.0,0.0,0.0
2026-09-28 06:00:00,EP182026,31,2026-10-07 12:00:00,9 days 06:00:00,222,23.92,-121.25,1003.0,29.0,102.66579971588637,0.0,0.0,0.0,0.0,0.0,0.0,0.0,0.0,0.0,0.0,0.0,0.0
2026-09-28 06:00:00,EP182026,31,2026-10-07 18:00:00,9 days 12:00:00,228,24.15,-122.01,1005.2,26.9,94.15336742926384,0.0,0.0,0.0,0.0,0.0,0.0,0.0,0.0,0.0,0.0,0.0,0.0
2026-09-28 06:00:00,EP182026,31,2026-10-08 00:00:00,9 days 18:00:00,234,24.51,-122.71,1005.9,25.9,85.85302163466422,0.0,0.0,0.0,0.0,0.0,0.0,0.0,0.0,0.0,0.0,0.0,0.0
2026-09-28 06:00:00,EP182026,31,2026-10-08 06:00:00,10 days 00:00:00,240,24.68,-123.69,1007.7,24.8,83.72225236682075,0.0,0.0,0.0,0.0,0.0,0.0,0.0,0.0,0.0,0.0,0.0,0.0
2026-09-28 06:00:00,EP182026,31,2026-10-08 12:00:00,10 days 06:00:00,246,24.46,-124.31,1007.4,23.8,141.94203621813045,0.0,0.0,0.0,0.0,0.0,0.0,0.0,0.0,0.0,0.0,0.0,0.0
2026-09-28 06:00:00,EP182026,31,2026-10-08 18:00:00,10 days 12:00:00,252,24.92,-124.96,1006.8,23.4,75.94008688677808,0.0,0.0,0.0,0.0,0.0,0.0,0.0,0.0,0.0,0.0,0.0,0.0
2026-09-28 06:00:00,EP182026,31,2026-10-09 00:00:00,10 days 18:00:00,258,24.95,-125.89,1011.5,18.0,98.01490336104436,0.0,0.0,0.0,0.0,0.0,0.0,0.0,0.0,0.0,0.0,0.0,0.0
2026-09-28 06:00:00,EP182026,31,2026-10-09 06:00:00,11 days 00:00:00,264,25.16,-126.3,1009.2,18.1,116.98987893319116,0.0,0.0,0.0,0.0,0.0,0.0,0.0,0.0,0.0,0.0,0.0,0.0
2026-09-28 06:00:00,EP182026,31,2026-10-09 12:00:00,11 days 06:00:00,270,25.12,-127.08,1013.8,15.4,92.10006934042173,0.0,0.0,0.0,0.0,0.0,0.0,0.0,0.0,0.0,0.0,0.0,0.0
2026-09-28 06:00:00,EP182026,31,2026-10-09 18:00:00,11 days 12:00:00,276,25.69,-128.15,1014.1,14.2,56.51945351095772,0.0,0.0,0.0,0.0,0.0,0.0,0.0,0.0,0.0,0.0,0.0,0.0
2026-09-28 06:00:00,EP182026,31,2026-10-10 00:00:00,11 days 18:00:00,282,25.71,-128.16,1010.8,13.0,133.04826296099617,0.0,0.0,0.0,0.0,0.0,0.0,0.0,0.0,0.0,0.0,0.0,0.0
2026-09-28 06:00:00,EP912026(3),31,2026-09-28 06:00:00,0 days 00:00:00,0,12.7,-136.6,1005.0,29.0,93.0,0.0,0.0,0.0,0.0,0.0,0.0,0.0,0.0,0.0,0.0,0.0,0.0
2026-09-28 06:00:00,EP912026(3),31,2026-09-28 12:00:00,0 days 06:00:00,6,13.8,-136.04,1000.7,42.4,40.43035434533219,40.43035434533219,2.3657216562467607,0.0,0.0,0.0,0.0,0.0,0.0,0.0,0.0,0.0,0.0
2026-09-28 06:00:00,EP912026(3),31,2026-09-28 18:00:00,0 days 12:00:00,12,14.73,-135.78,1003.5,34.9,57.33046536471223,57.33046536471223,0.0,0.0,0.2090688502641704,0.0,0.0,0.0,0.0,0.0,0.0,0.0,0.0
2026-09-28 06:00:00,EP912026(3),31,2026-09-29 00:00:00,0 days 18:00:00,18,15.31,-134.07,997.9,26.5,112.37786333511856,0.0,0.0,0.0,0.0,0.0,0.0,0.0,0.0,0.0,0.0,0.0,0.0
2026-09-28 06:00:00,WP252026,31,2026-09-28 06:00:00,0 days 00:00:00,0,27.5,131.6,954.0,99.0,9.0,148.0,158.0,148.0,121.0,,,,,,,,
2026-09-28 06:00:00,WP252026,31,2026-09-28 12:00:00,0 days 06:00:00,6,27.46,132.34,978.7,70.1,13.77365908842066,118.900480854908,155.23205651918292,140.33999718889925,86.10472640200972,59.77462901777275,66.19255052393802,55.7364609681122,51.13005179574798,18.74004753168416,20.98038493095716,15.386288229224068,15.037589831798869
2026-09-28 06:00:00,WP252026,31,2026-09-28 18:00:00,0 days 12:00:00,12,27.87,133.06,992.3,54.1,18.83136202419568,143.14984160129865,164.91872050493726,136.28645839416146,106.1833749214302,0.0,18.83136202419568,0.0,0.0,0.0,0.0,0.0,0.0
2026-09-28 06:00:00,WP252026,31,2026-09-29 00:00:00,0 days 18:00:00,18,28.46,134.13,998.1,40.0,90.62201405730411,92.78400887876523,104.227744903621,81.38816432862768,73.0407702483717,0.0,0.0,0.0,0.0,0.0,0.0,0.0,0.0
2026-09-28 06:00:00,WP252026,31,2026-09-29 06:00:00,1 days 00:00:00,24,28.9,135.33,998.4,39.0,72.8268236133456,14.347406128721332,72.8268236133456,15.309390928621156,11.491963752202366,0.0,0.0,0.0,0.0,0.0,0.0,0.0,0.0
2026-09-28 06:00:00,WP252026,31,2026-09-29 12:00:00,1 days 06:00:00,30,29.73,136.22,1002.0,41.3,54.1232505778604,59.52589606094189,68.72451536729581,47.5123460417058,42.13280009725212,0.0,0.0,0.0,0.0,0.0,0.0,0.0,0.0
2026-09-28 06:00:00,WP252026,31,2026-09-29 18:00:00,1 days 12:00:00,36,30.43,137.22,1004.2,33.1,117.62923685413716,0.0,0.0,0.0,0.0,0.0,0.0,0.0,0.0,0.0,0.0,0.0,0.0
2026-09-28 06:00:00,WP252026,31,2026-09-30 00:00:00,1 days 18:00:00,42,31.72,138.99,999.5,32.1,110.12813777368862,0.0,0.0,0.0,0.0,0.0,0.0,0.0,0.0,0.0,0.0,0.0,0.0
2026-09-28 06:00:00,WP252026,31,2026-09-30 06:00:00,2 days 00:00:00,48,32.56,140.42,997.3,37.0,68.91941193541629,179.4070907685641,179.67522840483616,138.8719181735928,150.2120087121034,0.0,0.0,0.0,0.0,0.0,0.0,0.0,0.0
2026-09-28 06:00:00,WP252026,31,2026-09-30 12:00:00,2 days 06:00:00,54,33.12,141.89,997.8,41.1,82.67556272589948,222.5396729190232,226.68591991998932,160.3770772246483,179.86201512249426,0.0,0.0,0.0,0.0,0.0,0.0,0.0,0.0
2026-09-28 06:00:00,WP252026,31,2026-09-30 18:00:00,2 days 12:00:00,60,34.1,143.11,1003.8,37.1,65.30519519371734,2.2947721274728785,65.30519519371734,0.0,0.0,0.0,0.0,0.0,0.0,0.0,0.0,0.0,0.0
2026-09-28 06:00:00,WP252026,31,2026-10-01 00:00:00,2 days 18:00:00,66,35.29,144.23,1002.1,35.5,60.84920951636059,61.80979106809423,74.39370371068878,41.714809273489095,49.47876254534191,0.0,0.0,0.0,0.0,0.0,0.0,0.0,0.0
2026-09-28 06:00:00,WP252026,31,2026-10-01 06:00:00,3 days 00:00:00,72,36.27,145.04,1001.6,26.8,98.02457862468822,0.0,0.0,0.0,0.0,0.0,0.0,0.0,0.0,0.0,0.0,0.0,0.0
2026-09-28 06:00:00,WP252026,31,2026-10-01 12:00:00,3 days 06:00:00,78,37.82,147.11,1001.8,30.5,150.4539187523928,0.0,0.0,0.0,0.0,0.0,0.0,0.0,0.0,0.0,0.0,0.0,0.0
2026-09-28 06:00:00,WP922026(4),31,2026-09-28 06:00:00,0 days 00:00:00,0,16.4,97.6,1001.0,29.0,64.0,0.0,0.0,0.0,0.0,0.0,0.0,0.0,0.0,0.0,0.0,0.0,0.0
2026-09-28 06:00:00,WP922026(4),31,2026-09-28 12:00:00,0 days 06:00:00,6,17.22,97.25,1001.0,31.6,57.730383596671615,0.0,0.0,0.0,0.0,0.0,0.0,0.0,0.0,0.0,0.0,0.0,0.0
2026-09-28 06:00:00,WP922026(4),31,2026-09-28 18:00:00,0 days 12:00:00,12,18.24,96.35,1007.5,28.1,61.31547205555225,0.0,0.0,0.0,0.0,0.0,0.0,0.0,0.0,0.0,0.0,0.0,0.0
2026-09-28 06:00:00,WP922026(4),31,2026-09-29 00:00:00,0 days 18:00:00,18,18.97,96.04,1001.1,20.8,112.82700116088348,0.0,0.0,0.0,0.0,0.0,0.0,0.0,0.0,0.0,0.0,0.0,0.0
2026-09-28 06:00:00,24,32,2026-10-06 00:00:00,7 days 18:00:00,186,9.75,163.95,1004.1,24.3,104.24907685363333,0.0,0.0,0.0,0.0,0.0,0.0,0.0,0.0,0.0,0.0,0.0,0.0
2026-09-28 06:00:00,24,32,2026-10-06 06:00:00,8 days 00:00:00,192,10.45,162.77,1006.0,21.9,130.96546897790574,0.0,0.0,0.0,0.0,0.0,0.0,0.0,0.0,0.0,0.0,0.0,0.0
2026-09-28 06:00:00,24,32,2026-10-06 12:00:00,8 days 06:00:00,198,11.05,162.03,1006.7,22.4,112.21526485131425,0.0,0.0,0.0,0.0,0.0,0.0,0.0,0.0,0.0,0.0,0.0,0.0
2026-09-28 06:00:00,24,32,2026-10-06 18:00:00,8 days 12:00:00,204,12.5,160.66,1007.0,21.0,91.55918945434291,0.0,0.0,0.0,0.0,0.0,0.0,0.0,0.0,0.0,0.0,0.0,0.0
2026-09-28 06:00:00,24,32,2026-10-07 00:00:00,8 days 18:00:00,210,12.82,159.24,1004.9,25.7,54.105759617262805,0.0,0.0,0.0,0.0,0.0,0.0,0.0,0.0,0.0,0.0,0.0,0.0
2026-09-28 06:00:00,24,32,2026-10-07 06:00:00,9 days 00:00:00,216,13.08,158.06,1004.4,23.2,85.21480721651658,0.0,0.0,0.0,0.0,0.0,0.0,0.0,0.0,0.0,0.0,0.0,0.0
2026-09-28 06:00:00,24,32,2026-10-07 12:00:00,9 days 06:00:00,222,14.25,156.35,1001.4,35.1,74.72605131837952,5.905256554682189,3.97087792792306,0.0,74.72605131837952,0.0,0.0,0.0,0.0,0.0,0.0,0.0,0.0
2026-09-28 06:00:00,24,32,2026-10-07 18:00:00,9 days 12:00:00,228,14.64,154.3,1008.4,26.7,70.52485254947337,0.0,0.0,0.0,0.0,0.0,0.0,0.0,0.0,0.0,0.0,0.0,0.0
2026-09-28 06:00:00,24,32,2026-10-08 00:00:00,9 days 18:00:00,234,14.66,153.93,1004.7,25.9,84.4245752494079,0.0,0.0,0.0,0.0,0.0,0.0,0.0,0.0,0.0,0.0,0.0,0.0
2026-09-28 06:00:00,24,32,2026-10-08 06:00:00,10 days 00:00:00,240,14.79,153.25,1008.0,24.2,118.58132864788604,0.0,0.0,0.0,0.0,0.0,0.0,0.0,0.0,0.0,0.0,0.0,0.0
2026-09-28 06:00:00,24,32,2026-10-08 12:00:00,10 days 06:00:00,246,14.75,153.42,1007.1,21.0,140.51236953902875,0.0,0.0,0.0,0.0,0.0,0.0,0.0,0.0,0.0,0.0,0.0,0.0
2026-09-28 06:00:00,24,32,2026-10-08 18:00:00,10 days 12:00:00,252,15.01,152.61,1004.2,19.5,65.25277659325721,0.0,0.0,0.0,0.0,0.0,0.0,0.0,0.0,0.0,0.0,0.0,0.0
2026-09-28 06:00:00,24,32,2026-10-09 00:00:00,10 days 18:00:00,258,15.6,151.2,1004.6,25.5,119.0225129907546,0.0,0.0,0.0,0.0,0.0,0.0,0.0,0.0,0.0,0.0,0.0,0.0
2026-09-28 06:00:00,24,32,2026-10-09 06:00:00,11 days 00:00:00,264,15.35,150.71,1004.5,23.6,120.99905803463326,0.0,0.0,0.0,0.0,0.0,0.0,0.0,0.0,0.0,0.0,0.0,0.0
2026-09-28 06:00:00,24,32,2026-10-09 12:00:00,11 days 06:00:00,270,15.87,149.35,1004.7,21.3,68.25930634817732,0.0,0.0,0.0,0.0,0.0,0.0,0.0,0.0,0.0,0.0,0.0,0.0
2026-09-28 06:00:00,24,32,2026-10-09 18:00:00,11 days 12:00:00,276,16.44,149.39,1006.7,18.4,73.9569792336535,0.0,0.0,0.0,0.0,0.0,0.0,0.0,0.0,0.0,0.0,0.0,0.0
2026-09-28 06:00:00,24,32,2026-10-10 00:00:00,11 days 18:00:00,282,16.31,149.73,1006.5,16.7,53.06534947705483,0.0,0.0,0.0,0.0,0.0,0.0,0.0,0.0,0.0,0.0,0.0,0.0
2026-09-28 06:00:00,24,32,2026-10-10 06:00:00,12 days 00:00:00,288,17.09,149.69,1005.4,18.9,63.42074242920023,0.0,0.0,0.0,0.0,0.0,0.0,0.0,0.0,0.0,0.0,0.0,0.0
2026-09-28 06:00:00,24,32,2026-10-10 12:00:00,12 days 06:00:00,294,17.57,149.52,1004.8,19.6,108.36734367215772,0.0,0.0,0.0,0.0,0.0,0.0,0.0,0.0,0.0,0.0,0.0,0.0
2026-09-28 06:00:00,34,32,2026-10-09 06:00:00,11 days 00:00:00,264,14.17,130.68,1005.6,21.7,134.4304606692525,0.0,0.0,0.0,0.0,0.0,0.0,0.0,0.0,0.0,0.0,0.0,0.0
2026-09-28 06:00:00,34,32,2026-10-09 12:00:00,11 days 06:00:00,270,14.42,129.87,1005.9,17.4,78.20255791607853,0.0,0.0,0.0,0.0,0.0,0.0,0.0,0.0,0.0,0.0,0.0,0.0
2026-09-28 06:00:00,34,32,2026-10-09 18:00:00,11 days 12:00:00,276,13.99,128.88,1005.0,17.8,62.04783721010717,0.0,0.0,0.0,0.0,0.0,0.0,0.0,0.0,0.0,0.0,0.0,0.0
2026-09-28 06:00:00,34,32,2026-10-10 00:00:00,11 days 18:00:00,282,14.02,127.71,1001.8,23.0,80.81933337872825,0.0,0.0,0.0,0.0,0.0,0.0,0.0,0.0,0.0,0.0,0.0,0.0
2026-09-28 06:00:00,34,32,2026-10-10 06:00:00,12 days 00:00:00,288,14.72,126.7,1002.2,25.2,68.45750685455681,0.0,0.0,0.0,0.0,0.0,0.0,0.0,0.0,0.0,0.0,0.0,0.0
2026-09-28 06:00:00,34,32,2026-10-10 12:00:00,12 days 06:00:00,294,15.19,124.95,1001.1,25.8,92.83992428214896,0.0,0.0,0.0,0.0,0.0,0.0,0.0,0.0,0.0,0.0,0.0,0.0
2026-09-28 06:00:00,34,32,2026-10-10 18:00:00,12 days 12:00:00,300,15.72,123.71,999.3,29.4,107.44243509680628,0.0,0.0,0.0,0.0,0.0,0.0,0.0,0.0,0.0,0.0,0.0,0.0
2026-09-28 06:00:00,34,32,2026-10-11 00:00:00,12 days 18:00:00,306,15.69,122.89,998.7,33.0,82.4955653967005,0.0,0.0,0.0,0.0,0.0,0.0,0.0,0.0,0.0,0.0,0.0,0.0
2026-09-28 06:00:00,34,32,2026-10-11 06:00:00,13 days 00:00:00,312,16.0,122.2,998.3,24.7,85.34853243186757,0.0,0.0,0.0,0.0,0.0,0.0,0.0,0.0,0.0,0.0,0.0,0.0
2026-09-28 06:00:00,34,32,2026-10-11 12:00:00,13 days 06:00:00,318,16.65,121.05,1000.8,30.7,58.85489653715399,0.0,0.0,0.0,0.0,0.0,0.0,0.0,0.0,0.0,0.0,0.0,0.0
2026-09-28 06:00:00,34,32,2026-10-11 18:00:00,13 days 12:00:00,324,16.64,119.33,998.5,28.0,38.46828064536999,0.0,0.0,0.0,0.0,0.0,0.0,0.0,0.0,0.0,0.0,0.0,0.0
2026-09-28 06:00:00,34,32,2026-10-12 00:00:00,13 days 18:00:00,330,16.55,117.69,999.4,31.2,77.73715265657106,0.0,0.0,0.0,0.0,0.0,0.0,0.0,0.0,0.0,0.0,0.0,0.0
2026-09-28 06:00:00,34,32,2026-10-12 06:00:00,14 days 00:00:00,336,16.02,116.47,991.5,40.7,160.9323657513114,412.7522176111377,375.6165839982474,332.8483763697359,370.2250903851734,0.0,0.0,0.0,0.0,0.0,0.0,0.0,0.0
2026-09-28 06:00:00,34,32,2026-10-12 12:00:00,14 days 06:00:00,342,16.31,115.58,988.2,48.1,111.38418540838028,266.08619055932286,256.49137303495354,229.9944682955106,243.4975802086556,0.0,0.0,0.0,0.0,0.0,0.0,0.0,0.0
2026-09-28 06:00:00,34,32,2026-10-12 18:00:00,14 days 12:00:00,348,16.39,114.99,995.8,44.0,133.82292070086183,487.77274194808894,465.9870698619667,414.8448154049808,448.4719806321904,0.0,0.0,0.0,0.0,0.0,0.0,0.0,0.0
2026-09-28 06:00:00,34,32,2026-10-13 00:00:00,14 days 18:00:00,354,16.5,114.42,983.1,54.1,139.82652450858365,418.0627961223771,405.2128227759104,366.6656689884022,385.2994883884105,0.0,0.0,0.0,139.82652450858365,0.0,0.0,0.0,0.0
2026-09-28 06:00:00,34,32,2026-10-13 06:00:00,15 days 00:00:00,360,17.07,113.62,989.8,50.7,103.09434028290175,283.2887991520298,267.7130706578232,218.62557835693335,244.71060531023704,103.09434028290175,26.99682051471355,20.751805017917363,25.089849635779597,0.0,0.0,0.0,0.0
2026-09-28 06:00:00,36,32,2026-10-09 12:00:00,11 days 06:00:00,270,14.88,-104.44,1003.2,34.4,65.54641594532015,1.1768602232364458,3.31567797645711,65.54641594532015,1.1105531625005227,0.0,0.0,0.0,0.0,0.0,0.0,0.0,0.0
2026-09-28 06:00:00,36,32,2026-10-09 18:00:00,11 days 12:00:00,276,14.83,-103.89,1006.1,27.8,58.16648151104365,0.0,0.0,0.0,0.0,0.0,0.0,0.0,0.0,0.0,0.0,0.0,0.0
2026-09-28 06:00:00,36,32,2026-10-10 00:00:00,11 days 18:00:00,282,15.02,-105.44,1001.0,30.7,35.75478583291183,0.0,0.0,0.0,0.0,0.0,0.0,0.0,0.0,0.0,0.0,0.0,0.0
2026-09-28 06:00:00,36,32,2026-10-10 06:00:00,12 days 00:00:00,288,15.37,-105.06,1003.1,27.4,45.59995747355151,0.0,0.0,0.0,0.0,0.0,0.0,0.0,0.0,0.0,0.0,0.0,0.0
2026-09-28 06:00:00,36,32,2026-10-10 12:00:00,12 days 06:00:00,294,15.22,-106.68,1001.1,47.0,15.428464564936752,93.50076810429874,77.79252190232485,65.7717689178596,85.00146843914976,0.0,0.0,0.0,0.0,0.0,0.0,0.0,0.0
2026-09-28 06:00:00,36,32,2026-10-10 18:00:00,12 days 12:00:00,300,15.05,-107.17,990.4,55.6,10.324530844235367,94.3050713528728,66.81957979353297,57.94092962916011,96.67870012359684,73.61047509638172,66.81957979353297,57.74035491642144,63.41655105543123,0.0,0.0,0.0,0.0
2026-09-28 06:00:00,36,32,2026-10-11 00:00:00,12 days 18:00:00,306,15.17,-107.41,998.1,41.4,50.64111606828577,97.47535623769228,78.45282912460955,70.0839990126479,88.29400903914515,0.0,0.0,0.0,0.0,0.0,0.0,0.0,0.0
2026-09-28 06:00:00,36,32,2026-10-11 06:00:00,13 days 00:00:00,312,15.63,-107.64,997.8,47.5,41.22189034956696,99.766065865994,80.22936496247561,59.36784004445674,73.22940859890662,0.0,0.0,0.0,0.0,0.0,0.0,0.0,0.0
2026-09-28 06:00:00,36,32,2026-10-11 12:00:00,13 days 06:00:00,318,16.25,-108.0,991.1,51.6,54.18548307476448,146.22821581257358,130.59817587197168,105.44813411165578,127.0641311465289,1.354690655579013,0.0,0.0,54.18548307476448,0.0,0.0,0.0,0.0
2026-09-28 06:00:00,36,32,2026-10-11 18:00:00,13 days 12:00:00,324,16.56,-108.66,997.6,50.4,0.0,49.29558888722824,41.563362157978574,36.57737628630857,53.60929810791872,1.9797566377418927,0.8328721767091061,1.7896802870884727,4.176764711696077,0.0,0.0,0.0,0.0
2026-09-28 06:00:00,36,32,2026-10-12 00:00:00,13 days 18:00:00,330,17.05,-109.26,992.0,57.9,4.56929662139035,59.09376278065915,36.93563361165951,19.5789300623415,47.17962358222115,7.694027926414126,3.7517203483321793,0.8724644436979081,5.824612877649313,0.0,0.0,0.0,0.0
2026-09-28 06:00:00,36,32,2026-10-12 06:00:00,14 days 00:00:00,336,17.61,-109.97,997.3,45.4,30.821546971838984,60.52900401315316,46.60173374704095,34.097862016744386,44.920620659493466,0.0,0.0,0.0,0.0,0.0,0.0,0.0,0.0
2026-09-28 06:00:00,36,32,2026-10-12 12:00:00,14 days 06:00:00,342,18.08,-110.38,998.2,51.8,46.25136200143954,83.62527508352032,57.53659461335877,27.35962593376655,62.7831615220266,46.25136200143954,25.7027423808744,17.88010139657967,23.332413607319552,0.0,0.0,0.0,0.0
2026-09-28 06:00:00,36,32,2026-10-12 18:00:00,14 days 12:00:00,348,18.68,-111.13,994.3,54.4,7.273484813662662,74.6547071923516,52.42315793816914,29.36652606161605,58.00286116481092,7.273484813662662,0.6167665475749189,0.0,2.814258887974053,0.0,0.0,0.0,0.0
2026-09-28 06:00:00,36,32,2026-10-13 00:00:00,14 days 18:00:00,354,19.01,-111.95,990.8,60.4,0.0,152.32967235617946,122.60986782246869,103.77728852855992,139.5225958528489,17.767074408995146,13.0978560020934,10.345255314079932,14.720342419707128,0.0,0.0,0.0,0.0
2026-09-28 06:00:00,36,32,2026-10-13 06:00:00,15 days 00:00:00,360,19.22,-112.87,993.4,57.9,36.00426062638645,88.03821174772916,65.28751719980919,52.208851592789046,86.21617609883215,1.924862247364256,0.0,0.0,36.00426062638645,0.0,0.0,0.0,0.0
2026-09-28 06:00:00,5,32,2026-09-29 00:00:00,0 days 18:00:00,18,15.92,155.04,1008.2,20.3,127.71878834712138,0.0,0.0,0.0,0.0,0.0,0.0,0.0,0.0,0.0,0.0,0.0,0.0
2026-09-28 06:00:00,5,32,2026-09-29 06:00:00,1 days 00:00:00,24,16.11,154.16,1004.0,27.2,102.15812714367974,0.0,0.0,0.0,0.0,0.0,0.0,0.0,0.0,0.0,0.0,0.0,0.0
2026-09-28 06:00:00,5,32,2026-09-29 12:00:00,1 days 06:00:00,30,16.12,153.47,1003.0,24.1,99.85252358679942,0.0,0.0,0.0,0.0,0.0,0.0,0.0,0.0,0.0,0.0,0.0,0.0
2026-09-28 06:00:00,5,32,2026-09-29 18:00:00,1 days 12:00:00,36,15.8,152.76,1006.2,14.6,71.44630133908437,0.0,0.0,0.0,0.0,0.0,0.0,0.0,0.0,0.0,0.0,0.0,0.0
2026-09-28 06:00:00,5,32,2026-09-30 00:00:00,1 days 18:00:00,42,16.12,152.82,1001.4,24.3,115.77589973974858,0.0,0.0,0.0,0.0,0.0,0.0,0.0,0.0,0.0,0.0,0.0,0.0
2026-09-28 06:00:00,5,32,2026-09-30 06:00:00,2 days 00:00:00,48,16.4,152.03,1002.3,23.8,79.05679758869402,0.0,0.0,0.0,0.0,0.0,0.0,0.0,0.0,0.0,0.0,0.0,0.0
2026-09-28 06:00:00,5,32,2026-09-30 12:00:00,2 days 06:00:00,54,16.51,151.83,1000.8,31.8,104.87152084776926,0.0,0.0,0.0,0.0,0.0,0.0,0.0,0.0,0.0,0.0,0.0,0.0
2026-09-28 06:00:00,5,32,2026-09-30 18:00:00,2 days 12:00:00,60,16.5,150.89,999.4,34.8,55.22848373178478,55.22848373178478,29.30564392918837,22.368058234614843,28.828228155722584,0.0,0.0,0.0,0.0,0.0,0.0,0.0,0.0
2026-09-28 06:00:00,5,32,2026-10-01 00:00:00,2 days 18:00:00,66,16.68,149.82,1004.4,31.3,74.23043305540142,0.0,0.0,0.0,0.0,0.0,0.0,0.0,0.0,0.0,0.0,0.0,0.0
2026-09-28 06:00:00,5,32,2026-10-01 06:00:00,3 days 00:00:00,72,16.97,148.96,996.3,38.8,71.1624896568394,71.1624896568394,32.18042793637807,24.747746769373947,33.468882562704096,0.0,0.0,0.0,0.0,0.0,0.0,0.0,0.0
2026-09-28 06:00:00,5,32,2026-10-01 12:00:00,3 days 06:00:00,78,16.51,148.21,991.2,45.9,72.42308113224959,187.3668538794618,175.82739588266463,156.3243635181875,165.75253832989836,0.0,0.0,0.0,0.0,0.0,0.0,0.0,0.0
2026-09-28 06:00:00,5,32,2026-10-01 18:00:00,3 days 12:00:00,84,17.0,148.03,985.3,57.8,62.827034889592426,145.49873927710914,129.9407293929431,100.23842707487871,119.117905696192,62.827034889592426,1.715783630011078,0.2443704809285662,1.5098157090986355,0.0,0.0,0.0,0.0
2026-09-28 06:00:00,5,32,2026-10-02 00:00:00,3 days 18:00:00,90,17.25,147.93,984.6,54.4,49.24444242944399,243.63601624988877,242.681178735734,200.54671942787627,206.04524065793484,167.9561637340094,163.39656703784243,135.61717440902115,138.86020544390612,0.0,0.0,0.0,0.0
2026-09-28 06:00:00,5,32,2026-10-02 06:00:00,4 days 00:00:00,96,17.95,147.62,988.8,43.6,95.62652579984535,299.85671079872486,297.3467208225497,249.1767380276287,254.3134455252624,0.0,0.0,0.0,0.0,0.0,0.0,0.0,0.0
2026-09-28 06:00:00,5,32,2026-10-02 12:00:00,4 days 06:00:00,102,18.72,148.14,984.3,58.3,67.55726424162276,267.9477697083755,269.3046327333972,219.50171675623716,225.35510535391904,91.19588934789684,88.13516573094401,71.72585033992073,73.73687169590926,0.0,0.0,0.0,0.0
2026-09-28 06:00:00,5,32,2026-10-02 18:00:00,4 days 12:00:00,108,19.62,148.0,981.1,64.3,72.1296200376741,354.5902906472029,322.9521893199956,260.07888789334174,294.89386984107364,205.48697422666976,192.8449029113308,155.7172144832199,175.6584529373739,105.01562529626568,98.7741347559209,80.31507707382644,90.11837302361118
2026-09-28 06:00:00,5,32,2026-10-03 00:00:00,4 days 18:00:00,114,20.29,147.78,983.6,58.3,88.99867903541845,213.7233377778008,204.33606638051,170.60393204422428,170.06541265335196,9.779355984890907,88.99867903541845,6.378997834179769,7.297653698128819,0.0,0.0,0.0,0.0
2026-09-28 06:00:00,5,32,2026-10-03 06:00:00,5 days 00:00:00,120,21.01,148.06,976.4,65.1,93.61364694580504,475.2343000676026,461.6966153471007,377.2630351297039,403.6887998595037,192.95008313464143,182.76047920039093,147.40143309229347,164.9528143082566,93.61364694580504,85.50910574509314,68.18389984663638,76.55271515839783
2026-09-28 06:00:00,5,32,2026-10-03 12:00:00,5 days 06:00:00,126,21.7,147.2,969.4,68.8,84.12539723165958,434.6999597913065,402.7638504303045,330.4028407275539,374.27173028482,101.55944063971764,88.36627186795965,68.69516727062702,87.39044022527759,84.12539723165958,42.9275276043515,33.20865286920428,40.40120347934142
2026-09-28 06:00:00,5,32,2026-10-03 18:00:00,5 days 12:00:00,132,22.5,147.68,966.2,71.1,50.60326990005272,327.51845760852,340.69465387938124,298.8331918829741,284.4753134432599,120.95402909993022,121.85537460341442,102.55852033326228,101.9835959309534,0.0,50.60326990005272,0.1111112196487469,0.0
2026-09-28 06:00:00,5,32,2026-10-04 00:00:00,5 days 18:00:00,138,23.27,147.35,965.8,75.2,45.139965980507945,360.0189722445273,376.1111411783924,302.9480675249805,302.8949679872228,45.139965980507945,32.89634434795917,24.02106070992282,26.5054123214212,45.139965980507945,0.331340412978079,0.0,0.0
2026-09-28 06:00:00,5,32,2026-10-04 06:00:00,6 days 00:00:00,144,24.17,147.14,955.5,81.3,17.772281493594665,438.868035528233,426.63913293029503,361.8101247968872,380.2514314829761,262.7552554442477,254.37207017062792,214.5362141209156,228.62617693054628,138.75403795328424,134.34245184981762,113.03924703772138,121.03200150789137
2026-09-28 06:00:00,5,32,2026-10-04 12:00:00,6 days 06:00:00,150,24.91,147.37,958.7,82.2,73.29117468098256,369.7669325101859,352.2489293399136,316.5507045875274,329.23352949224767,224.4375271531957,221.858630617186,189.77657322819428,198.63593615286328,120.82610137235892,117.86867882100972,100.82201067176996,107.88244122392663
2026-09-28 06:00:00,5,32,2026-10-04 18:00:00,6 days 12:00:00,156,25.62,146.92,951.8,88.4,68.79321662453088,449.9081263363088,427.5163516966966,370.3402460352637,378.6148700461915,226.76294444500417,216.55220222313324,183.86093196702967,198.79091832722295,122.85353533330726,117.43339027879809,98.18922637052894,106.7560351875731
2026-09-28 06:00:00,5,32,2026-10-05 00:00:00,6 days 18:00:00,162,27.13,146.86,945.7,98.6,7.924319819684547,341.3131085915682,347.6446121920748,304.8826499850119,288.57609637640184,203.2308730033404,200.73248745996457,175.61226841964597,179.81185237738836,112.90147639533711,109.73429073553145,93.03997646071878,98.80168887570554
2026-09-28 06:00:00,5,32,2026-10-05 06:00:00,7 days 00:00:00,168,28.07,146.82,946.5,91.9,59.09782879165459,431.5196844661077,438.78127832794416,383.6663354471384,384.595722342463,194.7347884685405,192.65421048602184,165.06290559160516,173.1811193946578,106.91277010741668,104.13674519234428,88.35895112653725,93.81341508226978
2026-09-28 06:00:00,5,32,2026-10-05 12:00:00,7 days 06:00:00,174,28.55,147.14,946.9,95.2,43.36698620982554,244.32669877880423,253.32416951852133,206.5342072912067,190.3988556777417,102.6845174849716,100.29947327972582,82.09787543143398,86.39544558028172,54.340724518358286,52.61842828029381,43.96951406302509,46.27766348021726
2026-09-28 06:00:00,5,32,2026-10-05 18:00:00,7 days 12:00:00,180,30.24,147.44,950.9,90.9,23.492747595460376,362.9421384758468,400.8162997771379,330.94421956341694,302.77375960984136,213.1168117325994,225.6372755208625,183.2935534770666,184.78635157889423,117.60092973651912,117.45745628210229,97.92982999948704,101.4204138073242
2026-09-28 06:00:00,5,32,2026-10-06 00:00:00,7 days 18:00:00,186,32.16,147.85,961.1,70.9,94.00682956646962,424.8136972462787,444.7265162828575,362.0553250172851,347.5586159336253,199.85224025190368,205.07385861332983,169.9527676250489,175.1039036047994,109.51147533657262,106.90705219745584,90.84583292648992,95.81697081497268
2026-09-28 06:00:00,5,32,2026-10-06 06:00:00,8 days 00:00:00,192,34.3,148.57,971.9,60.9,110.51520928605278,387.1633354697512,415.9365540502852,353.35594225321705,324.0103444323203,157.92617172440643,162.9313030927738,134.7367801551656,131.7214547389803,0.0,0.0,0.0,0.0
2026-09-28 06:00:00,5,32,2026-10-06 12:00:00,8 days 06:00:00,198,36.93,150.61,976.1,47.4,140.63965786900482,238.93804534822348,248.2998492182651,188.3046299767227,180.7339871618328,0.0,0.0,0.0,0.0,0.0,0.0,0.0,0.0
2026-09-28 06:00:00,5,32,2026-10-06 18:00:00,8 days 12:00:00,204,40.76,153.07,972.5,54.4,57.73192192746766,242.77245498436463,303.0718405977624,242.1351792663795,188.21378231951792,65.79970180316104,77.3175773417985,60.95219698823137,48.96411426056712,0.0,0.0,0.0,0.0
2026-09-28 06:00:00,5,32,2026-10-07 00:00:00,8 days 18:00:00,210,43.56,157.86,977.2,45.6,64.49890157538144,106.50857481772238,160.16378569177652,101.3793436976074,53.45808185148584,0.0,0.0,0.0,0.0,0.0,0.0,0.0,0.0
2026-09-28 06:00:00,5,32,2026-10-07 06:00:00,9 days 00:00:00,216,47.92,160.33,978.6,44.8,71.71172611507313,13.569931263589552,71.71172611507313,24.53424317903142,0.0,0.0,0.0,0.0,0.0,0.0,0.0,0.0,0.0
2026-09-28 06:00:00,5,32,2026-10-07 12:00:00,9 days 06:00:00,222,52.17,160.74,967.5,37.7,67.15077590170765,0.0,67.15077590170765,21.24206756461226,0.0,0.0,0.0,0.0,0.0,0.0,0.0,0.0,0.0
2026-09-28 06:00:00,5,32,2026-10-07 18:00:00,9 days 12:00:00,228,55.31,164.12,963.0,48.3,94.35361930579892,7.0944279948217535,94.35361930579892,20.901968327487708,4.631995642429388,0.0,0.0,0.0,0.0,0.0,0.0,0.0,0.0
2026-09-28 06:00:00,5,32,2026-10-08 00:00:00,9 days 18:00:00,234,56.44,165.37,952.5,59.6,129.29562271611377,0.0,0.090055411161213,129.29562271611377,0.0,0.0,0.090055411161213,129.29562271611377,0.0,0.0,0.0,0.0,0.0
2026-09-28 06:00:00,5,32,2026-10-08 06:00:00,10 days 00:00:00,240,56.75,167.31,968.3,43.1,137.69669928375683,5.5540797404276105,0.0,137.69669928375683,6.443777922707476,0.0,0.0,0.0,0.0,0.0,0.0,0.0,0.0
2026-09-28 06:00:00,5,32,2026-10-08 12:00:00,10 days 06:00:00,246,56.85,169.85,972.7,36.5,149.8255925561217,149.8255925561217,0.0,0.0,0.0,0.0,0.0,0.0,0.0,0.0,0.0,0.0,0.0
2026-09-28 06:00:00,5,32,2026-10-08 18:00:00,10 days 12:00:00,252,57.3,173.87,961.0,47.7,53.09441617733523,5.357895353467995,12.445232474106549,53.09441617733523,3.9551329473102896,0.0,0.0,0.0,0.0,0.0,0.0,0.0,0.0
2026-09-28 06:00:00,5,32,2026-10-09 00:00:00,10 days 18:00:00,258,57.88,176.59,981.2,32.8,135.1757816928967,0.0,0.0,0.0,0.0,0.0,0.0,0.0,0.0,0.0,0.0,0.0,0.0
2026-09-28 06:00:00,5,32,2026-10-09 06:00:00,11 days 00:00:00,264,58.63,176.78,982.0,32.2,131.2685868312321,0.0,0.0,0.0,0.0,0.0,0.0,0.0,0.0,0.0,0.0,0.0,0.0
2026-09-28 06:00:00,5,32,2026-10-09 12:00:00,11 days 06:00:00,270,59.3,176.47,978.7,39.7,149.76775678784793,328.2379558889649,321.0306487444427,280.39592597464065,289.329084623569,0.0,0.0,0.0,0.0,0.0,0.0,0.0,0.0
2026-09-28 06:00:00,AL062026,32,2026-09-28 06:00:00,0 days 00:00:00,0,28.3,-43.8,1012.0,25.0,56.0,0.0,0.0,0.0,0.0,0.0,0.0,0.0,0.0,0.0,0.0,0.0,0.0
2026-09-28 06:00:00,AL062026,32,2026-09-28 12:00:00,0 days 06:00:00,6,27.51,-44.28,1007.5,30.9,113.1934594788028,0.0,0.0,0.0,0.0,0.0,0.0,0.0,0.0,0.0,0.0,0.0,0.0
2026-09-28 06:00:00,AL062026,32,2026-09-28 18:00:00,0 days 12:00:00,12,27.09,-44.67,1010.4,24.7,113.85763691120349,0.0,0.0,0.0,0.0,0.0,0.0,0.0,0.0,0.0,0.0,0.0,0.0
2026-09-28 06:00:00,AL062026,32,2026-09-29 00:00:00,0 days 18:00:00,18,26.09,-45.37,1010.2,22.4,109.66360778509028,0.0,0.0,0.0,0.0,0.0,0.0,0.0,0.0,0.0,0.0,0.0,0.0
2026-09-28 06:00:00,AL062026,32,2026-09-29 06:00:00,1 days 00:00:00,24,25.87,-46.25,1007.1,30.0,124.23215469504206,0.0,0.0,0.0,0.0,0.0,0.0,0.0,0.0,0.0,0.0,0.0,0.0
2026-09-28 06:00:00,AL062026,32,2026-09-29 12:00:00,1 days 06:00:00,30,24.89,-47.47,1007.7,29.2,86.22841077388352,0.0,0.0,0.0,0.0,0.0,0.0,0.0,0.0,0.0,0.0,0.0,0.0
2026-09-28 06:00:00,AL062026,32,2026-09-29 18:00:00,1 days 12:00:00,36,23.9,-48.42,1008.5,26.8,58.66641200130292,0.0,0.0,0.0,0.0,0.0,0.0,0.0,0.0,0.0,0.0,0.0,0.0
2026-09-28 06:00:00,AL062026,32,2026-09-30 00:00:00,1 days 18:00:00,42,23.56,-49.78,1013.1,21.7,111.4754118391452,0.0,0.0,0.0,0.0,0.0,0.0,0.0,0.0,0.0,0.0,0.0,0.0
2026-09-28 06:00:00,AL062026,32,2026-09-30 06:00:00,2 days 00:00:00,48,23.16,-51.35,1011.9,23.0,118.70842469959209,0.0,0.0,0.0,0.0,0.0,0.0,0.0,0.0,0.0,0.0,0.0,0.0
2026-09-28 06:00:00,AL062026,32,2026-09-30 12:00:00,2 days 06:00:00,54,23.36,-53.01,1008.6,26.4,122.9320771650686,0.0,0.0,0.0,0.0,0.0,0.0,0.0,0.0,0.0,0.0,0.0,0.0
2026-09-28 06:00:00,AL912026(2),32,2026-09-28 06:00:00,0 days 00:00:00,0,36.3,-53.1,1013.0,29.0,148.0,0.0,0.0,0.0,0.0,0.0,0.0,0.0,0.0,0.0,0.0,0.0,0.0
2026-09-28 06:00:00,AL912026(2),32,2026-09-28 12:00:00,0 days 06:00:00,6,36.78,-51.84,1009.9,34.4,135.95105773655985,1.16087213636996,135.95105773655985,0.0,0.0,0.0,0.0,0.0,0.0,0.0,0.0,0.0,0.0
2026-09-28 06:00:00,AL912026(2),32,2026-09-28 18:00:00,0 days 12:00:00,12,36.91,-49.37,1007.9,34.6,134.59901571511864,134.59901571511864,0.0,0.0,2.084683373707776,0.0,0.0,0.0,0.0,0.0,0.0,0.0,0.0
2026-09-28 06:00:00,AL912026(2),32,2026-09-29 00:00:00,0 days 18:00:00,18,36.03,-47.3,1007.1,33.5,134.162276392283,0.0,0.0,0.0,0.0,0.0,0.0,0.0,0.0,0.0,0.0,0.0,0.0
2026-09-28 06:00:00,EP152026(2),32,2026-09-28 06:00:00,0 days 00:00:00,0,16.4,-160.8,929.0,134.0,28.0,241.0,185.0,148.0,204.0,93.0,74.0,74.0,93.0,56.0,46.0,37.0,46.0
2026-09-28 06:00:00,EP152026(2),32,2026-09-28 12:00:00,0 days 06:00:00,6,16.78,-161.62,940.5,124.7,34.66045690299369,177.086981093439,130.23848080826167,107.15902788559254,169.60689568296684,98.51606214588604,78.03233433917896,66.37417372867925,88.22898377988977,56.7377436073853,48.01390170469848,42.764045929978025,52.47143974743262
2026-09-28 06:00:00,EP152026(2),32,2026-09-28 18:00:00,0 days 12:00:00,12,17.55,-162.56,936.7,128.0,22.748750954241345,195.55342537985663,159.26689014599805,134.96352768769555,193.7930172774252,109.1008984424185,87.96790778479695,77.31159600142554,103.2782833129426,60.776214459014696,52.625516854650826,44.67392892091094,54.27290369552051
2026-09-28 06:00:00,EP152026(2),32,2026-09-29 00:00:00,0 days 18:00:00,18,18.21,-163.24,935.2,119.4,0.0,173.899466861793,157.89960602785607,108.54695977852656,140.63232888902868,13.887348631209576,7.514727247907721,0.7571843385140093,8.965299313463234,4.895089455466701,3.019700190243187,0.7571843385140093,3.336089764045674
2026-09-28 06:00:00,EP152026(2),32,2026-09-29 06:00:00,1 days 00:00:00,24,19.17,-163.29,952.6,106.6,20.13307022590604,192.9527418171272,187.4164357311588,116.2516833880351,146.39558958207942,82.6177349811342,72.79910673423944,55.63736185949833,66.9532518486657,44.83445129646023,40.24505767607867,33.561238711493765,38.081370679359225
2026-09-28 06:00:00,EP152026(2),32,2026-09-29 12:00:00,1 days 06:00:00,30,20.75,-163.7,966.4,88.5,33.412852993175555,165.47170107327742,131.3506290683243,106.27812880191136,143.6789386363222,65.91402463768922,52.26302056173956,34.14471134223709,51.13123799704908,33.412852993175555,26.954518517622,19.974996655271283,26.359537895977414
2026-09-28 06:00:00,EP152026(2),32,2026-09-29 18:00:00,1 days 12:00:00,36,21.75,-164.04,976.9,78.8,17.1802844311687,172.05984770388136,173.7602244653258,117.1107985618018,144.68110569329173,48.777629497881634,51.642306867786175,31.86676171457927,37.7119010610928,17.1802844311687,6.652018448851969,4.097772486423766,4.628030791819437
2026-09-28 06:00:00,EP152026(2),32,2026-09-30 00:00:00,1 days 18:00:00,42,22.58,-164.05,980.9,69.8,49.056291492121375,194.89733648368716,183.29472399235283,137.07074314793792,148.32304402575667,113.0489297027132,107.43749503317694,83.70486309038495,90.79727160225193,49.056291492121375,1.0853483843894232,0.0,0.0
2026-09-28 06:00:00,EP152026(2),32,2026-09-30 06:00:00,2 days 00:00:00,48,22.84,-163.72,988.8,56.0,106.32189562289142,337.89312917312805,324.9805909586996,299.5491474896812,290.13935562280494,253.85545741961985,249.1180282379349,213.84132363074585,215.7434695836373,0.0,0.0,0.0,0.0
2026-09-28 06:00:00,EP152026(2),32,2026-09-30 12:00:00,2 days 06:00:00,54,23.09,-163.01,991.7,56.0,71.61268640336202,237.23260880057325,231.32229798850483,198.026210187824,203.50331799831707,71.61268640336202,64.80668497442014,53.90966571085674,55.33912295692005,0.0,0.0,0.0,0.0
2026-09-28 06:00:00,EP152026(2),32,2026-09-30 18:00:00,2 days 12:00:00,60,23.05,-163.19,988.8,50.2,92.38216021188144,211.047761284827,192.72346513851693,164.53448450296136,172.2817782958708,0.0,0.0,0.0,92.38216021188144,0.0,0.0,0.0,0.0
2026-09-28 06:00:00,EP152026(2),32,2026-10-01 00:00:00,2 days 18:00:00,66,22.96,-163.04,992.4,40.2,55.75224756938411,55.75224756938411,11.51413232094036,7.144707926480075,15.260690499673654,0.0,0.0,0.0,0.0,0.0,0.0,0.0,0.0
2026-09-28 06:00:00,EP152026(2),32,2026-10-01 06:00:00,3 days 00:00:00,72,23.73,-162.87,993.2,42.3,115.16223958110284,10.68610188330699,115.16223958110284,8.357413986113457,7.935816893732785,0.0,0.0,0.0,0.0,0.0,0.0,0.0,0.0
2026-09-28 06:00:00,EP152026(2),32,2026-10-01 12:00:00,3 days 06:00:00,78,23.09,-163.7,991.8,44.8,90.74533328926157,221.86034750333823,192.212395732616,165.71097510980198,185.42605496333624,0.0,0.0,0.0,0.0,0.0,0.0,0.0,0.0
2026-09-28 06:00:00,EP152026(2),32,2026-10-01 18:00:00,3 days 12:00:00,84,23.23,-164.17,995.2,38.4,72.46784951349173,6.8695034258551,72.46784951349173,7.350155295792319,7.1406299528781005,0.0,0.0,0.0,0.0,0.0,0.0,0.0,0.0
2026-09-28 06:00:00,EP152026(2),32,2026-10-02 00:00:00,3 days 18:00:00,90,23.94,-164.75,994.4,47.7,94.8486200527234,274.4992144469861,257.1280245334833,196.55735903306868,227.5409571661357,0.0,0.0,0.0,0.0,0.0,0.0,0.0,0.0
2026-09-28 06:00:00,EP152026(2),32,2026-10-02 06:00:00,4 days 00:00:00,96,24.43,-165.04,996.1,43.8,104.388532404591,104.388532404591,19.96673061303697,9.909362165371933,25.983072272402424,0.0,0.0,0.0,0.0,0.0,0.0,0.0,0.0
2026-09-28 06:00:00,EP152026(2),32,2026-10-02 12:00:00,4 days 06:00:00,102,24.71,-165.67,996.6,45.0,66.79060727102083,181.8807597230696,150.39497481068446,121.39747707668336,149.4221235147658,0.0,0.0,0.0,0.0,0.0,0.0,0.0,0.0
2026-09-28 06:00:00,EP152026(2),32,2026-10-02 18:00:00,4 days 12:00:00,108,24.92,-165.88,989.0,59.4,76.45207750004414,129.27883634241377,105.7222871994664,84.49450159264936,102.1488824805208,0.7777564471181613,76.45207750004414,0.3563165910274115,0.243006560517756,0.0,0.0,0.0,0.0
2026-09-28 06:00:00,EP152026(2),32,2026-10-03 00:00:00,4 days 18:00:00,114,25.23,-166.08,984.9,54.0,56.57489674623615,67.92701270444613,56.57489674623615,32.06086302356193,49.94612075448784,0.5981208951111476,56.57489674623615,0.7606143392900453,0.8599382936911608,0.0,0.0,0.0,0.0
2026-09-28 06:00:00,EP152026(2),32,2026-10-03 06:00:00,5 days 00:00:00,120,25.22,-166.85,983.7,59.1,77.80188100190102,209.61805287572167,171.2667630424676,138.5007750236602,179.90494670915558,2.349364046108469,0.0,0.0,77.80188100190102,0.0,0.0,0.0,0.0
2026-09-28 06:00:00,EP152026(2),32,2026-10-03 12:00:00,5 days 06:00:00,126,25.68,-168.06,982.1,60.7,39.52179564435521,272.2849380094383,233.6440807630006,188.60927944853324,229.89919566931317,39.52179564435521,30.65742209293277,24.990234502249084,30.46749816076437,0.0,0.0,0.0,0.0
2026-09-28 06:00:00,EP152026(2),32,2026-10-03 18:00:00,5 days 12:00:00,132,25.8,-169.26,993.7,51.6,68.7706828049523,255.59749454791856,219.2615597651952,168.17400338745358,214.9947702533821,68.7706828049523,0.9927384324363508,0.0,1.884177701202948,0.0,0.0,0.0,0.0
2026-09-28 06:00:00,EP152026(2),32,2026-10-04 00:00:00,5 days 18:00:00,138,26.11,-171.0,996.7,47.0,27.426600259707875,121.0764972161358,84.31742977201182,59.78380963524275,98.92452977963605,0.0,0.0,0.0,0.0,0.0,0.0,0.0,0.0
2026-09-28 06:00:00,EP152026(2),32,2026-10-04 06:00:00,6 days 00:00:00,144,26.53,-173.04,999.6,47.1,24.155063329289877,104.07232701209534,78.06863918063056,47.71806905099942,79.16584922989975,0.0,0.0,0.0,0.0,0.0,0.0,0.0,0.0
2026-09-28 06:00:00,EP152026(2),32,2026-10-04 12:00:00,6 days 06:00:00,150,26.7,-175.22,994.6,52.7,64.28462806938607,70.44831884117724,37.96775304289256,8.885750590792028,43.40895412098722,64.28462806938607,1.8999916159097097,0.0,3.187473320077803,0.0,0.0,0.0,0.0
2026-09-28 06:00:00,EP152026(2),32,2026-10-04 18:00:00,6 days 12:00:00,156,27.23,-177.23,988.3,56.7,26.91539994738224,232.1305775293257,199.29519982178203,161.65014928486437,198.04116307096632,26.91539994738224,0.0,0.0,0.6072449921771685,0.0,0.0,0.0,0.0
2026-09-28 06:00:00,EP152026(2),32,2026-10-05 00:00:00,6 days 18:00:00,162,27.51,-179.33,994.7,51.6,38.58683170360837,38.58683170360837,9.966944125401142,0.0,20.6756174183854,38.58683170360837,0.0,0.0,1.7306866156297929,0.0,0.0,0.0,0.0
2026-09-28 06:00:00,EP152026(2),32,2026-10-05 06:00:00,7 days 00:00:00,168,27.03,179.2,989.4,56.0,78.1602822736466,207.5455925785284,162.39045571559194,130.81822408307562,182.8474361639292,78.1602822736466,4.532691950189477,0.3954686856402674,6.752479490252068,0.0,0.0,0.0,0.0
2026-09-28 06:00:00,EP152026(2),32,2026-10-05 12:00:00,7 days 06:00:00,174,27.08,177.38,985.3,63.0,42.77166093638246,124.88607019941549,90.8680249568144,76.24804674219547,108.98404692981347,42.77166093638246,0.0,0.0,0.672494817793023,0.0,0.0,0.0,0.0
2026-09-28 06:00:00,EP152026(2),32,2026-10-05 18:00:00,7 days 12:00:00,180,27.12,175.88,1000.8,39.9,48.695032206474295,67.15228254322987,46.35738090974451,34.096941120924605,57.63451087097221,0.0,0.0,0.0,0.0,0.0,0.0,0.0,0.0
2026-09-28 06:00:00,EP152026(2),32,2026-10-06 00:00:00,7 days 18:00:00,186,27.2,174.63,999.9,40.5,85.04496636299484,85.04496636299484,0.0,0.0,8.205762180754874,0.0,0.0,0.0,0.0,0.0,0.0,0.0,0.0
2026-09-28 06:00:00,EP152026(2),32,2026-10-06 06:00:00,8 days 00:00:00,192,27.18,172.84,1003.4,42.0,80.05754004765924,183.5083193736488,152.51109526054228,123.54821446566504,152.68304659968004,0.0,0.0,0.0,0.0,0.0,0.0,0.0,0.0
2026-09-28 06:00:00,EP152026(2),32,2026-10-06 12:00:00,8 days 06:00:00,198,27.11,170.78,1008.0,29.8,124.41669802287174,0.0,0.0,0.0,0.0,0.0,0.0,0.0,0.0,0.0,0.0,0.0,0.0
2026-09-28 06:00:00,EP152026(2),32,2026-10-06 18:00:00,8 days 12:00:00,204,27.14,168.69,1003.0,38.1,49.620990852120286,116.83206997260616,91.84542489198468,74.02500345903846,91.4040783897648,0.0,0.0,0.0,0.0,0.0,0.0,0.0,0.0
2026-09-28 06:00:00,EP152026(2),32,2026-10-07 00:00:00,8 days 18:00:00,210,27.05,166.85,1008.4,27.2,57.88645081063294,0.0,0.0,0.0,0.0,0.0,0.0,0.0,0.0,0.0,0.0,0.0,0.0
2026-09-28 06:00:00,EP152026(2),32,2026-10-07 06:00:00,9 days 00:00:00,216,27.05,164.81,1008.2,25.0,56.37100341676863,0.0,0.0,0.0,0.0,0.0,0.0,0.0,0.0,0.0,0.0,0.0,0.0
2026-09-28 06:00:00,EP152026(2),32,2026-10-07 12:00:00,9 days 06:00:00,222,26.76,163.18,1010.1,19.7,54.714539694710936,0.0,0.0,0.0,0.0,0.0,0.0,0.0,0.0,0.0,0.0,0.0,0.0
2026-09-28 06:00:00,EP152026(2),32,2026-10-07 18:00:00,9 days 12:00:00,228,26.54,161.37,1013.6,19.5,82.08261080895178,0.0,0.0,0.0,0.0,0.0,0.0,0.0,0.0,0.0,0.0,0.0,0.0
2026-09-28 06:00:00,EP172026,32,2026-09-28 06:00:00,0 days 00:00:00,0,23.2,-114.0,955.0,105.0,28.0,167.0,148.0,148.0,148.0,102.0,93.0,83.0,83.0,65.0,65.0,65.0,65.0
2026-09-28 06:00:00,EP172026,32,2026-09-28 12:00:00,0 days 06:00:00,6,23.85,-113.83,955.8,100.1,22.224942822524905,158.13625395341785,177.81093981907523,123.15506282089086,114.45856477463144,81.28256574751083,87.11266829653603,65.25652559833344,65.98426968750863,45.8673069751965,43.88673536819559,35.758941055076576,38.22227545130369
2026-09-28 06:00:00,EP172026,32,2026-09-28 18:00:00,0 days 12:00:00,12,24.78,-113.36,979.0,73.5,23.05670665702323,150.33139273067167,184.35832034973723,129.45211797385176,115.63396989846449,83.71910369929651,84.84609404991062,66.09748973992706,68.14766807093355,42.99605176525246,41.95305920113943,34.48347926110532,35.33840795148536
2026-09-28 06:00:00,EP172026,32,2026-09-29 00:00:00,0 days 18:00:00,18,25.4,-112.65,970.7,80.5,16.374744619961277,91.00196976770718,129.03680288335215,82.05393096228556,48.42886332911648,41.29632678003779,51.15669075097307,38.462179727218455,30.60572129829056,21.64608495904329,23.815369331946343,20.924876046310303,19.833198051839844
2026-09-28 06:00:00,EP172026,32,2026-09-29 06:00:00,1 days 00:00:00,24,25.69,-112.33,986.1,53.8,36.11428739726965,143.7627892320283,162.7022399466661,128.44893176506815,122.47362247456138,50.21675625804233,51.50414351760174,41.38436901723252,40.491925615245776,0.0,0.0,0.0,0.0
2026-09-28 06:00:00,EP172026,32,2026-09-29 12:00:00,1 days 06:00:00,30,27.43,-111.21,991.4,55.3,19.854949150875733,106.02204316823664,98.8422772307533,55.90617238221189,66.83626595939008,2.122574748186804,19.854949150875733,0.0,0.0,0.0,0.0,0.0,0.0
2026-09-28 06:00:00,EP172026,32,2026-09-29 18:00:00,1 days 12:00:00,36,28.46,-109.77,992.0,48.3,21.469697403911045,3.1960022911491137,21.469697403911045,10.192282286859388,7.242061920565602,0.0,0.0,0.0,0.0,0.0,0.0,0.0,0.0
2026-09-28 06:00:00,EP182026,32,2026-09-28 06:00:00,0 days 00:00:00,0,13.2,-100.0,1001.0,41.0,93.0,222.0,185.0,148.0,222.0,0.0,0.0,0.0,0.0,0.0,0.0,0.0,0.0
2026-09-28 06:00:00,EP182026,32,2026-09-28 12:00:00,0 days 06:00:00,6,13.63,-100.62,993.6,52.1,77.83064270570306,120.52592295917144,98.64876983813984,79.1357633361263,92.86214944257736,77.83064270570306,0.0,0.0,0.0,0.0,0.0,0.0,0.0
2026-09-28 06:00:00,EP182026,32,2026-09-28 18:00:00,0 days 12:00:00,12,14.04,-101.71,992.2,57.6,44.17370637996694,83.90201934878581,59.66271363132592,41.841305438504165,69.06269519153076,1.2836553003731028,0.0,0.0,44.17370637996694,0.0,0.0,0.0,0.0
2026-09-28 06:00:00,EP182026,32,2026-09-29 00:00:00,0 days 18:00:00,18,14.26,-102.64,987.4,67.0,46.078258918263685,116.01123036055202,85.31563645096094,69.86407067014386,100.37949426577164,46.078258918263685,28.791431840910175,21.77188638028929,27.399347080845203,46.078258918263685,0.0,0.0,0.0793923062035553
2026-09-28 06:00:00,EP182026,32,2026-09-29 06:00:00,1 days 00:00:00,24,14.46,-103.3,987.1,57.4,44.43717439474948,179.96641523701737,160.2345482422785,143.40178068102136,159.50896037897667,47.54981517322912,45.39988141993115,38.77877884480559,41.51649770637263,0.0,0.0,0.0,0.0
2026-09-28 06:00:00,EP182026,32,2026-09-29 12:00:00,1 days 06:00:00,30,15.37,-104.56,989.3,56.8,39.90764972021218,120.92033379238926,91.35103926204746,57.88212513776276,86.20641217601585,39.90764972021218,0.7370326282089383,0.0,0.9487973733167978,0.0,0.0,0.0,0.0
2026-09-28 06:00:00,EP182026,32,2026-09-29 18:00:00,1 days 12:00:00,36,16.19,-105.5,992.7,58.1,24.84077432732279,144.84237972017203,128.13964741782928,87.29737472411291,108.47589739167064,68.93210424829849,65.59666436352524,53.86333118300749,57.00686697490422,0.0,0.0,0.0,0.0
2026-09-28 06:00:00,EP182026,32,2026-09-30 00:00:00,1 days 18:00:00,42,17.07,-106.37,977.9,73.8,25.667373995896742,88.64831096397953,73.67649139684077,43.697996675573165,56.892044696831015,25.667373995896742,4.416431848062079,0.0,4.57086328466312,25.667373995896742,0.0,0.0,0.6707633290687932
2026-09-28 06:00:00,EP182026,32,2026-09-30 06:00:00,2 days 00:00:00,48,17.82,-107.17,990.3,59.3,84.76205566216751,197.2655683589548,184.63496801329512,151.93700158284645,156.18163115545445,84.76205566216751,0.0,0.0,4.62677809370875,0.0,0.0,0.0,0.0
2026-09-28 06:00:00,EP182026,32,2026-09-30 12:00:00,2 days 06:00:00,54,18.0,-107.89,979.1,77.4,6.538070868162627,163.4042470329087,136.86437281113103,105.01868650008264,128.27067487021657,64.86965435525607,53.90759721994688,37.50983799417567,53.94476232588822,29.16755874905904,24.383342822673548,17.070230121198282,23.24746165505621
2026-09-28 06:00:00,EP182026,32,2026-09-30 18:00:00,2 days 12:00:00,60,18.58,-108.31,966.6,88.2,24.937597331097464,140.8631299130592,146.23999442852505,105.34257862863204,127.29338516667964,70.80195720462984,58.1244316210674,40.16173010897984,59.12435190397144,33.02331457443435,26.541203232077063,19.6368084435981,26.820147522769236
2026-09-28 06:00:00,EP182026,32,2026-10-01 00:00:00,2 days 18:00:00,66,19.23,-108.74,978.1,76.6,38.9295505777925,136.50243297841428,122.2366368934313,93.83428163551424,123.566081370296,64.70559656828306,54.64617128807373,40.9812765589202,55.0928295930799,38.9295505777925,26.024057271693863,21.30955921449157,26.41481621990387
2026-09-28 06:00:00,EP182026,32,2026-10-01 06:00:00,3 days 00:00:00,72,19.13,-108.79,970.1,81.0,15.11842659758037,146.73710526801446,140.90352452222498,135.75135572193767,148.70543678358666,70.33050524118917,66.30292804661423,56.9333344436576,63.72177126638181,36.17832320150809,34.1833779885618,29.1690352868299,31.795552084787616
2026-09-28 06:00:00,EP182026,32,2026-10-01 12:00:00,3 days 06:00:00,78,19.52,-108.84,979.0,76.3,18.104698752330115,185.3472383724964,160.9504173501358,132.4005129952013,149.38580561763544,66.44833278673208,56.05278411974547,42.47912120518772,55.39210332118351,29.894862807385277,26.34965427904857,19.819686539542545,24.40882288347911
2026-09-28 06:00:00,EP182026,32,2026-10-01 18:00:00,3 days 12:00:00,84,19.45,-109.52,983.6,66.8,30.14404013919263,132.91491035152347,118.05785648975105,113.54000265403792,138.91120240339745,62.743286866456046,52.73612347819535,43.83804924529102,57.49693612759038,30.14404013919263,25.29366106025685,21.26797356809039,25.30250813882705
2026-09-28 06:00:00,EP182026,32,2026-10-02 00:00:00,3 days 18:00:00,90,19.53,-109.72,976.3,75.5,26.697023427348935,170.97638905046318,140.1138130793483,132.00444220449404,155.36788734955746,73.05333564486668,63.65159525681506,49.90319161405718,61.69278439270019,33.925529847840835,29.15852032618814,22.89632320858142,28.10398856666544
2026-09-28 06:00:00,EP182026,32,2026-10-02 06:00:00,4 days 00:00:00,96,19.46,-109.72,990.0,68.2,62.16560523084195,215.24386389221308,257.1410522146007,226.91187520374115,186.62808288686847,148.39227699687763,146.45266808818496,124.06588378284503,125.72585537913574,62.16560523084195,0.0,0.0,0.0
2026-09-28 06:00:00,EP182026,32,2026-10-02 12:00:00,4 days 06:00:00,102,19.57,-110.39,984.9,64.5,12.270093287057536,129.41352028414866,118.63407648660916,108.29037963798562,122.96125282386072,66.42550986237924,60.097742194828655,45.29449578119487,57.13372897851365,30.141085028344516,26.991226185823017,20.646879531499167,25.26977830159114
2026-09-28 06:00:00,EP182026,32,2026-10-02 18:00:00,4 days 12:00:00,108,19.4,-110.62,980.5,71.6,26.88241642366573,134.02743726428264,120.8919087945489,110.73277133803886,127.58190926600732,70.08532576733344,64.07442019333136,52.1396376350415,62.062383489779606,34.5573460223868,31.820718680181628,25.95812482414865,29.911376203662986
2026-09-28 06:00:00,EP182026,32,2026-10-03 00:00:00,4 days 18:00:00,114,19.51,-110.85,988.2,57.5,18.629995456034635,94.01208197599613,90.49334889176951,63.7998172725479,70.87593024755279,18.629995456034635,1.8802840027338164,0.1155370310438286,1.8019595034055984,0.0,0.0,0.0,0.0
2026-09-28 06:00:00,EP182026,32,2026-10-03 06:00:00,5 days 00:00:00,120,19.78,-110.85,981.8,73.8,50.5985508727731,193.0949097901202,224.5943751716596,189.850408194405,168.45933460526877,50.5985508727731,0.0,0.0,0.0,50.5985508727731,0.0,0.0,0.0
2026-09-28 06:00:00,EP182026,32,2026-10-03 12:00:00,5 days 06:00:00,126,19.43,-111.05,979.2,66.5,37.37104392186291,164.75085213437382,158.92565717999034,137.81036411617396,151.10562782731054,87.0571484407129,81.9309786644676,66.27791099701602,76.20362603136827,43.56125072037295,40.17579777129242,33.749553965395656,37.70971167091602
2026-09-28 06:00:00,EP182026,32,2026-10-03 18:00:00,5 days 12:00:00,132,19.99,-111.06,970.6,86.8,23.41103368559483,192.6203754290904,175.17564175785634,146.82394581253868,164.14617264441688,94.3603899982926,82.95835982868175,66.4881872961268,81.07184096802689,45.95672480588655,41.37087021306754,33.37349790975478,39.75037443745951
2026-09-28 06:00:00,EP182026,32,2026-10-04 00:00:00,5 days 18:00:00,138,19.97,-110.9,979.5,66.3,26.728823333255928,117.47863897034858,134.84446650882757,116.04715008986608,100.0392442861671,63.702226873781285,62.31256700345415,51.861995036381344,54.396664650599725,32.19100496268187,30.65829611089353,26.17185775136566,27.4714670240098
2026-09-28 06:00:00,EP182026,32,2026-10-04 06:00:00,6 days 00:00:00,144,19.92,-110.8,960.6,91.4,5.018948044558272,114.29620165715583,131.4725635062963,122.54556159296853,105.09904499616948,51.13618232794454,57.79796509195842,46.34679138004356,43.97318054682165,26.01143719558769,26.19021950861216,23.02173304658908,23.138355931181398
2026-09-28 06:00:00,EP182026,32,2026-10-04 12:00:00,6 days 06:00:00,150,20.46,-111.15,969.7,88.1,26.62727518802228,98.0401321982996,97.53927493397008,62.70749805029679,71.11833413535285,32.17165888701442,27.937992155134346,17.965361519754172,26.081579883697074,26.62727518802228,12.922605447462333,10.410077857506153,12.42742567310431
2026-09-28 06:00:00,EP182026,32,2026-10-04 18:00:00,6 days 12:00:00,156,20.47,-111.41,955.3,100.4,37.62244079323169,103.37937589938186,83.43895174123605,91.72311946789183,107.80618344913124,53.599379625885575,46.23552953511705,45.52198690617471,53.96379151261404,37.62244079323169,29.653557333437465,26.550132556473564,29.268956388688316
2026-09-28 06:00:00,EP182026,32,2026-10-05 00:00:00,6 days 18:00:00,162,20.42,-111.89,963.4,98.5,25.446059535513875,130.6617577731265,104.22100455882968,105.83595052289718,138.7035670147311,63.10318482525136,50.76087363324929,46.49002376477571,61.89660056113336,34.01129816980084,29.30822375950385,25.097140096969447,30.42754757873047
2026-09-28 06:00:00,EP182026,32,2026-10-05 06:00:00,7 days 00:00:00,168,20.58,-112.34,969.2,86.4,44.011533599894605,129.39888782644235,92.1615176055508,92.06013082220498,137.0719945991287,71.66597615289993,57.69467819456853,50.37864688496635,64.24194519803376,44.011533599894605,31.042213716596628,28.628834429175047,32.58405666741538
2026-09-28 06:00:00,EP182026,32,2026-10-05 12:00:00,7 days 06:00:00,174,20.6,-112.98,968.6,92.6,54.735097095850016,169.19495701078935,125.3961025660598,122.58938216172412,182.87509234335585,95.2490811714853,76.65945967893308,63.97705570656117,88.16235187390318,54.735097095850016,41.50862801670888,34.290556406201915,43.986354181949565
2026-09-28 06:00:00,EP182026,32,2026-10-05 18:00:00,7 days 12:00:00,180,20.46,-113.67,963.3,92.6,20.55232375687926,122.7306906387619,94.20681475097282,91.75159614523383,130.9460140877082,62.100261413182366,47.46630269844562,41.097896754790725,57.62563946754338,33.19395377958847,27.33950142758367,24.04930135570724,29.19843723168893
2026-09-28 06:00:00,EP182026,32,2026-10-06 00:00:00,7 days 18:00:00,186,20.59,-114.29,965.9,84.8,0.5260254485245461,120.89193612407014,94.44303680140112,84.06383227083667,115.8876548290612,60.13555464869586,54.02932561583973,45.81790425011355,52.665972063367576,30.85366237662465,28.057197969704788,23.095416642356437,26.87367561368852
2026-09-28 06:00:00,EP182026,32,2026-10-06 06:00:00,8 days 00:00:00,192,20.65,-115.02,964.7,92.5,22.32206794128716,115.67937407070642,90.11591598495237,89.47242138616178,112.5526575031998,57.91519644312642,47.096448390861454,41.697444378684665,55.54799100205278,32.19895091308689,27.368163919685223,22.96376731930036,28.12242411164192
2026-09-28 06:00:00,EP182026,32,2026-10-06 12:00:00,8 days 06:00:00,198,20.68,-115.78,960.6,98.9,13.512566527526552,143.30671924828994,115.3080873169051,110.87061484935413,144.71502750827986,71.9216248193577,57.4221773235896,47.23072140898029,65.91167049853246,37.13103034388023,30.91690323928408,24.30163637536971,31.844772362863964
2026-09-28 06:00:00,EP182026,32,2026-10-06 18:00:00,8 days 12:00:00,204,20.48,-116.41,977.2,78.5,14.45253720712951,143.6636942325688,105.46482816126172,88.11343744444292,139.17185487659822,61.789858691899866,48.57589965590185,35.69630717250641,52.4626292072858,26.901665625866897,22.14664588393556,17.532941676860553,22.457554186320053
2026-09-28 06:00:00,EP182026,32,2026-10-07 00:00:00,8 days 18:00:00,210,20.55,-117.11,970.3,87.3,7.691297352996116,118.69847828335824,96.20469015102393,92.24599463336092,125.77655004669448,63.24072561201666,50.45569628836592,41.76067047874756,57.70730276384859,31.0660844533018,25.92091268303709,19.98998341048249,26.71244320085367
2026-09-28 06:00:00,EP182026,32,2026-10-07 06:00:00,9 days 00:00:00,216,20.64,-117.55,978.6,75.0,19.20591367165156,120.3406214752868,82.705920832923,76.50475739222634,112.23212800285948,54.299881591734334,42.810027228781806,32.7255802372066,49.104061362510606,25.322571667928106,21.2840776833213,16.408193749062093,21.733229218476986
2026-09-28 06:00:00,EP182026,32,2026-10-07 12:00:00,9 days 06:00:00,222,20.72,-118.13,969.4,84.0,20.48072753078675,115.78056928744452,103.83302782874163,99.99492728141628,119.0812586036379,55.00303375629685,43.659041683080815,33.71203032967631,49.32774537620355,25.09244800736667,20.316517845368708,15.245349538461795,20.697603259408798
2026-09-28 06:00:00,EP182026,32,2026-10-07 18:00:00,9 days 12:00:00,228,20.71,-118.68,960.1,91.4,10.121667144007487,165.0137294149581,132.08618333171376,103.23908552632396,150.63139454398186,83.74338873283216,69.96455850036597,58.02317052972026,74.66426178282262,43.21759703140026,37.83970262754579,31.570300668559227,37.52820394876756
2026-09-28 06:00:00,EP182026,32,2026-10-08 00:00:00,9 days 18:00:00,234,21.26,-118.93,961.0,98.4,0.860640602195943,109.14542395500246,89.38234472213549,88.46420893740964,99.4633214167861,51.6444003062596,45.275039978731385,38.54255267213125,49.893830785118446,26.912231275505185,23.83362405205884,17.945864197199434,21.64937624357407
2026-09-28 06:00:00,EP182026,32,2026-10-08 06:00:00,10 days 00:00:00,240,21.15,-119.37,982.9,68.4,23.895572721248868,74.7864197676924,47.64885026054509,48.73658879695319,72.34150650128339,23.895572721248868,2.6449585410796104,2.22203083036716,23.895572721248868,23.895572721248868,0.0,0.0,0.0
2026-09-28 06:00:00,EP182026,32,2026-10-08 12:00:00,10 days 06:00:00,246,21.08,-119.96,990.0,57.5,53.16726475083951,91.47349232264747,64.46191705907094,51.41847902076995,80.05491261060368,0.7515825982899322,0.0,0.0,53.16726475083951,0.0,0.0,0.0,0.0
2026-09-28 06:00:00,EP182026,32,2026-10-08 18:00:00,10 days 12:00:00,252,21.12,-120.19,995.4,49.8,25.18255571645807,104.45017525225812,95.60071126616047,79.66756284814102,91.40406381411248,0.0,0.0,0.0,0.0,0.0,0.0,0.0,0.0
2026-09-28 06:00:00,EP182026,32,2026-10-09 00:00:00,10 days 18:00:00,258,20.86,-120.8,996.8,44.1,52.82404968450763,52.82404968450763,9.403652987870773,10.419145313821762,25.623319328468483,0.0,0.0,0.0,0.0,0.0,0.0,0.0,0.0
2026-09-28 06:00:00,EP182026,32,2026-10-09 06:00:00,11 days 00:00:00,264,20.61,-120.89,999.6,37.2,60.21120120805537,60.21120120805537,2.3860965944864123,0.0,8.25869326623772,0.0,0.0,0.0,0.0,0.0,0.0,0.0,0.0
2026-09-28 06:00:00,EP182026,32,2026-10-09 12:00:00,11 days 06:00:00,270,20.39,-121.38,1001.8,31.9,58.95408190054279,0.0,0.0,0.0,0.0,0.0,0.0,0.0,0.0,0.0,0.0,0.0,0.0
2026-09-28 06:00:00,EP182026,32,2026-10-09 18:00:00,11 days 12:00:00,276,20.36,-121.37,1005.5,29.5,42.99154080871741,0.0,0.0,0.0,0.0,0.0,0.0,0.0,0.0,0.0,0.0,0.0,0.0
2026-09-28 06:00:00,EP182026,32,2026-10-10 00:00:00,11 days 18:00:00,282,20.27,-121.99,1004.1,29.1,35.77582699896647,0.0,0.0,0.0,0.0,0.0,0.0,0.0,0.0,0.0,0.0,0.0,0.0
2026-09-28 06:00:00,EP182026,32,2026-10-10 06:00:00,12 days 00:00:00,288,19.7,-122.39,1004.5,24.7,55.74058359321592,0.0,0.0,0.0,0.0,0.0,0.0,0.0,0.0,0.0,0.0,0.0,0.0
2026-09-28 06:00:00,EP182026,32,2026-10-10 12:00:00,12 days 06:00:00,294,19.35,-122.93,1003.1,32.1,78.38892203253317,0.0,0.0,0.0,0.0,0.0,0.0,0.0,0.0,0.0,0.0,0.0,0.0
2026-09-28 06:00:00,EP182026,32,2026-10-10 18:00:00,12 days 12:00:00,300,19.44,-123.03,1004.2,29.3,78.14705067621952,0.0,0.0,0.0,0.0,0.0,0.0,0.0,0.0,0.0,0.0,0.0,0.0
2026-09-28 06:00:00,EP182026,32,2026-10-11 00:00:00,12 days 18:00:00,306,19.1,-123.08,1002.4,30.7,81.23336834498053,0.0,0.0,0.0,0.0,0.0,0.0,0.0,0.0,0.0,0.0,0.0,0.0
2026-09-28 06:00:00,EP182026,32,2026-10-11 06:00:00,13 days 00:00:00,312,18.99,-123.35,1001.3,21.4,68.01579616961301,0.0,0.0,0.0,0.0,0.0,0.0,0.0,0.0,0.0,0.0,0.0,0.0
2026-09-28 06:00:00,EP182026,32,2026-10-11 12:00:00,13 days 06:00:00,318,18.87,-123.78,1003.4,28.7,94.12165441948522,0.0,0.0,0.0,0.0,0.0,0.0,0.0,0.0,0.0,0.0,0.0,0.0
2026-09-28 06:00:00,EP182026,32,2026-10-11 18:00:00,13 days 12:00:00,324,19.27,-124.51,1004.4,22.7,35.71759406357215,0.0,0.0,0.0,0.0,0.0,0.0,0.0,0.0,0.0,0.0,0.0,0.0
2026-09-28 06:00:00,EP182026,32,2026-10-12 00:00:00,13 days 18:00:00,330,18.86,-124.49,1005.4,27.2,29.34694777402422,0.0,0.0,0.0,0.0,0.0,0.0,0.0,0.0,0.0,0.0,0.0,0.0
2026-09-28 06:00:00,EP182026,32,2026-10-12 06:00:00,14 days 00:00:00,336,18.97,-124.9,1006.4,25.3,69.94639208362682,0.0,0.0,0.0,0.0,0.0,0.0,0.0,0.0,0.0,0.0,0.0,0.0
2026-09-28 06:00:00,EP182026,32,2026-10-12 12:00:00,14 days 06:00:00,342,19.48,-125.12,1001.2,31.4,99.21197845385566,0.0,0.0,0.0,0.0,0.0,0.0,0.0,0.0,0.0,0.0,0.0,0.0
2026-09-28 06:00:00,EP182026,32,2026-10-12 18:00:00,14 days 12:00:00,348,20.47,-125.37,1004.4,24.6,31.423643086763818,0.0,0.0,0.0,0.0,0.0,0.0,0.0,0.0,0.0,0.0,0.0,0.0
2026-09-28 06:00:00,EP182026,32,2026-10-13 00:00:00,14 days 18:00:00,354,21.59,-125.48,1000.2,38.1,84.50188449135729,2.5219792023458787,84.50188449135729,0.0,0.0,0.0,0.0,0.0,0.0,0.0,0.0,0.0,0.0
2026-09-28 06:00:00,EP912026(3),32,2026-09-28 06:00:00,0 days 00:00:00,0,12.7,-136.6,1005.0,29.0,93.0,0.0,0.0,0.0,0.0,0.0,0.0,0.0,0.0,0.0,0.0,0.0,0.0
2026-09-28 06:00:00,WP252026,32,2026-09-28 06:00:00,0 days 00:00:00,0,27.5,131.6,954.0,99.0,9.0,148.0,158.0,148.0,121.0,,,,,,,,
2026-09-28 06:00:00,WP252026,32,2026-09-28 12:00:00,0 days 06:00:00,6,27.5,132.59,984.8,57.7,22.712546014573743,80.44225621068823,117.7106852303372,88.16584934135894,38.119538346209865,13.419408481077555,25.134827150413628,17.85852698573048,6.544319451320364,0.0,0.0,0.0,0.0
2026-09-28 06:00:00,WP252026,32,2026-09-28 18:00:00,0 days 12:00:00,12,28.0,133.19,982.6,62.2,41.3955920597157,198.52456642370785,215.89656812296383,181.02520935617144,163.25627150945084,31.48372485275626,41.3955920597157,29.5670857233547,27.289622716973707,0.0,0.0,0.0,0.0
2026-09-28 06:00:00,WP252026,32,2026-09-29 00:00:00,0 days 18:00:00,18,28.25,133.99,984.8,56.1,52.60888332958194,34.35724850976881,52.60888332958194,27.863790226318145,1.4000688798597594,0.0,52.60888332958194,0.7195920726905456,0.0,0.0,0.0,0.0,0.0
2026-09-28 06:00:00,WP252026,32,2026-09-29 06:00:00,1 days 00:00:00,24,28.73,134.65,992.8,46.7,42.78193693557393,42.78193693557393,27.13367249785797,20.594679328688144,11.694242487775885,0.0,0.0,0.0,0.0,0.0,0.0,0.0,0.0
2026-09-28 06:00:00,WP252026,32,2026-09-29 12:00:00,1 days 06:00:00,30,29.1,135.66,994.4,43.4,80.44146360705597,0.0,80.44146360705597,5.163324994820282,0.0,0.0,0.0,0.0,0.0,0.0,0.0,0.0,0.0
2026-09-28 06:00:00,WP252026,32,2026-09-29 18:00:00,1 days 12:00:00,36,29.74,136.35,999.2,29.9,56.31173686310841,0.0,0.0,0.0,0.0,0.0,0.0,0.0,0.0,0.0,0.0,0.0,0.0
2026-09-28 06:00:00,WP252026,32,2026-09-30 00:00:00,1 days 18:00:00,42,30.74,137.32,997.9,36.9,116.44826615428669,3.626223621751393,116.44826615428669,0.0,0.3538330220786747,0.0,0.0,0.0,0.0,0.0,0.0,0.0,0.0
2026-09-28 06:00:00,WP252026,32,2026-09-30 06:00:00,2 days 00:00:00,48,31.34,138.67,993.6,49.0,83.29200291395836,102.09775179178251,92.69411031482002,68.33507367007496,71.68588743575381,0.0,0.0,0.0,0.0,0.0,0.0,0.0,0.0
2026-09-28 06:00:00,WP252026,32,2026-09-30 12:00:00,2 days 06:00:00,54,31.82,139.91,995.2,41.4,80.5830191688487,80.5830191688487,30.760174355431392,17.4825310485951,24.210720520198088,0.0,0.0,0.0,0.0,0.0,0.0,0.0,0.0
2026-09-28 06:00:00,WP252026,32,2026-09-30 18:00:00,2 days 12:00:00,60,32.66,140.69,995.2,36.4,63.61080248219125,147.82604760183506,137.5140777906264,101.64381084783425,112.42763288935043,0.0,0.0,0.0,0.0,0.0,0.0,0.0,0.0
2026-09-28 06:00:00,WP252026,32,2026-10-01 00:00:00,2 days 18:00:00,66,33.4,141.99,998.2,34.0,64.95620532832666,0.0,64.95620532832666,1.0169319713610996,0.0,0.0,0.0,0.0,0.0,0.0,0.0,0.0,0.0
2026-09-28 06:00:00,WP252026,32,2026-10-01 06:00:00,3 days 00:00:00,72,34.37,143.2,999.4,34.5,116.29747434746204,116.29747434746204,0.0,0.0,0.0,0.0,0.0,0.0,0.0,0.0,0.0,0.0,0.0
2026-09-28 06:00:00,WP252026,32,2026-10-01 12:00:00,3 days 06:00:00,78,36.27,145.7,1000.0,30.0,98.36679956813214,0.0,0.0,0.0,0.0,0.0,0.0,0.0,0.0,0.0,0.0,0.0,0.0
2026-09-28 06:00:00,WP252026,32,2026-10-01 18:00:00,3 days 12:00:00,84,37.68,149.2,997.5,29.9,97.71664051435576,0.0,0.0,0.0,0.0,0.0,0.0,0.0,0.0,0.0,0.0,0.0,0.0
2026-09-28 06:00:00,WP922026(4),32,2026-09-28 06:00:00,0 days 00:00:00,0,16.4,97.6,1001.0,29.0,64.0,0.0,0.0,0.0,0.0,0.0,0.0,0.0,0.0,0.0,0.0,0.0,0.0
2026-09-28 06:00:00,WP922026(4),32,2026-09-28 12:00:00,0 days 06:00:00,6,17.51,97.12,1003.7,23.7,110.61981524197928,0.0,0.0,0.0,0.0,0.0,0.0,0.0,0.0,0.0,0.0,0.0,0.0
2026-09-28 06:00:00,WP922026(4),32,2026-09-28 18:00:00,0 days 12:00:00,12,18.29,96.65,1004.0,24.2,65.52511835436763,0.0,0.0,0.0,0.0,0.0,0.0,0.0,0.0,0.0,0.0,0.0,0.0
2026-09-28 06:00:00,WP922026(4),32,2026-09-29 00:00:00,0 days 18:00:00,18,19.3,95.3,1002.4,29.9,57.62971527648605,0.0,0.0,0.0,0.0,0.0,0.0,0.0,0.0,0.0,0.0,0.0,0.0
2026-09-28 06:00:00,17,33,2026-10-06 18:00:00,8 days 12:00:00,204,12.67,-93.91,1007.5,23.9,89.5079477375695,0.0,0.0,0.0,0.0,0.0,0.0,0.0,0.0,0.0,0.0,0.0,0.0
2026-09-28 06:00:00,17,33,2026-10-07 00:00:00,8 days 18:00:00,210,12.29,-94.47,998.1,37.1,39.9070367797557,39.9070367797557,3.397123006598159,3.70977261043876,0.0,0.0,0.0,0.0,0.0,0.0,0.0,0.0,0.0
2026-09-28 06:00:00,17,33,2026-10-07 06:00:00,9 days 00:00:00,216,12.24,-94.38,1006.1,33.4,92.66909493264156,0.0,0.0,0.0,0.0,0.0,0.0,0.0,0.0,0.0,0.0,0.0,0.0
2026-09-28 06:00:00,17,33,2026-10-07 12:00:00,9 days 06:00:00,222,11.79,-94.88,1002.5,38.0,59.37065099690895,103.1540527226312,86.35537661314748,58.42417448698249,86.53327669476725,0.0,0.0,0.0,0.0,0.0,0.0,0.0,0.0
2026-09-28 06:00:00,17,33,2026-10-07 18:00:00,9 days 12:00:00,228,11.69,-94.82,1003.5,32.5,87.63490186742405,0.0,0.0,0.0,0.0,0.0,0.0,0.0,0.0,0.0,0.0,0.0,0.0
2026-09-28 06:00:00,17,33,2026-10-08 00:00:00,9 days 18:00:00,234,11.99,-94.81,1001.4,35.4,117.60100935142265,117.60100935142265,0.0,0.0,0.0,0.0,0.0,0.0,0.0,0.0,0.0,0.0,0.0
2026-09-28 06:00:00,17,33,2026-10-08 06:00:00,10 days 00:00:00,240,11.9,-94.84,1002.9,39.6,31.622959731377374,34.896381412373906,17.12871767872468,15.765863362088508,30.548423842107265,0.0,0.0,0.0,0.0,0.0,0.0,0.0,0.0
2026-09-28 06:00:00,17,33,2026-10-08 12:00:00,10 days 06:00:00,246,11.99,-95.1,1001.7,35.1,87.80257619177226,87.80257619177226,0.0,0.0,0.0,0.0,0.0,0.0,0.0,0.0,0.0,0.0,0.0
2026-09-28 06:00:00,17,33,2026-10-08 18:00:00,10 days 12:00:00,252,12.31,-95.0,1003.2,41.8,21.582943576549404,34.037264562678715,28.38926656966395,26.11882392071212,24.21431042704007,0.0,0.0,0.0,0.0,0.0,0.0,0.0,0.0
2026-09-28 06:00:00,17,33,2026-10-09 00:00:00,10 days 18:00:00,258,12.63,-94.96,994.5,51.9,8.504484370215533,85.61157872324068,77.29840503733703,59.60579810074224,67.7664939814488,16.795643962670937,13.307007595298025,7.536329366093731,10.921706473191906,0.0,0.0,0.0,0.0
2026-09-28 06:00:00,17,33,2026-10-09 06:00:00,11 days 00:00:00,264,12.79,-94.8,1000.3,46.7,28.67058580809352,104.57417013666904,89.33938859253286,68.7207219150218,82.93420282853572,0.0,0.0,0.0,0.0,0.0,0.0,0.0,0.0
2026-09-28 06:00:00,17,33,2026-10-09 12:00:00,11 days 06:00:00,270,13.21,-95.05,996.2,47.5,30.372125698786075,88.74780720469455,68.67355545024301,61.24785973834918,84.97754611197534,0.0,0.0,0.0,0.0,0.0,0.0,0.0,0.0
2026-09-28 06:00:00,17,33,2026-10-09 18:00:00,11 days 12:00:00,276,13.53,-95.06,999.9,46.5,22.56963763764116,69.32172914894443,50.6042553302634,33.26071316788884,56.49359616262267,0.0,0.0,0.0,0.0,0.0,0.0,0.0,0.0
2026-09-28 06:00:00,17,33,2026-10-10 00:00:00,11 days 18:00:00,282,14.14,-95.03,1000.9,38.4,51.07222263312743,85.97522805241027,69.91887823240106,50.20412245279312,63.969169923269256,0.0,0.0,0.0,0.0,0.0,0.0,0.0,0.0
2026-09-28 06:00:00,17,33,2026-10-10 06:00:00,12 days 00:00:00,288,14.3,-95.61,1000.5,42.5,25.30119462395153,116.58361516363946,88.88370924164487,66.39787916790927,94.95276512601254,0.0,0.0,0.0,0.0,0.0,0.0,0.0,0.0
2026-09-28 06:00:00,17,33,2026-10-10 12:00:00,12 days 06:00:00,294,14.61,-96.07,993.5,51.8,26.03227709574124,78.8985417482248,61.49824479985668,52.32756601788877,73.6086449272135,26.03227709574124,2.2805291040959546,0.0,3.696561804592777,0.0,0.0,0.0,0.0
2026-09-28 06:00:00,17,33,2026-10-10 18:00:00,12 days 12:00:00,300,14.37,-96.77,1004.0,36.1,35.31321245937831,119.45073130258451,101.33411036083152,87.57602604924764,117.20142075854216,0.0,0.0,0.0,0.0,0.0,0.0,0.0,0.0
2026-09-28 06:00:00,17,33,2026-10-11 00:00:00,12 days 18:00:00,306,14.81,-97.98,995.5,47.0,39.1137102604109,67.44797466736676,51.87724462728722,38.17614137236826,58.98952828894814,0.0,0.0,0.0,0.0,0.0,0.0,0.0,0.0
2026-09-28 06:00:00,17,33,2026-10-11 06:00:00,13 days 00:00:00,312,15.12,-98.88,1000.8,44.9,51.17799837634535,51.17799837634535,6.2436804814552005,0.0,11.078250297097814,0.0,0.0,0.0,0.0,0.0,0.0,0.0,0.0
2026-09-28 06:00:00,17,33,2026-10-11 12:00:00,13 days 06:00:00,318,14.87,-99.03,1009.9,29.1,66.16681495371245,0.0,0.0,0.0,0.0,0.0,0.0,0.0,0.0,0.0,0.0,0.0,0.0
2026-09-28 06:00:00,17,33,2026-10-11 18:00:00,13 days 12:00:00,324,14.7,-100.03,1006.5,26.3,28.06873178668833,0.0,0.0,0.0,0.0,0.0,0.0,0.0,0.0,0.0,0.0,0.0,0.0
2026-09-28 06:00:00,17,33,2026-10-12 00:00:00,13 days 18:00:00,330,14.68,-100.84,1007.6,22.6,74.6491877858328,0.0,0.0,0.0,0.0,0.0,0.0,0.0,0.0,0.0,0.0,0.0,0.0
2026-09-28 06:00:00,25,33,2026-10-09 12:00:00,11 days 06:00:00,270,20.09,136.98,1005.8,23.8,70.42510250642292,0.0,0.0,0.0,0.0,0.0,0.0,0.0,0.0,0.0,0.0,0.0,0.0
2026-09-28 06:00:00,25,33,2026-10-09 18:00:00,11 days 12:00:00,276,20.05,137.7,1006.7,23.0,84.99450026191391,0.0,0.0,0.0,0.0,0.0,0.0,0.0,0.0,0.0,0.0,0.0,0.0
2026-09-28 06:00:00,25,33,2026-10-10 00:00:00,11 days 18:00:00,282,19.98,136.59,1006.0,25.0,163.08568840358942,0.0,0.0,0.0,0.0,0.0,0.0,0.0,0.0,0.0,0.0,0.0,0.0
2026-09-28 06:00:00,25,33,2026-10-10 06:00:00,12 days 00:00:00,288,20.05,137.24,1002.3,28.0,70.89596016169311,0.0,0.0,0.0,0.0,0.0,0.0,0.0,0.0,0.0,0.0,0.0,0.0
2026-09-28 06:00:00,25,33,2026-10-10 12:00:00,12 days 06:00:00,294,19.95,137.46,1002.5,27.2,150.5592326032147,0.0,0.0,0.0,0.0,0.0,0.0,0.0,0.0,0.0,0.0,0.0,0.0
2026-09-28 06:00:00,25,33,2026-10-10 18:00:00,12 days 12:00:00,300,20.18,138.36,999.0,31.1,61.85466867707987,0.0,0.0,0.0,0.0,0.0,0.0,0.0,0.0,0.0,0.0,0.0,0.0
2026-09-28 06:00:00,25,33,2026-10-11 00:00:00,12 days 18:00:00,306,19.84,139.53,1000.6,43.8,101.51217147059184,101.51217147059184,60.648182081974085,44.76285812906471,54.88927444674627,0.0,0.0,0.0,0.0,0.0,0.0,0.0,0.0
2026-09-28 06:00:00,25,33,2026-10-11 06:00:00,13 days 00:00:00,312,19.43,139.02,1003.9,28.7,138.63210824659052,0.0,0.0,0.0,0.0,0.0,0.0,0.0,0.0,0.0,0.0,0.0,0.0
2026-09-28 06:00:00,25,33,2026-10-11 12:00:00,13 days 06:00:00,318,19.21,140.17,995.6,37.3,70.6138869177822,70.6138869177822,22.621056446905012,3.650280676293456,13.957825713904263,0.0,0.0,0.0,0.0,0.0,0.0,0.0,0.0
2026-09-28 06:00:00,25,33,2026-10-11 18:00:00,13 days 12:00:00,324,18.66,140.05,999.0,30.4,89.3259103180153,0.0,0.0,0.0,0.0,0.0,0.0,0.0,0.0,0.0,0.0,0.0,0.0
2026-09-28 06:00:00,25,33,2026-10-12 00:00:00,13 days 18:00:00,330,18.15,140.43,1004.3,21.6,115.17925872799748,0.0,0.0,0.0,0.0,0.0,0.0,0.0,0.0,0.0,0.0,0.0,0.0
2026-09-28 06:00:00,25,33,2026-10-12 06:00:00,14 days 00:00:00,336,17.91,141.71,1004.0,21.0,119.11326296477311,0.0,0.0,0.0,0.0,0.0,0.0,0.0,0.0,0.0,0.0,0.0,0.0
2026-09-28 06:00:00,25,33,2026-10-12 12:00:00,14 days 06:00:00,342,17.42,142.51,1001.0,27.6,128.67304100084436,0.0,0.0,0.0,0.0,0.0,0.0,0.0,0.0,0.0,0.0,0.0,0.0
2026-09-28 06:00:00,25,33,2026-10-12 18:00:00,14 days 12:00:00,348,17.13,143.29,1000.3,28.0,73.59901669505177,0.0,0.0,0.0,0.0,0.0,0.0,0.0,0.0,0.0,0.0,0.0,0.0
2026-09-28 06:00:00,25,33,2026-10-13 00:00:00,14 days 18:00:00,354,17.15,144.39,998.2,29.8,88.36158849893104,0.0,0.0,0.0,0.0,0.0,0.0,0.0,0.0,0.0,0.0,0.0,0.0
2026-09-28 06:00:00,25,33,2026-10-13 06:00:00,15 days 00:00:00,360,17.58,145.44,999.6,30.5,109.79397731198108,0.0,0.0,0.0,0.0,0.0,0.0,0.0,0.0,0.0,0.0,0.0,0.0
2026-09-28 06:00:00,29,33,2026-10-10 06:00:00,12 days 00:00:00,288,15.27,164.39,1006.3,15.0,94.0316835727269,0.0,0.0,0.0,0.0,0.0,0.0,0.0,0.0,0.0,0.0,0.0,0.0
2026-09-28 06:00:00,29,33,2026-10-10 12:00:00,12 days 06:00:00,294,15.59,162.36,1005.6,20.5,128.98667604402323,0.0,0.0,0.0,0.0,0.0,0.0,0.0,0.0,0.0,0.0,0.0,0.0
2026-09-28 06:00:00,29,33,2026-10-10 18:00:00,12 days 12:00:00,300,16.57,160.59,1003.7,22.7,81.25382533399518,0.0,0.0,0.0,0.0,0.0,0.0,0.0,0.0,0.0,0.0,0.0,0.0
2026-09-28 06:00:00,29,33,2026-10-11 00:00:00,12 days 18:00:00,306,17.36,159.53,1000.5,36.4,87.33267954922144,87.33267954922144,15.3476538767966,10.838559440777104,15.268379047847262,0.0,0.0,0.0,0.0,0.0,0.0,0.0,0.0
2026-09-28 06:00:00,29,33,2026-10-11 06:00:00,13 days 00:00:00,312,17.77,158.51,998.2,33.7,102.55756162824066,0.0,0.0,0.0,0.0,0.0,0.0,0.0,0.0,0.0,0.0,0.0,0.0
2026-09-28 06:00:00,29,33,2026-10-11 12:00:00,13 days 06:00:00,318,18.1,157.52,1001.8,29.4,112.038775618008,0.0,0.0,0.0,0.0,0.0,0.0,0.0,0.0,0.0,0.0,0.0,0.0
2026-09-28 06:00:00,29,33,2026-10-11 18:00:00,13 days 12:00:00,324,19.3,156.15,997.2,34.0,97.94942243163676,97.94942243163676,1.265101556344078,0.0,3.3419101558017417,0.0,0.0,0.0,0.0,0.0,0.0,0.0,0.0
2026-09-28 06:00:00,29,33,2026-10-12 00:00:00,13 days 18:00:00,330,20.43,154.46,997.4,30.3,69.5832819133631,0.0,0.0,0.0,0.0,0.0,0.0,0.0,0.0,0.0,0.0,0.0,0.0
2026-09-28 06:00:00,29,33,2026-10-12 06:00:00,14 days 00:00:00,336,21.68,153.17,996.9,33.5,93.04731036090524,0.0,0.0,0.0,0.0,0.0,0.0,0.0,0.0,0.0,0.0,0.0,0.0
2026-09-28 06:00:00,29,33,2026-10-12 12:00:00,14 days 06:00:00,342,23.11,151.76,995.2,43.1,57.75602610864373,57.75602610864373,11.754541813670867,0.0,9.869645832717335,0.0,0.0,0.0,0.0,0.0,0.0,0.0,0.0
2026-09-28 06:00:00,29,33,2026-10-12 18:00:00,14 days 12:00:00,348,24.38,150.53,997.0,34.2,35.76993654032654,31.58706335002549,35.76993654032654,3.763989649290736,11.865612771246177,0.0,0.0,0.0,0.0,0.0,0.0,0.0,0.0
2026-09-28 06:00:00,29,33,2026-10-13 00:00:00,14 days 18:00:00,354,26.34,149.93,993.6,48.5,30.200884321115836,30.200884321115836,23.545433370984853,2.5722663925738303,11.43670582286907,0.0,0.0,0.0,0.0,0.0,0.0,0.0,0.0
2026-09-28 06:00:00,29,33,2026-10-13 06:00:00,15 days 00:00:00,360,28.51,150.38,999.1,31.7,116.19492323177502,0.0,0.0,0.0,0.0,0.0,0.0,0.0,0.0,0.0,0.0,0.0,0.0
2026-09-28 06:00:00,30,33,2026-10-10 12:00:00,12 days 06:00:00,294,15.53,127.48,1008.8,9.6,160.28883692294846,0.0,0.0,0.0,0.0,0.0,0.0,0.0,0.0,0.0,0.0,0.0,0.0
2026-09-28 06:00:00,30,33,2026-10-10 18:00:00,12 days 12:00:00,300,15.96,127.36,1007.0,17.9,91.96400582013106,0.0,0.0,0.0,0.0,0.0,0.0,0.0,0.0,0.0,0.0,0.0,0.0
2026-09-28 06:00:00,30,33,2026-10-11 00:00:00,12 days 18:00:00,306,16.02,127.66,1007.1,15.4,140.92377590051464,0.0,0.0,0.0,0.0,0.0,0.0,0.0,0.0,0.0,0.0,0.0,0.0
2026-09-28 06:00:00,30,33,2026-10-11 06:00:00,13 days 00:00:00,312,15.55,127.75,1006.4,16.3,140.16352500233538,0.0,0.0,0.0,0.0,0.0,0.0,0.0,0.0,0.0,0.0,0.0,0.0
2026-09-28 06:00:00,30,33,2026-10-11 12:00:00,13 days 06:00:00,318,15.47,127.41,1005.4,16.1,99.94621332532122,0.0,0.0,0.0,0.0,0.0,0.0,0.0,0.0,0.0,0.0,0.0,0.0
2026-09-28 06:00:00,30,33,2026-10-11 18:00:00,13 days 12:00:00,324,15.18,127.58,1004.7,21.0,94.23848765416788,0.0,0.0,0.0,0.0,0.0,0.0,0.0,0.0,0.0,0.0,0.0,0.0
2026-09-28 06:00:00,30,33,2026-10-12 00:00:00,13 days 18:00:00,330,15.02,127.71,1004.9,13.9,93.31489149499804,0.0,0.0,0.0,0.0,0.0,0.0,0.0,0.0,0.0,0.0,0.0,0.0
2026-09-28 06:00:00,30,33,2026-10-12 06:00:00,14 days 00:00:00,336,14.92,127.69,1006.7,19.0,122.53946487520508,0.0,0.0,0.0,0.0,0.0,0.0,0.0,0.0,0.0,0.0,0.0,0.0
2026-09-28 06:00:00,30,33,2026-10-12 12:00:00,14 days 06:00:00,342,14.18,127.66,1002.1,22.2,109.41730274337296,0.0,0.0,0.0,0.0,0.0,0.0,0.0,0.0,0.0,0.0,0.0,0.0
2026-09-28 06:00:00,30,33,2026-10-12 18:00:00,14 days 12:00:00,348,14.49,127.67,1002.8,23.0,62.1294654733416,0.0,0.0,0.0,0.0,0.0,0.0,0.0,0.0,0.0,0.0,0.0,0.0
2026-09-28 06:00:00,30,33,2026-10-13 00:00:00,14 days 18:00:00,354,14.51,127.63,1002.6,22.3,56.317342331760045,0.0,0.0,0.0,0.0,0.0,0.0,0.0,0.0,0.0,0.0,0.0,0.0
2026-09-28 06:00:00,30,33,2026-10-13 06:00:00,15 days 00:00:00,360,14.28,127.17,1005.6,26.5,98.43146518801946,0.0,0.0,0.0,0.0,0.0,0.0,0.0,0.0,0.0,0.0,0.0,0.0
2026-09-28 06:00:00,7,33,2026-09-29 12:00:00,1 days 06:00:00,30,15.92,153.58,1003.9,22.7,101.27349373572116,0.0,0.0,0.0,0.0,0.0,0.0,0.0,0.0,0.0,0.0,0.0,0.0
2026-09-28 06:00:00,7,33,2026-09-29 18:00:00,1 days 12:00:00,36,16.0,152.49,1005.7,20.3,67.67386731861694,0.0,0.0,0.0,0.0,0.0,0.0,0.0,0.0,0.0,0.0,0.0,0.0
2026-09-28 06:00:00,7,33,2026-09-30 00:00:00,1 days 18:00:00,42,16.17,152.12,1003.0,21.8,143.95438116271032,0.0,0.0,0.0,0.0,0.0,0.0,0.0,0.0,0.0,0.0,0.0,0.0
2026-09-28 06:00:00,7,33,2026-09-30 06:00:00,2 days 00:00:00,48,16.34,151.85,999.0,32.7,114.68501548960248,0.0,0.0,0.0,0.0,0.0,0.0,0.0,0.0,0.0,0.0,0.0,0.0
2026-09-28 06:00:00,7,33,2026-09-30 12:00:00,2 days 06:00:00,54,16.78,150.15,1000.0,32.8,97.39854586265189,0.0,0.0,0.0,0.0,0.0,0.0,0.0,0.0,0.0,0.0,0.0,0.0
2026-09-28 06:00:00,7,33,2026-09-30 18:00:00,2 days 12:00:00,60,16.75,149.55,1001.5,29.3,55.43932085909,0.0,0.0,0.0,0.0,0.0,0.0,0.0,0.0,0.0,0.0,0.0,0.0
2026-09-28 06:00:00,7,33,2026-10-01 00:00:00,2 days 18:00:00,66,16.86,148.24,999.6,35.0,89.5797923651999,178.7362799405859,168.88959060463247,139.83797107668724,154.5668578412772,0.0,0.0,0.0,0.0,0.0,0.0,0.0,0.0
2026-09-28 06:00:00,7,33,2026-10-01 06:00:00,3 days 00:00:00,72,17.29,147.39,1002.5,28.7,159.96394864722308,0.0,0.0,0.0,0.0,0.0,0.0,0.0,0.0,0.0,0.0,0.0,0.0
2026-09-28 06:00:00,7,33,2026-10-01 12:00:00,3 days 06:00:00,78,17.26,146.43,997.0,38.9,83.6438286396592,83.6438286396592,64.52976802980999,45.75152950691471,58.1974636818269,0.0,0.0,0.0,0.0,0.0,0.0,0.0,0.0
2026-09-28 06:00:00,7,33,2026-10-01 18:00:00,3 days 12:00:00,84,17.18,145.88,994.1,36.5,92.3181220292545,92.3181220292545,74.62420774559803,56.29643692812998,64.16057751772544,0.0,0.0,0.0,0.0,0.0,0.0,0.0,0.0
2026-09-28 06:00:00,7,33,2026-10-02 00:00:00,3 days 18:00:00,90,17.15,145.54,994.7,42.1,180.36717775676857,419.50089958197486,378.31523008195154,323.7745255231371,345.593928996293,0.0,0.0,0.0,0.0,0.0,0.0,0.0,0.0
2026-09-28 06:00:00,7,33,2026-10-02 06:00:00,4 days 00:00:00,96,17.39,145.25,984.5,55.6,82.30875608950389,425.6546284542214,413.2831858292508,342.2877316349968,352.83245485765946,115.74962963910218,101.43382228226122,71.41324077210271,85.7188341028789,0.0,0.0,0.0,0.0
2026-09-28 06:00:00,7,33,2026-10-02 12:00:00,4 days 06:00:00,102,17.71,145.99,981.8,59.0,81.87597697905287,335.4466287243415,334.28978347539226,265.75714715907145,276.8529732991696,81.87597697905287,64.09563007045136,46.932448554765706,52.62785251513089,0.0,0.0,0.0,0.0
2026-09-28 06:00:00,7,33,2026-10-02 18:00:00,4 days 12:00:00,108,18.1,146.61,975.5,64.5,66.95704197993751,308.640216267794,286.269419990737,261.7496408204134,269.928917624122,201.3585812161279,196.5244537587886,168.8182246386359,175.6343186076095,90.31927723140916,86.29500843621207,73.03738919245907,77.94177440782241
2026-09-28 06:00:00,7,33,2026-10-03 00:00:00,4 days 18:00:00,114,19.07,147.04,968.4,74.8,55.5437699427981,342.7691311284225,337.2573070489249,274.9307609226285,275.39126161507704,137.1591792918182,130.30153322484338,103.69298681759705,111.35557356546936,55.5437699427981,40.26833848270508,33.085497019819286,35.31942678872615
2026-09-28 06:00:00,7,33,2026-10-03 06:00:00,5 days 00:00:00,120,19.88,147.38,972.1,76.0,38.36444807502715,282.87272079822606,303.87709706525743,244.671430741474,228.4432128712049,203.344327640441,213.70785957090007,185.4182002709939,177.16149866871615,120.17309201671196,120.334203198743,103.48624361958912,102.9075529736422
2026-09-28 06:00:00,7,33,2026-10-03 12:00:00,5 days 06:00:00,126,20.37,147.74,958.8,86.8,39.69279186486074,343.39951984350205,359.1276270416697,298.71340538385834,281.3488318867405,177.12495685909528,183.25246165756312,154.6678413055588,154.19163134477822,86.02128035623679,84.95954753185418,71.20401794034356,72.72817865102257
2026-09-28 06:00:00,7,33,2026-10-03 18:00:00,5 days 12:00:00,132,21.13,148.12,961.9,81.1,35.094628648246115,300.76399009441127,328.9720900839877,276.0345260656184,237.51028849708783,147.91746959030314,158.32134692246558,132.10593884111643,125.087782303836,71.18456974709767,72.48667728805488,62.12772592793131,59.95917722466065
2026-09-28 06:00:00,7,33,2026-10-04 00:00:00,5 days 18:00:00,138,21.6,148.53,963.7,81.0,30.462548446944982,376.4242306354947,397.9362244091794,339.2578889871665,316.0808956911998,130.76003198554255,138.6534194980272,112.92240527058809,112.53110572553774,40.847909357036364,42.02962503923895,34.88542804768327,35.14187889113945
2026-09-28 06:00:00,7,33,2026-10-04 06:00:00,6 days 00:00:00,144,22.19,148.94,958.4,87.7,11.146424375648008,290.1385973916407,321.1600940737777,269.17701164103755,231.9498506859041,179.50625769557212,193.1180547577672,168.7438689265516,156.9814349359309,110.39895237186892,110.47278506456382,95.4837224423474,94.6299554354798
2026-09-28 06:00:00,7,33,2026-10-04 12:00:00,6 days 06:00:00,150,22.64,149.24,937.8,108.0,22.46319291619272,342.0318476382658,370.3814668897877,301.2927877805776,276.4894518413384,104.76542769784052,110.55387725435016,87.23680034433613,84.21941826113691,38.5973916921055,39.23017234521609,31.6456712474932,31.268131497840866
2026-09-28 06:00:00,7,33,2026-10-04 18:00:00,6 days 12:00:00,156,23.51,148.99,950.0,96.0,5.33816034834679,352.2324658680916,363.3402271721932,269.9216238735584,287.21429286155444,180.74501457567567,176.54779330670038,147.0893333717316,150.22319017453978,108.29677506417298,110.00323700583964,92.15367936213394,93.62511806641623
2026-09-28 06:00:00,7,33,2026-10-05 00:00:00,6 days 18:00:00,162,24.38,148.41,935.6,105.9,77.02587024606555,493.4020476035853,430.0640814847133,375.2361866056704,409.72328904656615,220.43008066450184,202.7717297967837,166.02278079631472,188.5660180150602,101.04307198826096,94.86785519003416,81.3645550249412,87.7183565574432
2026-09-28 06:00:00,7,33,2026-10-05 06:00:00,7 days 00:00:00,168,25.56,148.33,946.6,98.9,21.805135538155767,355.5856944585846,382.9885513850983,296.8546743010447,292.61445464343973,171.82845764534096,174.7433216239574,142.33953496279747,143.38012010573863,87.14619189781435,86.17559719257332,71.70608928917854,73.49067423681451
2026-09-28 06:00:00,7,33,2026-10-05 12:00:00,7 days 06:00:00,174,26.67,148.45,933.3,110.0,1.8875274113443223,379.8039818918167,414.0466506497826,327.0515184901667,309.9710706852213,197.65386182508595,210.09463052508977,182.5655602275857,170.609386266495,112.97346422388448,117.46460938163978,99.89851127041688,98.50282416970688
2026-09-28 06:00:00,7,33,2026-10-05 18:00:00,7 days 12:00:00,180,28.02,148.55,947.6,101.1,61.98901930513521,423.2231112113199,427.6764416509391,339.85020558784294,349.76791314266194,209.3955582436795,207.52601581760288,168.321518822674,176.79816460912596,104.6097022786888,102.82346831328208,86.02285564125742,88.81417050044331
2026-09-28 06:00:00,7,33,2026-10-06 00:00:00,7 days 18:00:00,186,29.04,149.13,945.3,95.0,60.435656814281465,452.8165888563588,497.5247443185644,399.4592875585555,382.1205355875496,194.6619817335565,205.8254536380244,167.65958920036547,163.23964050653225,80.6707071052166,84.6628844788244,70.24889316134714,69.4845403139654
2026-09-28 06:00:00,7,33,2026-10-06 06:00:00,8 days 00:00:00,192,30.95,150.06,951.4,87.7,63.59193331467163,396.1513821611527,435.3822590400573,351.94737467355566,314.0231908922474,228.1848007615958,246.8618032274944,208.34144812497703,193.71119236858223,119.6129648377107,124.9370588502955,105.95218021505956,102.6312268457398
2026-09-28 06:00:00,7,33,2026-10-06 12:00:00,8 days 06:00:00,198,32.87,151.05,951.9,85.0,73.16800080415314,398.5509621019708,455.0417944281229,355.27371634886595,314.46964563365566,142.34902254964436,159.38873442862854,123.72628410164988,111.06349965042968,43.35643645692022,73.16800080415314,40.46416125102659,36.3925486713961
2026-09-28 06:00:00,7,33,2026-10-06 18:00:00,8 days 12:00:00,204,35.2,152.92,961.3,69.7,42.45832520080048,477.9884311939952,546.577428913941,455.471613752146,399.4624555467735,212.7367201700785,240.48811042014387,201.4186641141136,177.50204697299858,71.19137291141351,84.02814366875208,70.89812954291929,62.87254831694767
2026-09-28 06:00:00,7,33,2026-10-07 00:00:00,8 days 18:00:00,210,38.2,155.73,972.7,55.5,50.66536368548822,278.8681295535356,335.6773742052503,257.34057163493475,213.6545882876947,68.60544517069513,78.61007868239847,55.8213752138528,45.12794601594893,0.0,0.0,0.0,0.0
2026-09-28 06:00:00,7,33,2026-10-07 06:00:00,9 days 00:00:00,216,41.23,158.57,975.5,49.1,140.66312690849907,20.81536309313043,140.66312690849907,23.988529148213168,0.0,0.0,0.0,0.0,0.0,0.0,0.0,0.0,0.0
2026-09-28 06:00:00,7,33,2026-10-07 12:00:00,9 days 06:00:00,222,44.77,160.69,974.6,53.4,184.6985055589679,184.6985055589679,184.6985055589679,5.548056508080748,0.0,184.6985055589679,0.0,0.0,0.0,0.0,0.0,0.0,0.0
2026-09-28 06:00:00,7,33,2026-10-07 18:00:00,9 days 12:00:00,228,49.33,162.62,966.4,43.9,142.84600320625606,17.14618669524006,142.84600320625606,51.64147939486826,1.145494485125866,0.0,0.0,0.0,0.0,0.0,0.0,0.0,0.0
2026-09-28 06:00:00,7,33,2026-10-08 00:00:00,9 days 18:00:00,234,52.76,164.58,971.8,49.6,238.3863599165755,0.0,0.7530370610078876,238.3863599165755,0.0,0.0,0.0,0.0,0.0,0.0,0.0,0.0,0.0
2026-09-28 06:00:00,7,33,2026-10-08 06:00:00,10 days 00:00:00,240,57.03,165.42,960.6,48.3,121.17393633896243,5.954188101704176,121.17393633896243,5.7663510545513645,8.274982214630143,0.0,0.0,0.0,0.0,0.0,0.0,0.0,0.0
2026-09-28 06:00:00,7,33,2026-10-08 12:00:00,10 days 06:00:00,246,58.66,166.36,971.2,43.6,190.8032409649612,190.8032409649612,0.0,0.0,0.0,0.0,0.0,0.0,0.0,0.0,0.0,0.0,0.0
2026-09-28 06:00:00,7,33,2026-10-08 18:00:00,10 days 12:00:00,252,59.49,166.62,971.3,35.9,132.4885248414423,2.529538819768444,9.383234252899175,132.4885248414423,9.807177492775551,0.0,0.0,0.0,0.0,0.0,0.0,0.0,0.0
2026-09-28 06:00:00,7,33,2026-10-09 00:00:00,10 days 18:00:00,258,59.9,167.54,973.8,42.5,91.47923253501304,0.0,2.200299720968161,91.47923253501304,1.1044550088660685,0.0,0.0,0.0,0.0,0.0,0.0,0.0,0.0
2026-09-28 06:00:00,AL062026,33,2026-09-28 06:00:00,0 days 00:00:00,0,28.3,-43.8,1012.0,25.0,56.0,0.0,0.0,0.0,0.0,0.0,0.0,0.0,0.0,0.0,0.0,0.0,0.0
2026-09-28 06:00:00,AL912026(2),33,2026-09-28 06:00:00,0 days 00:00:00,0,36.3,-53.1,1013.0,29.0,148.0,0.0,0.0,0.0,0.0,0.0,0.0,0.0,0.0,0.0,0.0,0.0,0.0
2026-09-28 06:00:00,AL912026(2),33,2026-09-28 12:00:00,0 days 06:00:00,6,36.82,-50.84,1002.6,48.6,71.91026394641344,71.91026394641344,0.7519033054626263,0.0,0.0,0.0,0.0,0.0,0.0,0.0,0.0,0.0,0.0
2026-09-28 06:00:00,AL912026(2),33,2026-09-28 18:00:00,0 days 12:00:00,12,36.94,-48.79,1006.3,38.9,73.30455386375877,5.111928398490363,73.30455386375877,0.0,0.0,0.0,0.0,0.0,0.0,0.0,0.0,0.0,0.0
2026-09-28 06:00:00,EP152026(2),33,2026-09-28 06:00:00,0 days 00:00:00,0,16.4,-160.8,929.0,134.0,28.0,241.0,185.0,148.0,204.0,93.0,74.0,74.0,93.0,56.0,46.0,37.0,46.0
2026-09-28 06:00:00,EP152026(2),33,2026-09-28 12:00:00,0 days 06:00:00,6,16.77,-161.85,952.8,113.8,40.3348665460838,260.6768606052775,193.0300264385261,132.2555643968902,227.87706838264825,70.49932459321673,42.09406112654849,21.567783265045023,55.21966593846369,40.3348665460838,18.426315588017463,11.92186364924239,23.616635293892656
2026-09-28 06:00:00,EP152026(2),33,2026-09-28 18:00:00,0 days 12:00:00,12,17.34,-162.41,949.9,109.6,36.11273533897027,272.3297641389232,230.9072194481016,132.68493220272134,217.28907996308683,148.12623621450723,123.29555198433884,92.96735526419884,124.09999900272054,87.60519887220528,75.85268462892921,60.58171742012756,75.15740091113915
2026-09-28 06:00:00,EP152026(2),33,2026-09-29 00:00:00,0 days 18:00:00,18,18.3,-163.1,949.7,109.8,40.55246479990189,242.7747899370652,208.00604549986565,128.63657765664948,180.55484779583367,85.64025250209755,66.95851755154177,39.76823141148532,62.63762962531735,43.33456250488493,36.097440209838936,27.06693358704281,35.6971598948675
2026-09-28 06:00:00,EP152026(2),33,2026-09-29 06:00:00,1 days 00:00:00,24,19.28,-163.42,953.5,110.8,21.45056878526097,215.96806066105185,160.79710195263002,88.82809362087272,164.4444531900856,119.85975694268252,97.86026533507636,71.0845570181608,99.20097157828162,74.22866063763637,65.43198683490098,51.208084679835935,63.47139119200232
2026-09-28 06:00:00,EP152026(2),33,2026-09-29 12:00:00,1 days 06:00:00,30,20.2,-164.01,967.6,89.9,41.95894865843319,204.21897185057364,178.0547086647777,112.9582790207208,161.77514070114756,80.19760703865222,62.56072331926855,39.478868261424864,59.77633382957466,41.95894865843319,30.697836738801684,22.70902855750612,30.71749954951587
2026-09-28 06:00:00,EP152026(2),33,2026-09-29 18:00:00,1 days 12:00:00,36,21.01,-163.96,971.2,86.1,67.08196840179352,204.7505633255868,196.17039530624567,119.94940221714324,160.41029496336702,125.40422863783206,120.89840053729284,92.38203785862696,99.31651494584187,78.62724146310558,75.17067132919136,62.57564188145776,65.61438971373505
2026-09-28 06:00:00,EP152026(2),33,2026-09-30 00:00:00,1 days 18:00:00,42,21.92,-163.76,979.9,72.4,90.42975590204536,324.6972727732004,305.64530420825184,241.3399491496148,256.2160572099795,90.42975590204536,57.88735247933337,37.73580346639339,46.38507653726771,90.42975590204536,0.0,0.0,0.3622861106661039
2026-09-28 06:00:00,EP152026(2),33,2026-09-30 06:00:00,2 days 00:00:00,48,22.12,-163.88,988.6,61.5,100.83673932182604,100.83673932182604,51.95508558140891,45.97533945578832,44.53677318680744,100.83673932182604,0.0,0.0,0.0,0.0,0.0,0.0,0.0
2026-09-28 06:00:00,EP152026(2),33,2026-09-30 12:00:00,2 days 06:00:00,54,22.36,-163.98,989.5,53.6,130.6369652189972,130.6369652189972,43.66348623476116,29.5048281205266,37.57638478013391,130.6369652189972,0.0,0.0,0.0,0.0,0.0,0.0,0.0
2026-09-28 06:00:00,EP152026(2),33,2026-09-30 18:00:00,2 days 12:00:00,60,22.36,-163.9,992.1,46.6,40.01236609772204,124.65684167578873,108.942258240562,81.73251301570161,91.18012506082636,0.0,0.0,0.0,0.0,0.0,0.0,0.0,0.0
2026-09-28 06:00:00,EP152026(2),33,2026-10-01 00:00:00,2 days 18:00:00,66,22.28,-163.8,988.4,53.3,99.39763450649298,115.54523530447112,97.36628832422684,78.34420314816452,99.39763450649298,0.0,0.0,0.0,99.39763450649298,0.0,0.0,0.0,0.0
2026-09-28 06:00:00,EP152026(2),33,2026-10-01 06:00:00,3 days 00:00:00,72,22.59,-164.03,997.8,41.1,158.25756445765376,158.25756445765376,19.66660437665466,12.80338622944199,24.59365704929788,0.0,0.0,0.0,0.0,0.0,0.0,0.0,0.0
2026-09-28 06:00:00,EP152026(2),33,2026-10-01 12:00:00,3 days 06:00:00,78,22.85,-164.49,995.7,42.7,61.67045700317606,158.27545355657344,125.84798447194072,90.5567053898118,118.36101383408868,0.0,0.0,0.0,0.0,0.0,0.0,0.0,0.0
2026-09-28 06:00:00,EP152026(2),33,2026-10-01 18:00:00,3 days 12:00:00,84,23.44,-165.01,993.5,46.2,93.01809287413602,93.01809287413602,21.42642036827643,8.463025626351723,15.938891204621854,0.0,0.0,0.0,0.0,0.0,0.0,0.0,0.0
2026-09-28 06:00:00,EP152026(2),33,2026-10-02 00:00:00,3 days 18:00:00,90,24.3,-165.76,992.4,45.1,101.75129657689764,167.05822062144384,136.61877628458845,102.32917792509024,133.76082622974295,0.0,0.0,0.0,0.0,0.0,0.0,0.0,0.0
2026-09-28 06:00:00,EP152026(2),33,2026-10-02 06:00:00,4 days 00:00:00,96,24.72,-166.25,988.9,48.4,163.90282920216703,197.25476943779935,175.06273313543318,137.50435024756018,153.1187386030407,0.0,0.0,0.0,0.0,0.0,0.0,0.0,0.0
2026-09-28 06:00:00,EP152026(2),33,2026-10-02 12:00:00,4 days 06:00:00,102,24.87,-166.82,993.9,42.1,154.62815973607545,154.62815973607545,2.9200644679111214,5.706970869779718,7.883183176372703,0.0,0.0,0.0,0.0,0.0,0.0,0.0,0.0
2026-09-28 06:00:00,EP152026(2),33,2026-10-02 18:00:00,4 days 12:00:00,108,24.89,-167.42,991.0,47.5,122.50294369319872,122.50294369319872,9.603459681536275,0.910998328591404,12.196547651262126,0.0,0.0,0.0,0.0,0.0,0.0,0.0,0.0
2026-09-28 06:00:00,EP152026(2),33,2026-10-03 00:00:00,4 days 18:00:00,114,24.68,-167.93,997.8,43.2,116.61486514322658,116.61486514322658,65.76318771493789,51.34602332750275,60.69059102038375,0.0,0.0,0.0,0.0,0.0,0.0,0.0,0.0
2026-09-28 06:00:00,EP152026(2),33,2026-10-03 06:00:00,5 days 00:00:00,120,24.24,-169.02,998.1,34.0,105.44602383552372,0.0,0.0,0.0,0.0,0.0,0.0,0.0,0.0,0.0,0.0,0.0,0.0
2026-09-28 06:00:00,EP152026(2),33,2026-10-03 12:00:00,5 days 06:00:00,126,23.7,-170.59,1000.5,37.2,140.34104015366736,140.34104015366736,51.7462200441792,31.57084933107172,52.53609741085745,0.0,0.0,0.0,0.0,0.0,0.0,0.0,0.0
2026-09-28 06:00:00,EP152026(2),33,2026-10-03 18:00:00,5 days 12:00:00,132,23.57,-171.84,998.6,44.1,94.62884909664106,94.62884909664106,39.26436471936946,28.115061115015543,45.18102253361676,0.0,0.0,0.0,0.0,0.0,0.0,0.0,0.0
2026-09-28 06:00:00,EP152026(2),33,2026-10-04 00:00:00,5 days 18:00:00,138,23.29,-173.69,999.0,38.1,83.7719673723071,116.13680907305132,92.3079005389906,70.0099677826815,89.8514999483908,0.0,0.0,0.0,0.0,0.0,0.0,0.0,0.0
2026-09-28 06:00:00,EP152026(2),33,2026-10-04 06:00:00,6 days 00:00:00,144,23.17,-174.93,999.1,36.6,84.49512638870917,215.5288213518789,188.78426047884452,151.78172169334837,174.63494980774513,0.0,0.0,0.0,0.0,0.0,0.0,0.0,0.0
2026-09-28 06:00:00,EP152026(2),33,2026-10-04 12:00:00,6 days 06:00:00,150,23.48,-176.35,996.4,40.6,126.95945532743508,126.95945532743508,7.3009873694934,2.6707925455661545,13.486021680292556,0.0,0.0,0.0,0.0,0.0,0.0,0.0,0.0
2026-09-28 06:00:00,EP152026(2),33,2026-10-04 18:00:00,6 days 12:00:00,156,23.96,-177.25,999.5,43.2,71.20379881575181,291.3462118729908,242.2863164309101,188.71726409761845,240.197190186504,0.0,0.0,0.0,0.0,0.0,0.0,0.0,0.0
2026-09-28 06:00:00,EP152026(2),33,2026-10-05 00:00:00,6 days 18:00:00,162,24.49,-178.49,998.0,46.0,77.98730250479184,84.40468477431614,53.48193167448085,36.473405963638925,69.1382520660004,0.0,0.0,0.0,0.0,0.0,0.0,0.0,0.0
2026-09-28 06:00:00,EP152026(2),33,2026-10-05 06:00:00,7 days 00:00:00,168,25.11,-179.49,995.7,44.7,89.9645631274299,282.953943543331,224.731119420164,171.42930656215617,225.78787560817688,0.0,0.0,0.0,0.0,0.0,0.0,0.0,0.0
2026-09-28 06:00:00,EP152026(2),33,2026-10-05 12:00:00,7 days 06:00:00,174,25.22,179.17,991.3,56.9,34.62177984631545,79.34710961185911,47.18181591658006,20.48908880393874,52.184822913228615,34.62177984631545,0.0,0.0,0.5048462561424802,0.0,0.0,0.0,0.0
2026-09-28 06:00:00,EP152026(2),33,2026-10-05 18:00:00,7 days 12:00:00,180,25.19,178.63,996.9,49.7,88.03102885935454,88.03102885935454,37.25117950244075,8.699053599517569,48.6057758912867,0.0,0.0,0.0,0.0,0.0,0.0,0.0,0.0
2026-09-28 06:00:00,EP152026(2),33,2026-10-06 00:00:00,7 days 18:00:00,186,25.37,177.18,998.5,49.3,130.94249622785458,130.94249622785458,12.035852510847068,8.728758572477316,11.658338743521284,0.0,0.0,0.0,0.0,0.0,0.0,0.0,0.0
2026-09-28 06:00:00,EP152026(2),33,2026-10-06 06:00:00,8 days 00:00:00,192,25.02,175.7,1001.9,39.3,131.48531216853235,131.48531216853235,16.87313263349273,9.898308574416577,21.99850552319924,0.0,0.0,0.0,0.0,0.0,0.0,0.0,0.0
2026-09-28 06:00:00,EP152026(2),33,2026-10-06 12:00:00,8 days 06:00:00,198,25.2,174.09,1005.3,31.1,187.15914407531244,0.0,0.0,0.0,0.0,0.0,0.0,0.0,0.0,0.0,0.0,0.0,0.0
2026-09-28 06:00:00,EP152026(2),33,2026-10-06 18:00:00,8 days 12:00:00,204,25.06,172.27,1003.9,31.3,84.47214463188169,0.0,0.0,0.0,0.0,0.0,0.0,0.0,0.0,0.0,0.0,0.0,0.0
2026-09-28 06:00:00,EP152026(2),33,2026-10-07 00:00:00,8 days 18:00:00,210,24.82,171.03,1005.6,33.0,81.44998052493722,0.0,0.0,0.0,0.0,0.0,0.0,0.0,0.0,0.0,0.0,0.0,0.0
2026-09-28 06:00:00,EP172026,33,2026-09-28 06:00:00,0 days 00:00:00,0,23.2,-114.0,955.0,105.0,28.0,167.0,148.0,148.0,148.0,102.0,93.0,83.0,83.0,65.0,65.0,65.0,65.0
2026-09-28 06:00:00,EP172026,33,2026-09-28 12:00:00,0 days 06:00:00,6,24.02,-113.77,952.5,107.9,22.683756660439688,138.14983955572146,176.741753436392,109.82093212549748,87.31585788502193,66.50762362520535,66.17578230537606,43.168852755992816,47.43039709969178,37.11592168761218,33.67354268246976,25.508744972431423,29.4565429828876
2026-09-28 06:00:00,EP172026,33,2026-09-28 18:00:00,0 days 12:00:00,12,24.53,-113.55,964.7,90.0,4.295614351872839,109.65496799802196,134.75729880115438,77.3230992638732,74.06563168586425,40.93251115945274,37.79903532060397,23.748642764041207,25.247138138610524,24.18823461724165,22.102148132800476,16.61001798841325,19.475521912591557
2026-09-28 06:00:00,EP172026,33,2026-09-29 00:00:00,0 days 18:00:00,18,25.3,-113.07,974.9,80.5,36.15377596787667,122.20482588585752,164.64181814896278,118.3180714685696,92.7384608990062,64.96881990629535,67.47241310737138,48.16035149417144,48.95676287725155,36.15377596787667,30.889572371010644,24.042209289272165,26.208194139242774
2026-09-28 06:00:00,EP172026,33,2026-09-29 06:00:00,1 days 00:00:00,24,26.0,-112.35,982.7,62.4,37.23611871958614,257.1116348048642,264.9964483844136,200.0413968098798,211.36902471414385,48.78208073380605,42.1223001153362,26.933684500775016,29.846540554832224,0.0,0.0,0.0,0.0
2026-09-28 06:00:00,EP172026,33,2026-09-29 12:00:00,1 days 06:00:00,30,27.25,-111.17,982.9,55.5,30.523351764771743,135.30145046685288,152.61797419381696,107.2661822524767,95.88659216937305,9.212005200515051,30.523351764771743,4.230079571689048,2.3755267487389338,0.0,0.0,0.0,0.0
2026-09-28 06:00:00,EP172026,33,2026-09-29 18:00:00,1 days 12:00:00,36,29.01,-109.46,997.0,29.8,49.40995061845159,0.0,0.0,0.0,0.0,0.0,0.0,0.0,0.0,0.0,0.0,0.0,0.0
2026-09-28 06:00:00,EP182026,33,2026-09-28 06:00:00,0 days 00:00:00,0,13.2,-100.0,1001.0,41.0,93.0,222.0,185.0,148.0,222.0,0.0,0.0,0.0,0.0,0.0,0.0,0.0,0.0
2026-09-28 06:00:00,EP182026,33,2026-09-28 12:00:00,0 days 06:00:00,6,13.3,-100.68,993.1,51.8,83.82303233784044,85.19961184515935,63.68570208531203,37.31703895252882,58.6274841438879,83.82303233784044,0.0,0.0,0.5086755533661158,0.0,0.0,0.0,0.0
2026-09-28 06:00:00,EP182026,33,2026-09-28 18:00:00,0 days 12:00:00,12,13.45,-101.97,992.4,49.8,33.62275371193448,197.26307448300645,179.83208605965842,134.7231443668386,164.40970736648387,0.0,0.0,0.0,0.0,0.0,0.0,0.0,0.0
2026-09-28 06:00:00,EP182026,33,2026-09-29 00:00:00,0 days 18:00:00,18,13.83,-102.91,993.2,50.9,46.04104283305407,243.87401248952636,219.0365857155452,182.5294999144756,209.44948780632296,55.86606697983896,44.0901444915465,29.65029076794915,41.45278975289317,0.0,0.0,0.0,0.0
2026-09-28 06:00:00,EP182026,33,2026-09-29 06:00:00,1 days 00:00:00,24,14.7,-103.82,988.8,65.0,45.92939297920856,219.28198317680472,184.055811383754,141.7547784573694,177.5860235506077,45.92939297920856,29.079318242676397,17.650047460894,28.521234050159748,45.92939297920856,0.0,0.0,0.0
2026-09-28 06:00:00,EP182026,33,2026-09-29 12:00:00,1 days 06:00:00,30,15.04,-104.91,988.0,58.2,36.93242678210035,205.26909937778944,176.61980671730635,130.9349753255643,166.91374704075542,40.103131151727446,28.95659567381442,16.444127426152036,28.24221027185555,0.0,0.0,0.0,0.0
2026-09-28 06:00:00,EP182026,33,2026-09-29 18:00:00,1 days 12:00:00,36,15.81,-105.84,987.1,71.2,38.85930573389464,213.22257785006195,190.06180832628704,141.83545355797924,177.9078828490815,46.600683548294114,35.3354143933924,20.08953988996149,32.13465727136452,38.85930573389464,1.0452411493494012,0.0,1.3867900894548626
2026-09-28 06:00:00,EP182026,33,2026-09-30 00:00:00,1 days 18:00:00,42,16.69,-106.66,984.4,69.2,32.701349291856424,193.2786243579812,176.97964901408702,123.94243639121936,158.1865542922053,74.98302325302903,59.90378474705581,39.36486549645434,56.568825153994965,32.701349291856424,17.770944806631494,12.39468458922791,17.501090354091826
2026-09-28 06:00:00,EP182026,33,2026-09-30 06:00:00,2 days 00:00:00,48,17.52,-107.15,984.7,66.2,31.67564469492928,268.0775591514272,229.63279365465075,162.84757300536268,198.91422168363096,61.09056089300518,47.15607845904222,27.98306654362329,43.14538756590781,31.67564469492928,0.1312814531074719,0.0,0.0
2026-09-28 06:00:00,EP182026,33,2026-09-30 12:00:00,2 days 06:00:00,54,18.16,-107.95,972.2,86.8,24.42098621067685,187.55202940294944,151.4582384651656,104.84121866540472,148.03257264268868,102.44101952585892,81.27235381792069,62.37514383215131,84.09325347831428,44.1398781062304,38.06283672276888,29.02178831882126,37.9096937654892
2026-09-28 06:00:00,EP182026,33,2026-09-30 18:00:00,2 days 12:00:00,60,18.5,-108.61,965.1,82.4,24.267162681724194,159.15878383234028,139.95023633337337,112.39482858699802,132.84707826333977,68.51101419088835,55.24988730172694,40.05232255167802,56.63786972472137,33.60790027863995,29.0769345231446,21.4878059155561,28.78658531755031
2026-09-28 06:00:00,EP182026,33,2026-10-01 00:00:00,2 days 18:00:00,66,18.99,-108.81,971.8,73.1,20.650462256479244,159.2491356855262,130.7160839313109,94.66157405706218,133.0712106520582,113.40430046977372,92.7989340732144,70.22396506085929,91.96596426523416,57.31414760823418,50.00791156927048,38.50346059347055,49.183615932357725
2026-09-28 06:00:00,EP182026,33,2026-10-01 06:00:00,3 days 00:00:00,72,19.38,-108.9,968.8,84.5,48.9139745842293,134.73164277411362,114.94956700077849,111.46114178463633,126.32183477403996,113.99253085213532,97.41705373676818,83.84214280935244,101.30629264685712,67.01392150301432,58.74975227195956,48.38547439241231,58.027560643729686
2026-09-28 06:00:00,EP182026,33,2026-10-01 12:00:00,3 days 06:00:00,78,19.6,-109.3,970.9,82.1,18.45599128280655,122.4852014717239,107.6016432310266,90.97743473869158,111.44791935879196,95.0290903743036,80.14893313541005,62.69747756112816,77.83035481844587,50.72883121675753,43.95159767309352,34.537606799091186,42.87876624044341
2026-09-28 06:00:00,EP182026,33,2026-10-01 18:00:00,3 days 12:00:00,84,19.82,-109.61,985.8,65.7,39.62393106492276,176.13849604438812,168.50733994032538,124.78185063887656,142.4965124486121,77.46565562399297,67.64161983321151,51.54109235104838,63.24471224732488,39.62393106492276,30.133049743417025,23.560325416104675,28.366048886399227
2026-09-28 06:00:00,EP182026,33,2026-10-02 00:00:00,3 days 18:00:00,90,19.91,-109.61,987.3,61.1,47.08184923153512,190.05153995524367,194.3449221025216,157.5763594712306,163.66450749963076,57.86101514274584,50.298441712461965,36.29288866762554,44.79747321182669,0.0,0.0,0.0,0.0
2026-09-28 06:00:00,EP182026,33,2026-10-02 06:00:00,4 days 00:00:00,96,20.33,-110.13,980.0,74.7,47.03512318971606,258.2642296731934,247.9293447687325,194.41195911726615,205.40864134671244,73.4798087109452,64.62266475313206,45.18319313528559,53.20712584581682,47.03512318971606,8.5426242674411,5.828709168830765,8.586651018601964
2026-09-28 06:00:00,EP182026,33,2026-10-02 12:00:00,4 days 06:00:00,102,19.87,-110.08,979.8,74.2,47.60635430893743,149.60992127803596,157.16551969685474,128.6051319873119,140.22271903459236,78.24567869860343,73.74471748838981,60.43634882937158,68.603373685477,47.60635430893743,30.36977823784884,24.04771392159645,29.018021143106964
2026-09-28 06:00:00,EP182026,33,2026-10-02 18:00:00,4 days 12:00:00,108,20.29,-109.82,989.4,54.0,34.368320998098994,179.94487699262731,179.06766083892148,134.52002657099115,140.8685812393163,34.368320998098994,28.553392989801463,15.263090175120947,18.25553830609616,0.0,0.0,0.0,0.0
2026-09-28 06:00:00,EP182026,33,2026-10-03 00:00:00,4 days 18:00:00,114,20.37,-109.82,985.6,57.0,37.695297227123554,175.82317268982797,165.86448637237922,136.01799364570977,146.6059328403616,40.43147957430912,36.927654665543486,24.37548050616509,30.0165480252774,0.0,0.0,0.0,0.0
2026-09-28 06:00:00,EP182026,33,2026-10-03 06:00:00,5 days 00:00:00,120,20.57,-110.27,973.1,75.2,15.499113986109776,132.12308125074674,103.90868932192372,91.90894613355432,119.39285089567468,88.13530372619243,74.03279031908593,60.3675588295021,77.50915499949036,47.16927590255702,41.19319170059707,32.56134284552243,40.94960703592838
2026-09-28 06:00:00,EP182026,33,2026-10-03 12:00:00,5 days 06:00:00,126,20.41,-110.52,985.2,66.8,21.624100986119533,152.1019074828897,147.569013225741,120.15823709116066,141.81722007774442,37.8389331701278,32.55540265123916,20.268423284078917,29.47608227217946,21.624100986119533,4.530877204956153,2.30894172982536,3.8219765124609295
2026-09-28 06:00:00,EP182026,33,2026-10-03 18:00:00,5 days 12:00:00,132,20.27,-110.54,966.2,86.0,23.63268161729458,159.4277237986275,143.15605540363106,116.27261949958836,161.73927614486314,66.96225892023448,53.32056852204634,40.98824814629335,59.9812888797603,30.573788723568946,25.45921006934889,20.283745645979742,26.012465065965515
2026-09-28 06:00:00,EP182026,33,2026-10-04 00:00:00,5 days 18:00:00,138,20.09,-110.54,961.0,92.2,33.30262849262337,117.12363601916564,112.17707583495128,95.47157825342964,101.8430001242383,47.48871757004042,42.29120453040798,33.60350535548284,40.25788795964996,33.30262849262337,29.367843517995368,23.56299410634294,27.51963981279081
2026-09-28 06:00:00,EP182026,33,2026-10-04 06:00:00,6 days 00:00:00,144,19.9,-110.78,953.2,102.0,44.48910561977453,212.95731871301948,186.24474413608192,161.28364600647907,206.27438448132096,62.13019044126162,43.99234059135041,36.534770422399845,58.10236938288269,44.48910561977453,31.01976935356259,25.76224430463045,33.48339863710673
2026-09-28 06:00:00,EP182026,33,2026-10-04 12:00:00,6 days 06:00:00,150,19.96,-110.99,960.3,94.6,21.714442874822453,147.72734780819883,139.9181904273646,100.7479818257907,125.89074749250904,45.15655351106943,37.45977053198476,25.05004221900799,39.88919418268779,23.104073026961714,19.102938616495067,14.560143883232286,19.009080731921586
2026-09-28 06:00:00,EP182026,33,2026-10-04 18:00:00,6 days 12:00:00,156,19.99,-111.48,949.8,104.8,0.0,141.03088553404456,124.49051441515944,79.00801189291451,137.98341267984614,36.61966172388853,19.08626883808424,13.45213697949628,34.37590489676247,25.89258455311684,19.08626883808424,13.45213697949628,22.24722791585731
2026-09-28 06:00:00,EP182026,33,2026-10-05 00:00:00,6 days 18:00:00,162,19.97,-112.01,968.7,78.6,20.4865244294258,210.28398172482804,190.99412311929237,173.29871241035312,198.95153324016064,24.39928597779972,11.16473383063368,5.642404337573064,19.872688170336488,20.4865244294258,0.0,0.0,0.0
2026-09-28 06:00:00,EP182026,33,2026-10-05 06:00:00,7 days 00:00:00,168,19.98,-112.76,976.5,78.4,27.36847692452512,194.32057659267437,176.09521919187642,135.98937212783306,152.86969733411317,27.36847692452512,17.919392616835967,7.004736257965697,17.48583253996756,27.36847692452512,0.0,0.0,0.0
2026-09-28 06:00:00,EP182026,33,2026-10-05 12:00:00,7 days 06:00:00,174,20.29,-113.4,976.2,79.8,28.445354195041546,182.73331041682968,163.55810001984582,127.99402219961758,172.24171723910968,68.50118628751238,49.583257649980055,34.86043482369632,56.15386191550033,28.445354195041546,19.755346969046883,14.360147077471424,21.53341893780447
2026-09-28 06:00:00,EP182026,33,2026-10-05 18:00:00,7 days 12:00:00,180,20.27,-114.19,974.1,80.8,39.55610856593921,141.24181400861198,98.54193938894412,75.53127227272569,140.1465008933178,92.56490288966891,69.19224076718024,55.291619350836186,84.26623149069917,51.68802411759674,43.624272639956416,34.15356828412246,44.97675054462343
2026-09-28 06:00:00,EP182026,33,2026-10-06 00:00:00,7 days 18:00:00,186,20.31,-115.12,965.4,87.1,32.059116727434315,199.0296660279458,168.01594845421732,122.44981087385504,171.43850522551128,74.08494718116992,57.2706231958887,39.10631231857117,58.40792282644598,32.059116727434315,25.50522029419304,18.679245410472568,26.67046785750191
2026-09-28 06:00:00,EP182026,33,2026-10-06 06:00:00,8 days 00:00:00,192,20.16,-115.64,978.0,74.8,29.310123040921304,173.2895534403664,144.48420139172788,117.67611318388074,158.85801627756837,32.93799645281029,18.417934415644915,9.61286384794522,25.547822772314127,29.310123040921304,1.3726368183019333,0.0,3.1202271211063897
2026-09-28 06:00:00,EP182026,33,2026-10-06 12:00:00,8 days 06:00:00,198,20.47,-116.2,980.0,76.8,29.50949009535696,205.55019834505973,179.51475151217647,113.17194807858212,158.70032881911118,69.92065359736374,53.91666195810728,30.95244116632425,52.81384101268468,29.50949009535696,18.580841942096928,11.555199020845818,18.8357316027249
2026-09-28 06:00:00,EP182026,33,2026-10-06 18:00:00,8 days 12:00:00,204,20.07,-116.56,984.4,62.2,28.137732244893414,165.7410438552688,149.5396006376286,130.5465394302555,150.93817158583988,62.8529454566542,54.34558960459617,40.93802205541215,51.81969866858708,0.0,0.0,0.0,0.0
2026-09-28 06:00:00,EP182026,33,2026-10-07 00:00:00,8 days 18:00:00,210,20.08,-117.39,989.5,60.3,44.899897738527855,195.28901499714104,171.8875060493596,142.2264905523714,177.43987399784044,44.899897738527855,24.74353112903298,15.9036200333648,24.38665983572471,0.0,0.0,0.0,0.0
2026-09-28 06:00:00,EP182026,33,2026-10-07 06:00:00,9 days 00:00:00,216,20.03,-118.6,983.5,64.9,53.50582295475784,116.5874845977131,83.54252927698523,57.59422761377689,87.52523469507703,53.50582295475784,53.50582295475784,0.3115447072706465,0.3007158289107483,0.0655246980783195,53.50582295475784,0.3115447072706465,0.0
2026-09-28 06:00:00,EP182026,33,2026-10-07 12:00:00,9 days 06:00:00,222,20.09,-119.09,980.6,66.3,17.275499543144548,151.83578688409085,123.43702888746624,99.78700629435647,139.87838534504854,56.86249325111679,41.7532166375451,29.1809816509548,47.8428705096361,17.512255450800872,14.130318404120818,10.05585471164459,15.153074167615673
2026-09-28 06:00:00,EP182026,33,2026-10-07 18:00:00,9 days 12:00:00,228,20.17,-119.86,987.2,63.3,30.618344695339545,164.0920551160154,123.10784629296822,94.97825612921994,141.2323025703766,51.08643579424264,36.418062911359314,24.586633068798665,41.30613660454421,0.0,0.0,0.0,0.0
2026-09-28 06:00:00,EP182026,33,2026-10-08 00:00:00,9 days 18:00:00,234,20.03,-120.46,983.9,66.9,31.55720199845872,136.34636510653473,107.35780230319348,89.40505374080485,124.87957329290045,51.23455603711504,39.442749274514064,29.06617987338785,43.08102125095279,31.55720199845872,15.524690400747922,12.3682288962016,16.22165754469068
2026-09-28 06:00:00,EP182026,33,2026-10-08 06:00:00,10 days 00:00:00,240,19.65,-121.2,977.0,81.3,25.20452695660834,132.69530262413477,99.27387440494536,99.27938838163088,136.66435502135943,44.03302649346713,31.17795574966944,26.09086057706508,41.37374452374232,25.20452695660834,16.874635553752064,13.089702727577569,18.135524864244672
2026-09-28 06:00:00,EP182026,33,2026-10-08 12:00:00,10 days 06:00:00,246,19.43,-121.7,990.9,54.4,47.79959069822156,150.383246345229,130.626053598315,122.0930008292317,145.12647261881318,47.79959069822156,26.444094929185965,18.30780730064618,31.73867991535433,0.0,0.0,0.0,0.0
2026-09-28 06:00:00,EP182026,33,2026-10-08 18:00:00,10 days 12:00:00,252,19.13,-122.2,988.9,61.9,38.50552662257981,140.04010439221997,115.60683052528732,111.09502080535324,131.28103508589825,38.50552662257981,22.75820612010913,16.242042426079646,27.51814121968748,0.0,0.0,0.0,0.0
2026-09-28 06:00:00,EP182026,33,2026-10-09 00:00:00,10 days 18:00:00,258,18.92,-122.81,974.5,74.9,35.724657094774216,169.10777403102736,139.60257952196343,134.05254490607155,170.25198683999793,84.91197060204604,68.8432923831042,57.33594716044959,75.06055214590259,37.76899708574567,32.47891549564969,26.05294552634946,33.22855894448173
2026-09-28 06:00:00,EP182026,33,2026-10-09 06:00:00,11 days 00:00:00,264,18.74,-122.97,972.3,78.8,31.34390780517612,196.22596823624417,178.34083478039065,146.7759663751125,181.0873533858678,90.63851736224136,74.89549934491856,59.254123312438594,79.54647572192789,37.85675138242556,32.53681830410744,25.556793837235404,32.67281214035191
2026-09-28 06:00:00,EP182026,33,2026-10-09 12:00:00,11 days 06:00:00,270,18.77,-122.97,973.0,78.7,26.598417701594823,108.9046731077092,110.86343696725726,95.53132430166715,106.305221946644,68.0911741554728,63.682960103512414,52.47707067037823,60.43917904751152,39.82729808124577,35.67828967300625,28.31199143151241,33.61116810976728
2026-09-28 06:00:00,EP182026,33,2026-10-09 18:00:00,11 days 12:00:00,276,18.89,-122.73,979.7,69.5,31.950342720588733,103.29058190743366,101.56678915673292,92.06903382818982,84.77388513846444,53.98342477522129,52.3586368582923,43.577039516580605,47.44785271897996,31.950342720588733,27.773967451921624,22.09024969525069,24.973811719641613
2026-09-28 06:00:00,EP182026,33,2026-10-10 00:00:00,11 days 18:00:00,282,19.58,-122.48,981.0,70.6,35.349627434915746,141.82794636845455,124.61595333626684,89.44769500407693,105.25040565897616,84.09131181469832,75.03157026781585,57.27661394628747,66.76500976941051,39.75591544329531,35.99024412659945,28.24654534770752,33.6096769854511
2026-09-28 06:00:00,EP182026,33,2026-10-10 06:00:00,12 days 00:00:00,288,20.2,-121.47,987.0,66.8,47.89924543305096,160.62717816987424,182.6020278877404,128.9937026317093,126.42768767628876,66.03108588127634,64.77788457851238,46.316206883964696,49.67537608913153,47.89924543305096,21.29372595536597,16.0041912180061,18.69267043422269
2026-09-28 06:00:00,EP182026,33,2026-10-10 12:00:00,12 days 06:00:00,294,21.61,-120.72,974.7,77.3,28.99904374368601,177.1002336448847,190.78464779632947,126.80799828960464,123.44132745891584,96.42515480370665,93.75793064440283,67.28708332253106,74.7263295994789,47.34751489164,43.59465689976497,33.01468906089353,39.27777613107516
2026-09-28 06:00:00,EP182026,33,2026-10-10 18:00:00,12 days 12:00:00,300,22.87,-119.68,982.8,69.4,22.755044665808555,180.7695404057504,204.78586336159103,145.7218083272005,139.58282178122636,51.95450162204099,51.38816636404317,31.91399046443837,34.40874905885255,22.755044665808555,9.631176483110464,6.086359205142252,7.181656391080047
2026-09-28 06:00:00,EP182026,33,2026-10-11 00:00:00,12 days 18:00:00,306,24.33,-118.77,981.0,68.2,51.7285997825345,151.53675039675682,162.67968774713108,115.78904436565358,108.45969001935464,55.6301263438188,56.63926237214548,38.98356467760863,40.19202040350115,51.7285997825345,14.406394474377592,10.604420096460416,11.96187125726545
2026-09-28 06:00:00,EP182026,33,2026-10-11 06:00:00,13 days 00:00:00,312,25.83,-117.69,984.4,65.6,40.67975285636169,195.26818256180127,197.037924574951,142.4222342983742,145.26605679557406,43.8664793752272,43.47168257186587,26.054751662262586,28.31128050630862,0.0,40.67975285636169,0.0,0.0
2026-09-28 06:00:00,EP182026,33,2026-10-11 12:00:00,13 days 06:00:00,318,27.3,-116.38,986.4,59.6,20.6728290301459,197.59950885284917,194.85899113327133,133.8278964423203,135.66400473189287,39.49954737195743,39.16241899664193,22.13307840057736,23.8285004008886,0.0,0.0,0.0,0.0
2026-09-28 06:00:00,EP182026,33,2026-10-11 18:00:00,13 days 12:00:00,324,28.27,-115.36,990.3,47.1,82.52526399935073,82.52526399935073,15.241629520225398,1.7768782886897243,0.0,0.0,0.0,0.0,0.0,0.0,0.0,0.0,0.0
2026-09-28 06:00:00,EP182026,33,2026-10-12 00:00:00,13 days 18:00:00,330,29.61,-113.68,1004.2,41.1,76.05254403164163,160.44250261546213,156.53706595957308,113.47239643700873,120.0596960388408,0.0,0.0,0.0,0.0,0.0,0.0,0.0,0.0
2026-09-28 06:00:00,EP182026,33,2026-10-12 06:00:00,14 days 00:00:00,336,31.04,-112.86,1006.0,17.5,99.22823256673672,0.0,0.0,0.0,0.0,0.0,0.0,0.0,0.0,0.0,0.0,0.0,0.0
2026-09-28 06:00:00,EP912026(3),33,2026-09-28 06:00:00,0 days 00:00:00,0,12.7,-136.6,1005.0,29.0,93.0,0.0,0.0,0.0,0.0,0.0,0.0,0.0,0.0,0.0,0.0,0.0,0.0
2026-09-28 06:00:00,WP252026,33,2026-09-28 06:00:00,0 days 00:00:00,0,27.5,131.6,954.0,99.0,9.0,148.0,158.0,148.0,121.0,,,,,,,,
2026-09-28 06:00:00,WP252026,33,2026-09-28 12:00:00,0 days 06:00:00,6,27.17,132.42,984.1,69.5,38.41949392471205,152.3049235202849,166.2322747864,136.4054680167038,125.06948341587793,40.59160341702052,41.3615137410544,27.18138654227213,29.60059802011356,6.305250487877475,38.41949392471205,4.821325599711949,4.029219454539948
2026-09-28 06:00:00,WP252026,33,2026-09-28 18:00:00,0 days 12:00:00,12,27.72,133.24,982.5,74.4,33.26094127568997,147.53817631289826,176.0299271257059,151.32069436670025,113.20923885501549,63.65015013827749,72.15575246264353,57.42781902937429,52.978455735481845,33.26094127568997,25.55600340395238,20.074529224494697,21.15970317959245
2026-09-28 06:00:00,WP252026,33,2026-09-29 00:00:00,0 days 18:00:00,18,28.38,133.9,992.3,46.9,68.3576219964342,113.26321013217472,107.07188870642553,65.62248280870244,69.61988095067836,0.0,0.0,0.0,0.0,0.0,0.0,0.0,0.0
2026-09-28 06:00:00,WP252026,33,2026-09-29 06:00:00,1 days 00:00:00,24,28.86,134.68,993.9,40.3,57.28991735721048,29.657205614095112,57.28991735721048,26.72343603345841,13.9292813665722,0.0,0.0,0.0,0.0,0.0,0.0,0.0,0.0
2026-09-28 06:00:00,WP252026,33,2026-09-29 12:00:00,1 days 06:00:00,30,29.32,135.53,997.7,37.9,127.6905883323588,127.6905883323588,21.906780967198337,7.682478894430184,12.162543736730797,0.0,0.0,0.0,0.0,0.0,0.0,0.0,0.0
2026-09-28 06:00:00,WP252026,33,2026-09-29 18:00:00,1 days 12:00:00,36,29.84,136.33,1001.7,34.1,31.407356084454698,53.01032866728556,54.20585549160577,40.54662390727984,41.59836237158865,0.0,0.0,0.0,0.0,0.0,0.0,0.0,0.0
2026-09-28 06:00:00,WP252026,33,2026-09-30 00:00:00,1 days 18:00:00,42,30.45,137.34,994.3,40.0,129.73138257997175,16.877226686439087,129.73138257997175,12.331081322167025,8.723628902419193,0.0,0.0,0.0,0.0,0.0,0.0,0.0,0.0
2026-09-28 06:00:00,WP252026,33,2026-09-30 06:00:00,2 days 00:00:00,48,31.47,137.97,991.9,43.5,108.151305062368,108.151305062368,14.077664609506058,3.971608829679504,11.646648608762709,0.0,0.0,0.0,0.0,0.0,0.0,0.0,0.0
2026-09-28 06:00:00,WP252026,33,2026-09-30 12:00:00,2 days 06:00:00,54,32.47,139.87,995.5,38.7,94.22432886615942,94.22432886615942,70.5304996837337,37.21116945230247,48.96125484543984,0.0,0.0,0.0,0.0,0.0,0.0,0.0,0.0
2026-09-28 06:00:00,WP252026,33,2026-09-30 18:00:00,2 days 12:00:00,60,33.44,140.57,997.2,40.0,55.10730246054485,13.704536344883822,55.10730246054485,15.264506429972556,2.7012615535637394,0.0,0.0,0.0,0.0,0.0,0.0,0.0,0.0
2026-09-28 06:00:00,WP252026,33,2026-10-01 00:00:00,2 days 18:00:00,66,34.04,141.98,996.4,34.5,87.43112833782465,87.43112833782465,20.42186734283446,4.057337375724202,9.038859508253765,0.0,0.0,0.0,0.0,0.0,0.0,0.0,0.0
2026-09-28 06:00:00,WP252026,33,2026-10-01 06:00:00,3 days 00:00:00,72,35.11,143.71,999.9,26.3,167.5292942217162,0.0,0.0,0.0,0.0,0.0,0.0,0.0,0.0,0.0,0.0,0.0,0.0
2026-09-28 06:00:00,WP252026,33,2026-10-01 12:00:00,3 days 06:00:00,78,36.25,146.2,991.7,44.8,96.89501795879688,96.89501795879688,18.12557598755232,14.648320557352363,0.9982177572412958,0.0,0.0,0.0,0.0,0.0,0.0,0.0,0.0
2026-09-28 06:00:00,WP252026,33,2026-10-01 18:00:00,3 days 12:00:00,84,37.78,150.06,993.7,31.4,70.31348415412583,0.0,0.0,0.0,0.0,0.0,0.0,0.0,0.0,0.0,0.0,0.0,0.0
2026-09-28 06:00:00,WP922026(4),33,2026-09-28 06:00:00,0 days 00:00:00,0,16.4,97.6,1001.0,29.0,64.0,0.0,0.0,0.0,0.0,0.0,0.0,0.0,0.0,0.0,0.0,0.0,0.0
2026-09-28 06:00:00,19,34,2026-10-07 06:00:00,9 days 00:00:00,216,12.5,-93.37,1003.2,24.6,78.57184966673724,0.0,0.0,0.0,0.0,0.0,0.0,0.0,0.0,0.0,0.0,0.0,0.0
2026-09-28 06:00:00,19,34,2026-10-07 12:00:00,9 days 06:00:00,222,11.99,-93.55,1000.4,30.8,101.36286710067426,0.0,0.0,0.0,0.0,0.0,0.0,0.0,0.0,0.0,0.0,0.0,0.0
2026-09-28 06:00:00,19,34,2026-10-07 18:00:00,9 days 12:00:00,228,11.42,-94.15,1001.6,32.5,57.27685569210889,0.0,0.0,0.0,0.0,0.0,0.0,0.0,0.0,0.0,0.0,0.0,0.0
2026-09-28 06:00:00,19,34,2026-10-08 00:00:00,9 days 18:00:00,234,11.58,-94.52,998.2,36.7,58.52294606438129,58.52294606438129,8.147632037643273,0.0,3.455629880378833,0.0,0.0,0.0,0.0,0.0,0.0,0.0,0.0
2026-09-28 06:00:00,19,34,2026-10-08 06:00:00,10 days 00:00:00,240,11.35,-93.84,999.7,36.5,75.73921585976302,75.73921585976302,35.12699148811001,24.666942837628483,27.58392392402527,0.0,0.0,0.0,0.0,0.0,0.0,0.0,0.0
2026-09-28 06:00:00,19,34,2026-10-08 12:00:00,10 days 06:00:00,246,11.6,-93.18,999.8,36.4,59.42175162484352,5.443669675055872,59.42175162484352,5.0550863344553,2.5265036211426946,0.0,0.0,0.0,0.0,0.0,0.0,0.0,0.0
2026-09-28 06:00:00,19,34,2026-10-08 18:00:00,10 days 12:00:00,252,11.58,-92.87,999.4,42.4,54.28645591578335,7.040602066320822,54.28645591578335,1.637625164951757,0.0,0.0,0.0,0.0,0.0,0.0,0.0,0.0,0.0
2026-09-28 06:00:00,19,34,2026-10-09 00:00:00,10 days 18:00:00,258,12.47,-92.77,995.7,47.0,66.02908219300053,118.6365115087566,110.07420647089776,65.55125063597433,87.81383565435529,0.0,0.0,0.0,0.0,0.0,0.0,0.0,0.0
2026-09-28 06:00:00,19,34,2026-10-09 06:00:00,11 days 00:00:00,264,13.11,-92.38,996.0,49.2,69.31362156450558,174.13743751992618,165.63439334437447,117.19560205046614,132.17613751958407,0.0,0.0,0.0,0.0,0.0,0.0,0.0,0.0
2026-09-28 06:00:00,19,34,2026-10-09 12:00:00,11 days 06:00:00,270,13.47,-92.24,984.7,63.2,19.14619233327613,106.67030836184388,103.87108564578264,86.76090175722537,87.92127532854002,19.14619233327613,15.150942388521337,8.897953139037192,11.07252091859606,0.0,0.0,0.0,0.0
2026-09-28 06:00:00,19,34,2026-10-09 18:00:00,11 days 12:00:00,276,14.62,-91.88,989.0,60.4,54.2298719083421,115.52487005173646,105.38737374018446,69.13879990337844,78.40427954038711,11.147770896827788,54.2298719083421,7.76198315214606,6.496139088311093,0.0,0.0,0.0,0.0
2026-09-28 06:00:00,19,34,2026-10-10 00:00:00,11 days 18:00:00,282,15.37,-91.26,996.0,46.5,20.812236042874083,101.4332550227913,105.36648360826018,75.45216981066187,73.08938859100931,0.0,0.0,0.0,0.0,0.0,0.0,0.0,0.0
2026-09-28 06:00:00,19,34,2026-10-10 06:00:00,12 days 00:00:00,288,15.72,-91.53,1013.1,31.6,54.71023004311317,0.0,0.0,0.0,0.0,0.0,0.0,0.0,0.0,0.0,0.0,0.0,0.0
2026-09-28 06:00:00,2,34,2026-09-28 18:00:00,0 days 12:00:00,12,15.39,155.3,1007.3,23.9,117.57405910892808,0.0,0.0,0.0,0.0,0.0,0.0,0.0,0.0,0.0,0.0,0.0,0.0
2026-09-28 06:00:00,2,34,2026-09-29 00:00:00,0 days 18:00:00,18,15.08,155.61,1008.3,21.3,132.45085520334644,0.0,0.0,0.0,0.0,0.0,0.0,0.0,0.0,0.0,0.0,0.0,0.0
2026-09-28 06:00:00,2,34,2026-09-29 06:00:00,1 days 00:00:00,24,15.84,155.17,1006.1,20.5,77.84792387814187,0.0,0.0,0.0,0.0,0.0,0.0,0.0,0.0,0.0,0.0,0.0,0.0
2026-09-28 06:00:00,2,34,2026-09-29 12:00:00,1 days 06:00:00,30,16.17,154.34,1009.9,19.5,145.45624707237494,0.0,0.0,0.0,0.0,0.0,0.0,0.0,0.0,0.0,0.0,0.0,0.0
2026-09-28 06:00:00,2,34,2026-09-29 18:00:00,1 days 12:00:00,36,16.16,152.84,1006.5,19.8,64.19582548895724,0.0,0.0,0.0,0.0,0.0,0.0,0.0,0.0,0.0,0.0,0.0,0.0
2026-09-28 06:00:00,2,34,2026-09-30 00:00:00,1 days 18:00:00,42,16.35,151.77,1004.8,20.7,111.3568792210315,0.0,0.0,0.0,0.0,0.0,0.0,0.0,0.0,0.0,0.0,0.0,0.0
2026-09-28 06:00:00,2,34,2026-09-30 06:00:00,2 days 00:00:00,48,16.49,151.53,1006.9,19.9,141.8900329196226,0.0,0.0,0.0,0.0,0.0,0.0,0.0,0.0,0.0,0.0,0.0,0.0
2026-09-28 06:00:00,2,34,2026-09-30 12:00:00,2 days 06:00:00,54,16.14,150.74,1004.6,27.0,123.84084562706458,0.0,0.0,0.0,0.0,0.0,0.0,0.0,0.0,0.0,0.0,0.0,0.0
2026-09-28 06:00:00,2,34,2026-09-30 18:00:00,2 days 12:00:00,60,16.83,149.63,1000.4,29.8,71.14447023987606,0.0,0.0,0.0,0.0,0.0,0.0,0.0,0.0,0.0,0.0,0.0,0.0
2026-09-28 06:00:00,2,34,2026-10-01 00:00:00,2 days 18:00:00,66,17.13,148.58,996.8,29.5,87.91353019935065,0.0,0.0,0.0,0.0,0.0,0.0,0.0,0.0,0.0,0.0,0.0,0.0
2026-09-28 06:00:00,2,34,2026-10-01 06:00:00,3 days 00:00:00,72,17.25,147.12,999.4,34.4,78.22912771831403,0.0,0.0,78.22912771831403,0.0,0.0,0.0,0.0,0.0,0.0,0.0,0.0,0.0
2026-09-28 06:00:00,2,34,2026-10-01 12:00:00,3 days 06:00:00,78,17.45,146.3,993.9,35.5,90.20472307197169,0.0,0.7188180682715668,90.20472307197169,0.0,0.0,0.0,0.0,0.0,0.0,0.0,0.0,0.0
2026-09-28 06:00:00,2,34,2026-10-01 18:00:00,3 days 12:00:00,84,17.16,145.84,994.5,34.3,112.2283075824695,0.0,0.0,112.2283075824695,1.1666691322356757,0.0,0.0,0.0,0.0,0.0,0.0,0.0,0.0
2026-09-28 06:00:00,2,34,2026-10-02 00:00:00,3 days 18:00:00,90,17.3,145.3,995.4,38.5,101.04667590712457,101.04667590712457,9.63717697305151,0.0,3.9534737152964112,0.0,0.0,0.0,0.0,0.0,0.0,0.0,0.0
2026-09-28 06:00:00,2,34,2026-10-02 06:00:00,4 days 00:00:00,96,17.57,145.09,996.7,39.7,89.87377296416017,144.69512510634178,146.4773445425675,116.62302229414333,121.33995047358682,0.0,0.0,0.0,0.0,0.0,0.0,0.0,0.0
2026-09-28 06:00:00,2,34,2026-10-02 12:00:00,4 days 06:00:00,102,17.95,144.98,989.6,43.7,34.50845313321404,0.0,1.038242564259278,34.50845313321404,0.0239013480304493,0.0,0.0,0.0,0.0,0.0,0.0,0.0,0.0
2026-09-28 06:00:00,2,34,2026-10-02 18:00:00,4 days 12:00:00,108,18.34,145.01,987.5,48.9,108.1929271174981,272.8850214414596,267.01773180463726,235.4008499561387,237.52384839094003,0.0,0.0,0.0,0.0,0.0,0.0,0.0,0.0
2026-09-28 06:00:00,2,34,2026-10-03 00:00:00,4 days 18:00:00,114,18.61,145.52,988.7,47.0,106.96042264925484,143.03994749314208,136.38301041645454,102.85397476601084,112.60728516814208,0.0,0.0,0.0,0.0,0.0,0.0,0.0,0.0
2026-09-28 06:00:00,2,34,2026-10-03 06:00:00,5 days 00:00:00,120,19.2,146.13,988.8,51.7,102.96389541532932,405.1360399460629,403.5009981915384,338.2469335645385,337.2326846225168,102.96389541532932,47.33059471411291,34.38770390966597,37.64684462800507,0.0,0.0,0.0,0.0
2026-09-28 06:00:00,2,34,2026-10-03 12:00:00,5 days 06:00:00,126,19.66,146.7,978.1,66.0,63.48405724165597,295.38073581730885,299.2153045077524,250.05035600287607,250.9769000932297,144.06633333998866,137.91249561989562,109.20656982762092,119.75733959142497,22.53904566554822,63.48405724165597,19.322768942222314,19.31234435951317
2026-09-28 06:00:00,2,34,2026-10-03 18:00:00,5 days 12:00:00,132,20.4,147.03,972.1,70.9,48.38055014869755,255.4523949298943,263.0223218098694,212.9087264533485,204.781851813411,58.6156576496542,55.779406442446295,39.46158881524347,46.4975579553159,0.2990895914014104,48.38055014869755,0.0,0.0
2026-09-28 06:00:00,2,34,2026-10-04 00:00:00,5 days 18:00:00,138,20.94,147.77,956.5,96.6,35.56064592741268,315.0689261088228,342.7008092770775,282.9631407270863,268.0696437064944,147.3697678817971,153.5601511446639,134.56257980453847,132.18681302401637,85.51073625122353,88.99914216247362,76.33006457209194,77.1361910345613
2026-09-28 06:00:00,2,34,2026-10-04 06:00:00,6 days 00:00:00,144,22.13,148.15,936.4,114.8,18.88468465159915,338.76029244399723,362.66858371963815,299.56215969769414,281.8791635626308,169.892936123848,170.6138328973732,151.08036714654136,151.8817485396028,101.32145288020465,100.44383677359995,86.59011936835476,89.55062743274846
2026-09-28 06:00:00,2,34,2026-10-04 12:00:00,6 days 06:00:00,150,23.08,148.15,921.2,125.8,15.365317454376452,425.6366852988299,435.008194613009,343.04359418817376,349.52090577904346,210.49563835103845,210.24534890403837,177.4705038515508,183.57978621360144,121.58664016571844,118.9532970703707,100.56262705870438,106.26420589621398
2026-09-28 06:00:00,2,34,2026-10-04 18:00:00,6 days 12:00:00,156,24.28,148.05,917.7,125.0,0.0,455.2380950161029,470.08750159374057,388.7504505693655,389.6313942991225,234.14432461968983,243.80437623199836,208.80899021153132,206.42145964695212,129.3636224463712,129.3852870545713,110.06627141469068,114.64626181527956
2026-09-28 06:00:00,2,34,2026-10-05 00:00:00,6 days 18:00:00,162,25.61,148.21,919.0,131.4,19.72789511633495,458.81258878104825,478.3218118776741,382.17262869511126,398.6083466728484,235.1421047620853,239.1445081628013,204.13155778137357,202.97467088730275,117.60775406295112,115.49845261408656,97.26431413417647,103.67586200743573
2026-09-28 06:00:00,2,34,2026-10-05 06:00:00,7 days 00:00:00,168,27.26,148.38,930.2,115.6,14.27033135923012,450.2110464204857,476.9120215643602,394.3438359530855,386.8425243943594,232.7200853823313,238.3666244341707,206.7001314337845,205.1834738992125,129.75033378135072,129.330951324172,109.34899516377476,114.39747649633782
2026-09-28 06:00:00,2,34,2026-10-05 12:00:00,7 days 06:00:00,174,28.87,148.78,932.0,106.8,12.866692187794996,480.1092592863647,513.8839833331285,422.18548565284345,401.4400543328613,253.0009966686401,263.9391997509389,225.0841235281639,219.1511346344746,147.88063819767672,149.44205593036162,126.832783441773,130.8264262310169
2026-09-28 06:00:00,2,34,2026-10-05 18:00:00,7 days 12:00:00,180,30.83,149.39,940.5,98.5,37.078956265355,456.05957712378,484.3127458540314,402.4064205027139,381.25362828729976,230.6058527053764,247.65196304143356,213.12044321857115,203.13185926536897,126.27416752088702,130.14311725042876,109.5715534289161,110.97840188118413
2026-09-28 06:00:00,2,34,2026-10-06 00:00:00,7 days 18:00:00,186,32.79,150.57,954.4,81.2,46.058453838635245,491.03317775870687,532.3332046504554,429.7890398131924,418.767966198192,286.4926292243248,306.1791351602095,264.2593578574041,254.20003280407175,143.41944550076624,148.47990677752185,124.05862150053534,126.47610137208775
2026-09-28 06:00:00,2,34,2026-10-06 06:00:00,8 days 00:00:00,192,35.1,152.21,967.4,68.0,75.53397417026981,544.2636077705099,601.1770805195417,491.4001372256001,463.92699454996216,284.70857524284315,315.7965226429178,267.9789386615581,250.86859730336704,102.55184934772667,112.06078256962915,91.61413406093747,90.38533193658644
2026-09-28 06:00:00,2,34,2026-10-06 12:00:00,8 days 06:00:00,198,37.37,154.49,970.8,60.1,141.9001763808642,542.60212269984,566.6089442046559,464.5173620512778,464.18399254229007,217.39645090580825,223.46032397285944,176.51438751568958,182.8304664808288,0.0,0.0,0.0,0.0
2026-09-28 06:00:00,2,34,2026-10-06 18:00:00,8 days 12:00:00,204,39.39,156.32,968.4,66.3,106.2637126026555,320.45313904995,369.568795495773,295.2942095390112,257.75691502235514,52.9138422182404,106.2637126026555,40.36610994982628,39.52344798447347,0.2125330025883745,106.2637126026555,0.0,0.0
2026-09-28 06:00:00,2,34,2026-10-07 00:00:00,8 days 18:00:00,210,41.21,158.59,980.2,53.7,109.63738600935176,29.43088890248237,109.63738600935176,26.21678288998862,8.833189463302801,9.418339738960412,109.63738600935176,5.857956661993597,3.2745138731270917,0.0,0.0,0.0,0.0
2026-09-28 06:00:00,2,34,2026-10-07 06:00:00,9 days 00:00:00,216,43.38,159.68,985.4,36.3,107.59853276419392,13.776871376297407,107.59853276419392,0.0,4.3313486574015485,0.0,0.0,0.0,0.0,0.0,0.0,0.0,0.0
2026-09-28 06:00:00,2,34,2026-10-07 12:00:00,9 days 06:00:00,222,45.38,160.33,980.8,43.6,130.41550718583017,0.0,130.41550718583017,0.0,0.0,0.0,0.0,0.0,0.0,0.0,0.0,0.0,0.0
2026-09-28 06:00:00,2,34,2026-10-07 18:00:00,9 days 12:00:00,228,47.33,162.36,987.8,33.9,125.39800349924312,0.0,0.0,0.0,0.0,0.0,0.0,0.0,0.0,0.0,0.0,0.0,0.0
2026-09-28 06:00:00,2,34,2026-10-08 00:00:00,9 days 18:00:00,234,50.0,163.48,987.4,40.8,103.88825489975056,6.618572818444648,103.88825489975056,0.0,0.0,0.0,0.0,0.0,0.0,0.0,0.0,0.0,0.0
2026-09-28 06:00:00,2,34,2026-10-08 06:00:00,10 days 00:00:00,240,51.93,168.72,988.6,38.9,166.87402302287063,0.0,166.87402302287063,0.0,0.0,0.0,0.0,0.0,0.0,0.0,0.0,0.0,0.0
2026-09-28 06:00:00,AL062026,34,2026-09-28 06:00:00,0 days 00:00:00,0,28.3,-43.8,1012.0,25.0,56.0,0.0,0.0,0.0,0.0,0.0,0.0,0.0,0.0,0.0,0.0,0.0,0.0
2026-09-28 06:00:00,AL062026,34,2026-09-28 12:00:00,0 days 06:00:00,6,27.29,-45.25,1010.7,26.8,101.33130963380722,0.0,0.0,0.0,0.0,0.0,0.0,0.0,0.0,0.0,0.0,0.0,0.0
2026-09-28 06:00:00,AL062026,34,2026-09-28 18:00:00,0 days 12:00:00,12,27.37,-44.72,1011.9,24.3,97.2295070974451,0.0,0.0,0.0,0.0,0.0,0.0,0.0,0.0,0.0,0.0,0.0,0.0
2026-09-28 06:00:00,AL062026,34,2026-09-29 00:00:00,0 days 18:00:00,18,26.09,-45.63,1013.1,20.6,133.56480946892407,0.0,0.0,0.0,0.0,0.0,0.0,0.0,0.0,0.0,0.0,0.0,0.0
2026-09-28 06:00:00,AL062026,34,2026-09-29 06:00:00,1 days 00:00:00,24,25.24,-46.17,1009.4,25.5,73.70141005448194,0.0,0.0,0.0,0.0,0.0,0.0,0.0,0.0,0.0,0.0,0.0,0.0
2026-09-28 06:00:00,AL062026,34,2026-09-29 12:00:00,1 days 06:00:00,30,24.79,-47.48,1010.6,29.5,130.7149090327565,0.0,0.0,0.0,0.0,0.0,0.0,0.0,0.0,0.0,0.0,0.0,0.0
2026-09-28 06:00:00,AL062026,34,2026-09-29 18:00:00,1 days 12:00:00,36,24.02,-48.45,1008.0,29.4,38.70563608733539,0.0,0.0,0.0,0.0,0.0,0.0,0.0,0.0,0.0,0.0,0.0,0.0
2026-09-28 06:00:00,AL062026,34,2026-09-30 00:00:00,1 days 18:00:00,42,23.75,-49.78,1005.3,31.3,70.3411129199774,0.0,0.0,0.0,0.0,0.0,0.0,0.0,0.0,0.0,0.0,0.0,0.0
2026-09-28 06:00:00,AL062026,34,2026-09-30 06:00:00,2 days 00:00:00,48,23.26,-51.21,1010.0,27.4,91.2647752028908,0.0,0.0,0.0,0.0,0.0,0.0,0.0,0.0,0.0,0.0,0.0,0.0
2026-09-28 06:00:00,AL062026,34,2026-09-30 12:00:00,2 days 06:00:00,54,22.32,-52.81,1013.2,25.4,169.17665500081657,0.0,0.0,0.0,0.0,0.0,0.0,0.0,0.0,0.0,0.0,0.0,0.0
2026-09-28 06:00:00,AL062026,34,2026-09-30 18:00:00,2 days 12:00:00,60,22.65,-53.9,1011.5,24.0,90.26115675102756,0.0,0.0,0.0,0.0,0.0,0.0,0.0,0.0,0.0,0.0,0.0,0.0
2026-09-28 06:00:00,AL062026,34,2026-10-01 00:00:00,2 days 18:00:00,66,22.8,-55.66,1013.1,27.4,131.74220877386432,0.0,0.0,0.0,0.0,0.0,0.0,0.0,0.0,0.0,0.0,0.0,0.0
2026-09-28 06:00:00,AL912026(2),34,2026-09-28 06:00:00,0 days 00:00:00,0,36.3,-53.1,1013.0,29.0,148.0,0.0,0.0,0.0,0.0,0.0,0.0,0.0,0.0,0.0,0.0,0.0,0.0
2026-09-28 06:00:00,AL912026(2),34,2026-09-28 12:00:00,0 days 06:00:00,6,36.1,-51.87,1006.2,33.4,96.72745418227896,0.0,0.0,0.0,0.0,0.0,0.0,0.0,0.0,0.0,0.0,0.0,0.0
2026-09-28 06:00:00,EP152026(2),34,2026-09-28 06:00:00,0 days 00:00:00,0,16.4,-160.8,929.0,134.0,28.0,241.0,185.0,148.0,204.0,93.0,74.0,74.0,93.0,56.0,46.0,37.0,46.0
2026-09-28 06:00:00,EP152026(2),34,2026-09-28 12:00:00,0 days 06:00:00,6,16.72,-161.88,937.1,123.9,44.43761782659362,230.8140333113579,158.54847798432093,129.39340525654688,212.31355327817528,122.08622071348736,86.85216117240748,59.27217265833394,103.26106861201424,58.791781169071214,45.128384331794,32.90657258030069,49.914802298086215
2026-09-28 06:00:00,EP152026(2),34,2026-09-28 18:00:00,0 days 12:00:00,12,17.34,-162.85,947.4,120.7,13.928116681543912,244.1907757714779,195.7564868867657,111.66968721974472,196.27285204976465,111.2005960154862,87.83220743056154,57.65626933217376,90.64449798270346,59.47621860203901,48.14074674155188,35.67945543868208,48.64543897140334
2026-09-28 06:00:00,EP152026(2),34,2026-09-29 00:00:00,0 days 18:00:00,18,18.12,-163.48,948.1,112.3,19.163981189501055,233.18549630843037,207.1636335960617,121.91279701327936,194.0838975701241,83.57420129328443,64.00796009350034,39.3356008638116,64.38540900220241,38.10039335900024,29.249742730073315,19.77708242990452,29.414684488262647
2026-09-28 06:00:00,EP152026(2),34,2026-09-29 06:00:00,1 days 00:00:00,24,19.29,-163.63,943.5,118.4,14.754925677528888,193.93547590271527,161.47234931138178,97.61879165861684,159.3329588490677,92.1403896647339,76.51268655034636,48.975572690479495,76.91182963184886,45.1402192252182,36.26753916660779,26.221808528650904,36.77168696641876
2026-09-28 06:00:00,EP152026(2),34,2026-09-29 12:00:00,1 days 06:00:00,30,20.08,-163.98,962.9,93.2,9.138468304655134,247.8216641407273,223.23580279059115,156.96976281581533,199.71217349208,133.18274605631188,117.8774395423726,89.33049023928692,106.83050953328927,65.76246815118034,60.59181046034294,48.21704859690294,56.42744584037888
2026-09-28 06:00:00,EP152026(2),34,2026-09-29 18:00:00,1 days 12:00:00,36,21.4,-163.9,978.7,84.0,13.554066689069629,215.497355949528,223.53089371325683,148.58750254856852,165.1880120807587,104.52114039567692,98.94619133446724,73.81119988686756,79.92716265237527,44.79877206116535,44.20956218980784,33.85545118248455,36.58922996064975
2026-09-28 06:00:00,EP152026(2),34,2026-09-30 00:00:00,1 days 18:00:00,42,22.66,-163.77,975.2,84.7,34.31553254534112,196.3740154102093,187.30788834452255,118.0804745225904,143.36677955507488,106.36282008160958,98.14092537686672,73.75673347888905,83.47817608684127,42.15495725559599,40.250975844508446,32.069693001293246,34.723998190368235
2026-09-28 06:00:00,EP152026(2),34,2026-09-30 06:00:00,2 days 00:00:00,48,23.37,-163.74,979.5,77.4,61.76709617057808,207.62841645696943,186.25830512419003,133.40482569058142,151.7296515743123,122.80502299675766,113.28813915304472,89.74568787045831,103.98474045839328,61.76709617057808,53.08278368995055,43.42959661881718,49.13047130415524
2026-09-28 06:00:00,EP152026(2),34,2026-09-30 12:00:00,2 days 06:00:00,54,23.8,-163.5,989.0,57.5,80.53664803880847,198.45359879479244,173.45823549396144,137.99463921110785,152.43706034766777,80.53664803880847,45.43999764719247,32.69111034798596,39.66384813777261,0.0,0.0,0.0,0.0
2026-09-28 06:00:00,EP152026(2),34,2026-09-30 18:00:00,2 days 12:00:00,60,23.81,-163.67,990.3,54.4,51.22845049590259,228.3578598317333,211.52393355081068,172.38720982618153,196.3913455363004,51.49527399587252,48.46751703680765,36.71605654846809,43.7440195086661,0.0,0.0,0.0,0.0
2026-09-28 06:00:00,EP152026(2),34,2026-10-01 00:00:00,2 days 18:00:00,66,24.4,-164.1,987.2,54.6,106.65659530401828,289.98145101204614,246.2238154780345,184.14060922780925,243.7183700758453,106.65659530401828,50.19988519358933,33.39173835246683,49.51406501975356,0.0,0.0,0.0,0.0
2026-09-28 06:00:00,EP152026(2),34,2026-10-01 06:00:00,3 days 00:00:00,72,24.59,-164.62,987.8,54.5,78.1481807460359,315.59869303867345,265.11883462384867,209.4154199137156,266.1961819398475,119.71076657420144,103.38192582272676,76.0777612517461,98.79644750648777,0.0,0.0,0.0,0.0
2026-09-28 06:00:00,EP152026(2),34,2026-10-01 12:00:00,3 days 06:00:00,78,24.51,-165.61,992.3,48.1,75.04197503347837,164.94054845040296,139.88434349934914,105.31471548234254,142.3715924826599,0.0,0.0,0.0,0.0,0.0,0.0,0.0,0.0
2026-09-28 06:00:00,EP152026(2),34,2026-10-01 18:00:00,3 days 12:00:00,84,24.6,-165.98,989.3,49.2,89.39940968258803,235.4581546504737,210.65962352177104,167.4121376450842,211.44421071392895,0.0,0.0,0.0,0.0,0.0,0.0,0.0,0.0
2026-09-28 06:00:00,EP152026(2),34,2026-10-02 00:00:00,3 days 18:00:00,90,24.64,-166.62,990.1,52.8,88.72468319877711,215.11899492512708,195.34466112449783,155.4752850730739,178.49047791609956,88.72468319877711,7.337724114787072,3.442285959277473,7.015793736135514,0.0,0.0,0.0,0.0
2026-09-28 06:00:00,EP152026(2),34,2026-10-02 06:00:00,4 days 00:00:00,96,24.65,-166.72,982.4,55.2,87.91833254614087,189.734187636453,180.44912003761448,143.47878282847682,156.9042386930799,87.91833254614087,23.01465220728575,15.195681518662129,19.268896173677543,0.0,0.0,0.0,0.0
2026-09-28 06:00:00,EP152026(2),34,2026-10-02 12:00:00,4 days 06:00:00,102,24.48,-167.08,988.5,46.3,68.3157521777035,221.8505498377054,193.89148628348977,163.51722320999664,196.49258790429792,0.0,0.0,0.0,0.0,0.0,0.0,0.0,0.0
2026-09-28 06:00:00,EP152026(2),34,2026-10-02 18:00:00,4 days 12:00:00,108,24.8,-167.48,987.9,54.7,61.65215978875904,219.6118327762248,194.23733742307277,148.1416674187123,191.9080505953869,61.65215978875904,2.3247946527142336,0.146450628684601,3.427357684097257,0.0,0.0,0.0,0.0
2026-09-28 06:00:00,EP152026(2),34,2026-10-03 00:00:00,4 days 18:00:00,114,24.68,-168.53,991.9,54.0,62.23610978904891,107.46864460180556,81.72509959210576,68.85091475397292,95.47758442189536,0.5635884995162161,0.0,0.0,62.23610978904891,0.0,0.0,0.0,0.0
2026-09-28 06:00:00,EP152026(2),34,2026-10-03 06:00:00,5 days 00:00:00,120,24.46,-169.29,999.2,40.9,63.906399872275394,92.6034169138499,79.30113573560526,67.3897885780459,89.02244838251035,0.0,0.0,0.0,0.0,0.0,0.0,0.0,0.0
2026-09-28 06:00:00,EP152026(2),34,2026-10-03 12:00:00,5 days 06:00:00,126,24.24,-170.59,994.5,48.1,76.66568802594838,247.74594109371532,209.61066406329044,175.33611402478215,219.2687276547404,0.0,0.0,0.0,0.0,0.0,0.0,0.0,0.0
2026-09-28 06:00:00,EP152026(2),34,2026-10-03 18:00:00,5 days 12:00:00,132,24.26,-171.98,995.6,50.6,64.99640406776194,172.09999369389857,133.07012963483135,92.96955512069928,140.10352459049773,1.5580575178580602,0.0,0.0,64.99640406776194,0.0,0.0,0.0,0.0
2026-09-28 06:00:00,EP152026(2),34,2026-10-04 00:00:00,5 days 18:00:00,138,24.44,-174.1,989.7,52.5,40.2430522285141,143.88061699269724,112.27745791176568,76.4266017729563,114.99905089187251,40.2430522285141,0.0,0.0,0.8320331904460616,0.0,0.0,0.0,0.0
2026-09-28 06:00:00,EP152026(2),34,2026-10-04 06:00:00,6 days 00:00:00,144,24.71,-175.62,992.3,55.1,56.28260650916533,184.5598370644929,142.42148410385826,104.88308758500806,160.50128178915,56.28260650916533,43.3445579582669,28.62011637215892,43.85009991009837,0.0,0.0,0.0,0.0
2026-09-28 06:00:00,EP152026(2),34,2026-10-04 12:00:00,6 days 06:00:00,150,25.06,-176.91,989.5,58.0,45.07754286523675,149.15133245587992,120.95524629489084,87.71311910613568,123.31208594156962,45.07754286523675,11.617810862718908,5.000951781155359,12.08651232995835,0.0,0.0,0.0,0.0
2026-09-28 06:00:00,EP152026(2),34,2026-10-04 18:00:00,6 days 12:00:00,156,25.72,-178.33,989.0,61.1,28.65412584479249,232.18787100303035,193.3291713635171,123.73729543609122,187.09966366406528,34.52928502893552,24.88813314005296,10.942062259729994,25.547637970447767,0.0,0.0,0.0,0.0
2026-09-28 06:00:00,EP152026(2),34,2026-10-05 00:00:00,6 days 18:00:00,162,26.44,-179.53,982.8,68.1,25.92808201252646,270.0891874788458,215.17577877444336,149.7773192539006,226.0544955183841,82.9009777389598,67.3480535802731,44.17485835628288,65.03226450013912,25.92808201252646,0.1452465635320861,0.0,0.933281908151364
2026-09-28 06:00:00,EP152026(2),34,2026-10-05 06:00:00,7 days 00:00:00,168,27.05,179.35,991.9,58.0,40.11917128239347,212.4283770255895,188.67977103979027,142.0528155698787,170.86620498747567,40.11917128239347,11.647574649066106,4.8409207945905255,10.511402570945316,0.0,0.0,0.0,0.0
2026-09-28 06:00:00,EP152026(2),34,2026-10-05 12:00:00,7 days 06:00:00,174,27.44,178.35,993.1,54.1,79.41336877807976,167.12259818025902,141.45834416923697,100.23748780215968,140.59786460606375,79.41336877807976,7.705768111700133,0.7572230916420022,9.78462440092837,0.0,0.0,0.0,0.0
2026-09-28 06:00:00,EP152026(2),34,2026-10-05 18:00:00,7 days 12:00:00,180,27.77,177.15,985.2,61.4,30.500882504758348,293.1603911316016,231.9110842163613,180.1547446332915,239.958875313462,83.85710579599888,67.8274916863765,46.6098621593747,68.09023152241573,0.0,0.0,0.0,0.0
2026-09-28 06:00:00,EP152026(2),34,2026-10-06 00:00:00,7 days 18:00:00,186,28.0,176.06,989.6,48.8,48.18660115708352,214.27057331752587,170.27204235822614,130.5813476571579,182.2105981907956,0.0,0.0,0.0,0.0,0.0,0.0,0.0,0.0
2026-09-28 06:00:00,EP152026(2),34,2026-10-06 06:00:00,8 days 00:00:00,192,28.31,174.78,998.4,48.3,32.947310020292264,200.16913001002305,162.81376467000936,124.01139188778794,173.30866337077464,0.0,0.0,0.0,0.0,0.0,0.0,0.0,0.0
2026-09-28 06:00:00,EP152026(2),34,2026-10-06 12:00:00,8 days 06:00:00,198,28.52,173.7,1000.5,38.5,111.67444675201692,111.67444675201692,50.04623993178187,26.679006792303312,59.78375326781611,0.0,0.0,0.0,0.0,0.0,0.0,0.0,0.0
2026-09-28 06:00:00,EP152026(2),34,2026-10-06 18:00:00,8 days 12:00:00,204,29.12,172.82,1002.5,33.5,74.25701121798241,0.0,0.0,0.0,0.0,0.0,0.0,0.0,0.0,0.0,0.0,0.0,0.0
2026-09-28 06:00:00,EP152026(2),34,2026-10-07 00:00:00,8 days 18:00:00,210,29.32,172.31,1002.5,30.8,101.73550777274696,0.0,0.0,0.0,0.0,0.0,0.0,0.0,0.0,0.0,0.0,0.0,0.0
2026-09-28 06:00:00,EP152026(2),34,2026-10-07 06:00:00,9 days 00:00:00,216,29.61,172.03,1004.4,31.1,57.19220461654224,0.0,0.0,0.0,0.0,0.0,0.0,0.0,0.0,0.0,0.0,0.0,0.0
2026-09-28 06:00:00,EP152026(2),34,2026-10-07 12:00:00,9 days 06:00:00,222,29.33,171.98,1002.9,23.5,108.71185324730216,0.0,0.0,0.0,0.0,0.0,0.0,0.0,0.0,0.0,0.0,0.0,0.0
2026-09-28 06:00:00,EP152026(2),34,2026-10-07 18:00:00,9 days 12:00:00,228,28.97,171.72,1006.9,25.5,66.8763445972667,0.0,0.0,0.0,0.0,0.0,0.0,0.0,0.0,0.0,0.0,0.0,0.0
2026-09-28 06:00:00,EP152026(2),34,2026-10-08 00:00:00,9 days 18:00:00,234,27.8,171.18,1004.8,29.7,64.41640218263638,0.0,0.0,0.0,0.0,0.0,0.0,0.0,0.0,0.0,0.0,0.0,0.0
2026-09-28 06:00:00,EP152026(2),34,2026-10-08 06:00:00,10 days 00:00:00,240,27.0,170.04,1002.4,24.4,98.73563796360617,0.0,0.0,0.0,0.0,0.0,0.0,0.0,0.0,0.0,0.0,0.0,0.0
2026-09-28 06:00:00,EP172026,34,2026-09-28 06:00:00,0 days 00:00:00,0,23.2,-114.0,955.0,105.0,28.0,167.0,148.0,148.0,148.0,102.0,93.0,83.0,83.0,65.0,65.0,65.0,65.0
2026-09-28 06:00:00,EP172026,34,2026-09-28 12:00:00,0 days 06:00:00,6,24.03,-113.74,949.9,112.8,5.028589016105741,146.30616712117424,174.76349193482392,106.05743936191094,94.52134472373756,58.99173890549651,55.465238267451696,38.459614758015,48.03615467942325,29.2405843065358,25.08644708700387,19.101360388088512,22.251300335903657
2026-09-28 06:00:00,EP172026,34,2026-09-28 18:00:00,0 days 12:00:00,12,24.47,-113.31,971.7,82.4,23.97684650178269,172.97857615446583,199.01883837831247,142.64166785112138,132.10033816070313,42.88319073470996,50.05128180644067,35.2678728546191,33.10466013905807,3.59994259438875,23.97684650178269,4.595131605725317,2.5038596471270864
2026-09-28 06:00:00,EP172026,34,2026-09-29 00:00:00,0 days 18:00:00,18,25.32,-113.67,972.1,72.1,41.45214427138413,178.4831551873763,183.9063526189792,129.15582575371403,135.36116821834912,98.1397559474368,92.08775426357684,75.104297280934,81.92474673150855,52.71446169435703,51.37288482950639,41.39529690753877,46.48457426376118
2026-09-28 06:00:00,EP172026,34,2026-09-29 06:00:00,1 days 00:00:00,24,25.65,-113.0,981.7,56.9,52.61042970851189,79.7037356722516,76.68457604749287,40.9661281958108,53.777811289560496,52.61042970851189,14.442416011160716,6.018620740907511,14.77256530168763,0.0,0.0,0.0,0.0
2026-09-28 06:00:00,EP172026,34,2026-09-29 12:00:00,1 days 06:00:00,30,26.81,-111.95,996.6,43.3,28.16147567502459,54.18211196953439,32.507795939418635,0.0,33.85809628014919,0.0,0.0,0.0,0.0,0.0,0.0,0.0,0.0
2026-09-28 06:00:00,EP172026,34,2026-09-29 18:00:00,1 days 12:00:00,36,28.3,-110.82,991.2,32.0,70.14055591423633,0.0,0.0,0.0,0.0,0.0,0.0,0.0,0.0,0.0,0.0,0.0,0.0
2026-09-28 06:00:00,EP182026,34,2026-09-28 06:00:00,0 days 00:00:00,0,13.2,-100.0,1001.0,41.0,93.0,222.0,185.0,148.0,222.0,0.0,0.0,0.0,0.0,0.0,0.0,0.0,0.0
2026-09-28 06:00:00,EP182026,34,2026-09-28 12:00:00,0 days 06:00:00,6,13.54,-100.7,989.0,58.2,37.239880953561205,115.56558556123764,97.25659624095026,74.314843329715,91.0742776891975,37.239880953561205,20.363026659679665,11.996139390375696,17.963822974871537,0.0,0.0,0.0,0.0
2026-09-28 06:00:00,EP182026,34,2026-09-28 18:00:00,0 days 12:00:00,12,13.84,-101.66,986.6,66.1,37.0317609426404,179.87141067261342,139.64281336718426,102.87519538096824,138.84952026166792,70.49218972095755,56.94767458458966,37.87808003064772,55.58897627330532,37.0317609426404,0.5370135403276617,0.0,1.2119478522453608
2026-09-28 06:00:00,EP182026,34,2026-09-29 00:00:00,0 days 18:00:00,18,14.1,-102.8,985.1,67.5,35.75505331598879,197.1029827441139,151.9293512151803,104.803450571776,156.56162493018428,97.2359499073782,77.01387994967081,56.36648571076773,79.57335517542424,37.51661423740495,31.300892922645065,23.71772777637381,31.76504341941529
2026-09-28 06:00:00,EP182026,34,2026-09-29 06:00:00,1 days 00:00:00,24,14.53,-103.47,984.4,64.0,31.333072389248727,137.69559941749444,100.58941014001176,70.77089627868617,116.83937682949278,32.80982990625587,19.941814703407704,7.3254487364069405,26.066395219798707,31.333072389248727,0.0,0.0,0.5145054482717883
2026-09-28 06:00:00,EP182026,34,2026-09-29 12:00:00,1 days 06:00:00,30,15.23,-104.48,978.1,76.7,42.31810672444772,106.67108625570764,92.17188974756652,53.06329036495862,74.2478738719165,58.33036387529275,48.948193199978775,35.82942076938098,48.85885349032628,42.31810672444772,21.467223695254223,17.14299515987031,20.956806080593
2026-09-28 06:00:00,EP182026,34,2026-09-29 18:00:00,1 days 12:00:00,36,15.57,-105.35,948.9,110.7,27.95611991256085,244.7567128016994,208.94894324557333,161.82855564605993,205.19947520200327,109.67025788367366,92.59531343611437,74.69383754097028,93.49200086854324,60.357415903924704,54.28414873568054,45.25741415485984,53.35056926331978
2026-09-28 06:00:00,EP182026,34,2026-09-30 00:00:00,1 days 18:00:00,42,15.94,-105.84,943.0,118.1,4.54452224157216,241.65301234194783,195.51177154905807,153.71241461298632,189.15869392187844,100.95751869158656,88.0249455840447,62.99034057119407,83.28155137716027,54.64818630506234,49.02446393175338,38.78701373753008,45.96249542546274
2026-09-28 06:00:00,EP182026,34,2026-09-30 06:00:00,2 days 00:00:00,48,16.69,-106.12,941.4,121.7,0.0,258.4218041369673,241.2329369766758,155.97885657904095,206.2823852773409,121.3867864023475,104.14400019001552,72.84501594365562,96.3467215534066,56.19327375585361,48.315967869108285,36.43232535185674,46.204121983509125
2026-09-28 06:00:00,EP182026,34,2026-09-30 12:00:00,2 days 06:00:00,54,17.5,-107.07,917.5,143.4,16.531558117591807,223.13570788003585,194.6986787310251,128.56682785149576,183.4458881538454,116.23231252862978,99.04285682040368,72.06566320337805,96.62472776083864,63.766646488982,54.99735975283716,43.52315540896088,54.97713658447957
2026-09-28 06:00:00,EP182026,34,2026-09-30 18:00:00,2 days 12:00:00,60,18.38,-107.34,919.1,148.9,13.68514756144862,294.245279011412,276.57242512465166,190.4224433148368,240.8227263251262,126.2245396095621,107.76537855988198,79.72446805209415,104.77233520170373,66.92007354149312,58.25549237039949,46.57621922400468,57.52902378117599
2026-09-28 06:00:00,EP182026,34,2026-10-01 00:00:00,2 days 18:00:00,66,18.81,-107.68,935.9,117.9,18.62371644412997,294.957121824913,252.6223671922453,210.4409275133712,223.57796364457133,129.0524379652743,115.40054816495604,87.14582884657375,107.43704152456758,59.519783868461445,53.48085471792501,44.321311115044864,49.81706408003538
2026-09-28 06:00:00,EP182026,34,2026-10-01 06:00:00,3 days 00:00:00,72,19.35,-108.03,944.1,114.2,27.75161135464012,227.1545197683485,194.7756185759859,143.99079165944704,186.9347571010112,114.99324121308172,95.23934225119726,67.86315719689836,95.55898647670476,56.53550985611099,47.94218336159111,37.60783671616727,47.81498604356872
2026-09-28 06:00:00,EP182026,34,2026-10-01 12:00:00,3 days 06:00:00,78,19.59,-108.38,932.4,134.5,34.19146786078906,183.4334301499784,200.63879300514756,173.91349416122486,175.94998868853028,117.45876995986096,114.30486974266891,105.91765794545722,108.0766514124627,53.34506912702514,51.79044229880272,47.39960949400597,49.10224493859065
2026-09-28 06:00:00,EP182026,34,2026-10-01 18:00:00,3 days 12:00:00,84,19.87,-108.11,965.4,90.2,43.97557443523327,175.4967079423896,159.99276004374394,131.64064571895108,148.00219709492043,76.44335985455072,70.5681675858815,56.29504887649927,64.5496792119792,43.97557443523327,31.861555633243302,26.04783627886096,29.217788394523417
2026-09-28 06:00:00,EP182026,34,2026-10-02 00:00:00,3 days 18:00:00,90,20.17,-108.08,973.5,83.1,35.38328573138716,209.84852260063371,224.6879769128965,199.7641998456516,176.35000213173134,111.18199191000237,111.76561587072167,94.12889821334106,94.6360970341518,44.92910046736937,44.96472762245074,38.34256073782342,38.7451572908489
2026-09-28 06:00:00,EP182026,34,2026-10-02 06:00:00,4 days 00:00:00,96,20.48,-108.13,972.0,77.7,37.19380700246147,153.05181957233685,151.86212833767104,132.1150704194497,131.4371106779011,75.40015798828878,70.03042800149859,57.46229001445069,64.33520306237345,37.19380700246147,32.13043903453667,26.86968349811094,29.33806926252054
2026-09-28 06:00:00,EP182026,34,2026-10-02 12:00:00,4 days 06:00:00,102,20.71,-107.86,979.9,69.1,24.667223326730767,171.5288883741302,193.4457168867793,144.11513253403433,137.93859200927295,54.69865776161997,52.45900755776015,38.056131962092266,36.5371417648905,24.667223326730767,6.205722288608133,5.732975286117846,4.499540464594035
2026-09-28 06:00:00,EP182026,34,2026-10-02 18:00:00,4 days 12:00:00,108,21.11,-107.57,963.4,87.2,40.36837354147666,143.21094566899464,154.8297056917777,137.4663183891716,133.19692647578722,63.92794071051717,64.86328972168795,57.82730230568549,56.5955546885515,27.008747354939857,40.36837354147666,24.257973941486867,23.576967918418543
2026-09-28 06:00:00,EP182026,34,2026-10-03 00:00:00,4 days 18:00:00,114,21.74,-107.41,959.9,93.3,28.624812105891124,142.54784158331677,164.7041829647078,153.84211212504852,123.46618845681314,77.14525117778612,80.53770172989061,73.56030412376276,69.92814375103262,43.75769574532387,44.63971295181455,39.2958418547164,39.459697785797744
2026-09-28 06:00:00,EP182026,34,2026-10-03 06:00:00,5 days 00:00:00,120,21.83,-107.37,977.4,74.4,50.58566361065195,129.29489846536558,143.67371356681303,112.91542687705116,107.88912205676188,82.8968313406168,77.43661003653196,68.17583572886082,72.62373526530985,51.9126729849192,48.291017809684746,40.643926693269485,43.88187955292492
2026-09-28 06:00:00,EP182026,34,2026-10-03 12:00:00,5 days 06:00:00,126,22.29,-107.47,967.9,90.4,43.19221407305615,223.8109300608146,233.7425074047326,172.06249481236918,187.80363182801105,93.11489472323316,84.93974228202127,62.63075580824326,75.47046406211454,43.19221407305615,33.06677861094208,25.3474930228934,30.017121965342877
2026-09-28 06:00:00,EP182026,34,2026-10-03 18:00:00,5 days 12:00:00,132,22.71,-107.91,951.1,110.4,19.598280872889287,223.70915780350228,206.19755138464276,163.66573817385077,186.37982074285625,97.79892720259284,86.29534266217908,70.8919413235414,85.3420394798186,48.85639578287993,44.88481221598055,37.7277215148998,42.68239996535367
2026-09-28 06:00:00,EP182026,34,2026-10-04 00:00:00,5 days 18:00:00,138,23.05,-108.66,964.4,95.8,23.07231275193078,227.04112338097,172.08672954991573,141.65320453969144,183.6502577029221,108.21352272807952,90.71701372250902,71.29057063246148,94.84673726793125,63.31106064041418,58.27142557574248,47.80719467067439,55.18617778591658
2026-09-28 06:00:00,EP182026,34,2026-10-04 06:00:00,6 days 00:00:00,144,23.26,-109.86,966.5,92.0,25.665376933095683,150.32938506435946,89.53288603929511,59.494124317771856,132.95156538393522,76.14991590451073,61.196369869712726,59.494124317771856,74.36524638200513,39.892911472772,33.17568321768633,30.970290286687764,34.28350880832643
2026-09-28 06:00:00,EP182026,34,2026-10-04 12:00:00,6 days 06:00:00,150,23.55,-110.93,967.4,93.2,20.85676514593891,91.59095184775532,83.93119643265706,54.41829112859208,77.18220337253152,55.03435195548878,41.85155051659829,31.21041348258853,45.9437408825176,37.49249581144519,32.474699474384586,25.605974197483388,31.825911865761046
2026-09-28 06:00:00,EP182026,34,2026-10-04 18:00:00,6 days 12:00:00,156,23.93,-112.17,976.7,82.5,17.086585784229513,163.4479351520284,135.99710739136603,111.46104533114644,147.87498268174232,78.2567660446638,62.33153372173352,48.36195184352119,67.66528511763377,34.018746305430014,29.44406249210957,23.207747910494497,29.215163630272077
2026-09-28 06:00:00,EP182026,34,2026-10-05 00:00:00,6 days 18:00:00,162,24.16,-113.5,976.0,82.6,35.599090517459445,122.98137974204712,101.02082057541033,63.95768627298963,122.78417388458443,91.4672552547263,74.97938180862764,63.95768627298963,81.45904205988654,57.30026785888646,51.95200319931354,42.40299511188448,50.96549360432152
2026-09-28 06:00:00,EP182026,34,2026-10-05 06:00:00,7 days 00:00:00,168,24.06,-114.81,982.4,68.0,19.97922966321325,111.68929640746424,92.04542627689952,75.52394453283222,115.07065824014832,68.94151546184943,58.47542940901795,46.264479903995294,60.23273326492331,21.84614546482768,19.24163121926618,15.07109098257105,19.26249274258896
2026-09-28 06:00:00,EP182026,34,2026-10-05 12:00:00,7 days 06:00:00,174,23.67,-116.38,989.0,61.8,14.992387598686513,113.15935817421746,85.6562461947866,67.1161894934528,103.50946895117823,49.33550369060081,36.66694992419837,25.24520733465472,40.1220290174957,0.0,0.0,0.0,0.0
2026-09-28 06:00:00,EP182026,34,2026-10-05 18:00:00,7 days 12:00:00,180,23.76,-117.84,983.9,65.5,16.299866653105298,58.511481881185226,42.792959617487945,32.56303060022181,54.90923299403131,16.299866653105298,5.379302932197184,1.349171290763487,8.98971717572877,16.299866653105298,0.0605310312291536,0.0,1.5925001472950897
2026-09-28 06:00:00,EP182026,34,2026-10-06 00:00:00,7 days 18:00:00,186,23.68,-118.97,993.0,48.9,29.49834627358213,95.05533955666186,66.88283166910108,49.42105496988792,79.92925238445818,0.0,0.0,0.0,0.0,0.0,0.0,0.0,0.0
2026-09-28 06:00:00,EP182026,34,2026-10-06 06:00:00,8 days 00:00:00,192,23.7,-120.11,994.7,48.8,24.27482799380985,149.4643285167769,110.30642313953884,84.98268381913557,138.6846041416208,0.0,0.0,0.0,0.0,0.0,0.0,0.0,0.0
2026-09-28 06:00:00,EP182026,34,2026-10-06 12:00:00,8 days 06:00:00,198,23.27,-121.49,996.4,48.0,46.775544516933806,104.08118802493206,83.14164897734301,73.48709766594992,95.03548276332788,0.0,0.0,0.0,0.0,0.0,0.0,0.0,0.0
2026-09-28 06:00:00,EP182026,34,2026-10-06 18:00:00,8 days 12:00:00,204,23.33,-122.59,996.6,50.5,19.31638353618645,85.56471573695491,70.48513269148064,57.62312918307643,76.12543832289347,19.31638353618645,1.791381987188402,1.4309209344774287,4.025517452422841,0.0,0.0,0.0,0.0
2026-09-28 06:00:00,EP182026,34,2026-10-07 00:00:00,8 days 18:00:00,210,23.42,-123.63,1000.6,43.4,64.8982181520034,151.7192257676592,125.02991932623245,96.42646095557996,129.29950729575273,0.0,0.0,0.0,0.0,0.0,0.0,0.0,0.0
2026-09-28 06:00:00,EP182026,34,2026-10-07 06:00:00,9 days 00:00:00,216,23.45,-125.03,997.5,37.7,40.74916823873219,15.22952168066552,5.579036634582305,0.8967272944946032,40.74916823873219,0.0,0.0,0.0,0.0,0.0,0.0,0.0,0.0
2026-09-28 06:00:00,EP182026,34,2026-10-07 12:00:00,9 days 06:00:00,222,23.99,-125.9,999.3,41.5,21.57092885032396,60.48082504651428,50.42017981933256,33.01984002267059,45.607378802659696,0.0,0.0,0.0,0.0,0.0,0.0,0.0,0.0
2026-09-28 06:00:00,EP182026,34,2026-10-07 18:00:00,9 days 12:00:00,228,24.17,-127.01,1006.2,26.9,81.35302995576579,0.0,0.0,0.0,0.0,0.0,0.0,0.0,0.0,0.0,0.0,0.0,0.0
2026-09-28 06:00:00,EP182026,34,2026-10-08 00:00:00,9 days 18:00:00,234,24.96,-127.77,1008.1,23.7,57.6563484603559,0.0,0.0,0.0,0.0,0.0,0.0,0.0,0.0,0.0,0.0,0.0,0.0
2026-09-28 06:00:00,EP182026,34,2026-10-08 06:00:00,10 days 00:00:00,240,25.1,-129.27,1008.2,22.8,91.20694479436968,0.0,0.0,0.0,0.0,0.0,0.0,0.0,0.0,0.0,0.0,0.0,0.0
2026-09-28 06:00:00,EP912026(3),34,2026-09-28 06:00:00,0 days 00:00:00,0,12.7,-136.6,1005.0,29.0,93.0,0.0,0.0,0.0,0.0,0.0,0.0,0.0,0.0,0.0,0.0,0.0,0.0
2026-09-28 06:00:00,WP252026,34,2026-09-28 06:00:00,0 days 00:00:00,0,27.5,131.6,954.0,99.0,9.0,148.0,158.0,148.0,121.0,,,,,,,,
2026-09-28 06:00:00,WP252026,34,2026-09-28 12:00:00,0 days 06:00:00,6,27.28,132.15,979.7,60.6,62.23672060138089,111.62376091400408,100.29180638147317,95.57656841978503,82.0230507880156,62.23672060138089,27.640764398268853,18.522387893117923,21.89027141135384,0.0,0.0,0.0,0.0
2026-09-28 06:00:00,WP252026,34,2026-09-28 18:00:00,0 days 12:00:00,12,28.11,132.86,992.4,43.8,82.81649282696388,104.55643448427476,113.39006946850428,86.65278195572712,79.29480843677973,0.0,0.0,0.0,0.0,0.0,0.0,0.0,0.0
2026-09-28 06:00:00,WP252026,34,2026-09-29 00:00:00,0 days 18:00:00,18,28.79,133.65,994.9,34.4,111.74674553141458,81.59149183992554,111.74674553141458,68.24985415553665,71.74032692446474,0.0,0.0,0.0,0.0,0.0,0.0,0.0,0.0
2026-09-28 06:00:00,WP252026,34,2026-09-29 06:00:00,1 days 00:00:00,24,29.29,134.8,998.5,36.9,84.9572059401687,37.63346990240427,84.9572059401687,30.127307995803708,26.067824141637967,0.0,0.0,0.0,0.0,0.0,0.0,0.0,0.0
2026-09-28 06:00:00,WP252026,34,2026-09-29 12:00:00,1 days 06:00:00,30,29.91,135.95,1000.0,37.5,103.22677043147888,72.32700622531335,103.22677043147888,62.1890502852971,58.80570563333814,0.0,0.0,0.0,0.0,0.0,0.0,0.0,0.0
2026-09-28 06:00:00,WP252026,34,2026-09-29 18:00:00,1 days 12:00:00,36,30.33,137.1,993.4,49.1,42.17753340236027,139.67279504637264,147.87045803262117,125.20901047677312,115.84614401895112,0.0,0.0,0.0,0.0,0.0,0.0,0.0,0.0
2026-09-28 06:00:00,WP252026,34,2026-09-30 00:00:00,1 days 18:00:00,42,31.62,138.36,998.7,33.1,94.14640000843173,0.0,0.0,0.0,0.0,0.0,0.0,0.0,0.0,0.0,0.0,0.0,0.0
2026-09-28 06:00:00,WP252026,34,2026-09-30 06:00:00,2 days 00:00:00,48,32.18,139.62,995.0,39.0,157.2035004823517,269.5618011931341,280.27950442207475,241.27177157175072,224.35706843520467,0.0,0.0,0.0,0.0,0.0,0.0,0.0,0.0
2026-09-28 06:00:00,WP252026,34,2026-09-30 12:00:00,2 days 06:00:00,54,33.02,140.64,990.8,51.0,89.50474828297482,90.61299216190066,90.35496106318448,64.48308882135899,62.217677846724015,0.0,89.50474828297482,0.0,0.0,0.0,0.0,0.0,0.0
2026-09-28 06:00:00,WP252026,34,2026-09-30 18:00:00,2 days 12:00:00,60,33.95,142.49,991.3,40.3,31.737464963534023,121.79261646317376,127.70222529735838,103.1373111874625,109.14015154405274,0.0,0.0,0.0,0.0,0.0,0.0,0.0,0.0
2026-09-28 06:00:00,WP252026,34,2026-10-01 00:00:00,2 days 18:00:00,66,35.21,143.79,993.7,37.1,117.55813593029576,117.55813593029576,8.161064860626709,0.0,0.0,0.0,0.0,0.0,0.0,0.0,0.0,0.0,0.0
2026-09-28 06:00:00,WP252026,34,2026-10-01 06:00:00,3 days 00:00:00,72,36.49,145.47,996.2,33.0,136.72791712600812,0.0,0.0,0.0,0.0,0.0,0.0,0.0,0.0,0.0,0.0,0.0,0.0
2026-09-28 06:00:00,WP252026,34,2026-10-01 12:00:00,3 days 06:00:00,78,38.57,148.82,993.6,33.0,133.1715945689417,0.0,0.0,0.0,0.0,0.0,0.0,0.0,0.0,0.0,0.0,0.0,0.0
2026-09-28 06:00:00,WP252026,34,2026-10-01 18:00:00,3 days 12:00:00,84,40.8,153.12,995.2,38.0,121.0213863306138,5.985016956698971,121.0213863306138,7.866911509475948,0.0,0.0,0.0,0.0,0.0,0.0,0.0,0.0,0.0
2026-09-28 06:00:00,WP252026,34,2026-10-02 00:00:00,3 days 18:00:00,90,42.92,157.39,993.2,34.3,145.52886946261845,145.52886946261845,1.260701365173503,0.0,0.0,0.0,0.0,0.0,0.0,0.0,0.0,0.0,0.0
2026-09-28 06:00:00,WP252026,34,2026-10-02 06:00:00,4 days 00:00:00,96,44.15,162.28,994.3,36.6,193.15689875382685,0.0,0.0,193.15689875382685,0.0,0.0,0.0,0.0,0.0,0.0,0.0,0.0,0.0
2026-09-28 06:00:00,WP252026,34,2026-10-02 12:00:00,4 days 06:00:00,102,45.52,167.53,990.8,38.4,72.99618833505588,0.0,0.0,72.99618833505588,0.3284268375944066,0.0,0.0,0.0,0.0,0.0,0.0,0.0,0.0
2026-09-28 06:00:00,WP922026(4),34,2026-09-28 06:00:00,0 days 00:00:00,0,16.4,97.6,1001.0,29.0,64.0,0.0,0.0,0.0,0.0,0.0,0.0,0.0,0.0,0.0,0.0,0.0,0.0
2026-09-28 06:00:00,WP922026(4),34,2026-09-28 12:00:00,0 days 06:00:00,6,17.39,97.25,1001.8,28.3,88.71564114383102,0.0,0.0,0.0,0.0,0.0,0.0,0.0,0.0,0.0,0.0,0.0,0.0
2026-09-28 06:00:00,WP922026(4),34,2026-09-28 18:00:00,0 days 12:00:00,12,18.68,95.78,1006.9,17.6,117.27001747623322,0.0,0.0,0.0,0.0,0.0,0.0,0.0,0.0,0.0,0.0,0.0,0.0
2026-09-28 06:00:00,1,35,2026-09-28 12:00:00,0 days 06:00:00,6,15.52,155.76,1004.8,20.5,100.24085472957384,0.0,0.0,0.0,0.0,0.0,0.0,0.0,0.0,0.0,0.0,0.0,0.0
2026-09-28 06:00:00,1,35,2026-09-28 18:00:00,0 days 12:00:00,12,16.16,154.26,1007.2,19.8,120.66687531987328,0.0,0.0,0.0,0.0,0.0,0.0,0.0,0.0,0.0,0.0,0.0,0.0
2026-09-28 06:00:00,1,35,2026-09-29 00:00:00,0 days 18:00:00,18,16.41,155.08,1006.1,24.1,67.72311255417723,0.0,0.0,0.0,0.0,0.0,0.0,0.0,0.0,0.0,0.0,0.0,0.0
2026-09-28 06:00:00,1,35,2026-09-29 06:00:00,1 days 00:00:00,24,15.74,154.6,1009.0,18.9,65.62281795401698,0.0,0.0,0.0,0.0,0.0,0.0,0.0,0.0,0.0,0.0,0.0,0.0
2026-09-28 06:00:00,1,35,2026-09-29 12:00:00,1 days 06:00:00,30,16.08,153.24,1002.8,21.7,67.3201406378102,0.0,0.0,0.0,0.0,0.0,0.0,0.0,0.0,0.0,0.0,0.0,0.0
2026-09-28 06:00:00,1,35,2026-09-29 18:00:00,1 days 12:00:00,36,15.88,151.9,1005.4,23.5,111.6617377854682,0.0,0.0,0.0,0.0,0.0,0.0,0.0,0.0,0.0,0.0,0.0,0.0
2026-09-28 06:00:00,1,35,2026-09-30 00:00:00,1 days 18:00:00,42,16.07,151.07,1001.9,29.5,119.45494384818312,0.0,0.0,0.0,0.0,0.0,0.0,0.0,0.0,0.0,0.0,0.0,0.0
2026-09-28 06:00:00,1,35,2026-09-30 06:00:00,2 days 00:00:00,48,16.33,150.17,1000.7,31.1,78.72193260975763,0.0,0.0,0.0,0.0,0.0,0.0,0.0,0.0,0.0,0.0,0.0,0.0
2026-09-28 06:00:00,1,35,2026-09-30 12:00:00,2 days 06:00:00,54,16.55,149.66,998.3,40.3,93.0952332199883,76.64772498963144,93.0952332199883,59.63667295159871,68.21801360059717,0.0,0.0,0.0,0.0,0.0,0.0,0.0,0.0
2026-09-28 06:00:00,1,35,2026-09-30 18:00:00,2 days 12:00:00,60,16.85,148.64,996.7,47.1,68.65638833402447,79.14484133002287,81.79605388352557,68.6792259104186,71.63493910955502,0.0,0.0,0.0,0.0,0.0,0.0,0.0,0.0
2026-09-28 06:00:00,1,35,2026-10-01 00:00:00,2 days 18:00:00,66,16.98,147.46,993.0,44.9,92.07028269590072,229.15425759798356,207.6238093363735,166.89607512890288,202.8742480630558,0.0,0.0,0.0,0.0,0.0,0.0,0.0,0.0
2026-09-28 06:00:00,1,35,2026-10-01 06:00:00,3 days 00:00:00,72,17.07,146.56,990.2,51.1,52.38405424455482,171.83977784441504,163.15710111762166,131.8623487513728,136.39975193824927,0.278270050869402,52.38405424455482,0.0,0.0,0.0,0.0,0.0,0.0
2026-09-28 06:00:00,1,35,2026-10-01 12:00:00,3 days 06:00:00,78,17.3,146.08,988.7,54.9,46.0366388744846,188.007992507474,161.5370754107114,140.03260348851654,160.4033642372085,46.0366388744846,21.225377263843228,13.613544886960211,18.77324550904899,0.0,0.0,0.0,0.0
2026-09-28 06:00:00,1,35,2026-10-01 18:00:00,3 days 12:00:00,84,17.5,145.45,980.3,61.9,53.85732335988697,344.6238610070334,274.42974234662586,217.13689427028729,305.24376989794297,194.3079030428509,168.23343764350253,129.89539978913095,148.71549236835935,0.0,0.0,0.0,0.0
2026-09-28 06:00:00,1,35,2026-10-02 00:00:00,3 days 18:00:00,90,17.96,145.67,968.7,73.1,31.12249243484651,195.26396416604783,197.91322606867544,152.60612936144716,152.660204470341,102.6188407165212,100.9493588167143,78.48442036695187,83.05434287885642,31.30429811019957,30.51272874058946,24.295344113941542,25.474559710896905
2026-09-28 06:00:00,1,35,2026-10-02 06:00:00,4 days 00:00:00,96,18.36,145.49,966.2,81.5,28.532119763594608,285.4981197510772,282.50176581504377,235.53484793644327,227.44887585403364,158.0329291601263,161.75080923565264,138.5749590355773,139.31804686837577,98.1713468118283,94.02991760790226,79.68574769345804,83.76400131407962
2026-09-28 06:00:00,1,35,2026-10-02 12:00:00,4 days 06:00:00,102,18.87,145.29,956.8,91.5,18.673983636714123,354.10015549318365,318.9983818021172,260.3346993911519,288.8596650534407,168.87973801844828,162.29264288198453,131.98496902340366,142.74783311587515,82.76964685915178,77.76428806839601,64.11644890914361,70.27114497781562
2026-09-28 06:00:00,1,35,2026-10-02 18:00:00,4 days 12:00:00,108,19.41,145.33,955.0,97.4,44.834752666378186,363.6804381444544,380.8947460780118,313.2217479155449,298.73323798581305,200.61312865593865,216.8264745938855,185.541438009382,178.51042236636528,123.62548425746633,124.04276254585014,104.78111909950049,106.51645927098164
2026-09-28 06:00:00,1,35,2026-10-03 00:00:00,4 days 18:00:00,114,19.85,145.52,929.2,123.6,28.267516100016277,525.1021675405372,576.442415435355,506.7480163418107,445.6779886613267,111.67140324994828,135.84762310564565,110.65359213767344,94.6628560930732,0.0,3.7977037887514697,28.267516100016277,0.0
2026-09-28 06:00:00,1,35,2026-10-03 06:00:00,5 days 00:00:00,120,20.18,145.91,915.3,138.4,5.318767862643888,457.66068188912345,494.75376250754886,400.9443447247605,372.9115199263473,204.37668751896317,226.16432081230292,186.6516258257421,174.7451501212026,96.40584404988694,100.45921212726338,85.5334372601814,84.45177760025786
2026-09-28 06:00:00,1,35,2026-10-03 12:00:00,5 days 06:00:00,126,21.49,146.24,923.8,130.7,33.97791727193147,457.30417919934257,457.962762231972,345.48899890112165,374.3900634526556,174.21636958980366,178.24581956688516,137.67166647918808,144.14060635175764,73.04372133914573,68.48867933336204,57.39607794355061,61.70207036743581
2026-09-28 06:00:00,1,35,2026-10-03 18:00:00,5 days 12:00:00,132,22.03,146.34,930.1,118.3,24.492801540566035,320.7446538216169,339.3174144236408,262.33376439396204,284.8330423923718,172.56128721959936,173.29387843840874,138.27823764986616,141.4904440778895,81.81848846904805,78.20259281261238,65.58564997962483,70.70395221044248
2026-09-28 06:00:00,1,35,2026-10-04 00:00:00,5 days 18:00:00,138,22.51,146.23,923.0,130.3,55.38255187736527,553.7546343153258,543.6273726186273,468.472350099286,524.0574598266986,329.96049567723617,325.839201956847,279.34398325887014,292.44197093184187,182.87797350341708,180.6763868706744,152.29025905680317,161.60796234645642
2026-09-28 06:00:00,1,35,2026-10-04 06:00:00,6 days 00:00:00,144,22.7,146.3,916.9,134.5,66.41749239356166,426.28588618102447,433.9013978772225,371.564039054412,358.1410521413392,177.4795351536692,180.88339901872,154.31303254013585,150.69358702928827,90.95542202323324,89.49813887937765,77.35177607336107,78.88049490066257
2026-09-28 06:00:00,1,35,2026-10-04 12:00:00,6 days 06:00:00,150,23.17,146.29,924.4,120.6,62.9500409719665,472.1449620322164,482.7586454611753,414.50554426526514,430.98990625860415,284.4601455471536,283.9457542674752,247.8699936658076,255.35122522724205,160.40853782610077,155.4116430351961,132.50761364028148,140.8218340022803
2026-09-28 06:00:00,1,35,2026-10-04 18:00:00,6 days 12:00:00,156,23.52,146.21,930.4,121.9,6.454554005848593,443.01161534440166,415.8850118631975,372.1969179078418,410.58291190882767,267.7203871844989,259.06597284359344,221.44333932859396,237.72614954844212,151.66748188741468,144.24245552401658,121.75254985902012,132.65150469085148
2026-09-28 06:00:00,1,35,2026-10-05 00:00:00,6 days 18:00:00,162,23.89,145.52,935.7,114.9,30.19165174277586,476.80651287474063,411.90056116586334,405.32970667683287,464.9997310264381,296.0162186060255,271.8414689517668,241.7954548191328,273.1898460475964,184.51358046902865,173.42162858877208,146.57141824427083,162.53734621637057
2026-09-28 06:00:00,1,35,2026-10-05 06:00:00,7 days 00:00:00,168,24.02,145.55,941.3,105.2,24.522660361270635,437.8387638222152,421.53984976666754,379.7940733639272,390.4123136701627,201.53354305149148,187.2559003094705,153.9125293156159,171.28807616676858,74.03989106313207,68.53233070439121,56.95381680696555,64.50946833405995
2026-09-28 06:00:00,1,35,2026-10-05 12:00:00,7 days 06:00:00,174,25.33,145.02,916.3,117.6,60.5473551263234,559.5641829974968,505.38950641471433,431.5861203683649,501.8924596966856,264.48455366650785,245.99590850860545,204.5122473870357,220.1341554076124,107.9216288572032,101.85981270050593,85.00003752475567,96.20492030285608
2026-09-28 06:00:00,1,35,2026-10-05 18:00:00,7 days 12:00:00,180,26.22,144.71,922.0,120.7,48.70982906808504,410.41830873384777,417.50913992347694,347.3539400627526,369.62975998183526,197.218203751368,193.5075510295092,153.60436541020647,165.1290262549946,92.1438965805704,86.022419332905,71.99340218200028,80.4598706526476
2026-09-28 06:00:00,1,35,2026-10-06 00:00:00,7 days 18:00:00,186,27.63,143.93,934.7,105.6,42.037841022466914,356.03089283601173,353.9585841046918,259.94793638460527,286.6141862242588,169.37034668013817,163.95751527077027,124.78793933982612,136.26125542534282,62.668761243211854,58.68670915536849,45.028499324592126,53.82650841664807
2026-09-28 06:00:00,1,35,2026-10-06 06:00:00,8 days 00:00:00,192,29.35,143.69,947.8,97.6,17.81258195735427,376.64726380462525,384.6005577330361,299.0615311303409,298.3878820348182,207.708058039163,212.56934308737985,170.6754584168666,175.18699775706045,92.06639886836638,89.33421279129107,74.11250807400211,79.49138274276629
2026-09-28 06:00:00,1,35,2026-10-06 12:00:00,8 days 06:00:00,198,31.31,144.23,946.6,97.7,34.69727737772095,373.5350654030512,391.35540861663554,306.1812886578758,301.8963415874088,192.45950504723223,202.3618815406012,164.01350687651816,162.0598887731094,87.58627261654422,87.53460158906944,71.70334052624159,76.22097305795586
2026-09-28 06:00:00,1,35,2026-10-06 18:00:00,8 days 12:00:00,204,33.91,145.18,957.8,82.0,11.700293033604993,278.7432785989008,321.5112211537389,255.63057122457235,212.604930335542,89.96334616813056,100.11750129721152,72.80677743165154,65.78787681779218,5.108308917427755,11.700293033604993,3.118353250505698,2.0459526625877693
2026-09-28 06:00:00,1,35,2026-10-07 00:00:00,8 days 18:00:00,210,37.04,146.62,969.5,63.9,56.55377078693781,383.7343474536732,454.6355142100838,362.1950237267549,302.6458024776317,176.33153933112214,195.41576347001785,156.1685592610778,138.84588716711187,0.0,0.0,0.0,0.0
2026-09-28 06:00:00,1,35,2026-10-07 06:00:00,9 days 00:00:00,216,40.85,150.35,972.6,64.8,87.80851206428494,322.4992216400234,424.5233353826767,339.38191180634965,251.15170508987933,125.76580664912171,151.20512671283592,116.71008816626627,97.4808016083355,0.0,87.80851206428494,0.8822121172837312,0.0
2026-09-28 06:00:00,1,35,2026-10-07 12:00:00,9 days 06:00:00,222,44.53,155.78,978.5,54.8,143.92473354772017,508.28213225963685,594.6164237991534,525.2251999609477,430.17154721588633,142.74834697248235,176.70523460832445,144.49054385080638,115.92641035252804,0.0,0.0,0.0,0.0
2026-09-28 06:00:00,1,35,2026-10-07 18:00:00,9 days 12:00:00,228,46.99,162.53,987.0,42.0,77.72422762310508,0.0,77.72422762310508,5.635049157522065,0.0,0.0,0.0,0.0,0.0,0.0,0.0,0.0,0.0
2026-09-28 06:00:00,20,35,2026-10-08 00:00:00,9 days 18:00:00,234,11.11,-99.63,1003.2,29.4,88.13654032650578,0.0,0.0,0.0,0.0,0.0,0.0,0.0,0.0,0.0,0.0,0.0,0.0
2026-09-28 06:00:00,20,35,2026-10-08 06:00:00,10 days 00:00:00,240,11.72,-101.05,1004.3,26.6,93.60309652329975,0.0,0.0,0.0,0.0,0.0,0.0,0.0,0.0,0.0,0.0,0.0,0.0
2026-09-28 06:00:00,20,35,2026-10-08 12:00:00,10 days 06:00:00,246,11.67,-100.62,999.2,33.7,48.40031247846724,0.0,0.0,0.0,0.0,0.0,0.0,0.0,0.0,0.0,0.0,0.0,0.0
2026-09-28 06:00:00,20,35,2026-10-08 18:00:00,10 days 12:00:00,252,12.28,-101.44,1001.7,30.1,101.84897155681564,0.0,0.0,0.0,0.0,0.0,0.0,0.0,0.0,0.0,0.0,0.0,0.0
2026-09-28 06:00:00,20,35,2026-10-09 00:00:00,10 days 18:00:00,258,12.79,-101.82,1002.7,34.0,107.71380906484148,1.2888044313421003,0.0,0.0,107.71380906484148,0.0,0.0,0.0,0.0,0.0,0.0,0.0,0.0
2026-09-28 06:00:00,20,35,2026-10-09 06:00:00,11 days 00:00:00,264,13.0,-102.69,1002.6,43.0,118.31852559515268,135.35241539268193,122.13023349888827,87.51214041128154,118.3700695234939,0.0,0.0,0.0,0.0,0.0,0.0,0.0,0.0
2026-09-28 06:00:00,20,35,2026-10-09 12:00:00,11 days 06:00:00,270,12.97,-103.61,1000.2,43.1,107.02449228429164,247.8600507861868,251.63082750880096,227.99306650055428,230.57507557673568,0.0,0.0,0.0,0.0,0.0,0.0,0.0,0.0
2026-09-28 06:00:00,20,35,2026-10-09 18:00:00,11 days 12:00:00,276,13.82,-104.32,999.0,47.1,104.70252869765112,201.3381101608682,169.6221370815304,134.99700646587823,175.3916748704757,0.0,0.0,0.0,0.0,0.0,0.0,0.0,0.0
2026-09-28 06:00:00,20,35,2026-10-10 00:00:00,11 days 18:00:00,282,13.97,-104.97,999.4,52.6,90.7952137725972,153.55309443966388,134.0072768904309,88.50071910300056,113.15537183779666,90.7952137725972,0.0,0.0,0.4616684782338363,0.0,0.0,0.0,0.0
2026-09-28 06:00:00,20,35,2026-10-10 06:00:00,12 days 00:00:00,288,14.12,-105.8,994.1,56.9,71.027827711306,228.78536944412772,199.1645015160658,140.51328354331923,188.4301983499667,71.027827711306,11.053136587668927,5.569223185402693,10.301603513728049,0.0,0.0,0.0,0.0
2026-09-28 06:00:00,20,35,2026-10-10 12:00:00,12 days 06:00:00,294,14.62,-106.45,983.8,70.4,36.2404844088485,188.65609040900847,155.84093585274533,106.30776863615527,156.76726247175094,80.85917206762721,60.12969523568542,40.26682978749106,64.56302683859532,36.2404844088485,23.82265549762711,19.226240129398796,25.727480284627084
2026-09-28 06:00:00,20,35,2026-10-10 18:00:00,12 days 12:00:00,300,14.92,-107.08,977.9,70.8,34.67554683255533,167.6102282935868,154.75203046490844,120.97485041210216,140.18613864139022,34.67554683255533,21.80408708694321,11.62573047455968,22.98188142041245,34.67554683255533,0.0,0.0,0.0
2026-09-28 06:00:00,20,35,2026-10-11 00:00:00,12 days 18:00:00,306,15.08,-107.58,968.7,84.6,35.94480555977647,172.1102520990964,157.45815476847133,120.67115289582728,149.77718662626273,78.90759913874413,63.00380091007604,48.78417435225313,61.2023599463405,35.94480555977647,28.407683801460188,23.755807452676542,27.640717040969854
2026-09-28 06:00:00,20,35,2026-10-11 06:00:00,13 days 00:00:00,312,15.55,-107.84,972.9,79.8,15.089307238812257,211.9614513687372,177.00188020803924,115.72457947761411,180.2019635687571,61.31296225498071,46.21091820561378,24.673381080626413,40.78621119126067,15.089307238812257,0.2803047162599058,0.0,1.3366121312913242
2026-09-28 06:00:00,20,35,2026-10-11 12:00:00,13 days 06:00:00,318,16.24,-107.82,968.4,88.8,29.78401859065798,307.94095198887044,296.9510462601097,181.4537152242633,235.8958405089697,121.74862883319464,108.64817924878548,77.5388124602747,93.75060779000086,41.85784075148169,37.98279757660436,30.613990202618822,32.97038755064968
2026-09-28 06:00:00,20,35,2026-10-11 18:00:00,13 days 12:00:00,324,17.14,-107.85,952.6,103.5,22.482265493176968,230.5143845063153,214.38914601122096,143.8086943490767,182.3460132513432,117.25760501992772,97.71361452978776,67.03226801466595,90.18101354269584,57.32745697072503,52.14522650970984,39.488756166187045,48.9281997550282
2026-09-28 06:00:00,20,35,2026-10-12 00:00:00,13 days 18:00:00,330,17.99,-107.55,966.4,93.9,45.062992006431855,297.2090020602993,300.81338669144856,202.0294694415477,240.88685874599807,129.70917183076563,122.34699466056912,87.97588530374135,100.7402671044937,45.062992006431855,40.92916621388364,32.658825040701174,36.7512009559916
2026-09-28 06:00:00,20,35,2026-10-12 06:00:00,14 days 00:00:00,336,18.93,-107.88,965.8,89.2,21.5297204632193,268.9054398909284,266.66386647420603,177.65337785684488,190.5343233206048,135.92959747508343,129.8022564680943,96.76191832793047,113.38154476408748,62.59662833882404,61.96952499430356,47.46907433351513,52.63110752457018
2026-09-28 06:00:00,20,35,2026-10-12 12:00:00,14 days 06:00:00,342,20.0,-107.49,971.5,80.3,31.462131403813203,283.790213876219,304.5446843915961,199.2973660606116,194.82349929908517,121.49582253849847,127.783844231922,94.21632339102666,101.975289756297,54.45506911083015,54.1431501181853,41.64715306036345,44.86506765600615
2026-09-28 06:00:00,20,35,2026-10-12 18:00:00,14 days 12:00:00,348,20.91,-107.0,974.4,78.4,41.78196840583449,180.230217675071,194.56667324784365,132.40237516706685,145.67327651751972,81.56463321670682,75.20339602416584,50.16846064756223,65.09418169172585,41.78196840583449,38.1593931926037,29.80391988638176,33.7819706563164
2026-09-28 06:00:00,20,35,2026-10-13 00:00:00,14 days 18:00:00,354,21.81,-106.68,978.0,80.0,29.60282645607265,183.1561406897713,194.6167318653897,137.36377277583233,142.3376153752101,89.08525441606571,82.50188512148998,56.59025823251272,68.58045111193769,29.60282645607265,23.390041031641545,17.198408646906586,19.417974182760474
2026-09-28 06:00:00,20,35,2026-10-13 06:00:00,15 days 00:00:00,360,22.58,-106.13,974.9,86.7,46.556460362793,227.65533046519388,221.9540481263688,162.19700239035114,184.90445794265088,110.0976633853287,109.91275795457524,92.58570527939558,96.08745112100117,71.91762802620013,68.5630379860681,58.1280637800426,60.295720961391
2026-09-28 06:00:00,22,35,2026-10-09 00:00:00,10 days 18:00:00,258,16.33,140.16,1002.6,24.0,129.40335179920416,0.0,0.0,0.0,0.0,0.0,0.0,0.0,0.0,0.0,0.0,0.0,0.0
2026-09-28 06:00:00,22,35,2026-10-09 06:00:00,11 days 00:00:00,264,16.4,140.48,1006.6,20.9,125.9190398607807,0.0,0.0,0.0,0.0,0.0,0.0,0.0,0.0,0.0,0.0,0.0,0.0
2026-09-28 06:00:00,22,35,2026-10-09 12:00:00,11 days 06:00:00,270,16.6,140.58,1000.7,28.9,134.94152440657194,0.0,0.0,0.0,0.0,0.0,0.0,0.0,0.0,0.0,0.0,0.0,0.0
2026-09-28 06:00:00,22,35,2026-10-09 18:00:00,11 days 12:00:00,276,16.77,140.29,1004.9,24.2,160.25454261443724,0.0,0.0,0.0,0.0,0.0,0.0,0.0,0.0,0.0,0.0,0.0,0.0
2026-09-28 06:00:00,22,35,2026-10-10 00:00:00,11 days 18:00:00,282,17.29,140.68,1003.4,27.7,136.95203739570843,0.0,0.0,0.0,0.0,0.0,0.0,0.0,0.0,0.0,0.0,0.0,0.0
2026-09-28 06:00:00,22,35,2026-10-10 06:00:00,12 days 00:00:00,288,17.69,141.13,1001.1,28.1,50.79630088069717,0.0,0.0,0.0,0.0,0.0,0.0,0.0,0.0,0.0,0.0,0.0,0.0
2026-09-28 06:00:00,22,35,2026-10-10 12:00:00,12 days 06:00:00,294,17.75,140.91,999.6,29.6,79.48907322609564,0.0,0.0,0.0,0.0,0.0,0.0,0.0,0.0,0.0,0.0,0.0,0.0
2026-09-28 06:00:00,22,35,2026-10-10 18:00:00,12 days 12:00:00,300,18.7,141.58,999.1,35.9,73.36160308722512,73.36160308722512,62.658840757477535,41.49319496239262,44.08889050313433,0.0,0.0,0.0,0.0,0.0,0.0,0.0,0.0
2026-09-28 06:00:00,22,35,2026-10-11 00:00:00,12 days 18:00:00,306,19.86,142.2,988.8,51.3,35.77689644380103,119.0696169528502,123.73647545886485,92.22465438516096,98.4585933155817,37.551428804754806,29.985676918566853,18.47850144350282,25.861483416906253,0.0,0.0,0.0,0.0
2026-09-28 06:00:00,22,35,2026-10-11 06:00:00,13 days 00:00:00,312,20.84,142.93,982.4,55.4,8.94307833857394,151.65302142241046,156.48837542418028,134.5326920036846,133.31497515934575,84.43833867786725,76.43962427717292,56.7208147943916,64.72297795530079,0.0,0.0,0.0,0.0
2026-09-28 06:00:00,22,35,2026-10-11 12:00:00,13 days 06:00:00,318,21.84,143.45,981.9,64.4,10.076162829228592,102.46751925067149,129.567217342964,94.23138559613146,81.3686126205583,74.58941654182678,67.80960512817306,46.74104144533212,56.25801650240682,19.468251680018994,16.893107411756468,12.094026713182068,14.323505060238784
2026-09-28 06:00:00,22,35,2026-10-11 18:00:00,13 days 12:00:00,324,23.1,144.44,972.9,71.2,2.360453129608976,78.31181736090603,77.13308060410267,59.62322138756747,59.67459396461976,35.35905224228715,27.403895777278034,17.098829280438196,25.188563314322383,9.145895311509156,6.639698292125102,4.786538778650548,7.491068830337005
2026-09-28 06:00:00,22,35,2026-10-12 00:00:00,13 days 18:00:00,330,24.47,144.52,988.1,53.6,49.22830016029364,93.36272419588111,76.46442047316808,38.173444578922215,60.040399650290496,49.22830016029364,1.482357577179846,0.0,0.0829431623573841,0.0,0.0,0.0,0.0
2026-09-28 06:00:00,22,35,2026-10-12 06:00:00,14 days 00:00:00,336,24.99,144.93,985.0,50.8,13.887073920103886,115.18675066694269,106.77491957143478,73.2288135189547,83.17471482665604,44.862477577092456,37.39265065852972,21.217773669081097,31.241903959620384,0.0,0.0,0.0,0.0
2026-09-28 06:00:00,22,35,2026-10-12 12:00:00,14 days 06:00:00,342,26.38,145.29,991.4,41.0,35.55967273500157,75.5318790470548,76.55324021008353,55.09162510990156,66.03322364586127,0.0,0.0,0.0,0.0,0.0,0.0,0.0,0.0
2026-09-28 06:00:00,22,35,2026-10-12 18:00:00,14 days 12:00:00,348,27.54,145.69,993.6,41.0,84.75551220259112,84.75551220259112,64.94877595537238,44.84808556047088,43.6617745318875,0.0,0.0,0.0,0.0,0.0,0.0,0.0,0.0
2026-09-28 06:00:00,22,35,2026-10-13 00:00:00,14 days 18:00:00,354,30.2,144.65,999.0,37.8,89.9903242907066,3.1015116603209982,89.9903242907066,3.30752658191416,1.3781263495006346,0.0,0.0,0.0,0.0,0.0,0.0,0.0,0.0
2026-09-28 06:00:00,22,35,2026-10-13 06:00:00,15 days 00:00:00,360,32.58,144.07,988.1,38.2,107.93002789075965,107.93002789075965,18.208863800252917,8.191948826599404,17.244549740638163,0.0,0.0,0.0,0.0,0.0,0.0,0.0,0.0
2026-09-28 06:00:00,23,35,2026-10-09 18:00:00,11 days 12:00:00,276,18.54,-81.81,1005.5,27.8,128.5788466311597,0.0,0.0,0.0,0.0,0.0,0.0,0.0,0.0,0.0,0.0,0.0,0.0
2026-09-28 06:00:00,23,35,2026-10-10 00:00:00,11 days 18:00:00,282,19.9,-80.51,1005.1,36.6,119.45485176473156,119.45485176473156,64.53563943247991,33.62538722409711,50.61361046153466,0.0,0.0,0.0,0.0,0.0,0.0,0.0,0.0
2026-09-28 06:00:00,23,35,2026-10-10 06:00:00,12 days 00:00:00,288,20.69,-80.22,1003.4,34.7,103.20231908221804,103.20231908221804,0.0,0.0,0.0,0.0,0.0,0.0,0.0,0.0,0.0,0.0,0.0
2026-09-28 06:00:00,23,35,2026-10-10 12:00:00,12 days 06:00:00,294,21.3,-79.71,1001.8,45.1,131.46790637147615,169.64724060109938,152.94257615685592,88.7819066792074,120.93432321865772,0.0,0.0,0.0,0.0,0.0,0.0,0.0,0.0
2026-09-28 06:00:00,23,35,2026-10-10 18:00:00,12 days 12:00:00,300,22.24,-79.72,1000.9,41.1,45.02201689003832,8.67521971410686,45.02201689003832,0.0,0.0,0.0,0.0,0.0,0.0,0.0,0.0,0.0,0.0
2026-09-28 06:00:00,23,35,2026-10-11 00:00:00,12 days 18:00:00,306,23.59,-79.14,1001.2,42.8,116.17107786848251,116.17107786848251,96.02769477528815,43.86602258446055,62.913830679785335,0.0,0.0,0.0,0.0,0.0,0.0,0.0,0.0
2026-09-28 06:00:00,23,35,2026-10-11 06:00:00,13 days 00:00:00,312,24.77,-78.46,998.4,51.2,43.615649217376586,102.1496911648232,108.1830481077138,38.24879960221909,59.19972004620014,2.010072238606025,43.615649217376586,0.0,0.0,0.0,0.0,0.0,0.0
2026-09-28 06:00:00,23,35,2026-10-11 12:00:00,13 days 06:00:00,318,26.04,-77.91,996.2,49.4,98.02255721005253,167.2633719566619,163.5767399758906,90.47125954365184,113.18644535937251,0.0,0.0,0.0,0.0,0.0,0.0,0.0,0.0
2026-09-28 06:00:00,23,35,2026-10-11 18:00:00,13 days 12:00:00,324,27.17,-76.8,993.4,51.1,69.01387555098076,69.01387555098076,69.01387555098076,5.504752837646766,24.2926254118912,69.01387555098076,0.0,0.0,0.6090487626238916,0.0,0.0,0.0,0.0
2026-09-28 06:00:00,23,35,2026-10-12 00:00:00,13 days 18:00:00,330,28.35,-74.81,992.6,51.7,108.62220835150848,199.87785248704336,209.4234589502344,135.38462215090104,137.0519101822171,108.62220835150848,7.948596949565258,2.3740791627014124,2.7971649665773404,0.0,0.0,0.0,0.0
2026-09-28 06:00:00,23,35,2026-10-12 06:00:00,14 days 00:00:00,336,29.87,-73.23,992.7,53.5,53.51756452637227,113.11717741740092,111.1283326166742,52.737737907836895,70.81840662543185,53.51756452637227,12.52996811987456,5.7270870153436935,7.151232754917476,0.0,0.0,0.0,0.0
2026-09-28 06:00:00,23,35,2026-10-12 12:00:00,14 days 06:00:00,342,31.19,-71.3,985.0,65.5,27.261255881545367,81.61199246322349,86.49114257120527,42.90681852236435,49.56658313783896,27.261255881545367,27.261255881545367,0.0,2.126357783847709,0.0,27.261255881545367,0.0,0.0
2026-09-28 06:00:00,23,35,2026-10-12 18:00:00,14 days 12:00:00,348,31.77,-69.28,986.1,65.2,23.31787989660755,128.80367133808073,134.63990157375832,90.17568992116536,98.38224717241836,56.19509993487999,50.235398036149206,38.63397775375381,45.410624028006765,23.31787989660755,15.031565224468574,12.092692721991812,12.564648133272042
2026-09-28 06:00:00,23,35,2026-10-13 00:00:00,14 days 18:00:00,354,32.29,-67.03,986.2,55.4,41.58543686857605,146.52513486302098,159.94729989744866,127.3882959824349,116.52246837783368,41.58543686857605,21.43471108006408,14.896227396206632,14.556384703972586,0.0,0.0,0.0,0.0
2026-09-28 06:00:00,23,35,2026-10-13 06:00:00,15 days 00:00:00,360,32.59,-64.58,988.8,53.9,52.08056923095148,125.29281265212308,144.57304117214994,94.245810166539,89.51576463315263,0.4253637928372598,52.08056923095148,0.0,0.0,0.0,0.0,0.0,0.0
2026-09-28 06:00:00,AL062026,35,2026-09-28 06:00:00,0 days 00:00:00,0,28.3,-43.8,1012.0,25.0,56.0,0.0,0.0,0.0,0.0,0.0,0.0,0.0,0.0,0.0,0.0,0.0,0.0
2026-09-28 06:00:00,AL062026,35,2026-09-28 12:00:00,0 days 06:00:00,6,27.44,-44.27,1011.1,33.3,100.1318597145458,0.0,0.0,0.0,0.0,0.0,0.0,0.0,0.0,0.0,0.0,0.0,0.0
2026-09-28 06:00:00,AL062026,35,2026-09-28 18:00:00,0 days 12:00:00,12,26.76,-44.82,1009.9,29.8,114.50865214294032,0.0,0.0,0.0,0.0,0.0,0.0,0.0,0.0,0.0,0.0,0.0,0.0
2026-09-28 06:00:00,AL062026,35,2026-09-29 00:00:00,0 days 18:00:00,18,26.28,-45.34,1008.8,32.9,37.01658351170241,0.0,0.0,0.0,0.0,0.0,0.0,0.0,0.0,0.0,0.0,0.0,0.0
2026-09-28 06:00:00,AL062026,35,2026-09-29 06:00:00,1 days 00:00:00,24,25.64,-46.47,1008.3,30.8,72.62025655945007,0.0,0.0,0.0,0.0,0.0,0.0,0.0,0.0,0.0,0.0,0.0,0.0
2026-09-28 06:00:00,AL062026,35,2026-09-29 12:00:00,1 days 06:00:00,30,25.2,-47.76,1006.8,39.3,52.23152142577524,52.23152142577524,0.0,0.0,0.0,0.0,0.0,0.0,0.0,0.0,0.0,0.0,0.0
2026-09-28 06:00:00,AL912026(2),35,2026-09-28 06:00:00,0 days 00:00:00,0,36.3,-53.1,1013.0,29.0,148.0,0.0,0.0,0.0,0.0,0.0,0.0,0.0,0.0,0.0,0.0,0.0,0.0
2026-09-28 06:00:00,AL912026(2),35,2026-09-28 12:00:00,0 days 06:00:00,6,36.39,-51.07,1004.6,44.5,66.00768269010268,50.56802346189977,66.00768269010268,18.610200710131156,29.82203422461788,0.0,0.0,0.0,0.0,0.0,0.0,0.0,0.0
2026-09-28 06:00:00,AL912026(2),35,2026-09-28 18:00:00,0 days 12:00:00,12,36.52,-48.72,995.3,46.7,36.59946514166798,21.39201403702104,36.59946514166798,16.915482721658524,20.491683320605144,0.0,0.0,0.0,0.0,0.0,0.0,0.0,0.0
2026-09-28 06:00:00,AL912026(2),35,2026-09-29 00:00:00,0 days 18:00:00,18,35.67,-47.21,1001.0,46.3,19.987153878361767,89.51695325602623,102.18360079840068,66.8152816484303,75.84859470665833,0.0,0.0,0.0,0.0,0.0,0.0,0.0,0.0
2026-09-28 06:00:00,EP152026(2),35,2026-09-28 06:00:00,0 days 00:00:00,0,16.4,-160.8,929.0,134.0,28.0,241.0,185.0,148.0,204.0,93.0,74.0,74.0,93.0,56.0,46.0,37.0,46.0
2026-09-28 06:00:00,EP152026(2),35,2026-09-28 12:00:00,0 days 06:00:00,6,16.82,-161.63,937.1,128.0,12.406002797119632,202.2761425814799,140.97690544325027,107.71385040211187,186.28264599827207,93.60267197467704,66.59645736556992,48.8953063514091,80.96442421141222,70.12544502222855,55.55241949878648,45.7890747284062,61.78534762013432
2026-09-28 06:00:00,EP152026(2),35,2026-09-28 18:00:00,0 days 12:00:00,12,17.08,-162.63,939.4,125.7,23.53909945361437,268.93572105483065,201.64008926714,144.29195974850472,210.7872884289197,126.8996331819718,98.78029750072592,69.97658894367524,103.530182335118,68.72306302153453,61.0987337066523,47.307198057761696,60.77807459289932
2026-09-28 06:00:00,EP152026(2),35,2026-09-29 00:00:00,0 days 18:00:00,18,18.03,-163.57,954.1,101.5,23.87937099353025,235.0181442847781,214.76815990468808,149.5704168206601,183.5088821275454,119.81637049788074,104.36850950708558,72.4963686315146,99.00587930870309,55.13254193650814,48.4882135759717,37.22377639437653,46.10198962817539
2026-09-28 06:00:00,EP152026(2),35,2026-09-29 06:00:00,1 days 00:00:00,24,19.31,-163.55,960.1,100.2,30.7273994827564,192.4285168086207,184.14038973081364,143.27229952654005,164.55085516582847,41.286045752587846,31.450745541017525,13.780037141919426,26.03601201840879,30.7273994827564,0.0,0.0,0.0
2026-09-28 06:00:00,EP152026(2),35,2026-09-29 12:00:00,1 days 06:00:00,30,20.44,-163.88,960.1,103.1,6.697941053459033,176.92232048724915,156.73404186527702,112.54278470400996,138.82962946074923,85.72391554995276,63.59108239236271,42.87203144969489,63.605857197850575,35.02525600181862,29.831717550576688,22.261238442515783,30.46624453441932
2026-09-28 06:00:00,EP152026(2),35,2026-09-29 18:00:00,1 days 12:00:00,36,21.72,-163.87,976.4,80.0,35.87883091687172,225.6345265706877,221.0181836271695,146.70867461060607,174.13525641924753,113.1534561360495,96.9613963601446,68.55886468734366,91.21163577676045,47.22331849817442,43.81494110656786,33.38272015702523,39.42308919434549
2026-09-28 06:00:00,EP152026(2),35,2026-09-30 00:00:00,1 days 18:00:00,42,22.51,-164.19,975.2,74.2,34.779485040004474,264.23893308591755,273.3165269363204,190.5683758986785,197.4440309798658,112.21580247440656,107.78789882337637,76.29896965758171,94.31767275567697,36.91876261402447,36.4680646519445,26.0883574190772,29.78733325907633
2026-09-28 06:00:00,EP152026(2),35,2026-09-30 06:00:00,2 days 00:00:00,48,23.27,-164.42,984.4,60.6,41.80621851500431,220.19997871191651,190.24664955443905,166.54136105748026,201.15388527954207,114.31259231837304,93.30484905883856,70.4379912071426,93.32906830975809,0.0,0.0,0.0,0.0
2026-09-28 06:00:00,EP152026(2),35,2026-09-30 12:00:00,2 days 06:00:00,54,23.27,-164.12,981.4,64.3,51.82130114195032,262.06159952820605,254.01328911440896,202.5630387838073,211.80943048691657,104.9617773269026,106.7689623042437,85.15583938963539,90.16002289557456,32.52994611851916,51.82130114195032,27.493827524091135,27.084858736895075
2026-09-28 06:00:00,EP152026(2),35,2026-09-30 18:00:00,2 days 12:00:00,60,23.32,-164.61,995.4,45.7,61.41225127908413,276.05939675634284,239.47932220519704,203.86249817232232,233.59536793342195,0.0,0.0,0.0,0.0,0.0,0.0,0.0,0.0
2026-09-28 06:00:00,EP152026(2),35,2026-10-01 00:00:00,2 days 18:00:00,66,23.16,-164.83,992.7,50.7,96.21090864209752,271.8326153167202,254.9349619395902,208.69929598306408,244.566281538675,3.1345370174423604,0.0,0.0,96.21090864209752,0.0,0.0,0.0,0.0
2026-09-28 06:00:00,EP152026(2),35,2026-10-01 06:00:00,3 days 00:00:00,72,23.45,-165.3,982.9,47.0,96.58342769457556,113.0363030870148,100.9661130995903,84.03579585486838,105.57081942755627,0.0,0.0,0.0,0.0,0.0,0.0,0.0,0.0
2026-09-28 06:00:00,EP152026(2),35,2026-10-01 12:00:00,3 days 06:00:00,78,23.87,-166.05,990.7,53.0,51.69798303265685,133.24556882495256,98.53864930020256,76.8982865587858,89.56238372033022,3.0723418706221253,0.0,0.0,51.69798303265685,0.0,0.0,0.0,0.0
2026-09-28 06:00:00,EP152026(2),35,2026-10-01 18:00:00,3 days 12:00:00,84,23.7,-166.55,988.9,55.8,126.0595768843424,387.8586242775226,317.680994788197,254.36545307497312,339.6910698752169,126.0595768843424,75.02850932745942,58.92799097348895,71.59558410360643,0.0,0.0,0.0,0.0
2026-09-28 06:00:00,EP152026(2),35,2026-10-02 00:00:00,3 days 18:00:00,90,23.84,-167.11,984.8,52.9,115.72505202362436,175.67506122368604,154.48859212610614,128.1280180415888,145.83237351020534,0.0363851768265703,0.9373747110481644,0.0,115.72505202362436,0.0,0.0,0.0,0.0
2026-09-28 06:00:00,EP152026(2),35,2026-10-02 06:00:00,4 days 00:00:00,96,24.05,-167.37,983.8,51.4,117.24229146438212,117.24229146438212,61.87349212725621,51.94387505672756,64.91828550622598,117.24229146438212,0.0,0.0,0.0,0.0,0.0,0.0,0.0
2026-09-28 06:00:00,EP152026(2),35,2026-10-02 12:00:00,4 days 06:00:00,102,24.2,-167.48,986.2,55.5,77.46944417953137,253.2091271369416,228.38916237740568,180.8829049331808,206.3327733763055,1.5787892584949164,77.46944417953137,0.0,0.8203370761824225,0.0,0.0,0.0,0.0
2026-09-28 06:00:00,EP152026(2),35,2026-10-02 18:00:00,4 days 12:00:00,108,24.17,-167.86,984.8,56.6,103.95064157811224,257.5757155142457,226.87217565535568,180.80535955869937,211.6462451247967,0.1655238052159058,0.0,0.0,103.95064157811224,0.0,0.0,0.0,0.0
2026-09-28 06:00:00,EP152026(2),35,2026-10-03 00:00:00,4 days 18:00:00,114,24.26,-168.04,989.8,48.3,142.18478709536294,246.3014052119884,224.41152111097745,180.5120632152793,219.4267353896248,0.0,0.0,0.0,0.0,0.0,0.0,0.0,0.0
2026-09-28 06:00:00,EP152026(2),35,2026-10-03 06:00:00,5 days 00:00:00,120,24.07,-168.53,994.6,54.5,154.31224896127534,494.97859635443126,433.45865869640375,385.9336219004493,476.00741612702166,193.16689774380427,176.34638046597613,145.41613220935105,156.00825763489053,0.0,0.0,0.0,0.0
2026-09-28 06:00:00,EP152026(2),35,2026-10-03 12:00:00,5 days 06:00:00,126,23.97,-169.71,985.0,55.0,85.16220313233023,165.7020091209314,144.1917773942636,111.57321262104423,147.1024420056037,1.3333984234781262,0.0,0.0,85.16220313233023,0.0,0.0,0.0,0.0
2026-09-28 06:00:00,EP152026(2),35,2026-10-03 18:00:00,5 days 12:00:00,132,23.7,-170.44,985.8,53.0,64.28431200873564,313.9632968333163,251.5837674762572,202.89790699961503,268.8056447047258,64.28431200873564,33.63288274115206,21.92162335843895,35.33613760165274,0.0,0.0,0.0,0.0
2026-09-28 06:00:00,EP152026(2),35,2026-10-04 00:00:00,5 days 18:00:00,138,23.72,-171.81,986.8,54.7,70.95735794429832,203.3878436633593,165.7065144012276,129.1073168026179,159.5700587242806,70.95735794429832,0.0,0.0,3.4993498982457627,0.0,0.0,0.0,0.0
2026-09-28 06:00:00,EP152026(2),35,2026-10-04 06:00:00,6 days 00:00:00,144,23.69,-173.56,988.8,56.6,54.36410075669932,209.79407827532677,170.51394619990924,137.75844861982654,187.70832827869452,54.36410075669932,22.86250694951241,13.43719547911311,27.79354560387201,0.0,0.0,0.0,0.0
2026-09-28 06:00:00,EP152026(2),35,2026-10-04 12:00:00,6 days 06:00:00,150,23.88,-175.37,987.7,55.3,96.4142453740438,296.7420657992866,254.69662855643173,186.5813652809176,248.3016836586565,96.4142453740438,0.0,0.0,4.57308616894086,0.0,0.0,0.0,0.0
2026-09-28 06:00:00,EP152026(2),35,2026-10-04 18:00:00,6 days 12:00:00,156,24.05,-176.57,989.0,62.4,48.53728585157203,210.47657775923955,174.4435026860585,107.19546738210089,164.3733278513832,48.53728585157203,0.0,0.0,3.371975774403065,0.0,0.0,0.0,0.0
2026-09-28 06:00:00,EP152026(2),35,2026-10-05 00:00:00,6 days 18:00:00,162,24.54,-178.91,978.5,67.8,15.052963653204744,208.9816354876998,181.81639561363895,141.02430937122102,180.07507478133476,45.39225210141226,29.109889051944823,16.773568367810782,28.53301229079901,15.052963653204744,0.0,0.0,0.2454759311361209
2026-09-28 06:00:00,EP152026(2),35,2026-10-05 06:00:00,7 days 00:00:00,168,24.82,179.54,976.5,73.6,36.80665106933661,242.00271585630347,206.5728671696301,150.5850086624067,193.18127912401036,36.80665106933661,0.0,0.0,36.80665106933661,0.0,0.0,0.0,36.80665106933661
2026-09-28 06:00:00,EP152026(2),35,2026-10-05 12:00:00,7 days 06:00:00,174,25.02,177.61,984.3,57.5,37.95414524883932,179.65524730839002,155.70166565820102,106.41747432893528,140.39905557110083,37.95414524883932,20.65094742879128,7.892554282795898,21.39168459371533,0.0,0.0,0.0,0.0
2026-09-28 06:00:00,EP152026(2),35,2026-10-05 18:00:00,7 days 12:00:00,180,25.34,175.94,985.9,60.4,68.29723875389658,292.68544693114814,246.3514626745125,180.88689467441367,243.74498216176607,68.29723875389658,24.07750667227799,10.937265439490512,26.922971285455617,0.0,0.0,0.0,0.0
2026-09-28 06:00:00,EP152026(2),35,2026-10-06 00:00:00,7 days 18:00:00,186,25.31,174.63,987.6,57.8,71.40104999935966,182.249138944852,152.3744085760004,108.49685140838017,151.34098952577983,5.106014208417779,0.0,0.0,71.40104999935966,0.0,0.0,0.0,0.0
2026-09-28 06:00:00,EP152026(2),35,2026-10-06 06:00:00,8 days 00:00:00,192,25.15,172.76,973.8,76.6,15.86680127778402,209.81451378089625,152.59794355497888,103.33064897952804,191.5255230172708,80.45415971718002,56.65555771729308,35.643580734097405,63.85555610345777,15.86680127778402,7.551362268013427,4.6214256008079575,11.491578340854208
2026-09-28 06:00:00,EP152026(2),35,2026-10-06 12:00:00,8 days 06:00:00,198,24.58,170.87,980.3,73.1,22.00429498840284,167.21900971961574,127.73165827860852,71.6165708434713,140.73560877853993,64.91096918827341,42.329409342957575,23.4252470082871,48.50706928105494,22.00429498840284,0.0,0.0,2.0094890708543205
2026-09-28 06:00:00,EP152026(2),35,2026-10-06 18:00:00,8 days 12:00:00,204,24.03,168.61,989.7,51.2,46.63946087042967,100.52298355661225,71.4426758399184,43.85680673482574,84.13935310501233,46.63946087042967,0.0,0.0,0.1650912851238288,0.0,0.0,0.0,0.0
2026-09-28 06:00:00,EP152026(2),35,2026-10-07 00:00:00,8 days 18:00:00,210,23.57,166.02,991.1,52.7,63.97661673895775,155.40624328486268,116.10145184318982,80.135843789743,122.40277847025472,63.97661673895775,4.645119974854593,0.0,8.039769280549038,0.0,0.0,0.0,0.0
2026-09-28 06:00:00,EP152026(2),35,2026-10-07 06:00:00,9 days 00:00:00,216,22.99,163.33,993.8,48.2,43.597674090921856,146.63946590129655,111.02151170113348,84.52928574610567,122.47945306576528,0.0,0.0,0.0,0.0,0.0,0.0,0.0,0.0
2026-09-28 06:00:00,EP152026(2),35,2026-10-07 12:00:00,9 days 06:00:00,222,22.78,160.36,986.3,60.3,48.96570745259298,173.95357223542072,145.2696303528804,87.66855339461677,125.32210081929028,48.96570745259298,3.995842841954378,0.0,8.206491126637108,0.0,0.0,0.0,0.0
2026-09-28 06:00:00,EP152026(2),35,2026-10-07 18:00:00,9 days 12:00:00,228,23.07,157.71,968.1,91.4,0.0,158.66588750481375,124.8236971465786,89.05508008140293,113.35468850544918,39.4364835238788,22.71212770500882,9.552780595775252,28.52830197086041,2.0515079431727354,0.0,0.0,1.684622054741961
2026-09-28 06:00:00,EP152026(2),35,2026-10-08 00:00:00,9 days 18:00:00,234,23.53,154.78,949.5,118.0,27.93303140650496,140.06796162678788,104.59219865169082,80.2821026239686,126.91972091714103,74.65751141860099,55.68991274168054,38.8642218409437,62.885915655429855,37.64787009315354,29.293411629775655,22.020874201001284,34.42163158913798
2026-09-28 06:00:00,EP152026(2),35,2026-10-08 06:00:00,10 days 00:00:00,240,23.81,152.17,966.3,93.2,0.0,109.0751025748846,95.99064311482724,96.25353176732304,110.76260743375632,71.65227406731297,57.23272421385937,45.8264561636043,61.49752518144704,50.38195957800264,42.905134866326485,34.736237168583244,43.16809713925242
2026-09-28 06:00:00,EP152026(2),35,2026-10-08 12:00:00,10 days 06:00:00,246,24.36,150.38,996.4,49.9,33.72871286524045,153.03871682782324,126.1679135654232,102.95558439287862,144.0492273979824,0.0,0.0,0.0,0.0,0.0,0.0,0.0,0.0
2026-09-28 06:00:00,EP152026(2),35,2026-10-08 18:00:00,10 days 12:00:00,252,24.97,147.94,996.0,45.5,59.260063907088565,150.2341659196368,117.16735033074828,96.2036008242014,131.78151752007636,0.0,0.0,0.0,0.0,0.0,0.0,0.0,0.0
2026-09-28 06:00:00,EP152026(2),35,2026-10-09 00:00:00,10 days 18:00:00,258,25.66,145.43,998.4,46.4,56.04126739819101,185.03205814889205,156.27602994432374,122.5733457831827,150.07688830302757,0.0,0.0,0.0,0.0,0.0,0.0,0.0,0.0
2026-09-28 06:00:00,EP152026(2),35,2026-10-09 06:00:00,11 days 00:00:00,264,26.51,144.06,989.2,44.8,98.08004263898049,219.6810232566677,206.37626905534023,151.36890630020758,183.73848789954144,0.0,0.0,0.0,0.0,0.0,0.0,0.0,0.0
2026-09-28 06:00:00,EP152026(2),35,2026-10-09 12:00:00,11 days 06:00:00,270,27.27,142.64,996.0,41.9,106.3196544225102,237.4447837067892,195.15585473968892,154.06561797548784,199.3907597182042,0.0,0.0,0.0,0.0,0.0,0.0,0.0,0.0
2026-09-28 06:00:00,EP152026(2),35,2026-10-09 18:00:00,11 days 12:00:00,276,28.25,142.06,991.2,49.6,75.96118722672614,231.09581127959572,216.84443596750668,151.1226898685896,176.22548421231704,0.0,0.0,0.0,0.0,0.0,0.0,0.0,0.0
2026-09-28 06:00:00,EP152026(2),35,2026-10-10 00:00:00,11 days 18:00:00,282,29.78,141.94,990.7,46.8,73.13008742824816,175.4303643056398,182.13103595869055,108.60772601858906,115.64481570450742,0.0,0.0,0.0,0.0,0.0,0.0,0.0,0.0
2026-09-28 06:00:00,EP152026(2),35,2026-10-10 06:00:00,12 days 00:00:00,288,31.66,141.75,982.7,66.5,34.84024197122154,160.14772630762678,169.24980142042705,115.46870293848642,104.77081704551884,1.7222894951492442,34.84024197122154,34.84024197122154,0.0,0.0,0.2884863563349151,34.84024197122154,0.0
2026-09-28 06:00:00,EP152026(2),35,2026-10-10 12:00:00,12 days 06:00:00,294,34.67,141.31,973.9,62.4,32.125109242920345,209.72904028262693,234.6127887264909,183.7400532091812,162.1948388458925,32.44295923748588,28.37333212141652,17.651633421095134,25.504144954866,0.0,0.0,0.0,0.0
2026-09-28 06:00:00,EP152026(2),35,2026-10-10 18:00:00,12 days 12:00:00,300,37.25,140.33,979.6,56.1,61.98425949313294,137.70161818544818,141.06524464478167,134.52375263803052,104.37421823216508,4.711894123835304,61.98425949313294,0.0,2.5882785239912067,0.0,0.0,0.0,0.0
2026-09-28 06:00:00,EP152026(2),35,2026-10-11 00:00:00,12 days 18:00:00,306,38.93,140.16,989.7,47.1,91.30443041947127,188.7978883551198,186.88453425119584,134.67003865895435,151.1863233758148,0.0,0.0,0.0,0.0,0.0,0.0,0.0,0.0
2026-09-28 06:00:00,EP152026(2),35,2026-10-11 06:00:00,13 days 00:00:00,312,40.35,140.61,988.8,43.4,108.49356951728618,355.1661380908328,361.4059784214148,280.1298381250422,292.1471411386593,0.0,0.0,0.0,0.0,0.0,0.0,0.0,0.0
2026-09-28 06:00:00,EP152026(2),35,2026-10-11 12:00:00,13 days 06:00:00,318,41.72,142.32,1000.3,39.0,72.35150246088159,70.46383494335177,73.16005991000732,65.35524016492518,63.65676556194916,0.0,0.0,0.0,0.0,0.0,0.0,0.0,0.0
2026-09-28 06:00:00,EP152026(2),35,2026-10-11 18:00:00,13 days 12:00:00,324,41.84,145.61,998.4,35.6,63.588478527485336,63.588478527485336,11.210393415541034,8.129533648144644,1.2603715593463107,0.0,0.0,0.0,0.0,0.0,0.0,0.0,0.0
2026-09-28 06:00:00,EP172026,35,2026-09-28 06:00:00,0 days 00:00:00,0,23.2,-114.0,955.0,105.0,28.0,167.0,148.0,148.0,148.0,102.0,93.0,83.0,83.0,65.0,65.0,65.0,65.0
2026-09-28 06:00:00,EP172026,35,2026-09-28 12:00:00,0 days 06:00:00,6,24.08,-113.74,963.7,86.5,21.447445084140316,216.00616032323623,231.6532120410156,155.36462423466236,179.68032614387624,125.28784614631098,109.3620142584184,76.81109806137037,95.55756061112712,54.42411045730439,47.762499559368976,37.24126575105336,45.43834529392804
2026-09-28 06:00:00,EP172026,35,2026-09-28 18:00:00,0 days 12:00:00,12,25.15,-113.62,962.3,97.4,16.28191049861506,111.3522827075134,130.90733297278328,102.11663281613929,96.82381386864768,59.51475757161544,55.34702194601156,38.17150486015254,47.26201060164009,21.50618854870478,19.29739852527652,13.544933766426134,17.521095783849365
2026-09-28 06:00:00,EP172026,35,2026-09-29 00:00:00,0 days 18:00:00,18,25.57,-113.25,966.9,88.4,0.0,94.64310994080404,124.56714411667052,90.86471691747364,75.67218926280066,39.520707383150125,41.72103819345409,25.474584427418108,29.46142790811629,24.30125705251362,21.28923931742221,16.290123925344147,19.376170206034075
2026-09-28 06:00:00,EP172026,35,2026-09-29 06:00:00,1 days 00:00:00,24,26.18,-112.28,973.3,76.1,17.154448725872847,75.81124782941389,128.51367451850706,98.47593322185854,63.42276531487941,28.508950412980944,30.737057156394503,18.47412701319077,18.977479205158343,17.154448725872847,10.12070678168062,8.942720798326064,10.47018037142272
2026-09-28 06:00:00,EP172026,35,2026-09-29 12:00:00,1 days 06:00:00,30,27.6,-111.41,981.9,56.0,18.334321805730244,113.11534759515696,129.67365774001996,79.70946933229465,71.7281402964576,28.88792950666532,24.98678604229269,11.535467091679884,18.610862796474684,0.0,0.0,0.0,0.0
2026-09-28 06:00:00,EP172026,35,2026-09-29 18:00:00,1 days 12:00:00,36,29.49,-109.72,994.2,37.8,64.3395604080568,32.438630506085474,64.3395604080568,10.950911974164027,10.52707364792414,0.0,0.0,0.0,0.0,0.0,0.0,0.0,0.0
2026-09-28 06:00:00,EP182026,35,2026-09-28 06:00:00,0 days 00:00:00,0,13.2,-100.0,1001.0,41.0,93.0,222.0,185.0,148.0,222.0,0.0,0.0,0.0,0.0,0.0,0.0,0.0,0.0
2026-09-28 06:00:00,EP182026,35,2026-09-28 12:00:00,0 days 06:00:00,6,13.33,-100.6,997.2,46.7,92.93304975494458,215.27153974660607,192.1153322049976,153.28585289650016,180.28178057036789,0.0,0.0,0.0,0.0,0.0,0.0,0.0,0.0
2026-09-28 06:00:00,EP182026,35,2026-09-28 18:00:00,0 days 12:00:00,12,13.52,-101.54,989.3,59.7,49.8135271037104,137.4441921704028,121.37266992853752,99.42164173657773,121.36577347769926,49.8135271037104,31.39975658306074,21.52663731967246,29.91897780550821,0.0,0.0,0.0,0.0
2026-09-28 06:00:00,EP182026,35,2026-09-29 00:00:00,0 days 18:00:00,18,13.86,-102.71,991.5,51.3,66.61465236161098,138.70973973509274,108.4920993977461,85.19412484401765,114.28946720046352,66.61465236161098,1.87865545082996,1.1364805933219642,3.078680230954669,0.0,0.0,0.0,0.0
2026-09-28 06:00:00,EP182026,35,2026-09-29 06:00:00,1 days 00:00:00,24,14.26,-103.57,998.4,47.8,91.84934002673292,216.46913578918188,189.7228795183068,154.855376296114,177.83191660030334,0.0,0.0,0.0,0.0,0.0,0.0,0.0,0.0
2026-09-28 06:00:00,EP182026,35,2026-09-29 12:00:00,1 days 06:00:00,30,14.62,-104.07,986.8,59.8,50.75063508590628,217.45206963970483,191.9501995130736,167.31128973189098,204.34063346885085,53.195786208466494,38.584075713634,29.41049078664842,34.36121851838009,0.0,0.0,0.0,0.0
2026-09-28 06:00:00,EP182026,35,2026-09-29 18:00:00,1 days 12:00:00,36,15.38,-104.8,984.5,64.3,69.06329657320708,186.90573211043196,161.06540360171147,118.91873834734372,156.19294289590562,69.06329657320708,48.43603278385486,30.71180110210414,45.28172147478121,69.06329657320708,0.0,0.0,0.0
2026-09-28 06:00:00,EP182026,35,2026-09-30 00:00:00,1 days 18:00:00,42,16.15,-105.84,983.7,64.9,37.18758305786562,339.9598588268949,302.9854035919034,215.2500111112439,276.45195704509337,181.7785083037818,160.4993640078194,122.5213400819722,145.58381220916658,41.2186528013623,37.71769331963476,29.696674903089047,33.56261516922328
2026-09-28 06:00:00,EP182026,35,2026-09-30 06:00:00,2 days 00:00:00,48,16.6,-106.32,974.8,79.6,18.459322200410984,186.37639989927223,160.03780528352934,124.679992570714,157.3076257851339,97.11403951137694,80.50948862942684,59.10231274231367,79.48837129836951,43.183954494953554,37.77458131179394,29.138739949968876,36.45159179002616
2026-09-28 06:00:00,EP182026,35,2026-09-30 12:00:00,2 days 06:00:00,54,17.22,-106.99,976.5,76.5,45.801579447240535,231.0353078076148,205.9836024647728,141.4198067245499,178.9403030334234,110.42903296656264,93.67433259476034,68.62034780922582,91.02465898269804,61.90862381596765,56.9611430571921,45.82821505878759,53.39767267054534
2026-09-28 06:00:00,EP182026,35,2026-09-30 18:00:00,2 days 12:00:00,60,17.54,-107.52,969.5,86.1,42.13813451117812,223.6995688049437,186.63226043868963,129.3954668330989,184.23024263302975,104.44088924532116,89.28911112004516,65.8314254197121,89.2322208608357,64.63918623843779,58.53798492687156,47.23289322724327,55.877885598201374
2026-09-28 06:00:00,EP182026,35,2026-10-01 00:00:00,2 days 18:00:00,66,18.04,-108.08,951.2,105.0,23.888505117068675,215.3325632746667,206.73148308775248,150.47003276208238,169.78789805249988,108.11956896558452,94.13083274192093,72.50510239683317,89.78305895420652,67.52230998957756,61.70312249634587,50.0206643308345,58.17539808103342
2026-09-28 06:00:00,EP182026,35,2026-10-01 06:00:00,3 days 00:00:00,72,18.19,-108.68,956.3,104.9,13.240428327088209,201.13710659550304,167.2968331691907,143.40782258695629,187.35693359720744,90.72393436842351,72.83141698106755,56.19562687112601,78.54358653181896,64.44594884215408,55.58608054288637,46.420433177126775,54.724699367603385
2026-09-28 06:00:00,EP182026,35,2026-10-01 12:00:00,3 days 06:00:00,78,18.41,-109.0,950.8,95.1,17.46004178553614,187.26469811470471,183.90975271611657,157.70154448350735,181.6290520271949,90.07075130057649,67.12383580335305,51.79620508952264,75.02878213372091,47.550705112072485,38.59046284854669,31.479284226158097,40.45010704169565
2026-09-28 06:00:00,EP182026,35,2026-10-01 18:00:00,3 days 12:00:00,84,18.67,-109.32,957.0,98.5,11.292564486587231,167.34606314192888,175.85339497467476,153.11029799436625,158.36700174799807,70.45349937021214,64.06638309904112,52.85832238144489,65.02778631117918,39.73131333150327,34.99422696683631,28.79800219610777,34.32995490789903
2026-09-28 06:00:00,EP182026,35,2026-10-02 00:00:00,3 days 18:00:00,90,18.74,-109.51,959.1,92.7,53.247086874965646,183.1847088543268,197.3356499266447,160.7038380184949,182.282271365435,81.67096606720747,72.89733762729009,57.21060279292152,71.98625005424185,69.94740844913315,63.03488749118395,51.60387774077413,60.55168538427722
2026-09-28 06:00:00,EP182026,35,2026-10-02 06:00:00,4 days 00:00:00,96,18.88,-109.67,950.3,108.9,21.4267496118766,169.1415853666078,171.43168547300212,149.6064185909816,152.36511136522242,66.03958942254754,56.86622418585392,40.07079659695866,52.22067030723804,28.834930507726558,25.70858517073316,19.96586951555463,23.632649904392903
2026-09-28 06:00:00,EP182026,35,2026-10-02 12:00:00,4 days 06:00:00,102,19.26,-109.65,967.7,90.3,9.953507466372692,139.43492783906083,132.02388058931214,110.8502498498006,125.4498303513862,63.78089789550904,57.15739284361334,45.19587684388924,55.0575569614659,42.45393750549875,38.67334367624818,32.3446719061293,35.9236030119718
2026-09-28 06:00:00,EP182026,35,2026-10-02 18:00:00,4 days 12:00:00,108,19.16,-109.73,964.0,92.8,33.29140236207436,150.43289358497736,174.99788268603965,120.5151052379996,131.4213911055728,69.46668174928702,65.51080066521286,49.47922971481714,64.69267469053885,38.90667204140618,35.81445944456831,27.97118909093952,31.96933488090912
2026-09-28 06:00:00,EP182026,35,2026-10-03 00:00:00,4 days 18:00:00,114,19.42,-109.62,966.7,88.5,44.080436741246544,201.99659638032065,204.70448098349385,164.82767136352277,171.49785410837296,78.89969241398452,78.18615993671652,63.14372100719969,69.99758148989162,65.08665743325258,60.65590300847129,50.82432113367437,55.61877274117232
2026-09-28 06:00:00,EP182026,35,2026-10-03 06:00:00,5 days 00:00:00,120,19.65,-109.76,964.5,99.2,44.0427198404068,130.55370736888344,161.89744243721924,116.78908401406449,128.82001138380184,70.66569044808203,67.3919417755661,54.60691210396932,63.3560781239324,44.0427198404068,38.86996378952475,31.47497501462989,34.97938748781748
2026-09-28 06:00:00,EP182026,35,2026-10-03 12:00:00,5 days 06:00:00,126,19.72,-109.99,980.5,71.3,68.01964463385218,202.8400388246357,181.25134898994676,147.73430697834698,184.08571602970264,102.70653107750186,89.06672122320288,69.70614340800351,87.51782146395763,68.01964463385218,37.12635546718537,30.18839410633601,35.639354884599875
2026-09-28 06:00:00,EP182026,35,2026-10-03 18:00:00,5 days 12:00:00,132,19.97,-109.9,971.4,82.2,36.24090757290048,156.96647018683572,149.2101347892149,119.501205597849,134.6357890786968,44.78209424275176,37.52551925824398,21.56891715176801,31.864242340438487,36.24090757290048,0.6067249142103169,0.0,0.2337051473156256
2026-09-28 06:00:00,EP182026,35,2026-10-04 00:00:00,5 days 18:00:00,138,20.15,-109.83,979.3,75.4,15.648504659982452,115.15063987130216,136.825279069935,106.31338513832966,104.25427635944486,41.97906672152727,39.227215429054816,23.72249104640866,25.6874063360601,15.648504659982452,6.7062251179040375,3.098919477547078,3.948008985916138
2026-09-28 06:00:00,EP182026,35,2026-10-04 06:00:00,6 days 00:00:00,144,20.27,-109.93,961.1,91.5,7.820613508104088,121.20398721670313,140.44617645648987,134.2856832069524,109.21292394958584,50.61660843419452,47.84342429570404,40.74123511049697,46.30700430062734,27.477691798633288,26.50726012503833,21.438139120736736,23.185573472877792
2026-09-28 06:00:00,EP182026,35,2026-10-04 12:00:00,6 days 06:00:00,150,20.56,-110.05,977.2,73.9,45.28321838935568,168.69828939207272,156.65001794811064,108.6649691265346,133.95642595146833,72.07745245291882,69.48522951597872,54.01392909065919,60.57661419162355,45.28321838935568,39.4406984193775,33.640979668562665,36.07500545093063
2026-09-28 06:00:00,EP182026,35,2026-10-04 18:00:00,6 days 12:00:00,156,20.92,-110.1,960.2,96.9,11.693107631067994,178.0080374374822,155.0417809130567,133.2474128360818,150.5047303896285,73.95033171358634,59.43230798548615,42.46328553959856,59.40718276555796,29.3779037462318,24.55640066312342,18.872147537505665,24.617988346448428
2026-09-28 06:00:00,EP182026,35,2026-10-05 00:00:00,6 days 18:00:00,162,21.09,-110.73,972.9,82.9,4.571313748313017,124.2385373376288,128.48541879102373,113.47233042853551,90.368442575524,57.00738809540416,52.060586678124906,40.07817121252194,50.928881823771285,32.600979918076206,30.4409378342259,24.396202328666583,26.61453886068191
2026-09-28 06:00:00,EP182026,35,2026-10-05 06:00:00,7 days 00:00:00,168,21.32,-111.04,974.7,77.1,22.356194203492663,194.63656294723253,151.7303286733635,135.5571119459385,182.0420736780897,98.43068905436354,80.31847436987934,63.83069337539197,85.93804526885083,46.25074981224342,42.18748872113893,34.33169715923244,39.3291745473136
2026-09-28 06:00:00,EP182026,35,2026-10-05 12:00:00,7 days 06:00:00,174,21.3,-111.5,969.2,85.4,30.89974635383271,240.89441205522,203.2889862251345,196.29031494072416,227.32686963000435,67.47990478717085,52.99769347899287,37.33102121260645,53.70917799767665,6.852739771149717,5.941934379074658,3.831343545320174,30.89974635383271
2026-09-28 06:00:00,EP182026,35,2026-10-05 18:00:00,7 days 12:00:00,180,21.48,-111.85,964.4,91.2,15.096274503751928,158.89139582533608,117.11645147661994,109.53700392922568,158.20659793227716,90.3877544399848,65.1609736409412,48.57503165075073,79.11262048691651,46.84798277530787,38.527672416494354,30.240594558684883,40.37079821572857
2026-09-28 06:00:00,EP182026,35,2026-10-06 00:00:00,7 days 18:00:00,186,21.58,-112.76,971.4,83.3,30.42149295182753,180.57765370701625,129.30498333749802,112.54986211126015,168.21001369757778,103.7274352600391,82.28392697789991,65.89230351048178,94.6703220917509,63.0825719730222,53.447383363675215,45.240943261623045,55.65186786544086
2026-09-28 06:00:00,EP182026,35,2026-10-06 06:00:00,8 days 00:00:00,192,21.66,-113.58,977.4,73.4,28.61474160671304,157.8406481240656,130.76705572254627,121.47566814007716,149.86795099157823,89.33251794272346,73.9020823106892,60.00614832429004,78.4698420956631,48.51477632902661,43.50807476084192,35.114797606574626,42.22801729493868
2026-09-28 06:00:00,EP182026,35,2026-10-06 12:00:00,8 days 06:00:00,198,21.94,-114.36,977.3,74.9,21.972271204300117,125.60498247819667,100.9671617130166,91.83828669120578,118.79288290597458,23.29466230674285,10.715594634466868,6.813177837370866,21.972271204300117,0.8848129249461252,0.0,0.0,21.972271204300117
2026-09-28 06:00:00,EP182026,35,2026-10-06 18:00:00,8 days 12:00:00,204,22.08,-115.57,988.4,61.9,2.0312817258633977,146.36048853827378,114.06522219202516,103.20360116626992,141.0001471772213,55.04859880310004,38.32461589331249,25.06240857232247,42.05133986014036,0.0,0.0,0.0,0.0
2026-09-28 06:00:00,EP182026,35,2026-10-07 00:00:00,8 days 18:00:00,210,22.39,-116.58,986.1,61.4,63.77051088718292,166.65776207697127,140.5615635219856,101.03820998855235,136.24718669446747,63.77051088718292,6.815852196077898,1.3018679030844569,14.191678677406102,0.0,0.0,0.0,0.0
2026-09-28 06:00:00,EP182026,35,2026-10-07 06:00:00,9 days 00:00:00,216,22.55,-117.81,996.5,46.7,61.895435199083295,140.80721911436842,122.36455491649826,98.29668076207992,129.72291695214824,0.0,0.0,0.0,0.0,0.0,0.0,0.0,0.0
2026-09-28 06:00:00,EP182026,35,2026-10-07 12:00:00,9 days 06:00:00,222,22.97,-118.59,997.3,47.2,75.45753981864517,169.64324769871868,138.8076784941443,98.3312219683806,136.83054458880878,0.0,0.0,0.0,0.0,0.0,0.0,0.0,0.0
2026-09-28 06:00:00,EP182026,35,2026-10-07 18:00:00,9 days 12:00:00,228,23.26,-119.46,991.1,52.4,25.237652552031022,134.25259508560055,109.99882944942784,78.08518058556831,109.7248427756242,28.686042718587785,19.369790273429643,9.466523408167872,17.20185597579632,0.0,0.0,0.0,0.0
2026-09-28 06:00:00,EP182026,35,2026-10-08 00:00:00,9 days 18:00:00,234,23.84,-120.36,989.9,54.2,20.05017500397128,137.57302797993532,111.83646238243163,92.92797793948024,114.25036365391026,20.05017500397128,5.51184014315875,1.625491741271336,9.466122982807182,0.0,0.0,0.0,0.0
2026-09-28 06:00:00,EP182026,35,2026-10-08 06:00:00,10 days 00:00:00,240,24.15,-121.44,995.6,45.1,30.22415660505726,122.0151927104484,104.65539708373024,83.906644834431,106.92356052566504,0.0,0.0,0.0,0.0,0.0,0.0,0.0,0.0
2026-09-28 06:00:00,EP182026,35,2026-10-08 12:00:00,10 days 06:00:00,246,24.25,-122.42,997.8,44.1,48.11019359737367,115.02938743416183,102.09967635645968,79.66254741313548,100.4605568992602,0.0,0.0,0.0,0.0,0.0,0.0,0.0,0.0
2026-09-28 06:00:00,EP182026,35,2026-10-08 18:00:00,10 days 12:00:00,252,24.1,-122.73,1001.2,35.0,88.01121631823203,0.0,4.216326587382774,4.078466367140656,88.01121631823203,0.0,0.0,0.0,0.0,0.0,0.0,0.0,0.0
2026-09-28 06:00:00,EP182026,35,2026-10-09 00:00:00,10 days 18:00:00,258,24.24,-122.75,1003.6,25.8,70.99589353440302,0.0,0.0,0.0,0.0,0.0,0.0,0.0,0.0,0.0,0.0,0.0,0.0
2026-09-28 06:00:00,EP182026,35,2026-10-09 06:00:00,11 days 00:00:00,264,24.16,-122.63,1001.9,28.2,99.78479856640396,0.0,0.0,0.0,0.0,0.0,0.0,0.0,0.0,0.0,0.0,0.0,0.0
2026-09-28 06:00:00,EP182026,35,2026-10-09 12:00:00,11 days 06:00:00,270,24.27,-122.45,1002.5,27.5,108.99466937649098,0.0,0.0,0.0,0.0,0.0,0.0,0.0,0.0,0.0,0.0,0.0,0.0
2026-09-28 06:00:00,EP182026,35,2026-10-09 18:00:00,11 days 12:00:00,276,24.36,-121.91,1003.3,24.7,115.48984266848998,0.0,0.0,0.0,0.0,0.0,0.0,0.0,0.0,0.0,0.0,0.0,0.0
2026-09-28 06:00:00,EP182026,35,2026-10-10 00:00:00,11 days 18:00:00,282,23.7,-121.79,1005.0,24.1,132.17855756423057,0.0,0.0,0.0,0.0,0.0,0.0,0.0,0.0,0.0,0.0,0.0,0.0
2026-09-28 06:00:00,EP182026,35,2026-10-10 06:00:00,12 days 00:00:00,288,23.25,-121.74,1006.6,24.8,80.71292974988339,0.0,0.0,0.0,0.0,0.0,0.0,0.0,0.0,0.0,0.0,0.0,0.0
2026-09-28 06:00:00,EP182026,35,2026-10-10 12:00:00,12 days 06:00:00,294,22.73,-122.0,1009.3,19.6,121.6232245577741,0.0,0.0,0.0,0.0,0.0,0.0,0.0,0.0,0.0,0.0,0.0,0.0
2026-09-28 06:00:00,EP182026,35,2026-10-10 18:00:00,12 days 12:00:00,300,22.28,-122.07,1010.9,14.5,61.90231793158607,0.0,0.0,0.0,0.0,0.0,0.0,0.0,0.0,0.0,0.0,0.0,0.0
2026-09-28 06:00:00,EP182026,35,2026-10-11 00:00:00,12 days 18:00:00,306,21.72,-122.26,1007.6,18.8,118.28147188620224,0.0,0.0,0.0,0.0,0.0,0.0,0.0,0.0,0.0,0.0,0.0,0.0
2026-09-28 06:00:00,EP182026,35,2026-10-11 06:00:00,13 days 00:00:00,312,20.51,-122.79,1009.9,22.3,91.28926633694196,0.0,0.0,0.0,0.0,0.0,0.0,0.0,0.0,0.0,0.0,0.0,0.0
2026-09-28 06:00:00,EP912026(3),35,2026-09-28 06:00:00,0 days 00:00:00,0,12.7,-136.6,1005.0,29.0,93.0,0.0,0.0,0.0,0.0,0.0,0.0,0.0,0.0,0.0,0.0,0.0,0.0
2026-09-28 06:00:00,EP912026(3),35,2026-09-28 12:00:00,0 days 06:00:00,6,13.42,-135.91,1004.7,34.6,105.6940577357717,105.6940577357717,5.3324105594693805,0.0,0.0,0.0,0.0,0.0,0.0,0.0,0.0,0.0,0.0
2026-09-28 06:00:00,WP252026,35,2026-09-28 06:00:00,0 days 00:00:00,0,27.5,131.6,954.0,99.0,9.0,148.0,158.0,148.0,121.0,,,,,,,,
2026-09-28 06:00:00,WP252026,35,2026-09-28 12:00:00,0 days 06:00:00,6,27.46,132.49,979.9,62.6,47.88440613231072,150.38707036810456,196.84416684134715,167.40961829829973,133.3284797402111,67.26763682325199,79.30613983556333,67.61654558297187,57.92458669976696,0.0,0.0,0.0,0.0
2026-09-28 06:00:00,WP252026,35,2026-09-28 18:00:00,0 days 12:00:00,12,27.97,133.34,988.5,50.5,69.19744582139582,133.9678792664665,150.39999045451222,115.73729250422794,105.58194405869396,69.19744582139582,31.578512100148867,23.046721761729785,22.14196631151454,0.0,0.0,0.0,0.0
2026-09-28 06:00:00,WP252026,35,2026-09-29 00:00:00,0 days 18:00:00,18,28.35,134.03,999.3,44.2,30.398981690293827,0.0,30.398981690293827,1.2559610611848289,0.0,0.0,0.0,0.0,0.0,0.0,0.0,0.0,0.0
2026-09-28 06:00:00,WP252026,35,2026-09-29 06:00:00,1 days 00:00:00,24,28.75,134.81,999.4,38.4,100.26353489478332,236.165643264004,251.91040257791693,218.3069772819871,203.1408794928356,0.0,0.0,0.0,0.0,0.0,0.0,0.0,0.0
2026-09-28 06:00:00,WP252026,35,2026-09-29 12:00:00,1 days 06:00:00,30,28.96,135.44,1000.5,34.4,44.81643977769026,0.0,0.0,44.81643977769026,0.0,0.0,0.0,0.0,0.0,0.0,0.0,0.0,0.0
2026-09-28 06:00:00,WP252026,35,2026-09-29 18:00:00,1 days 12:00:00,36,29.46,136.25,1003.2,34.0,76.68619378750572,0.6411686420985081,76.68619378750572,0.0,0.0,0.0,0.0,0.0,0.0,0.0,0.0,0.0,0.0
2026-09-28 06:00:00,WP252026,35,2026-09-30 00:00:00,1 days 18:00:00,42,29.86,137.13,1001.8,27.9,87.12342590503951,0.0,0.0,0.0,0.0,0.0,0.0,0.0,0.0,0.0,0.0,0.0,0.0
2026-09-28 06:00:00,WP252026,35,2026-09-30 06:00:00,2 days 00:00:00,48,30.17,138.08,999.5,35.8,63.12542852986863,90.78128462225057,107.84276492095732,81.16932880625292,72.91136030501951,0.0,0.0,0.0,0.0,0.0,0.0,0.0,0.0
2026-09-28 06:00:00,WP252026,35,2026-09-30 12:00:00,2 days 06:00:00,54,30.91,138.2,998.1,34.4,99.56794065465502,99.56794065465502,0.0,0.0,0.0,0.0,0.0,0.0,0.0,0.0,0.0,0.0,0.0
2026-09-28 06:00:00,WP252026,35,2026-09-30 18:00:00,2 days 12:00:00,60,31.7,138.73,998.2,31.1,112.7802890766878,0.0,0.0,0.0,0.0,0.0,0.0,0.0,0.0,0.0,0.0,0.0,0.0
2026-09-28 06:00:00,WP252026,35,2026-10-01 00:00:00,2 days 18:00:00,66,32.64,139.29,999.9,30.7,87.4742754103313,0.0,0.0,0.0,0.0,0.0,0.0,0.0,0.0,0.0,0.0,0.0,0.0
2026-09-28 06:00:00,WP252026,35,2026-10-01 06:00:00,3 days 00:00:00,72,33.44,140.22,998.3,32.0,54.02785901363876,0.0,0.0,0.0,0.0,0.0,0.0,0.0,0.0,0.0,0.0,0.0,0.0
2026-09-28 06:00:00,WP252026,35,2026-10-01 12:00:00,3 days 06:00:00,78,34.96,142.19,995.9,41.2,50.750170465207006,0.0,50.750170465207006,0.0,0.0,0.0,0.0,0.0,0.0,0.0,0.0,0.0,0.0
2026-09-28 06:00:00,WP252026,35,2026-10-01 18:00:00,3 days 12:00:00,84,36.63,145.61,995.5,36.0,95.67981109554286,21.759373589061266,95.67981109554286,2.640518542199484,0.0,0.0,0.0,0.0,0.0,0.0,0.0,0.0,0.0
2026-09-28 06:00:00,WP252026,35,2026-10-02 00:00:00,3 days 18:00:00,90,37.5,148.67,1000.4,35.4,117.28140582908098,12.926391118656364,117.28140582908098,10.825799160296675,8.046455110958473,0.0,0.0,0.0,0.0,0.0,0.0,0.0,0.0
2026-09-28 06:00:00,WP252026,35,2026-10-02 06:00:00,4 days 00:00:00,96,38.79,152.93,1001.4,31.7,115.85427373062332,0.0,0.0,0.0,0.0,0.0,0.0,0.0,0.0,0.0,0.0,0.0,0.0
2026-09-28 06:00:00,WP922026(4),35,2026-09-28 06:00:00,0 days 00:00:00,0,16.4,97.6,1001.0,29.0,64.0,0.0,0.0,0.0,0.0,0.0,0.0,0.0,0.0,0.0,0.0,0.0,0.0
2026-09-28 06:00:00,WP922026(4),35,2026-09-28 12:00:00,0 days 06:00:00,6,17.17,97.33,1001.5,26.7,108.0359042258894,0.0,0.0,0.0,0.0,0.0,0.0,0.0,0.0,0.0,0.0,0.0,0.0
2026-09-28 06:00:00,WP922026(4),35,2026-09-28 18:00:00,0 days 12:00:00,12,18.66,97.19,1005.1,17.6,127.44346446638366,0.0,0.0,0.0,0.0,0.0,0.0,0.0,0.0,0.0,0.0,0.0,0.0
2026-09-28 06:00:00,WP922026(4),35,2026-09-29 00:00:00,0 days 18:00:00,18,19.73,95.63,1003.8,24.3,66.26131749679689,0.0,0.0,0.0,0.0,0.0,0.0,0.0,0.0,0.0,0.0,0.0,0.0
2026-09-28 06:00:00,11,36,2026-10-02 00:00:00,3 days 18:00:00,90,12.92,162.64,1007.3,22.4,116.65989323370198,0.0,0.0,0.0,0.0,0.0,0.0,0.0,0.0,0.0,0.0,0.0,0.0
2026-09-28 06:00:00,11,36,2026-10-02 06:00:00,4 days 00:00:00,96,13.15,163.51,1006.4,19.2,102.43457058659484,0.0,0.0,0.0,0.0,0.0,0.0,0.0,0.0,0.0,0.0,0.0,0.0
2026-09-28 06:00:00,11,36,2026-10-02 12:00:00,4 days 06:00:00,102,13.24,164.15,1008.2,17.7,84.01610300664737,0.0,0.0,0.0,0.0,0.0,0.0,0.0,0.0,0.0,0.0,0.0,0.0
2026-09-28 06:00:00,11,36,2026-10-02 18:00:00,4 days 12:00:00,108,13.54,164.91,1003.0,24.4,85.76604865590859,0.0,0.0,0.0,0.0,0.0,0.0,0.0,0.0,0.0,0.0,0.0,0.0
2026-09-28 06:00:00,11,36,2026-10-03 00:00:00,4 days 18:00:00,114,13.81,164.17,1004.3,22.5,80.10824382691587,0.0,0.0,0.0,0.0,0.0,0.0,0.0,0.0,0.0,0.0,0.0,0.0
2026-09-28 06:00:00,11,36,2026-10-03 06:00:00,5 days 00:00:00,120,14.1,164.19,1005.3,26.2,118.50960418791018,0.0,0.0,0.0,0.0,0.0,0.0,0.0,0.0,0.0,0.0,0.0,0.0
2026-09-28 06:00:00,11,36,2026-10-03 12:00:00,5 days 06:00:00,126,14.29,164.34,1004.3,23.3,114.73967498749374,0.0,0.0,0.0,0.0,0.0,0.0,0.0,0.0,0.0,0.0,0.0,0.0
2026-09-28 06:00:00,11,36,2026-10-03 18:00:00,5 days 12:00:00,132,14.61,164.37,1003.2,25.0,115.50633213039625,0.0,0.0,0.0,0.0,0.0,0.0,0.0,0.0,0.0,0.0,0.0,0.0
2026-09-28 06:00:00,11,36,2026-10-04 00:00:00,5 days 18:00:00,138,14.63,163.64,998.2,37.6,52.33724093457538,65.62977662235241,54.49030010383349,38.88422110933146,46.38636580748093,0.0,0.0,0.0,0.0,0.0,0.0,0.0,0.0
2026-09-28 06:00:00,11,36,2026-10-04 06:00:00,6 days 00:00:00,144,14.66,163.22,997.3,36.6,70.0740947858043,70.0740947858043,10.317760114265944,7.0074018860971705,10.014678611865357,0.0,0.0,0.0,0.0,0.0,0.0,0.0,0.0
2026-09-28 06:00:00,11,36,2026-10-04 12:00:00,6 days 06:00:00,150,14.47,162.77,986.4,57.0,35.05069385253324,120.93040558048976,95.88452932257456,91.86474093912132,102.30240342417514,0.0,0.0,35.05069385253324,0.0,0.0,0.0,0.0,0.0
2026-09-28 06:00:00,11,36,2026-10-04 18:00:00,6 days 12:00:00,156,14.5,162.26,980.4,63.8,9.474208833400787,96.2561259071564,72.51304769945394,53.39855614168781,87.14779387625862,21.574735700004908,15.215451553822405,8.972173910083844,15.986047470796112,0.0,0.0,0.0,0.0
2026-09-28 06:00:00,11,36,2026-10-05 00:00:00,6 days 18:00:00,162,14.32,161.66,956.2,92.4,3.4555965241860367,129.66554805504398,116.94676611351775,115.2106745060627,129.93691639755963,61.43420660041551,56.12479451714376,47.045654474337766,56.5187262452073,32.26905616151291,28.643035846072436,23.277880601418268,28.03415702440018
2026-09-28 06:00:00,11,36,2026-10-05 06:00:00,7 days 00:00:00,168,14.23,161.66,970.1,76.8,38.22643047922856,246.893076326822,202.7220602284224,187.76898824149885,223.3887590516933,123.51835555201706,111.67997235757412,94.60965188588284,108.93384139977582,62.94665201588055,57.990222482839954,48.43362941715361,54.538968201116745
2026-09-28 06:00:00,11,36,2026-10-05 12:00:00,7 days 06:00:00,174,14.47,161.11,964.6,84.3,26.569951498012585,187.17981576925536,159.78121149399942,150.7286855017133,176.93091826806057,96.52499979766932,83.75711013940624,70.33699150071807,87.04299097126777,48.75642047481807,43.3731001119201,35.01270476873828,41.92118021353218
2026-09-28 06:00:00,11,36,2026-10-05 18:00:00,7 days 12:00:00,180,14.74,160.17,960.6,88.8,15.830164006574703,195.35293152078637,174.8895363194539,176.34580489087483,188.31686112002183,39.65524307465231,37.67649583887252,32.09397699166771,36.031254140640776,20.263483142928425,18.46284030724722,14.15214643563353,17.295953696980604
2026-09-28 06:00:00,11,36,2026-10-06 00:00:00,7 days 18:00:00,186,15.1,159.18,949.4,101.5,0.0,154.61225731546295,139.79933440827767,127.71500966200418,150.11997760501308,74.95731973616222,66.47728678453578,56.023720453086455,68.0028395274405,39.399288049118944,34.99705552327646,28.717125677066264,34.64761570072477
2026-09-28 06:00:00,11,36,2026-10-06 06:00:00,8 days 00:00:00,192,15.34,158.5,953.1,95.9,39.10196774289328,223.86814202709343,200.70178593040208,183.71938009324424,193.0827567935305,121.70331706297314,112.09914195234732,97.9610790791802,110.47837688489258,68.7241114310383,63.32191723320766,53.46955415276457,60.35702694300687
2026-09-28 06:00:00,11,36,2026-10-06 12:00:00,8 days 06:00:00,198,16.12,157.28,954.6,102.0,27.615417062145735,303.3151408052811,247.77270102336055,233.755473139214,283.60818375044505,171.0340852051047,150.45765411243622,129.06269671892562,152.911419017649,91.50351034573676,83.04713232737903,67.52521570014385,80.51171505798942
2026-09-28 06:00:00,11,36,2026-10-06 18:00:00,8 days 12:00:00,204,16.48,156.06,949.9,100.2,23.33810659654852,240.09963818886123,203.66503067270068,184.15169122488385,212.74607397391975,116.32505355455824,97.72719802029826,80.9806988511274,99.80983846343908,60.68152543821499,52.9107151226939,43.09985640555662,53.44139560925024
2026-09-28 06:00:00,11,36,2026-10-07 00:00:00,8 days 18:00:00,210,16.89,154.68,949.7,109.8,0.0,241.2244166116689,203.0431167132309,196.1860928930533,235.80699075497304,126.0591953896092,110.1568647419063,92.32177844157002,110.9132351114445,67.50299709813218,59.60880270215439,50.132710612113954,60.3159762866982
2026-09-28 06:00:00,11,36,2026-10-07 06:00:00,9 days 00:00:00,216,17.08,153.81,934.6,112.4,7.011290122205764,247.47558144759088,204.1480227671454,183.70979206169557,211.1245640735476,48.91738070364688,35.609006205802416,27.00349156112785,41.58994411371876,23.19565021351918,17.965831015100665,12.342840499741966,20.467015126616637
2026-09-28 06:00:00,11,36,2026-10-07 12:00:00,9 days 06:00:00,222,17.49,152.41,948.0,97.7,21.396690488645827,265.8895247895508,225.199518082878,192.5187525570603,237.0713953850677,119.30080770268718,102.26640616385905,83.07827730964942,103.47426121439445,62.35365259071395,54.51846805165319,45.05082393587038,55.893639279201714
2026-09-28 06:00:00,11,36,2026-10-07 18:00:00,9 days 12:00:00,228,18.15,151.82,951.0,97.6,32.28405567659897,279.9877558804184,257.62717147038734,219.5491974011456,241.226885798242,135.5605211829041,117.99554491101544,97.37306663966692,117.33866726152309,71.46560073609595,63.98595995679767,51.6197069527608,62.70883611491421
2026-09-28 06:00:00,11,36,2026-10-08 00:00:00,9 days 18:00:00,234,18.74,151.07,939.2,112.4,20.754525014222224,259.3155688277837,200.0758062794524,186.9187469750844,239.23680564013344,103.2592391266038,85.3097555411036,74.11237630509225,94.30356051537416,53.82547661095053,48.55019215374649,39.46230602912204,48.739790665370485
2026-09-28 06:00:00,11,36,2026-10-08 06:00:00,10 days 00:00:00,240,19.58,150.48,926.2,118.2,32.76463351254394,400.22965642621807,395.9703424666265,329.4395692033938,343.60146028024275,61.77794057395717,52.15984238158251,35.88450729026298,52.2432575030454,32.76463351254394,25.39139502057353,17.80674417446598,24.724448605137145
2026-09-28 06:00:00,11,36,2026-10-08 12:00:00,10 days 06:00:00,246,20.75,150.13,925.9,120.5,10.437537424921343,210.2310784170263,206.41775680996196,155.93943880920278,168.01464696400194,99.28851076290266,88.73525341109428,65.08781178675974,82.77354163272003,52.371804414593214,47.25876438337474,37.64250088660552,45.76027545244858
2026-09-28 06:00:00,11,36,2026-10-08 18:00:00,10 days 12:00:00,252,21.65,150.02,925.5,119.8,0.0025573820745137,260.71139363781936,289.859568882868,215.18912084428095,208.2457108454332,107.06667272511096,105.87531627454024,75.91943901659153,84.08186824685117,57.08658553082827,54.52152663317631,43.61162327410338,48.560223512382265
2026-09-28 06:00:00,11,36,2026-10-09 00:00:00,10 days 18:00:00,258,22.98,150.24,951.2,105.0,21.771968384724037,231.34929221384263,288.34909679546274,211.9692795675195,166.9942433870743,42.79018531128234,54.86244275999929,42.80725913330816,29.742990264832702,24.83003034166605,26.646767814445628,21.829535786863367,20.585901483690584
2026-09-28 06:00:00,11,36,2026-10-09 06:00:00,11 days 00:00:00,264,24.29,149.37,961.3,84.7,55.55190004616065,329.0388742546449,358.4090489730431,283.1631643859003,262.9919581577121,88.443462887973,95.90343477724608,74.80651615799049,75.40094093680476,55.55190004616065,46.76059943691924,37.38515528120204,40.342897597650605
2026-09-28 06:00:00,11,36,2026-10-09 12:00:00,11 days 06:00:00,270,25.35,148.87,951.6,92.1,63.99204145664993,303.7780386501855,292.0104895549429,237.96122398178403,250.70066373644008,63.99204145664993,63.99204145664993,0.0,0.1041838316292684,63.99204145664993,0.0,0.0,0.0
2026-09-28 06:00:00,11,36,2026-10-09 18:00:00,11 days 12:00:00,276,26.15,148.73,953.0,90.0,45.40931257573847,296.6472458557305,297.85880715395524,247.4889888635775,243.80359270310677,112.46952877123373,110.92869994543344,91.13399693612524,95.45116930962266,60.58541021797119,57.708204477553686,48.08880308037877,51.23376980388568
2026-09-28 06:00:00,11,36,2026-10-10 00:00:00,11 days 18:00:00,282,27.06,149.1,954.3,88.3,63.54458342124107,323.85997193274443,331.42865267933394,286.4024640684959,280.3646589548018,16.653235568996358,63.54458342124107,63.54458342124107,12.059908052802571,0.0,0.0,63.54458342124107,0.0
2026-09-28 06:00:00,11,36,2026-10-10 06:00:00,12 days 00:00:00,288,27.77,150.01,967.7,78.3,50.260725592240334,386.9145713896826,424.7478226057197,367.42546232224026,327.0907793994993,213.23306346334917,227.1312767121709,195.6870250865072,185.3356384940961,117.98097401569169,120.79271875078877,101.56650159249028,103.42658562549808
2026-09-28 06:00:00,11,36,2026-10-10 12:00:00,12 days 06:00:00,294,28.67,151.3,953.0,91.6,17.72945381460184,212.1596115388921,273.99209255399137,224.67247630360407,165.9960703780382,94.68299331670698,109.47073589121186,94.15976273847008,81.23255057789362,53.70719662146144,56.394183943503634,47.8504936550533,46.66169051601588
2026-09-28 06:00:00,11,36,2026-10-10 18:00:00,12 days 12:00:00,300,29.91,152.85,956.1,85.7,10.80714714437497,239.0744351911154,306.4917353628661,238.19297324873668,178.49055122116835,110.54019329939872,127.612717647866,103.07850165279064,91.38131121949792,60.85553132544824,65.41248793230427,55.3381971072641,53.15304721888936
2026-09-28 06:00:00,11,36,2026-10-11 00:00:00,12 days 18:00:00,306,31.12,155.09,946.8,98.4,17.598155935868572,231.99564149103747,295.3992530586106,250.4301998428707,181.0770171635453,20.63139904760934,39.74275078208403,27.697340929468623,13.039619781215546,11.018435548351246,17.598155935868572,11.560758581330514,8.220438119637256
2026-09-28 06:00:00,11,36,2026-10-11 06:00:00,13 days 00:00:00,312,32.45,158.01,952.7,86.4,32.652356722162,311.3928533993436,379.787118058025,318.07541010835564,256.4853209988414,106.42686718853152,121.23341106352586,97.96698984350172,87.41158143385195,59.06121210842027,60.60527425683778,51.64058762205894,51.25594757813785
2026-09-28 06:00:00,11,36,2026-10-11 12:00:00,13 days 06:00:00,318,34.33,161.51,960.4,80.3,59.7585970707776,330.15366139409207,384.599725059745,335.6373147596849,279.9448196896132,117.53517611711317,132.8977503697338,114.49107922099908,102.27814448263436,66.82420514681421,68.7813788933949,59.112645603991815,59.81052515397404
2026-09-28 06:00:00,11,36,2026-10-11 18:00:00,13 days 12:00:00,324,37.62,165.46,959.7,74.0,107.15614477421444,477.7783788415823,528.1862579900321,468.3611794128124,413.4407715493721,111.64864907674996,128.88901267756262,106.09610020297193,97.80960679377996,45.71099164210682,107.15614477421444,40.325856147972274,40.3852109251701
2026-09-28 06:00:00,11,36,2026-10-12 00:00:00,13 days 18:00:00,330,40.85,170.12,956.9,76.2,112.64116691436492,428.3079469807826,456.3010733445772,387.7275798108394,367.2691816735369,220.45985916494328,225.3728958739739,188.07206961886092,190.92170517520756,112.64116691436492,48.202487239382776,39.02193030174459,42.12811679071319
2026-09-28 06:00:00,11,36,2026-10-12 06:00:00,14 days 00:00:00,336,42.55,175.49,969.1,74.7,149.08673201811533,149.08673201811533,152.53613336614933,125.39976233022207,107.84578493772544,149.08673201811533,149.08673201811533,3.244147660526986,0.4264946492621995,149.08673201811533,0.6367716920012028,0.0,0.0
2026-09-28 06:00:00,11,36,2026-10-12 12:00:00,14 days 06:00:00,342,45.09,-179.82,964.3,63.1,74.62387540663518,94.23349095241082,112.82645714776788,90.53575919218208,73.33991597053043,0.6659578426992097,74.62387540663518,1.9058652883809768,0.0,0.0,0.0,0.0,0.0
2026-09-28 06:00:00,11,36,2026-10-12 18:00:00,14 days 12:00:00,348,46.09,-174.39,966.3,58.9,85.26762602313516,73.90846092183733,106.7990359967606,81.63815941979907,63.25361643399335,0.8485763643471067,85.26762602313516,1.4006918328844042,0.0,0.0,0.0,0.0,0.0
2026-09-28 06:00:00,11,36,2026-10-13 00:00:00,14 days 18:00:00,354,47.22,-168.63,969.4,50.4,114.23440888714538,114.23440888714538,114.23440888714538,3.002303295926112,0.1909677556083835,114.23440888714538,0.7219679688745231,0.0,0.1909677556083835,0.0,0.0,0.0,0.0
2026-09-28 06:00:00,11,36,2026-10-13 06:00:00,15 days 00:00:00,360,48.98,-162.81,974.3,44.4,206.78723487312757,112.63812021598198,206.78723487312757,115.17413838609887,105.37473547255036,0.0,0.0,0.0,0.0,0.0,0.0,0.0,0.0
2026-09-28 06:00:00,18,36,2026-10-06 12:00:00,8 days 06:00:00,198,13.39,-93.76,1001.2,36.7,72.51035326968986,72.51035326968986,3.5431392742880234,0.0,6.836201156294948,0.0,0.0,0.0,0.0,0.0,0.0,0.0,0.0
2026-09-28 06:00:00,18,36,2026-10-06 18:00:00,8 days 12:00:00,204,13.48,-93.78,994.1,49.0,95.08485446055413,97.93127565175676,80.11863042527781,67.63313066065919,76.26092756264802,0.0,0.0,0.0,0.0,0.0,0.0,0.0,0.0
2026-09-28 06:00:00,18,36,2026-10-07 00:00:00,8 days 18:00:00,210,13.68,-94.27,995.6,51.1,40.62596778836087,84.85415451467463,61.26413654295163,34.4817353768122,65.20361703310493,48.35598049251871,41.3993360904594,31.05291425075345,36.439733070281136,0.0,0.0,0.0,0.0
2026-09-28 06:00:00,18,36,2026-10-07 06:00:00,9 days 00:00:00,216,14.3,-94.58,994.1,50.4,71.86212700623929,71.86212700623929,16.317900807809412,0.0,71.86212700623929,0.2520331653033025,0.0,0.0,71.86212700623929,0.0,0.0,0.0,0.0
2026-09-28 06:00:00,18,36,2026-10-07 12:00:00,9 days 06:00:00,222,14.46,-95.55,982.2,69.7,34.644538611567654,127.69123009329756,100.0034113785498,93.89253192772198,125.67400561387548,61.0622372228036,49.4780780253462,37.78865944380561,53.10651393118097,34.644538611567654,23.04763068105276,17.98171017641433,23.195811220325798
2026-09-28 06:00:00,18,36,2026-10-07 18:00:00,9 days 12:00:00,228,14.82,-96.33,981.0,68.3,30.827935802038777,50.86071152619797,27.806914982402198,18.705452277194745,55.58155635913484,30.827935802038777,5.908058674356503,3.699873836228348,19.918016900080897,30.827935802038777,4.982775754317792,3.699873836228348,9.674378316431746
2026-09-28 06:00:00,18,36,2026-10-08 00:00:00,9 days 18:00:00,234,15.19,-97.8,985.7,74.0,26.764652714554984,106.4569198318045,103.10071295404047,114.8244875337502,110.7203040581662,74.19717193779668,61.86970386013016,55.583432660455344,69.6014957048317,41.54906278830545,36.579405201976414,32.16116154085345,38.084713674827256
2026-09-28 06:00:00,18,36,2026-10-08 06:00:00,10 days 00:00:00,240,15.6,-98.86,997.7,46.5,53.85025838974359,24.57890065373083,9.779186033808934,5.889674492590348,53.85025838974359,0.0,0.0,0.0,0.0,0.0,0.0,0.0,0.0
2026-09-28 06:00:00,18,36,2026-10-08 12:00:00,10 days 06:00:00,246,16.15,-100.09,998.8,44.3,30.456868823627232,30.456868823627232,5.8010930130492255,3.347731392681247,10.381069700484495,0.0,0.0,0.0,0.0,0.0,0.0,0.0,0.0
2026-09-28 06:00:00,18,36,2026-10-08 18:00:00,10 days 12:00:00,252,16.16,-101.19,994.0,54.0,21.130823269241507,51.10078263023461,49.58956337240822,45.418544860173895,49.43913321563011,0.7477203635062768,0.8567661447545998,1.082592707673628,21.130823269241507,0.0,0.0,0.0,0.0
2026-09-28 06:00:00,18,36,2026-10-09 00:00:00,10 days 18:00:00,258,16.06,-101.98,982.4,77.2,0.0,40.08340569657703,35.155784751060736,31.54851728235185,36.70077103089411,4.813129925081347,3.040851958534492,0.5963324643418204,2.8592039872148307,0.0,0.0,0.0,0.0
2026-09-28 06:00:00,18,36,2026-10-09 06:00:00,11 days 00:00:00,264,15.85,-102.89,981.0,76.0,50.2266528966378,124.26767703987252,91.58383763170788,75.23282742124002,115.68971002868444,58.113699076720536,45.8828778944478,33.01540535082199,51.32439970087239,50.2266528966378,21.14290712008324,15.736140967619122,22.34563929208616
2026-09-28 06:00:00,18,36,2026-10-09 12:00:00,11 days 06:00:00,270,15.82,-103.42,983.5,63.8,34.57622135704236,136.2690361441965,113.01229805819816,90.19534937340296,124.00587447378066,56.62978765176528,50.38098418810381,36.97560451767677,46.38753686941909,0.0,0.0,0.0,0.0
2026-09-28 06:00:00,18,36,2026-10-09 18:00:00,11 days 12:00:00,276,15.61,-103.89,987.3,62.3,24.73687335508245,96.3833576311753,85.41028545999686,71.59784973411081,93.2577482598333,24.73687335508245,16.028464456953678,9.4636651883369,17.316177602690864,0.0,0.0,0.0,0.0
2026-09-28 06:00:00,18,36,2026-10-10 00:00:00,11 days 18:00:00,282,15.68,-104.05,975.9,76.9,33.410050927810374,196.16595705535747,167.9959053125525,149.11466628809342,160.24592173454448,72.25681540393987,65.25230514758209,51.43599093536716,61.03966923917389,35.316333536081366,31.22836635643272,24.27876798911519,28.93605922295712
2026-09-28 06:00:00,18,36,2026-10-10 06:00:00,12 days 00:00:00,288,15.78,-104.34,985.5,71.1,34.899561648249914,141.14193133407937,117.4943869479821,96.69426300900147,125.9701582924688,69.1212220359846,54.81160686396845,39.226699338899664,57.89677598226661,34.899561648249914,25.33924706090579,20.141779407269556,26.06329535150263
2026-09-28 06:00:00,18,36,2026-10-10 12:00:00,12 days 06:00:00,294,16.26,-104.53,957.4,100.2,0.0,137.59757172664092,139.17720883847107,112.38144067671304,102.15244170228692,44.93977825408686,41.01970318932629,28.6178840093078,36.99413140787968,21.213775990332607,19.692982791855897,14.645080028189009,16.70723393657417
2026-09-28 06:00:00,18,36,2026-10-10 18:00:00,12 days 12:00:00,300,16.58,-104.68,941.8,122.5,4.548617043662894,159.65969606055833,149.6399519257129,94.93075945624372,122.95781344919448,71.4801406487755,59.06068340656368,46.94754967277638,60.0706997419623,36.54874780769742,33.023019669737494,29.08368186106724,31.986709854423957
2026-09-28 06:00:00,18,36,2026-10-11 00:00:00,12 days 18:00:00,306,17.24,-104.82,931.6,135.5,0.0,139.8233608712501,126.95531161387856,94.08525615712853,111.00842479980132,65.37670464175666,64.89371038856777,50.28959101832676,55.803753207809024,38.10812514779599,38.59739606314252,34.89691670919009,35.21959105905656
2026-09-28 06:00:00,18,36,2026-10-11 06:00:00,13 days 00:00:00,312,17.6,-104.74,962.4,97.4,28.003475122707574,139.38389967848147,116.64761988592768,76.59862456545363,114.858871322682,69.9746980111358,58.60153073930786,43.69686266780349,59.44905491860251,34.53879468265599,30.77132761389665,25.61696593721845,28.997052427940677
2026-09-28 06:00:00,18,36,2026-10-11 12:00:00,13 days 06:00:00,318,18.22,-104.88,962.4,99.5,35.53518153439831,128.96806031182473,137.74570522923742,86.60803218679001,98.25951951065308,61.66871502190129,59.279235330868325,43.16867482309797,52.25376766626049,35.53518153439831,32.86766269460521,26.71370176672935,29.141658288436183
2026-09-28 06:00:00,18,36,2026-10-11 18:00:00,13 days 12:00:00,324,19.44,-104.96,925.9,138.0,2.694708488996035,99.86501023951467,102.08949118526644,77.45054018498713,78.4319306623288,34.090105451562216,39.6283530479975,35.63562877348307,32.4702140438598,21.49815251062877,22.21295367065461,21.524210159211904,21.517000587012397
2026-09-28 06:00:00,18,36,2026-10-12 00:00:00,13 days 18:00:00,330,20.23,-104.14,991.1,52.6,35.53654505661804,98.72209715717956,101.53817605196622,66.59135211209751,64.55234912436114,35.53654505661804,0.0,0.0,0.0,0.0,0.0,0.0,0.0
2026-09-28 06:00:00,20,36,2026-10-07 06:00:00,9 days 00:00:00,216,11.89,177.32,1006.2,23.6,116.27978292858324,0.0,0.0,0.0,0.0,0.0,0.0,0.0,0.0,0.0,0.0,0.0,0.0
2026-09-28 06:00:00,20,36,2026-10-07 12:00:00,9 days 06:00:00,222,11.53,176.27,1007.5,19.4,75.4993868263561,0.0,0.0,0.0,0.0,0.0,0.0,0.0,0.0,0.0,0.0,0.0,0.0
2026-09-28 06:00:00,20,36,2026-10-07 18:00:00,9 days 12:00:00,228,11.98,176.01,998.4,40.5,68.80437662698387,68.80437662698387,0.0,0.0,0.0,0.0,0.0,0.0,0.0,0.0,0.0,0.0,0.0
2026-09-28 06:00:00,20,36,2026-10-08 00:00:00,9 days 18:00:00,234,11.97,174.38,1001.8,34.7,80.81315236414343,0.0,0.0,0.0,80.81315236414343,0.0,0.0,0.0,0.0,0.0,0.0,0.0,0.0
2026-09-28 06:00:00,20,36,2026-10-08 06:00:00,10 days 00:00:00,240,11.57,174.06,999.1,37.7,65.1171992982667,0.0,0.0,0.0,65.1171992982667,0.0,0.0,0.0,0.0,0.0,0.0,0.0,0.0
2026-09-28 06:00:00,20,36,2026-10-08 12:00:00,10 days 06:00:00,246,11.71,172.94,994.2,40.9,46.76622347616579,46.76622347616579,25.238158407389143,17.127795559404955,30.45855043680597,0.0,0.0,0.0,0.0,0.0,0.0,0.0,0.0
2026-09-28 06:00:00,20,36,2026-10-08 18:00:00,10 days 12:00:00,252,11.99,172.12,997.8,38.5,111.21691070007948,0.0,0.2193717669385879,111.21691070007948,2.569212757504088,0.0,0.0,0.0,0.0,0.0,0.0,0.0,0.0
2026-09-28 06:00:00,20,36,2026-10-09 00:00:00,10 days 18:00:00,258,11.52,171.41,997.5,33.3,74.52408307608248,0.0,0.0,0.0,0.0,0.0,0.0,0.0,0.0,0.0,0.0,0.0,0.0
2026-09-28 06:00:00,20,36,2026-10-09 06:00:00,11 days 00:00:00,264,11.44,170.48,1001.3,29.7,81.93468135738743,0.0,0.0,0.0,0.0,0.0,0.0,0.0,0.0,0.0,0.0,0.0,0.0
2026-09-28 06:00:00,20,36,2026-10-09 12:00:00,11 days 06:00:00,270,12.12,169.14,1002.6,33.7,95.15525464216508,0.0,0.0,0.0,0.0,0.0,0.0,0.0,0.0,0.0,0.0,0.0,0.0
2026-09-28 06:00:00,20,36,2026-10-09 18:00:00,11 days 12:00:00,276,11.94,167.91,997.4,39.4,88.39448077956861,88.39448077956861,0.7433952908514918,0.0,0.1459473483450946,0.0,0.0,0.0,0.0,0.0,0.0,0.0,0.0
2026-09-28 06:00:00,20,36,2026-10-10 00:00:00,11 days 18:00:00,282,12.4,166.68,1001.3,28.1,90.91918444403616,0.0,0.0,0.0,0.0,0.0,0.0,0.0,0.0,0.0,0.0,0.0,0.0
2026-09-28 06:00:00,20,36,2026-10-10 06:00:00,12 days 00:00:00,288,12.43,164.8,993.7,45.9,43.31958241110215,140.6910055857012,117.45990215385842,112.52750312364594,132.4165414280896,0.0,0.0,0.0,0.0,0.0,0.0,0.0,0.0
2026-09-28 06:00:00,20,36,2026-10-10 12:00:00,12 days 06:00:00,294,12.88,163.27,992.2,51.1,22.445340281822027,187.36007408259724,182.6857630377497,174.00469437450766,185.11736230680836,4.665961053924188,2.681247768695747,3.373833989207199,22.445340281822027,0.0,0.0,0.0,0.0
2026-09-28 06:00:00,20,36,2026-10-10 18:00:00,12 days 12:00:00,300,12.89,163.01,990.9,47.4,30.55933279906774,156.0064532109594,139.36068226047064,128.38994133559166,144.42070749278477,0.0,0.0,0.0,0.0,0.0,0.0,0.0,0.0
2026-09-28 06:00:00,20,36,2026-10-11 00:00:00,12 days 18:00:00,306,13.04,161.5,999.6,33.1,40.1313909573682,0.0,0.0,0.0,0.0,0.0,0.0,0.0,0.0,0.0,0.0,0.0,0.0
2026-09-28 06:00:00,20,36,2026-10-11 06:00:00,13 days 00:00:00,312,13.24,161.46,1004.8,32.7,68.72193586972581,0.0,0.0,0.0,0.0,0.0,0.0,0.0,0.0,0.0,0.0,0.0,0.0
2026-09-28 06:00:00,20,36,2026-10-11 12:00:00,13 days 06:00:00,318,13.7,160.65,1002.0,26.6,98.62896843350146,0.0,0.0,0.0,0.0,0.0,0.0,0.0,0.0,0.0,0.0,0.0,0.0
2026-09-28 06:00:00,20,36,2026-10-11 18:00:00,13 days 12:00:00,324,13.79,159.99,1004.6,21.9,137.35787536616292,0.0,0.0,0.0,0.0,0.0,0.0,0.0,0.0,0.0,0.0,0.0,0.0
2026-09-28 06:00:00,20,36,2026-10-12 00:00:00,13 days 18:00:00,330,13.73,158.42,1002.8,31.2,74.97605296094963,0.0,0.0,0.0,0.0,0.0,0.0,0.0,0.0,0.0,0.0,0.0,0.0
2026-09-28 06:00:00,20,36,2026-10-12 06:00:00,14 days 00:00:00,336,13.9,157.95,996.5,39.7,59.59993456074401,59.59993456074401,0.3280286439962623,4.101881932274576,9.93148745369703,0.0,0.0,0.0,0.0,0.0,0.0,0.0,0.0
2026-09-28 06:00:00,20,36,2026-10-12 12:00:00,14 days 06:00:00,342,14.07,156.87,1006.2,23.0,66.73409491621194,0.0,0.0,0.0,0.0,0.0,0.0,0.0,0.0,0.0,0.0,0.0,0.0
2026-09-28 06:00:00,20,36,2026-10-12 18:00:00,14 days 12:00:00,348,14.43,155.51,1002.4,21.5,68.27297184139611,0.0,0.0,0.0,0.0,0.0,0.0,0.0,0.0,0.0,0.0,0.0,0.0
2026-09-28 06:00:00,23,36,2026-10-09 00:00:00,10 days 18:00:00,258,21.28,-94.63,993.9,41.7,73.82804206097754,73.82804206097754,38.360219941684,36.36254122648147,33.76626605820201,0.0,0.0,0.0,0.0,0.0,0.0,0.0,0.0
2026-09-28 06:00:00,23,36,2026-10-09 06:00:00,11 days 00:00:00,264,21.11,-93.99,1000.8,38.0,91.1648981543958,91.1648981543958,50.64279926078689,38.96245349150081,45.10477705141125,0.0,0.0,0.0,0.0,0.0,0.0,0.0,0.0
2026-09-28 06:00:00,23,36,2026-10-09 12:00:00,11 days 06:00:00,270,21.58,-94.09,998.0,47.6,71.24916547749082,101.3786197097705,91.64943135086884,64.38016418489998,80.22626446071268,0.0,0.0,0.0,0.0,0.0,0.0,0.0,0.0
2026-09-28 06:00:00,23,36,2026-10-09 18:00:00,11 days 12:00:00,276,21.56,-93.86,995.0,47.9,101.70082530065189,101.70082530065189,15.232796507021554,6.845276626877073,11.429124038110828,0.0,0.0,0.0,0.0,0.0,0.0,0.0,0.0
2026-09-28 06:00:00,23,36,2026-10-10 00:00:00,11 days 18:00:00,282,21.75,-93.33,994.4,43.0,118.74636193044996,0.0,118.74636193044996,1.866295524404684,0.0,0.0,0.0,0.0,0.0,0.0,0.0,0.0,0.0
2026-09-28 06:00:00,23,36,2026-10-10 06:00:00,12 days 00:00:00,288,21.5,-93.02,991.2,54.1,82.10237904272952,203.3904221006505,206.9262955605284,171.4351996062959,179.76177143722998,82.10237904272952,1.7465132356037003,0.7444209903277681,1.0676140207917086,0.0,0.0,0.0,0.0
2026-09-28 06:00:00,23,36,2026-10-10 12:00:00,12 days 06:00:00,294,21.16,-92.92,989.8,53.4,61.1835062737338,220.77483714391477,212.73403953730465,174.08237274002315,191.17047874274292,61.1835062737338,54.67751303055297,47.0106503913463,47.88177628901076,0.0,0.0,0.0,0.0
2026-09-28 06:00:00,23,36,2026-10-10 18:00:00,12 days 12:00:00,300,21.14,-92.93,993.1,46.5,85.50789854416143,386.8954615918301,391.0187195743256,344.2062968520713,348.06017228321434,0.0,0.0,0.0,0.0,0.0,0.0,0.0,0.0
2026-09-28 06:00:00,23,36,2026-10-11 00:00:00,12 days 18:00:00,306,21.27,-92.4,990.1,51.8,47.2445106529542,173.1502496606456,172.70943878304936,142.11299861639438,143.68258774900977,63.52728104339709,60.95274906100694,51.52826422778981,52.98440954582901,0.0,0.0,0.0,0.0
2026-09-28 06:00:00,23,36,2026-10-11 06:00:00,13 days 00:00:00,312,21.09,-92.34,994.3,50.9,132.39459704229787,301.52505737753035,278.3794647793916,229.58342259660603,259.4187741765742,132.39459704229787,2.9649764823261497,2.1426318543425253,3.4189349820982877,0.0,0.0,0.0,0.0
2026-09-28 06:00:00,23,36,2026-10-11 12:00:00,13 days 06:00:00,318,21.35,-92.02,992.7,53.2,77.03017989960662,123.75479722911948,108.98556934102372,78.45284027123893,89.50693406335516,0.1653183458679752,0.0,0.0,77.03017989960662,0.0,0.0,0.0,0.0
2026-09-28 06:00:00,23,36,2026-10-11 18:00:00,13 days 12:00:00,324,21.33,-92.11,984.3,61.0,18.98160289984355,42.6613539322402,47.15233130501079,34.14595643120886,33.58538787508036,0.0,0.0,0.0,18.98160289984355,0.0,0.0,0.0,0.0
2026-09-28 06:00:00,23,36,2026-10-12 00:00:00,13 days 18:00:00,330,21.88,-92.49,987.6,59.5,30.09880132841317,140.8470311171659,124.899623538975,98.10659923683852,116.42610367854104,40.95445603861981,36.33110430618717,28.6146684276564,33.20919731262575,0.0,0.0,0.0,0.0
2026-09-28 06:00:00,23,36,2026-10-12 06:00:00,14 days 00:00:00,336,22.49,-92.85,969.1,87.1,0.342910941538264,182.4105624761212,134.00122260649414,111.55636725055072,152.0958778278607,23.60715194464502,13.134318565037384,6.132624589689644,19.237042592269432,6.717512666288657,3.84761574981621,1.2371522292475103,4.844652997612683
2026-09-28 06:00:00,23,36,2026-10-12 12:00:00,14 days 06:00:00,342,22.88,-93.47,983.0,68.7,30.560414150640952,110.23273037189392,96.40853780857958,44.68413694371381,71.69529234808402,35.663214919103225,29.6813456847966,20.88343338474482,26.17528083468205,30.560414150640952,0.0,0.0,0.0
2026-09-28 06:00:00,23,36,2026-10-12 18:00:00,14 days 12:00:00,348,23.58,-93.72,966.7,89.2,20.44705503359515,159.0631887671792,147.7953124737047,98.38780042075888,114.15966969536004,66.13035025817777,55.9723930100331,33.96075367483451,51.65150393209717,28.906430647773675,23.518081114968084,15.886952958469728,22.80019877712708
2026-09-28 06:00:00,23,36,2026-10-13 00:00:00,14 days 18:00:00,354,24.49,-93.4,965.9,87.9,24.633009784162525,215.5662393193507,227.6492177313345,162.18865664394295,169.6203676999056,122.09726673879342,119.60489399834862,90.84213058646247,100.43267514829104,63.68804908059164,60.74546077877452,49.057110733511735,54.05629498041141
2026-09-28 06:00:00,23,36,2026-10-13 06:00:00,15 days 00:00:00,360,25.72,-93.17,954.4,106.1,25.83173065909483,191.64109215708297,195.9026104215976,114.11741967395744,138.0340614926322,93.82698677682365,88.00440267035113,63.463022125101794,75.9769074266214,48.64636202897355,44.58669739451418,35.74037272745215,40.73792476271439
2026-09-28 06:00:00,24,36,2026-10-09 06:00:00,11 days 00:00:00,264,10.83,118.23,1001.1,28.7,104.21070430923103,0.0,0.0,0.0,0.0,0.0,0.0,0.0,0.0,0.0,0.0,0.0,0.0
2026-09-28 06:00:00,24,36,2026-10-09 12:00:00,11 days 06:00:00,270,12.22,117.97,1005.2,21.7,134.53287351881852,0.0,0.0,0.0,0.0,0.0,0.0,0.0,0.0,0.0,0.0,0.0,0.0
2026-09-28 06:00:00,24,36,2026-10-09 18:00:00,11 days 12:00:00,276,12.29,118.54,1002.0,29.1,126.70659343671429,0.0,0.0,0.0,0.0,0.0,0.0,0.0,0.0,0.0,0.0,0.0,0.0
2026-09-28 06:00:00,24,36,2026-10-10 00:00:00,11 days 18:00:00,282,12.89,118.17,1004.5,26.4,113.54656251237714,0.0,0.0,0.0,0.0,0.0,0.0,0.0,0.0,0.0,0.0,0.0,0.0
2026-09-28 06:00:00,24,36,2026-10-10 06:00:00,12 days 00:00:00,288,13.67,117.65,998.2,32.4,97.14727542758594,0.0,0.0,0.0,0.0,0.0,0.0,0.0,0.0,0.0,0.0,0.0,0.0
2026-09-28 06:00:00,24,36,2026-10-10 12:00:00,12 days 06:00:00,294,13.99,117.27,995.6,37.5,55.89021973275689,11.38261300170408,6.560508176819454,8.210346379292645,55.89021973275689,0.0,0.0,0.0,0.0,0.0,0.0,0.0,0.0
2026-09-28 06:00:00,24,36,2026-10-10 18:00:00,12 days 12:00:00,300,14.56,116.77,997.0,39.4,51.498604685718085,56.51512119248952,36.42950183221124,32.625375075616056,46.92564901574578,0.0,0.0,0.0,0.0,0.0,0.0,0.0,0.0
2026-09-28 06:00:00,24,36,2026-10-11 00:00:00,12 days 18:00:00,306,14.97,116.13,994.5,44.9,29.48965530567212,76.54492097635375,52.93628583218553,56.85837986148571,68.80611855349106,0.0,0.0,0.0,0.0,0.0,0.0,0.0,0.0
2026-09-28 06:00:00,24,36,2026-10-11 06:00:00,13 days 00:00:00,312,15.27,115.7,990.3,54.1,39.74679151135262,27.687920358388425,8.76068495596046,10.899156776080437,39.74679151135262,0.0,0.1872978117174568,0.160508532627805,39.74679151135262,0.0,0.0,0.0,0.0
2026-09-28 06:00:00,24,36,2026-10-11 12:00:00,13 days 06:00:00,318,15.46,115.72,983.6,63.7,36.76801196443641,186.49657786521212,185.94052915904047,168.10529894993817,173.59363325278105,74.59370900038765,72.23893863692265,62.460972314666535,64.55634225490105,0.0,0.0,0.0,0.0
2026-09-28 06:00:00,24,36,2026-10-11 18:00:00,13 days 12:00:00,324,15.75,115.56,990.6,64.2,34.74581936977651,348.8464412956191,323.7771181576584,265.0941548310104,301.9665820365319,38.51920704273866,28.712352033459126,16.94690117202171,30.20249993898406,34.74581936977651,12.112220838659605,8.780784659424796,13.021309230629749
2026-09-28 06:00:00,24,36,2026-10-12 00:00:00,13 days 18:00:00,330,15.68,114.99,954.7,102.1,0.0,110.59294916375104,102.65106951401818,98.80444748037483,113.98434800756654,4.364936040083212,2.7874758886625743,2.63628531578958,5.281580514852255,0.0747172664218854,0.2627711047884667,0.298498701687022,0.0
2026-09-28 06:00:00,24,36,2026-10-12 06:00:00,14 days 00:00:00,336,15.48,114.86,958.0,94.7,35.125036690084514,371.95688562358623,358.8469119561637,352.84697674153074,364.371515370014,52.08833965316066,52.713849563890335,50.405709710033165,51.72956294361726,35.125036690084514,29.5991487550008,26.83967902876317,27.76345865718332
2026-09-28 06:00:00,24,36,2026-10-12 12:00:00,14 days 06:00:00,342,15.36,114.59,951.1,98.6,20.08495478949906,127.62178956007646,91.40251753257806,132.59707244769,151.21491555510656,65.7933175499821,55.7621909202786,54.46884774217536,66.59686220815435,38.30748635251405,33.79692082045923,31.938161371636998,35.65743404600141
2026-09-28 06:00:00,24,36,2026-10-12 18:00:00,14 days 12:00:00,348,15.49,114.24,952.6,111.2,0.0,187.31925246816792,148.2312580982856,158.9021112436447,204.25691050851373,102.88034958261798,82.48618080524662,81.0949256316482,95.79236202488303,56.11481314920922,50.58377062548691,44.64338537270506,52.00510098172252
2026-09-28 06:00:00,24,36,2026-10-13 00:00:00,14 days 18:00:00,354,15.29,113.76,949.8,115.1,39.76333441878131,164.87323029157432,130.50698436343137,147.44834632558957,185.2995748473788,103.92785529148723,84.95110516904089,76.62459552693133,98.37610645893557,58.34387421643403,50.35670074374559,45.05194902678268,52.09017098569712
2026-09-28 06:00:00,24,36,2026-10-13 06:00:00,15 days 00:00:00,360,15.52,112.92,937.4,119.0,0.0,191.1625373853723,157.45691480317623,168.38658389010322,194.3861935176901,101.79653036173528,91.17422310251852,82.28873912033933,93.38088774527488,57.10215043890113,50.89163341851051,42.58321182965446,50.45581836649733
2026-09-28 06:00:00,3,36,2026-09-28 12:00:00,0 days 06:00:00,6,14.92,155.96,1007.4,24.6,76.66064800029443,0.0,0.0,0.0,0.0,0.0,0.0,0.0,0.0,0.0,0.0,0.0,0.0
2026-09-28 06:00:00,3,36,2026-09-28 18:00:00,0 days 12:00:00,12,15.32,156.68,1004.6,20.1,69.08199125282113,0.0,0.0,0.0,0.0,0.0,0.0,0.0,0.0,0.0,0.0,0.0,0.0
2026-09-28 06:00:00,3,36,2026-09-29 00:00:00,0 days 18:00:00,18,15.61,155.69,1011.0,15.7,56.92965771115472,0.0,0.0,0.0,0.0,0.0,0.0,0.0,0.0,0.0,0.0,0.0,0.0
2026-09-28 06:00:00,3,36,2026-09-29 06:00:00,1 days 00:00:00,24,16.03,156.53,1006.7,16.3,125.44767714605588,0.0,0.0,0.0,0.0,0.0,0.0,0.0,0.0,0.0,0.0,0.0,0.0
2026-09-28 06:00:00,3,36,2026-09-29 12:00:00,1 days 06:00:00,30,15.97,154.99,1004.2,22.5,156.38226451128276,0.0,0.0,0.0,0.0,0.0,0.0,0.0,0.0,0.0,0.0,0.0,0.0
2026-09-28 06:00:00,3,36,2026-09-29 18:00:00,1 days 12:00:00,36,15.59,153.65,1006.6,19.2,75.70279438017707,0.0,0.0,0.0,0.0,0.0,0.0,0.0,0.0,0.0,0.0,0.0,0.0
2026-09-28 06:00:00,3,36,2026-09-30 00:00:00,1 days 18:00:00,42,15.57,152.65,1007.4,16.0,86.22159831647502,0.0,0.0,0.0,0.0,0.0,0.0,0.0,0.0,0.0,0.0,0.0,0.0
2026-09-28 06:00:00,3,36,2026-09-30 06:00:00,2 days 00:00:00,48,16.2,151.09,1005.3,21.5,124.97772362223736,0.0,0.0,0.0,0.0,0.0,0.0,0.0,0.0,0.0,0.0,0.0,0.0
2026-09-28 06:00:00,3,36,2026-09-30 12:00:00,2 days 06:00:00,54,16.65,149.77,1003.8,26.0,116.17053709827482,0.0,0.0,0.0,0.0,0.0,0.0,0.0,0.0,0.0,0.0,0.0,0.0
2026-09-28 06:00:00,3,36,2026-09-30 18:00:00,2 days 12:00:00,60,16.76,148.08,1001.7,27.6,47.775779747172976,0.0,0.0,0.0,0.0,0.0,0.0,0.0,0.0,0.0,0.0,0.0,0.0
2026-09-28 06:00:00,3,36,2026-10-01 00:00:00,2 days 18:00:00,66,16.72,146.84,1000.9,36.1,79.7813915679231,146.14090827275737,133.032598555868,113.53190909732112,122.54676059523484,0.0,0.0,0.0,0.0,0.0,0.0,0.0,0.0
2026-09-28 06:00:00,3,36,2026-10-01 06:00:00,3 days 00:00:00,72,16.98,145.52,998.7,31.3,105.86162400483911,0.0,0.0,0.0,0.0,0.0,0.0,0.0,0.0,0.0,0.0,0.0,0.0
2026-09-28 06:00:00,3,36,2026-10-01 12:00:00,3 days 06:00:00,78,17.03,144.15,992.6,54.5,44.68618830833304,123.94864316777796,118.9065558687605,100.95628397401356,113.85187327484437,44.68618830833304,24.97827798366856,21.47505753044524,24.114211058091342,0.0,0.0,0.0,0.0
2026-09-28 06:00:00,3,36,2026-10-01 18:00:00,3 days 12:00:00,84,17.0,142.99,995.4,47.5,73.71076785199608,7.159316789069815,6.6093062791632375,7.908104625146163,73.71076785199608,0.0,0.0,0.0,0.0,0.0,0.0,0.0,0.0
2026-09-28 06:00:00,3,36,2026-10-02 00:00:00,3 days 18:00:00,90,16.9,141.65,972.1,83.9,12.896015549371782,132.54431626698988,118.71893391131016,104.62590021054734,121.33775931975016,60.12708358415375,53.153081831445206,41.89653503782188,53.138768133000895,28.78068807565376,25.104752565143823,19.201005278901448,24.26793031640716
2026-09-28 06:00:00,3,36,2026-10-02 06:00:00,4 days 00:00:00,96,17.12,141.31,982.0,61.0,31.94600902096498,163.19169185657316,143.8391378848434,126.62295272602132,147.16104724374458,36.21034099696919,30.360712865206576,25.57263651144485,30.71760925476575,0.0,0.0,0.0,0.0
2026-09-28 06:00:00,3,36,2026-10-02 12:00:00,4 days 06:00:00,102,17.2,140.62,984.2,62.2,42.26512742299782,233.5914439604529,190.8408961892279,161.50944901345213,204.4467166074312,100.98789214500728,85.90534335744685,64.83234427467525,85.07573346091897,0.0,0.0,0.0,0.0
2026-09-28 06:00:00,3,36,2026-10-02 18:00:00,4 days 12:00:00,108,16.91,139.96,970.3,78.8,33.97941390203748,211.5410766757577,173.59989426674952,151.6881069429489,194.24533438148865,108.16490563451254,90.10884212897967,67.31108506149488,92.79038673293144,51.41629264922369,43.610887502367945,33.09083240466724,42.5146591136791
2026-09-28 06:00:00,3,36,2026-10-03 00:00:00,4 days 18:00:00,114,17.09,139.75,943.9,115.4,10.621369833954802,193.54512126962368,196.47582418338692,174.77968191402073,176.50392884309468,109.69086870607303,103.3215560655232,86.74216289249838,98.38076385765054,59.933524799348746,55.859641460627415,45.74506179804824,51.64882039577462
2026-09-28 06:00:00,3,36,2026-10-03 06:00:00,5 days 00:00:00,120,17.26,139.54,926.1,130.3,41.84885794823563,250.2704344598646,236.1709341382466,188.91459758553208,234.4954452618315,142.26439269681077,126.45324004256304,109.98905972374996,129.21168568607555,78.4608553464441,72.471107315653,61.67672782858038,69.78192463520921
2026-09-28 06:00:00,3,36,2026-10-03 12:00:00,5 days 06:00:00,126,17.9,139.75,933.4,129.5,27.4150735917236,389.1345144371092,410.2806656805765,345.83742487039,336.7164128305891,4.896051894794708,27.4150735917236,1.1638340277694468,0.0,0.0,27.4150735917236,0.0,0.0
2026-09-28 06:00:00,3,36,2026-10-03 18:00:00,5 days 12:00:00,132,18.13,139.61,937.2,111.3,28.754120919986924,257.96357469463044,243.40656306583645,191.16696290176344,213.41536740845163,133.9273854974546,119.07758633677308,92.29401156193528,114.39608090208831,71.01823726829531,64.20231693978758,52.29596884548461,61.08895429165964
2026-09-28 06:00:00,3,36,2026-10-04 00:00:00,5 days 18:00:00,138,18.68,139.87,919.3,142.7,0.0,230.5126311681364,235.63959427845663,186.4032518144892,206.62207988207604,126.95772540084256,120.81365322668007,103.75977278359603,109.55340715559362,70.57406951709785,68.55960451921788,59.50668969789805,62.916684369015655
2026-09-28 06:00:00,3,36,2026-10-04 06:00:00,6 days 00:00:00,144,19.33,139.76,925.7,128.0,0.0,263.61578071814915,267.86769086469144,221.63401769423237,221.29339290002247,138.13250222984684,137.60804304833457,107.0882580452607,119.23285004143357,78.23598871633575,75.16726491311478,62.18688043375669,67.36406464798539
2026-09-28 06:00:00,3,36,2026-10-04 12:00:00,6 days 06:00:00,150,20.29,139.38,923.6,136.0,15.455437129845691,414.2066875582444,401.448285053674,355.9618955568279,356.61446921258903,140.54989211609222,135.18791952102868,113.3315845292083,125.26070561140804,78.69956340587689,74.7728843688711,61.92106495610061,69.2970702775786
2026-09-28 06:00:00,3,36,2026-10-04 18:00:00,6 days 12:00:00,156,20.72,139.32,932.6,114.9,13.843729018406748,301.3618191467601,293.8732422774908,236.55684423550747,267.12439098269283,157.28486891847922,144.01905864183334,120.07562765760592,138.35547113917949,84.84777351374339,79.38275327722113,66.24634256554893,72.98010914432075
2026-09-28 06:00:00,3,36,2026-10-05 00:00:00,6 days 18:00:00,162,21.59,139.07,917.9,131.1,23.39337350885187,393.5903136722817,386.3297590828771,330.1069982275841,340.49873354884954,201.62442371965,201.6461999097935,168.80427284264294,179.38298057326932,114.41875130618789,112.18816682221896,94.56121152780312,100.4333901676462
2026-09-28 06:00:00,3,36,2026-10-05 06:00:00,7 days 00:00:00,168,22.39,138.83,918.1,134.0,8.33643386861636,411.8595400995781,418.6072353502452,353.57000768161845,360.63641469996094,256.0464794153695,251.0195009815037,213.34290560942495,224.26452966494423,143.29836864522068,139.21194557716217,119.79629698166164,127.07365922402182
2026-09-28 06:00:00,3,36,2026-10-05 12:00:00,7 days 06:00:00,174,22.74,138.73,935.8,111.9,18.98691749294465,300.08122717728577,292.71651371872474,250.0323863205057,253.4304815642348,166.4327902303706,157.17824650200924,133.02549773453742,144.9811461298131,89.98788644583433,85.38408367972639,72.66315353620703,77.63781921472857
2026-09-28 06:00:00,3,36,2026-10-05 18:00:00,7 days 12:00:00,180,23.71,138.77,916.9,125.9,41.89389207255539,447.2580739379701,442.4412439750868,394.2882375430254,402.5575509859327,107.39936948040258,110.05502130609408,94.1603806625543,97.53573315352936,61.582330848097,60.40106078133272,51.82946725219165,54.45105711149665
2026-09-28 06:00:00,3,36,2026-10-06 00:00:00,7 days 18:00:00,186,24.59,138.58,931.7,121.1,0.6821883892009808,218.68912421455911,249.9762089739501,234.10617916956843,196.0029528389496,119.66763752887574,124.82581856513194,112.60066636463672,110.33568201786396,69.99153944474058,69.76193393953575,59.383190670280285,60.61000321717061
2026-09-28 06:00:00,3,36,2026-10-06 06:00:00,8 days 00:00:00,192,25.29,138.5,946.0,102.7,57.45501772479872,437.2712065012199,435.1101775287798,352.232274934858,365.1407756217413,165.86290178773345,162.40826410376917,130.35985446686686,137.36764008726186,87.21798548921345,83.69921183415642,69.29772513859632,74.52870796078531
2026-09-28 06:00:00,3,36,2026-10-06 12:00:00,8 days 06:00:00,198,26.57,138.0,940.4,106.0,28.87560646091869,280.07270054944945,280.5450675388546,241.9834696077554,248.64128564611792,167.38155182620963,155.70235397214293,137.31841927047088,147.84752168703184,91.88703265558102,86.9238807480889,74.10912906084246,80.44628886388232
2026-09-28 06:00:00,3,36,2026-10-06 18:00:00,8 days 12:00:00,204,27.36,137.9,944.5,92.6,63.9055393071408,477.5018588434138,483.12854044349234,414.9554211396375,421.2844327538999,123.56719483714885,122.48179982571172,97.51293535197576,104.57529256186837,66.15185694053686,63.669153892973696,51.82036052206427,56.67907741923101
2026-09-28 06:00:00,3,36,2026-10-07 00:00:00,8 days 18:00:00,210,28.76,137.62,947.6,99.5,7.696282002707832,213.62079843864333,236.89601146697845,187.47769936760653,174.914714116602,98.58411541735376,98.6076717744291,78.73807848536208,83.85178998425623,53.315508426807966,51.11769893783586,41.573009507750825,45.56727095612654
2026-09-28 06:00:00,3,36,2026-10-07 06:00:00,9 days 00:00:00,216,30.19,137.56,938.0,95.0,57.9529740952571,400.96559536083726,421.06035477316783,344.4755271516672,339.53163642672007,57.9529740952571,57.9529740952571,10.25494109556443,10.563997501692384,57.9529740952571,1.439883495604072,0.0,1.4887622959388642
2026-09-28 06:00:00,3,36,2026-10-07 12:00:00,9 days 06:00:00,222,31.63,137.64,956.4,79.1,30.212429522201663,291.4367135235186,312.2771129096964,235.27051691195987,222.1372807749167,77.97603026659348,81.78288542489952,57.17501147874832,60.789908242367005,39.86703497975617,37.59314628165829,29.71133830698933,31.66550213195852
2026-09-28 06:00:00,3,36,2026-10-07 18:00:00,9 days 12:00:00,228,34.16,137.73,960.8,71.8,52.14862640511615,247.17315025305788,244.42212437197304,172.10410680573796,193.91584521681847,124.1138957344424,123.39099489360136,89.56379529269498,104.16487089497696,65.42585292099989,60.16568473223458,48.2433207351296,55.21758246903664
2026-09-28 06:00:00,3,36,2026-10-08 00:00:00,9 days 18:00:00,234,37.25,138.42,974.8,56.4,117.61719956932312,376.732577057483,372.2963609551564,289.52068646451403,301.12704386883183,6.097932655867204,117.61719956932312,1.6056844755308577,2.2407722652862176,0.0,0.0,0.0,0.0
2026-09-28 06:00:00,3,36,2026-10-08 06:00:00,10 days 00:00:00,240,40.83,141.28,976.4,50.0,83.20071862728206,195.0523188570701,184.0198972949614,122.77424053082451,133.68431843835594,0.0,0.0,0.0,0.0,0.0,0.0,0.0,0.0
2026-09-28 06:00:00,3,36,2026-10-08 12:00:00,10 days 06:00:00,246,42.63,141.14,982.9,40.1,61.13434310636024,61.13434310636024,27.61171999377571,9.59665855907624,17.463009818880305,0.0,0.0,0.0,0.0,0.0,0.0,0.0,0.0
2026-09-28 06:00:00,3,36,2026-10-08 18:00:00,10 days 12:00:00,252,44.42,143.79,984.0,37.1,148.15785987529702,148.15785987529702,1.9639109329635185,0.9174194231297116,7.36286584558265,0.0,0.0,0.0,0.0,0.0,0.0,0.0,0.0
2026-09-28 06:00:00,3,36,2026-10-09 00:00:00,10 days 18:00:00,258,45.01,146.96,980.7,48.8,113.42620741938384,5.59914694832289,9.611039065512552,113.42620741938384,5.897078563264003,0.0,0.0,0.0,0.0,0.0,0.0,0.0,0.0
2026-09-28 06:00:00,AL062026,36,2026-09-28 06:00:00,0 days 00:00:00,0,28.3,-43.8,1012.0,25.0,56.0,0.0,0.0,0.0,0.0,0.0,0.0,0.0,0.0,0.0,0.0,0.0,0.0
2026-09-28 06:00:00,AL912026(2),36,2026-09-28 06:00:00,0 days 00:00:00,0,36.3,-53.1,1013.0,29.0,148.0,0.0,0.0,0.0,0.0,0.0,0.0,0.0,0.0,0.0,0.0,0.0,0.0
2026-09-28 06:00:00,AL912026(2),36,2026-09-28 12:00:00,0 days 06:00:00,6,36.67,-51.27,1004.9,40.1,52.08033122215615,6.865085705492461,52.08033122215615,4.376991772425789,0.0,0.0,0.0,0.0,0.0,0.0,0.0,0.0,0.0
2026-09-28 06:00:00,AL912026(2),36,2026-09-28 18:00:00,0 days 12:00:00,12,36.06,-48.54,1003.9,42.1,48.58125592919271,48.58125592919271,47.11610822465158,29.860693674230674,37.1030586964368,0.0,0.0,0.0,0.0,0.0,0.0,0.0,0.0
2026-09-28 06:00:00,AL912026(2),36,2026-09-29 00:00:00,0 days 18:00:00,18,35.62,-47.45,1005.1,39.9,48.20461099589073,51.55119314540093,43.42285243398328,25.107863230299216,34.82610412019889,0.0,0.0,0.0,0.0,0.0,0.0,0.0,0.0
2026-09-28 06:00:00,AL912026(2),36,2026-09-29 06:00:00,1 days 00:00:00,24,34.9,-45.95,1009.0,29.8,132.54746885253135,0.0,0.0,0.0,0.0,0.0,0.0,0.0,0.0,0.0,0.0,0.0,0.0
2026-09-28 06:00:00,AL912026(2),36,2026-09-29 12:00:00,1 days 06:00:00,30,34.45,-45.3,1005.9,32.5,121.7277226662418,0.0,0.0,0.0,0.0,0.0,0.0,0.0,0.0,0.0,0.0,0.0,0.0
2026-09-28 06:00:00,AL912026(2),36,2026-09-29 18:00:00,1 days 12:00:00,36,33.69,-44.6,1005.6,35.3,66.0978116617398,66.0978116617398,5.842959804359452,0.0,1.2121497276625632,0.0,0.0,0.0,0.0,0.0,0.0,0.0,0.0
2026-09-28 06:00:00,AL912026(2),36,2026-09-30 00:00:00,1 days 18:00:00,42,33.26,-43.9,1005.4,37.4,56.8931372171794,58.13596105888996,48.749106473906295,38.99897896525374,44.33364883516583,0.0,0.0,0.0,0.0,0.0,0.0,0.0,0.0
2026-09-28 06:00:00,AL912026(2),36,2026-09-30 06:00:00,2 days 00:00:00,48,32.9,-43.42,1008.8,32.8,120.22432347244104,0.0,0.0,0.0,0.0,0.0,0.0,0.0,0.0,0.0,0.0,0.0,0.0
2026-09-28 06:00:00,AL912026(2),36,2026-09-30 12:00:00,2 days 06:00:00,54,33.35,-42.88,1005.6,29.2,106.1291001166195,0.0,0.0,0.0,0.0,0.0,0.0,0.0,0.0,0.0,0.0,0.0,0.0
2026-09-28 06:00:00,AL912026(2),36,2026-09-30 18:00:00,2 days 12:00:00,60,33.57,-42.78,1005.5,30.4,52.11833108474018,0.0,0.0,0.0,0.0,0.0,0.0,0.0,0.0,0.0,0.0,0.0,0.0
2026-09-28 06:00:00,AL912026(2),36,2026-10-01 00:00:00,2 days 18:00:00,66,33.91,-42.05,1005.4,36.9,48.47701445517635,48.47701445517635,26.54367776442362,16.93056474160898,23.301040544963545,0.0,0.0,0.0,0.0,0.0,0.0,0.0,0.0
2026-09-28 06:00:00,AL912026(2),36,2026-10-01 06:00:00,3 days 00:00:00,72,34.31,-41.57,1008.8,29.4,112.96651496674464,0.0,0.0,0.0,0.0,0.0,0.0,0.0,0.0,0.0,0.0,0.0,0.0
2026-09-28 06:00:00,AL912026(2),36,2026-10-01 12:00:00,3 days 06:00:00,78,34.72,-40.08,1006.3,33.4,59.61630809774248,0.0,0.0,0.0,0.0,0.0,0.0,0.0,0.0,0.0,0.0,0.0,0.0
2026-09-28 06:00:00,AL912026(2),36,2026-10-01 18:00:00,3 days 12:00:00,84,35.26,-38.84,1008.5,29.3,110.89616757258004,0.0,0.0,0.0,0.0,0.0,0.0,0.0,0.0,0.0,0.0,0.0,0.0
2026-09-28 06:00:00,AL912026(2),36,2026-10-02 00:00:00,3 days 18:00:00,90,35.56,-37.75,1009.3,30.0,128.96535651573336,0.0,0.0,0.0,0.0,0.0,0.0,0.0,0.0,0.0,0.0,0.0,0.0
2026-09-28 06:00:00,AL912026(2),36,2026-10-02 06:00:00,4 days 00:00:00,96,35.77,-36.57,1006.9,31.7,96.62510443985326,0.0,0.0,0.0,0.0,0.0,0.0,0.0,0.0,0.0,0.0,0.0,0.0
2026-09-28 06:00:00,AL912026(2),36,2026-10-02 12:00:00,4 days 06:00:00,102,35.84,-34.54,1010.5,30.5,59.09705306471261,0.0,0.0,0.0,0.0,0.0,0.0,0.0,0.0,0.0,0.0,0.0,0.0
2026-09-28 06:00:00,EP152026(2),36,2026-09-28 06:00:00,0 days 00:00:00,0,16.4,-160.8,929.0,134.0,28.0,241.0,185.0,148.0,204.0,93.0,74.0,74.0,93.0,56.0,46.0,37.0,46.0
2026-09-28 06:00:00,EP152026(2),36,2026-09-28 12:00:00,0 days 06:00:00,6,16.84,-161.71,944.0,116.0,13.219182633861848,127.94402373521308,88.08630765185606,52.64731023709303,122.3355795516216,51.79244955224004,30.56621368034733,22.28952838484829,43.56886655220947,28.45996132676313,20.80270462124197,17.802729071715287,26.629161359565945
2026-09-28 06:00:00,EP152026(2),36,2026-09-28 18:00:00,0 days 12:00:00,12,17.45,-162.33,947.9,119.1,19.735618783595044,279.88683046412507,248.0037022583815,165.37290588722897,234.286559488663,142.656173695681,122.3179672087968,92.0650687107157,116.11224276203929,71.69406715262133,64.76364075749856,51.64461995314926,62.921444609534376
2026-09-28 06:00:00,EP152026(2),36,2026-09-29 00:00:00,0 days 18:00:00,18,18.55,-163.39,946.0,116.5,13.463511528239671,194.41929778090437,170.3325611451766,98.4528187412228,151.45348768925084,88.26644798496233,75.38454255828347,54.09685733381921,74.41709474639384,47.6861413336079,40.72979607381978,34.06715349424706,41.44257224537033
2026-09-28 06:00:00,EP152026(2),36,2026-09-29 06:00:00,1 days 00:00:00,24,19.38,-164.03,947.1,112.1,29.22817721552706,250.0317197900017,228.03013875730608,158.86711820512346,209.72306423561383,111.04792127161608,93.7354723095836,68.73755681686222,95.86400458567545,59.7511189326342,52.191261594278274,43.15809329444112,52.60617729929233
2026-09-28 06:00:00,EP152026(2),36,2026-09-29 12:00:00,1 days 06:00:00,30,20.01,-164.12,957.8,96.6,27.036730758261186,136.65131764930766,127.12975989916352,79.68289783168993,108.47543617122156,61.55544436914104,51.82712225340694,43.39478570059895,52.67143631028329,35.32889779741332,31.821580433484684,28.448014091269417,31.49437546059796
2026-09-28 06:00:00,EP152026(2),36,2026-09-29 18:00:00,1 days 12:00:00,36,21.05,-164.07,962.5,97.8,0.3349114647374129,209.7561955312926,214.64930214330207,147.276771927774,158.4050705879784,4.763342772457811,7.854356435909584,0.0,0.0,1.6787942722285802,0.2910008371933948,0.0,0.0
2026-09-28 06:00:00,EP152026(2),36,2026-09-30 00:00:00,1 days 18:00:00,42,21.84,-163.97,983.0,67.0,8.094346867917492,172.92152920538848,174.99315105924546,104.88776727373396,118.84769965991543,86.31669310871797,80.28994988423258,56.603195883715465,68.33297728037526,29.20682392360072,25.807785307672944,19.37941281242162,23.42106677417601
2026-09-28 06:00:00,EP152026(2),36,2026-09-30 06:00:00,2 days 00:00:00,48,22.44,-163.84,978.6,71.0,71.1499861700544,261.8699369677639,251.4309024700708,210.07717364870055,228.35803968118145,104.03183492680417,96.01738447872113,76.29898408120914,86.49098172381042,71.1499861700544,7.102457692284986,6.183445347244984,6.010370759123403
2026-09-28 06:00:00,EP152026(2),36,2026-09-30 12:00:00,2 days 06:00:00,54,22.7,-164.03,982.9,69.3,110.87063983914844,208.1313040245102,183.4177866567593,169.89122739378195,177.9470352503422,110.87063983914844,1.285099344845584,0.0,0.8631809982101473,110.87063983914844,0.0,0.0,0.0
2026-09-28 06:00:00,EP152026(2),36,2026-09-30 18:00:00,2 days 12:00:00,60,22.9,-164.18,981.8,60.2,53.37518081673761,266.84474211900306,250.95242659777523,199.65774565570973,224.02964530755528,150.15122882169726,142.3334655987428,118.06148083062908,124.963491376805,0.0,0.0,0.0,0.0
2026-09-28 06:00:00,EP152026(2),36,2026-10-01 00:00:00,2 days 18:00:00,66,23.04,-164.4,985.0,57.9,54.84047847165561,193.3088481717446,182.15597142557635,140.95031898535404,176.6748818354298,54.84047847165561,6.311476742684979,3.646108496527038,9.467424112543949,0.0,0.0,0.0,0.0
2026-09-28 06:00:00,EP152026(2),36,2026-10-01 06:00:00,3 days 00:00:00,72,22.83,-165.02,986.2,61.7,62.665886469241855,144.19968929546962,127.2448953391454,98.98998932304984,125.55119899045336,71.62573176245428,66.11349452725108,56.7329482738794,61.90972484219105,0.0,0.0,0.0,0.0
2026-09-28 06:00:00,EP152026(2),36,2026-10-01 12:00:00,3 days 06:00:00,78,23.08,-165.62,984.2,62.1,48.934786762221,165.30786936049515,141.12084371858305,110.15937486412489,148.0105587038972,50.8821798182493,38.68657429176587,25.40909625219779,38.65044660494088,0.0,0.0,0.0,0.0
2026-09-28 06:00:00,EP152026(2),36,2026-10-01 18:00:00,3 days 12:00:00,84,23.13,-166.35,978.1,64.2,60.64804629919325,194.27577875992543,194.4007245619838,157.79333923686607,181.77892984050035,64.81321595010175,58.42100949686859,46.131754654834005,52.76083156836087,60.64804629919325,0.0,0.0,0.0
2026-09-28 06:00:00,EP152026(2),36,2026-10-02 00:00:00,3 days 18:00:00,90,23.44,-166.41,979.5,65.7,81.68055272454286,81.68055272454286,40.66393110009889,36.40216912037762,81.68055272454286,81.68055272454286,0.0,0.0,81.68055272454286,81.68055272454286,0.0,0.0,0.0
2026-09-28 06:00:00,EP152026(2),36,2026-10-02 06:00:00,4 days 00:00:00,96,23.9,-166.98,975.6,65.9,50.76169446639305,212.11363093187344,191.91424831665825,145.44662926465142,177.025007411675,57.37833422081211,47.51079935592131,29.614359410218416,43.2754790488761,50.76169446639305,17.872853649959595,12.381571288409344,17.022486789979734
2026-09-28 06:00:00,EP152026(2),36,2026-10-02 12:00:00,4 days 06:00:00,102,23.8,-167.15,978.5,62.2,40.4030930003117,246.7536846253504,222.1345092876029,174.00069014792888,205.19062467458127,40.4030930003117,8.206126219986642,3.5821307459245686,8.965913300353458,0.0,0.0,0.0,0.0
2026-09-28 06:00:00,EP152026(2),36,2026-10-02 18:00:00,4 days 12:00:00,108,24.07,-167.57,979.8,65.5,51.03230109265745,235.0411816318326,206.83581589529248,168.11822695316118,206.61574613103323,57.30989504647073,49.30669794341442,31.730437757434608,44.92545294116063,51.03230109265745,1.4440768481289925,0.0,1.920820822946105
2026-09-28 06:00:00,EP152026(2),36,2026-10-03 00:00:00,4 days 18:00:00,114,24.31,-167.67,985.3,62.7,54.52869165565642,252.7280355508119,236.44686340542148,178.9225818528239,209.1605124202215,54.52869165565642,21.61479773459581,14.481477435438393,19.63761781522382,0.0,0.0,0.0,0.0
2026-09-28 06:00:00,EP152026(2),36,2026-10-03 06:00:00,5 days 00:00:00,120,24.18,-168.07,984.2,61.5,73.53303880650478,184.9130813791556,168.64234172501384,139.75668275921166,160.85934987368688,73.53303880650478,0.0,0.0,2.405302104423054,0.0,0.0,0.0,0.0
2026-09-28 06:00:00,EP152026(2),36,2026-10-03 12:00:00,5 days 06:00:00,126,24.12,-169.23,977.3,70.4,59.960323650163545,186.45556238954703,161.4609772865416,142.01441730642324,163.54865648892368,59.960323650163545,0.0,0.0,59.960323650163545,59.960323650163545,0.0,0.0,0.3309627191661846
2026-09-28 06:00:00,EP152026(2),36,2026-10-03 18:00:00,5 days 12:00:00,132,23.91,-170.52,984.8,59.2,49.99907212142156,225.0009099084416,185.75595991855272,158.7160537102149,201.94209312746187,49.99907212142156,0.7233014017396817,0.0,3.820384496184936,0.0,0.0,0.0,0.0
2026-09-28 06:00:00,EP152026(2),36,2026-10-04 00:00:00,5 days 18:00:00,138,23.58,-172.14,985.3,60.4,29.198171660765023,166.19231133528027,134.958638652841,105.98631342831732,150.78269764432997,29.198171660765023,4.382702966548672,0.0,8.800451372729515,0.0,0.0,0.0,0.0
2026-09-28 06:00:00,EP152026(2),36,2026-10-04 06:00:00,6 days 00:00:00,144,23.85,-173.98,980.2,71.0,40.70114297865907,153.9779658994459,122.54946728047112,92.2609259597135,129.38472579864086,40.70114297865907,2.5035300954836983,0.0,40.70114297865907,0.3771269549181926,0.0,0.0,40.70114297865907
2026-09-28 06:00:00,EP152026(2),36,2026-10-04 12:00:00,6 days 06:00:00,150,24.04,-175.56,968.4,83.7,12.144644920357829,187.12780814330355,153.02728753232543,134.2124647802824,154.6276390452997,12.144644920357829,0.0,0.0,12.144644920357829,0.7477699179819708,0.0,0.0,12.144644920357829
2026-09-28 06:00:00,EP152026(2),36,2026-10-04 18:00:00,6 days 12:00:00,156,24.22,-177.13,982.4,73.0,17.561317543203174,144.10524584749422,112.96755376877309,77.91743181248385,125.1804072943241,22.226144006871834,13.85681912111476,3.403978024487011,15.811584894801712,17.561317543203174,2.655503538136651,0.4335580518634776,4.225158149893691
2026-09-28 06:00:00,EP152026(2),36,2026-10-05 00:00:00,6 days 18:00:00,162,24.45,-178.06,966.7,85.5,28.78062804081853,220.79596043666143,181.1079083127554,139.6351660196048,191.47341842110768,28.78062804081853,0.0,0.0,28.78062804081853,0.9912386567055144,0.0,0.0,28.78062804081853
2026-09-28 06:00:00,EP152026(2),36,2026-10-05 06:00:00,7 days 00:00:00,168,24.61,-179.62,966.1,86.0,48.77095152231257,222.6324853962,188.74143690972076,150.8421161860357,200.90823428899463,128.1733362065852,108.89896061027748,85.57899079638278,110.35688471837224,66.09283676862475,57.4775116860632,45.81075434080782,57.46984038205633
2026-09-28 06:00:00,EP152026(2),36,2026-10-05 12:00:00,7 days 06:00:00,174,24.64,178.68,967.1,88.3,30.05908352115088,237.88632492617052,187.65061704870632,147.79529170913204,220.03650269980065,134.95641233221053,112.13496318747244,87.26880067011409,114.8881318767552,68.25700427809826,58.87476622454946,46.62389416041942,59.069672482498405
2026-09-28 06:00:00,EP152026(2),36,2026-10-05 18:00:00,7 days 12:00:00,180,24.72,177.26,969.9,86.6,48.14302517458415,233.58840025302263,186.69034937854872,167.3913944122736,215.44234880040904,72.68687915244419,58.523099773049424,42.84788227464311,62.35137337905269,48.14302517458415,27.36364379638933,21.797547162672373,29.89958828612824
2026-09-28 06:00:00,EP152026(2),36,2026-10-06 00:00:00,7 days 18:00:00,186,24.62,175.18,969.7,87.5,8.092187959327248,212.6409016597063,174.0822748882783,139.90844295690067,184.18929559647225,8.092187959327248,1.5580082573962386,0.0,4.69741017223302,8.092187959327248,0.0,0.0,1.3377915742096889
2026-09-28 06:00:00,EP152026(2),36,2026-10-06 06:00:00,8 days 00:00:00,192,24.27,173.03,973.2,81.6,32.194399830240386,176.75605627717275,143.27654052339037,117.62403935492463,154.18330147883063,83.05294032337349,71.93735133068633,54.869323185739,70.3556889515042,40.79989238358288,35.45599417760285,27.709495822883262,35.531576406288224
2026-09-28 06:00:00,EP152026(2),36,2026-10-06 12:00:00,8 days 06:00:00,198,23.98,170.31,985.2,72.3,6.525290170616081,106.54167047750748,64.61820402322633,38.7234998646188,82.7801763919491,21.220817698239763,13.420695946551984,1.6598983640191165,17.077052970345086,6.730414913958125,3.45219018832439,1.1355726097026473,5.161507740894923
2026-09-28 06:00:00,EP152026(2),36,2026-10-06 18:00:00,8 days 12:00:00,204,23.91,168.37,983.1,75.2,32.233119673651686,142.5091054953782,99.5101571802727,65.75735954264823,127.05522748531672,71.48956281867979,52.43572784117623,33.38204616914843,58.27831774772183,32.77584380256578,24.178745110198204,17.833551733489063,27.61604403794676
2026-09-28 06:00:00,EP152026(2),36,2026-10-07 00:00:00,8 days 18:00:00,210,24.1,165.21,980.7,64.0,35.23403160962693,210.91989817080423,177.59542208971038,134.0524575022834,173.4901832438381,35.23403160962693,3.4533172486431525,0.0,2.182760132871129,35.23403160962693,0.0,0.0,0.0
2026-09-28 06:00:00,EP152026(2),36,2026-10-07 06:00:00,9 days 00:00:00,216,24.67,162.78,969.1,78.3,20.586677480385696,239.00317364926417,208.5133161658325,152.71908838489804,186.86396943193336,20.586677480385696,3.25088675093348,0.0,0.9308664100496244,20.586677480385696,0.0,0.0,0.4579366231979085
2026-09-28 06:00:00,EP152026(2),36,2026-10-07 12:00:00,9 days 06:00:00,222,25.83,159.27,978.3,70.1,5.134497145297054,107.82029221639488,90.6254262794916,49.94668568319706,87.3386106639877,31.69769680383778,24.860142550645836,12.149902091317744,23.79298362472648,13.038190764144952,9.967695380855895,6.002016688360945,10.237808031558396
2026-09-28 06:00:00,EP152026(2),36,2026-10-07 18:00:00,9 days 12:00:00,228,26.89,156.5,978.9,66.5,53.31841544935237,202.35868933668525,181.32075444976505,116.65678534230577,150.48921028185842,53.31841544935237,8.477642336907907,0.0,3.736564462419276,53.31841544935237,0.5473587996167488,0.0,0.8189656397078222
2026-09-28 06:00:00,EP152026(2),36,2026-10-08 00:00:00,9 days 18:00:00,234,28.1,154.01,981.6,69.2,63.88184840799991,142.39219861514002,114.98916229242327,73.3854782234597,98.8056141507813,63.88184840799991,5.285862057936875,0.0,2.355634878080483,63.88184840799991,0.4946710045195435,0.0,0.8046664863324209
2026-09-28 06:00:00,EP152026(2),36,2026-10-08 06:00:00,10 days 00:00:00,240,29.96,151.85,981.6,63.6,43.96373585690421,134.04320487881532,117.04724908390337,82.63712095332629,103.39544526967094,0.4706313565015962,43.96373585690421,0.0,0.0,0.0,0.0,0.0,0.0
2026-09-28 06:00:00,EP152026(2),36,2026-10-08 12:00:00,10 days 06:00:00,246,31.89,150.57,966.8,78.1,32.25346141234661,136.56418579564422,122.96232615173118,91.23761553302695,101.46428270769046,32.25346141234661,32.25346141234661,0.0,0.0,32.25346141234661,0.0,0.0,0.0
2026-09-28 06:00:00,EP152026(2),36,2026-10-08 18:00:00,10 days 12:00:00,252,33.94,150.93,956.2,92.9,4.570224925005377,92.91779386791085,102.60745313120069,63.76961036196256,62.93509049681407,9.607720032803766,10.791059367626447,3.0135203811921496,3.004043333291863,4.570224925005377,2.6135987442381925,1.3443752388105177,1.8084776361407016
2026-09-28 06:00:00,EP152026(2),36,2026-10-09 00:00:00,10 days 18:00:00,258,36.16,152.53,959.4,92.5,0.0,191.8224548099098,215.14573217623348,183.10338461210492,145.7892474795199,0.0,4.420197188834358,3.069641691009453,0.0,0.0,0.1453690591775345,0.0,0.0
2026-09-28 06:00:00,EP152026(2),36,2026-10-09 06:00:00,11 days 00:00:00,264,38.93,155.87,971.2,65.2,20.670787636930854,174.68188361194524,205.99408125325616,159.31942845247272,125.46408420545578,31.993005040407983,33.88560100334517,20.300963196279618,22.437024621939177,20.670787636930854,1.124653593460101,0.0,0.4998695582183741
2026-09-28 06:00:00,EP152026(2),36,2026-10-09 12:00:00,11 days 06:00:00,270,41.02,160.83,973.8,64.7,84.35868265917313,201.5567619591017,193.2123130460463,164.67030942007054,149.4688753687294,0.0,84.35868265917313,84.35868265917313,0.0,0.0,0.0,84.35868265917313,0.0
2026-09-28 06:00:00,EP152026(2),36,2026-10-09 18:00:00,11 days 12:00:00,276,42.88,168.36,972.7,61.1,77.72422674309757,196.79316897386104,209.1409454490953,177.85527890293577,146.2182992593366,0.0,77.72422674309757,2.759971394501326,0.0,0.0,0.0,0.0,0.0
2026-09-28 06:00:00,EP152026(2),36,2026-10-10 00:00:00,11 days 18:00:00,282,44.32,176.73,978.3,50.3,165.18536342354292,3.202424048672917,3.4928986039444183,165.18536342354292,165.18536342354292,0.0,0.0,0.0,165.18536342354292,0.0,0.0,0.0,0.0
2026-09-28 06:00:00,EP172026,36,2026-09-28 06:00:00,0 days 00:00:00,0,23.2,-114.0,955.0,105.0,28.0,167.0,148.0,148.0,148.0,102.0,93.0,83.0,83.0,65.0,65.0,65.0,65.0
2026-09-28 06:00:00,EP172026,36,2026-09-28 12:00:00,0 days 06:00:00,6,23.84,-113.94,970.1,86.0,12.71239268038051,164.6008684157934,174.17656792400197,131.51156889966228,125.71271618138772,81.80332996718053,82.0270236881845,61.41498677971255,68.91083871753973,43.53923952728467,40.78365052251885,33.10900935567522,36.55267736611042
2026-09-28 06:00:00,EP172026,36,2026-09-28 18:00:00,0 days 12:00:00,12,24.83,-113.33,972.7,85.7,37.70694704119399,221.6742456863325,230.01593838867035,159.5678165324146,164.81654626244554,114.13366371050078,115.19713723941804,91.37344597956393,95.5668541077679,57.91828876983519,57.06204946917551,48.3812460121155,50.89475568225301
2026-09-28 06:00:00,EP172026,36,2026-09-29 00:00:00,0 days 18:00:00,18,25.41,-112.92,962.9,92.0,20.335380199205403,170.08806902231146,207.40888656003952,146.87668277327683,122.3977124176362,84.98785317090798,89.12580208077054,67.04426031641324,66.86613885176118,42.95135192376868,42.270072433636216,33.835207221784145,35.6760504662237
2026-09-28 06:00:00,EP172026,36,2026-09-29 06:00:00,1 days 00:00:00,24,26.35,-112.26,981.1,60.1,42.47343345994196,169.87784224475087,175.0799529554745,133.33770813235776,128.52847275548814,12.729630620214392,42.47343345994196,8.212977160680362,7.821354593841114,0.0,0.0,0.0,0.0
2026-09-28 06:00:00,EP172026,36,2026-09-29 12:00:00,1 days 06:00:00,30,27.17,-110.99,986.2,63.5,30.23106762097223,121.94579530931846,135.41720916503294,87.73244382848048,66.90581993935669,0.0,30.23106762097223,0.0,0.0,0.0,0.0,0.0,0.0
2026-09-28 06:00:00,EP172026,36,2026-09-29 18:00:00,1 days 12:00:00,36,29.22,-109.61,997.7,47.5,28.90479550035558,73.36995741888698,47.8905414357648,34.72117917720263,62.0089067983461,0.0,0.0,0.0,0.0,0.0,0.0,0.0,0.0
2026-09-28 06:00:00,EP172026,36,2026-09-30 00:00:00,1 days 18:00:00,42,31.35,-106.16,998.4,21.4,30.02466824039432,0.0,0.0,0.0,0.0,0.0,0.0,0.0,0.0,0.0,0.0,0.0,0.0
2026-09-28 06:00:00,EP182026,36,2026-09-28 06:00:00,0 days 00:00:00,0,13.2,-100.0,1001.0,41.0,93.0,222.0,185.0,148.0,222.0,0.0,0.0,0.0,0.0,0.0,0.0,0.0,0.0
2026-09-28 06:00:00,EP182026,36,2026-09-28 12:00:00,0 days 06:00:00,6,13.46,-100.65,993.2,55.4,38.03326143238019,177.50524172392886,144.06168686324622,109.94564558314065,150.63610324347866,39.61704659896001,31.8154594430681,19.843613301930947,30.91629882292459,0.0,0.0,0.0,0.0
2026-09-28 06:00:00,EP182026,36,2026-09-28 18:00:00,0 days 12:00:00,12,13.39,-101.67,990.1,56.6,49.10764455886107,142.48477911132125,121.56734247950368,96.09591715462672,123.78122516209964,49.10764455886107,6.34164493008833,4.2805593577412,8.589562177381321,0.0,0.0,0.0,0.0
2026-09-28 06:00:00,EP182026,36,2026-09-29 00:00:00,0 days 18:00:00,18,13.81,-102.44,991.6,52.9,41.49903919524674,191.35848378173225,167.13494207297606,149.24781900885796,175.26843192396393,41.49903919524674,20.28789523052177,18.007120620018753,19.66391241596668,0.0,0.0,0.0,0.0
2026-09-28 06:00:00,EP182026,36,2026-09-29 06:00:00,1 days 00:00:00,24,14.43,-103.49,997.5,48.3,113.39759894530108,213.33599195525312,185.62370859107975,156.51524917582356,178.18822444710895,0.0,0.0,0.0,0.0,0.0,0.0,0.0,0.0
2026-09-28 06:00:00,EP182026,36,2026-09-29 12:00:00,1 days 06:00:00,30,15.2,-104.72,995.2,45.7,64.20676635952947,64.20676635952947,0.386653795200619,0.0,4.307427056891807,0.0,0.0,0.0,0.0,0.0,0.0,0.0,0.0
2026-09-28 06:00:00,EP182026,36,2026-09-29 18:00:00,1 days 12:00:00,36,15.6,-105.39,994.7,48.6,59.37799890602336,179.22247594407273,157.23360217787038,128.2089570344593,147.00063116695114,0.0,0.0,0.0,0.0,0.0,0.0,0.0,0.0
2026-09-28 06:00:00,EP182026,36,2026-09-30 00:00:00,1 days 18:00:00,42,16.15,-106.0,987.0,56.3,60.897901539692256,200.1235207338147,189.58240729049777,157.33656617089645,169.67889852133442,60.897901539692256,34.50525342717949,28.707685574637463,31.482604520698857,0.0,0.0,0.0,0.0
2026-09-28 06:00:00,EP182026,36,2026-09-30 06:00:00,2 days 00:00:00,48,17.13,-106.39,991.1,57.5,92.8997816848028,200.04134456665477,183.33190722655505,147.96725062155565,166.35992387401643,92.8997816848028,29.12547872322285,22.568868153908305,25.805113656854942,0.0,0.0,0.0,0.0
2026-09-28 06:00:00,EP182026,36,2026-09-30 12:00:00,2 days 06:00:00,54,17.74,-107.08,992.0,57.5,72.52572185680981,174.5118538023064,170.0466528361917,146.07127361193352,146.27088859327296,174.5118538023064,170.0466528361917,146.07127361193352,146.27088859327296,0.0,0.0,0.0,0.0
2026-09-28 06:00:00,EP182026,36,2026-09-30 18:00:00,2 days 12:00:00,60,18.34,-108.31,991.3,54.3,44.67855655949279,215.7973618652286,205.7229659219738,176.83731239428744,183.57069144328847,130.00706001346043,124.71700456056897,106.5761588864134,109.70735503792277,0.0,0.0,0.0,0.0
2026-09-28 06:00:00,EP182026,36,2026-10-01 00:00:00,2 days 18:00:00,66,18.81,-108.93,985.2,68.4,37.50972581307778,201.1052145706219,179.94585215440355,155.38442294030085,184.42599560835615,109.86820606956512,99.86852232454412,78.81411065101562,94.25019947496511,53.98798152659487,48.600687662794925,38.90721268937656,46.01028109573031
2026-09-28 06:00:00,EP182026,36,2026-10-01 06:00:00,3 days 00:00:00,72,18.88,-108.56,985.1,61.0,36.69490892623471,140.8664151456495,149.11147163706113,101.39557165251784,109.34270258302836,36.69490892623471,22.179671701569923,12.198067884740402,13.180971574886671,0.0,0.0,0.0,0.0
2026-09-28 06:00:00,EP182026,36,2026-10-01 12:00:00,3 days 06:00:00,78,19.22,-108.72,990.5,59.7,42.51381995750361,189.75078638834583,182.373281332002,164.8099853151506,158.29214152639318,129.5265933691266,127.17929029484748,110.73377414589174,109.31787602100997,0.0,0.0,0.0,0.0
2026-09-28 06:00:00,EP182026,36,2026-10-01 18:00:00,3 days 12:00:00,84,19.67,-108.57,991.5,47.2,83.36129025412055,139.46097855005328,147.8178260311318,125.51603165554867,122.9413914045929,0.0,0.0,0.0,0.0,0.0,0.0,0.0,0.0
2026-09-28 06:00:00,EP182026,36,2026-10-02 00:00:00,3 days 18:00:00,90,19.86,-108.84,988.5,54.8,78.65572547307875,194.04466844429956,179.05245895513872,156.45004394369244,169.56576330586176,133.35912981850015,128.72733089603298,112.49304983095408,115.58765951337227,0.0,0.0,0.0,0.0
2026-09-28 06:00:00,EP182026,36,2026-10-02 06:00:00,4 days 00:00:00,96,20.03,-108.95,992.6,50.9,71.80012763638135,206.89264172277825,188.6470058368928,167.0760630882857,178.79320997032585,1.1181271793241692,0.575539355451987,0.0,71.80012763638135,0.0,0.0,0.0,0.0
2026-09-28 06:00:00,EP182026,36,2026-10-02 12:00:00,4 days 06:00:00,102,20.13,-109.12,986.7,57.1,40.69789237309965,132.97575315011704,135.5437410900986,110.05875715247772,115.29041076433988,40.69789237309965,11.889125320183126,9.44527110759448,11.739365119920564,0.0,0.0,0.0,0.0
2026-09-28 06:00:00,EP182026,36,2026-10-02 18:00:00,4 days 12:00:00,108,19.95,-109.28,991.9,59.9,36.78651746146264,152.1294388694464,131.8073580252841,89.44513238756446,128.73300708304612,59.724655634003,49.21122416558973,31.492060712454418,44.43882565444972,0.0,0.0,0.0,0.0
2026-09-28 06:00:00,EP182026,36,2026-10-03 00:00:00,4 days 18:00:00,114,20.01,-110.02,972.3,76.1,25.826419490991867,156.84890592152146,130.28354034414588,111.23507123826364,140.36540880542378,75.4080020708713,64.78471846985138,50.15065170541027,64.78049035260739,35.21384919886498,30.53931697868606,24.298367200313905,29.69538066047305
2026-09-28 06:00:00,EP182026,36,2026-10-03 06:00:00,5 days 00:00:00,120,19.92,-110.6,964.0,86.4,22.0977546815982,132.98043062738597,114.89710092314996,112.6196417418772,126.9833027188346,61.49425956225952,50.27166485325969,39.91758006938249,55.58862839260931,30.476597556896763,25.30200551625509,20.170502811238457,26.109766994886044
2026-09-28 06:00:00,EP182026,36,2026-10-03 12:00:00,5 days 06:00:00,126,19.82,-111.0,956.5,99.6,0.0,74.85385068064109,41.48056920889802,57.88470748656201,76.85135636320221,24.26232246499161,14.44007889552239,11.40628974774442,24.22364547414623,11.9767784431975,6.863859707741238,6.553280171184974,10.378240510932487
2026-09-28 06:00:00,EP182026,36,2026-10-03 18:00:00,5 days 12:00:00,132,19.42,-111.81,956.0,98.9,38.75949457072584,200.9524093692196,171.11034980968788,148.0989568549786,171.3993790324219,102.72396789602048,89.7823852816924,74.41088429651671,90.30763388705051,53.86553202511982,47.96176239938293,40.22430768946481,47.16749457049799
2026-09-28 06:00:00,EP182026,36,2026-10-04 00:00:00,5 days 18:00:00,138,19.47,-111.99,974.1,75.9,22.705133311737768,210.46494962851784,179.040543732174,163.61266477345544,205.23354873005792,102.63893950324588,88.054773550454,69.2612688100944,89.26137036218267,50.05880871133104,43.05172857102559,36.30791056024606,42.5983942516516
2026-09-28 06:00:00,EP182026,36,2026-10-04 06:00:00,6 days 00:00:00,144,19.19,-112.24,970.1,83.0,15.129970007644488,145.18599273726113,116.95900041100586,110.776037382472,136.6075178231958,60.08595996846882,54.77623152361066,46.21184456716374,51.80608209475093,29.384665497707232,26.666780979827458,22.733918396837005,25.587700103953964
2026-09-28 06:00:00,EP182026,36,2026-10-04 12:00:00,6 days 06:00:00,150,19.1,-112.44,974.2,71.3,20.209554992531,139.9822927891433,122.93207988809388,120.63758719877526,137.36936997368375,67.1721515129176,61.75255506172053,49.4525744555457,56.65021481524974,31.673418764349336,29.06947487327365,24.459724499444683,27.20703731986416
2026-09-28 06:00:00,EP182026,36,2026-10-04 18:00:00,6 days 12:00:00,156,19.25,-112.86,985.1,57.4,32.67767764539164,106.32864560261493,93.25800332653088,95.02209020040551,112.3344517599078,94.08953644685673,86.70209247990519,71.53689232552227,81.10296700098405,0.0,0.0,0.0,0.0
2026-09-28 06:00:00,EP182026,36,2026-10-05 00:00:00,6 days 18:00:00,162,19.53,-113.02,986.9,60.9,34.47874983998884,134.50185250194494,113.52656971030292,101.864773579489,110.77563827614831,117.15260997458302,113.52656971030292,98.62246126217298,100.3183407872374,0.0,0.0,0.0,0.0
2026-09-28 06:00:00,EP182026,36,2026-10-05 06:00:00,7 days 00:00:00,168,19.62,-113.63,991.0,56.9,50.682256427052366,129.53307780244484,114.95530615876088,93.75091184157571,120.762359166858,50.682256427052366,14.611254879874648,11.24475233383327,16.309508322726384,0.0,0.0,0.0,0.0
2026-09-28 06:00:00,EP182026,36,2026-10-05 12:00:00,7 days 06:00:00,174,19.67,-114.21,993.4,54.0,34.96666586429424,141.11684135780808,122.3689203306825,96.56004200951998,128.24644827056994,34.96666586429424,4.553460717787303,1.5835120769702442,6.598853744860627,0.0,0.0,0.0,0.0
2026-09-28 06:00:00,EP182026,36,2026-10-05 18:00:00,7 days 12:00:00,180,19.74,-114.99,985.5,60.0,29.061357174195777,101.10361612559696,90.43377422156792,72.89824325758747,91.52028968426444,32.28601340784293,28.30632819214121,22.13650984684404,27.753081143696168,0.0,0.0,0.0,0.0
2026-09-28 06:00:00,EP182026,36,2026-10-06 00:00:00,7 days 18:00:00,186,20.02,-115.49,985.7,60.0,31.586629634772105,133.3596949900668,114.75104175877188,88.94238872845041,122.23601112340056,66.04958281617556,57.10825203855832,42.85982350227262,52.763408495295664,0.0,0.0,0.0,0.0
2026-09-28 06:00:00,EP182026,36,2026-10-06 06:00:00,8 days 00:00:00,192,20.08,-116.25,980.0,74.2,17.01492202269226,162.81532632612726,128.4698284697247,126.54441615624596,157.9668223035904,88.96575224803792,78.40228850834708,65.26260740188908,81.34748405250295,45.69451788258718,40.78300227995595,32.46004094932485,38.8854130424879
2026-09-28 06:00:00,EP182026,36,2026-10-06 12:00:00,8 days 06:00:00,198,20.02,-116.98,982.1,73.6,16.853979483338776,159.05005889395693,120.02728761611252,110.48200246148468,160.05129257421902,68.58946350239023,57.855802680635634,42.072453426262456,60.8782685738172,30.39725511742114,25.200977251220053,18.242924822067373,25.03281180248385
2026-09-28 06:00:00,EP182026,36,2026-10-06 18:00:00,8 days 12:00:00,204,20.08,-117.88,980.3,77.0,38.0515289126118,164.83580647123466,132.16677029313632,116.06302023576586,146.96962088748535,85.21953295233698,70.31602617426424,55.78403385053652,74.5750901259646,41.481622158572335,35.6372065264903,28.33727676379602,36.12548956001481
2026-09-28 06:00:00,EP182026,36,2026-10-07 00:00:00,8 days 18:00:00,210,20.19,-118.62,985.4,69.1,24.28890355434892,173.06773733010107,135.94385354149546,108.11959901180302,166.70368014345314,91.7402760450073,75.02864269810246,58.71840083312763,79.40104486160035,44.2387791737229,38.00358381710414,29.39963302607096,37.60644935531954
2026-09-28 06:00:00,EP182026,36,2026-10-07 06:00:00,9 days 00:00:00,216,20.19,-119.09,978.4,74.9,27.06881403269337,146.63207243464095,119.76650911183314,109.12498300986378,138.00965719545002,71.64555917024003,60.62898419155746,48.49800542562916,64.71921615061349,35.310762253455046,30.57000387480181,24.016609342170607,29.274135536457194
2026-09-28 06:00:00,EP182026,36,2026-10-07 12:00:00,9 days 06:00:00,222,20.43,-120.06,976.2,79.5,21.842749377721987,152.7405303103203,128.1195987500098,103.29776847073788,145.85259315528174,75.42417887965485,59.36473644202249,43.19129297419164,62.37670671613614,33.07403565667096,27.6227976065594,19.831083735513715,27.5288147848363
2026-09-28 06:00:00,EP182026,36,2026-10-07 18:00:00,9 days 12:00:00,228,20.55,-120.93,989.8,58.9,22.7143845295201,130.0778368400677,108.17150659025518,101.24249421867324,133.7972295941317,10.644359669945024,6.776887856450035,6.693783997799516,22.7143845295201,0.0,0.0,0.0,0.0
2026-09-28 06:00:00,EP182026,36,2026-10-08 00:00:00,9 days 18:00:00,234,20.82,-121.8,984.4,60.3,51.73786268959228,109.15509100962616,89.8393546518242,84.86180702119235,118.841280535345,51.73786268959228,38.10880719908759,29.008159279110785,40.16997019423282,0.0,0.0,0.0,0.0
2026-09-28 06:00:00,EP182026,36,2026-10-08 06:00:00,10 days 00:00:00,240,20.62,-122.74,984.0,70.6,8.191493207051346,103.46948408985423,83.80625464843473,80.063954474952,96.89123211074876,1.5700662418128055,0.0,0.0,8.191493207051346,0.0,0.0,0.0,8.191493207051346
2026-09-28 06:00:00,EP182026,36,2026-10-08 12:00:00,10 days 06:00:00,246,20.84,-123.48,982.0,68.8,21.16399485578853,107.73909872982074,94.02424255273286,77.98985507801422,98.31838015127028,47.21306959226848,37.79911989382873,26.23637928541507,39.7540470800102,21.16399485578853,16.01862312740805,11.229166539052557,16.857929069357937
2026-09-28 06:00:00,EP182026,36,2026-10-08 18:00:00,10 days 12:00:00,252,20.77,-124.33,988.4,60.5,21.94149506795129,132.6845699217666,106.5330697107517,96.06736989180726,116.74688700312312,21.94149506795129,0.0,0.0,1.557654283861318,0.0,0.0,0.0,0.0
2026-09-28 06:00:00,EP182026,36,2026-10-09 00:00:00,10 days 18:00:00,258,20.88,-125.14,990.5,61.6,41.28223187878666,139.93208508190847,126.11394278641762,112.98114501709362,128.05447333623667,0.0,0.0,0.0,41.28223187878666,0.0,0.0,0.0,0.0
2026-09-28 06:00:00,EP182026,36,2026-10-09 06:00:00,11 days 00:00:00,264,20.36,-125.68,998.4,43.9,78.22068678843658,19.278703137458884,4.838136946439249,2.871077540201668,78.22068678843658,0.0,0.0,0.0,0.0,0.0,0.0,0.0,0.0
2026-09-28 06:00:00,EP182026,36,2026-10-09 12:00:00,11 days 06:00:00,270,20.43,-126.37,999.7,41.7,77.48032188171867,16.367845445981864,5.343318074462026,0.0,77.48032188171867,0.0,0.0,0.0,0.0,0.0,0.0,0.0,0.0
2026-09-28 06:00:00,EP182026,36,2026-10-09 18:00:00,11 days 12:00:00,276,19.9,-127.0,1003.9,38.2,91.32488990840994,91.32488990840994,6.19042425957044,0.0,17.728792450573142,0.0,0.0,0.0,0.0,0.0,0.0,0.0,0.0
2026-09-28 06:00:00,EP182026,36,2026-10-10 00:00:00,11 days 18:00:00,282,19.84,-127.54,1003.4,37.0,79.3920280035741,79.3920280035741,2.5185809371168717,2.049732752609806,11.389904326758645,0.0,0.0,0.0,0.0,0.0,0.0,0.0,0.0
2026-09-28 06:00:00,EP182026,36,2026-10-10 06:00:00,12 days 00:00:00,288,19.15,-127.89,1003.6,33.4,95.04427519193814,0.0,0.0,0.0,0.0,0.0,0.0,0.0,0.0,0.0,0.0,0.0,0.0
2026-09-28 06:00:00,EP182026,36,2026-10-10 12:00:00,12 days 06:00:00,294,19.0,-128.4,1002.2,36.4,43.9740724823846,43.9740724823846,3.657931936396381,1.1286066497448246,7.011889117249211,0.0,0.0,0.0,0.0,0.0,0.0,0.0,0.0
2026-09-28 06:00:00,EP182026,36,2026-10-10 18:00:00,12 days 12:00:00,300,18.91,-128.61,1002.9,32.2,60.16518756841651,0.0,0.0,0.0,0.0,0.0,0.0,0.0,0.0,0.0,0.0,0.0,0.0
2026-09-28 06:00:00,EP182026,36,2026-10-11 00:00:00,12 days 18:00:00,306,18.72,-128.79,996.9,36.0,51.30120363241002,51.30120363241002,0.5460963395579483,0.0,6.535786985870743,0.0,0.0,0.0,0.0,0.0,0.0,0.0,0.0
2026-09-28 06:00:00,EP182026,36,2026-10-11 06:00:00,13 days 00:00:00,312,18.68,-128.59,1005.4,30.8,113.5400177064582,0.0,0.0,0.0,0.0,0.0,0.0,0.0,0.0,0.0,0.0,0.0,0.0
2026-09-28 06:00:00,EP182026,36,2026-10-11 12:00:00,13 days 06:00:00,318,18.66,-128.44,1000.5,34.2,95.34877093296936,95.34877093296936,0.5610282040990544,0.6985726473855554,4.049619218177085,0.0,0.0,0.0,0.0,0.0,0.0,0.0,0.0
2026-09-28 06:00:00,EP182026,36,2026-10-11 18:00:00,13 days 12:00:00,324,18.52,-128.67,1003.6,29.6,75.26744787822551,0.0,0.0,0.0,0.0,0.0,0.0,0.0,0.0,0.0,0.0,0.0,0.0
2026-09-28 06:00:00,EP182026,36,2026-10-12 00:00:00,13 days 18:00:00,330,19.06,-128.09,1001.8,40.2,60.61942889768247,60.61942889768247,34.74311559054833,25.13906031035136,23.162558645693974,0.0,0.0,0.0,0.0,0.0,0.0,0.0,0.0
2026-09-28 06:00:00,EP182026,36,2026-10-12 06:00:00,14 days 00:00:00,336,19.58,-127.33,993.6,43.4,32.74452903130248,39.34063215768629,34.31006477960904,22.324931199265137,25.64016242700612,0.0,0.0,0.0,0.0,0.0,0.0,0.0,0.0
2026-09-28 06:00:00,EP182026,36,2026-10-12 12:00:00,14 days 06:00:00,342,19.75,-127.16,992.7,51.6,30.165502621364336,122.69047465446005,107.43299913486165,86.10886298217919,100.86507368533351,30.165502621364336,0.0,0.0,0.0,0.0,0.0,0.0,0.0
2026-09-28 06:00:00,EP182026,36,2026-10-12 18:00:00,14 days 12:00:00,348,19.88,-127.02,994.5,51.1,30.04389855093413,87.45565297503038,92.14884130476202,66.59884531601355,70.63899042744085,30.04389855093413,9.54894061423576,6.197322707904645,8.25719425875683,0.0,0.0,0.0,0.0
2026-09-28 06:00:00,EP182026,36,2026-10-13 00:00:00,14 days 18:00:00,354,20.27,-127.3,995.5,51.2,41.15304966467853,176.38437970792532,149.7313402242242,116.3965723796882,133.385470982159,41.15304966467853,0.4944413200618438,0.391657199540699,1.1058446073250678,0.0,0.0,0.0,0.0
2026-09-28 06:00:00,EP182026,36,2026-10-13 06:00:00,15 days 00:00:00,360,20.4,-127.49,1003.7,31.7,87.34466924503229,0.0,0.0,0.0,0.0,0.0,0.0,0.0,0.0,0.0,0.0,0.0,0.0
2026-09-28 06:00:00,EP912026(3),36,2026-09-28 06:00:00,0 days 00:00:00,0,12.7,-136.6,1005.0,29.0,93.0,0.0,0.0,0.0,0.0,0.0,0.0,0.0,0.0,0.0,0.0,0.0,0.0
2026-09-28 06:00:00,WP252026,36,2026-09-28 06:00:00,0 days 00:00:00,0,27.5,131.6,954.0,99.0,9.0,148.0,158.0,148.0,121.0,,,,,,,,
2026-09-28 06:00:00,WP252026,36,2026-09-28 12:00:00,0 days 06:00:00,6,27.32,132.73,987.3,57.0,4.640824752101846,78.34832746147345,120.7623006222612,99.33464571227272,41.92719072289955,2.300339475823701,13.518916260914812,7.994863589112504,0.0,0.0,0.0,0.0,0.0
2026-09-28 06:00:00,WP252026,36,2026-09-28 18:00:00,0 days 12:00:00,12,27.66,133.21,988.1,55.6,41.36650840394597,151.7868984732438,164.79618057095317,121.65837975715976,117.61283298140457,15.614766224441848,41.36650840394597,10.1259488778337,11.209041572283327,0.0,0.0,0.0,0.0
2026-09-28 06:00:00,WP252026,36,2026-09-29 00:00:00,0 days 18:00:00,18,28.31,133.92,991.2,48.3,18.081232149247622,179.05291905547347,191.5243808301493,146.18170779752472,143.00646791788313,0.0,0.0,0.0,0.0,0.0,0.0,0.0,0.0
2026-09-28 06:00:00,WP252026,36,2026-09-29 06:00:00,1 days 00:00:00,24,28.9,134.58,994.0,41.6,84.47230278109973,4.82322241266003,84.47230278109973,0.0,0.0,0.0,0.0,0.0,0.0,0.0,0.0,0.0,0.0
2026-09-28 06:00:00,WP252026,36,2026-09-29 12:00:00,1 days 06:00:00,30,29.35,135.8,995.4,42.3,114.65569239697284,198.32531073008235,183.73139432687853,159.1074886389371,164.9873346529503,0.0,0.0,0.0,0.0,0.0,0.0,0.0,0.0
2026-09-28 06:00:00,WP252026,36,2026-09-29 18:00:00,1 days 12:00:00,36,29.14,136.47,994.2,44.0,43.79085059314775,45.65475094765455,53.48805325489236,40.94129200769529,27.38642064367315,0.0,0.0,0.0,0.0,0.0,0.0,0.0,0.0
2026-09-28 06:00:00,WP252026,36,2026-09-30 00:00:00,1 days 18:00:00,42,29.86,137.26,994.9,39.8,41.22703513928124,111.6144667751293,99.98335096421908,74.35041021447609,87.81493414656342,0.0,0.0,0.0,0.0,0.0,0.0,0.0,0.0
2026-09-28 06:00:00,WP252026,36,2026-09-30 06:00:00,2 days 00:00:00,48,30.22,137.64,999.4,34.9,125.80995545051285,125.80995545051285,1.0119647695903495,0.0,0.0,0.0,0.0,0.0,0.0,0.0,0.0,0.0,0.0
2026-09-28 06:00:00,WP252026,36,2026-09-30 12:00:00,2 days 06:00:00,54,30.57,138.37,999.3,33.5,110.53943712963714,0.0,0.0,0.0,0.0,0.0,0.0,0.0,0.0,0.0,0.0,0.0,0.0
2026-09-28 06:00:00,WP252026,36,2026-09-30 18:00:00,2 days 12:00:00,60,31.35,138.89,998.4,33.5,39.4315025713078,0.0,0.0,0.0,0.0,0.0,0.0,0.0,0.0,0.0,0.0,0.0,0.0
2026-09-28 06:00:00,WP252026,36,2026-10-01 00:00:00,2 days 18:00:00,66,32.53,139.64,1000.9,28.8,82.19906679886908,0.0,0.0,0.0,0.0,0.0,0.0,0.0,0.0,0.0,0.0,0.0,0.0
2026-09-28 06:00:00,WP252026,36,2026-10-01 06:00:00,3 days 00:00:00,72,33.29,140.46,1002.9,28.4,150.75201743771242,0.0,0.0,0.0,0.0,0.0,0.0,0.0,0.0,0.0,0.0,0.0,0.0
2026-09-28 06:00:00,WP922026(4),36,2026-09-28 06:00:00,0 days 00:00:00,0,16.4,97.6,1001.0,29.0,64.0,0.0,0.0,0.0,0.0,0.0,0.0,0.0,0.0,0.0,0.0,0.0,0.0
2026-09-28 06:00:00,WP922026(4),36,2026-09-28 12:00:00,0 days 06:00:00,6,17.47,96.85,1003.2,19.3,71.57990546299766,0.0,0.0,0.0,0.0,0.0,0.0,0.0,0.0,0.0,0.0,0.0,0.0
2026-09-28 06:00:00,WP922026(4),36,2026-09-28 18:00:00,0 days 12:00:00,12,18.2,96.27,1005.2,16.5,58.408797233567874,0.0,0.0,0.0,0.0,0.0,0.0,0.0,0.0,0.0,0.0,0.0,0.0
2026-09-28 06:00:00,16,37,2026-10-02 12:00:00,4 days 06:00:00,102,14.4,159.52,1011.0,14.0,125.28930650443895,0.0,0.0,0.0,0.0,0.0,0.0,0.0,0.0,0.0,0.0,0.0,0.0
2026-09-28 06:00:00,16,37,2026-10-02 18:00:00,4 days 12:00:00,108,16.19,159.59,1006.3,21.5,166.6094256544812,0.0,0.0,0.0,0.0,0.0,0.0,0.0,0.0,0.0,0.0,0.0,0.0
2026-09-28 06:00:00,16,37,2026-10-03 00:00:00,4 days 18:00:00,114,16.45,159.69,1000.9,28.9,53.23610055298842,0.0,0.0,0.0,0.0,0.0,0.0,0.0,0.0,0.0,0.0,0.0,0.0
2026-09-28 06:00:00,16,37,2026-10-03 06:00:00,5 days 00:00:00,120,16.88,160.09,1002.3,24.2,107.86746623133016,0.0,0.0,0.0,0.0,0.0,0.0,0.0,0.0,0.0,0.0,0.0,0.0
2026-09-28 06:00:00,16,37,2026-10-03 12:00:00,5 days 06:00:00,126,17.14,160.51,1001.9,27.5,124.77843131349528,0.0,0.0,0.0,0.0,0.0,0.0,0.0,0.0,0.0,0.0,0.0,0.0
2026-09-28 06:00:00,16,37,2026-10-03 18:00:00,5 days 12:00:00,132,17.07,161.27,997.5,30.9,86.77141234170574,0.0,0.0,0.0,0.0,0.0,0.0,0.0,0.0,0.0,0.0,0.0,0.0
2026-09-28 06:00:00,16,37,2026-10-04 00:00:00,5 days 18:00:00,138,17.56,161.09,999.2,42.2,60.06967243035687,60.06967243035687,31.48364317395334,12.522142307699028,11.45311459531302,0.0,0.0,0.0,0.0,0.0,0.0,0.0,0.0
2026-09-28 06:00:00,16,37,2026-10-04 06:00:00,6 days 00:00:00,144,17.76,160.8,993.7,36.8,122.53528160910568,122.53528160910568,7.727201255755057,0.4159936197864216,2.8613575421041624,0.0,0.0,0.0,0.0,0.0,0.0,0.0,0.0
2026-09-28 06:00:00,16,37,2026-10-04 12:00:00,6 days 06:00:00,150,17.72,160.25,991.7,44.5,121.93437509786348,121.93437509786348,5.628099720768924,8.22772533072665,14.366999040650931,0.0,0.0,0.0,0.0,0.0,0.0,0.0,0.0
2026-09-28 06:00:00,16,37,2026-10-04 18:00:00,6 days 12:00:00,156,17.33,159.77,990.0,50.1,102.74203239740564,102.74203239740564,37.34224605253121,28.07668511241081,39.41944126264093,102.74203239740564,0.0,0.0,0.0,0.0,0.0,0.0,0.0
2026-09-28 06:00:00,16,37,2026-10-05 00:00:00,6 days 18:00:00,162,17.08,159.71,988.9,44.1,146.51428342367257,146.51428342367257,40.63169927169224,27.68275400025025,34.663612927443445,0.0,0.0,0.0,0.0,0.0,0.0,0.0,0.0
2026-09-28 06:00:00,16,37,2026-10-05 06:00:00,7 days 00:00:00,168,17.6,159.92,985.7,49.4,137.919215521409,137.919215521409,112.89865669400514,82.82974010658405,99.94279119746466,0.0,0.0,0.0,0.0,0.0,0.0,0.0,0.0
2026-09-28 06:00:00,16,37,2026-10-05 12:00:00,7 days 06:00:00,174,17.57,159.58,986.0,51.6,186.47123662527812,279.40293603599616,259.6872639359383,203.80970970180329,229.0801836205917,186.47123662527812,39.4690756218661,27.560911728090545,36.01217795259571,0.0,0.0,0.0,0.0
2026-09-28 06:00:00,16,37,2026-10-05 18:00:00,7 days 12:00:00,180,17.79,159.21,988.6,50.2,132.11907737786223,280.8843246705139,263.1861004352848,209.50112592469748,234.48347602017031,132.11907737786223,45.20915558972017,31.67766628516448,41.06597164490748,0.0,0.0,0.0,0.0
2026-09-28 06:00:00,16,37,2026-10-06 00:00:00,7 days 18:00:00,186,17.46,158.25,985.2,56.6,155.49315784178353,483.7767664312671,452.5212207684117,383.35081824069584,418.4308280446292,155.49315784178353,86.84310202974424,62.74277124927316,78.59961300101023,0.0,0.0,0.0,0.0
2026-09-28 06:00:00,16,37,2026-10-06 06:00:00,8 days 00:00:00,192,17.79,158.14,981.6,57.6,167.68226245650624,563.6342377358797,543.7690494125243,466.6921151781709,499.5384405151465,170.51228840869578,156.1847364309948,120.0415550119255,138.3757395578242,0.0,0.0,0.0,0.0
2026-09-28 06:00:00,16,37,2026-10-06 12:00:00,8 days 06:00:00,198,17.85,157.48,983.3,54.7,95.08716589552692,469.2332085060962,431.2948926492432,358.59297650153263,400.3641176961812,131.2097245234492,112.50946930314817,81.45971433375846,103.7914355894792,0.0,0.0,0.0,0.0
2026-09-28 06:00:00,16,37,2026-10-06 18:00:00,8 days 12:00:00,204,18.28,156.63,972.4,69.1,152.938724422322,538.8842296231786,492.8778260970262,409.7781879340312,460.4464020392401,152.938724422322,122.3280488497731,91.24465885658948,114.52459868255308,152.938724422322,0.6454942273691906,0.0,0.5568171070495043
2026-09-28 06:00:00,16,37,2026-10-07 00:00:00,8 days 18:00:00,210,18.61,155.47,978.1,61.2,128.11952787906287,549.2371746747148,493.6236488747853,437.6046046914314,489.5158368230502,247.9134921175364,221.9176927546966,180.92111141462783,212.92780433313905,0.0,0.0,0.0,0.0
2026-09-28 06:00:00,16,37,2026-10-07 06:00:00,9 days 00:00:00,216,19.18,154.39,968.1,67.1,78.01382221863392,388.8744738130301,367.5189271329973,314.8858215746493,330.980397787627,102.30494299344456,90.79730948612574,65.13762383979139,79.75582782278654,78.01382221863392,0.7779632702620669,0.0,0.600748244956742
2026-09-28 06:00:00,16,37,2026-10-07 12:00:00,9 days 06:00:00,222,19.82,153.81,948.4,93.5,38.41244573683474,400.626433234534,372.6716359520601,287.4017651963127,324.6910251588833,136.40554997808022,121.63215363008396,91.6582253390809,111.32307486919537,41.4207835450261,36.60080580199326,28.230567932935628,34.63392354001647
2026-09-28 06:00:00,16,37,2026-10-07 18:00:00,9 days 12:00:00,228,21.17,152.26,942.6,106.8,61.89618476715857,436.7179246829336,404.4813447038739,339.65469030860595,362.2792598795192,237.67354920295432,224.8027469987036,182.9850634537911,205.9596798771172,119.33120671368216,112.88841667520782,94.8835046451032,103.47229598953017
2026-09-28 06:00:00,16,37,2026-10-08 00:00:00,9 days 18:00:00,234,22.04,151.25,939.7,107.4,48.16318681483849,452.3141709288006,407.0428488127173,329.09639701569176,361.7738424803298,234.59095279444173,221.6789727100708,180.4759706998871,200.7903707643439,114.5346756074391,106.53779131274332,87.8790226851643,98.75721640655232
2026-09-28 06:00:00,16,37,2026-10-08 06:00:00,10 days 00:00:00,240,23.69,150.29,949.2,100.7,79.81862536220596,328.97029314221646,318.858533575992,251.9641055056132,252.24078129224037,107.3690368702498,97.25745511632375,62.711165022458,81.47236054447686,79.81862536220596,30.639227434295307,23.867599699721605,28.67752768426264
2026-09-28 06:00:00,16,37,2026-10-08 12:00:00,10 days 06:00:00,246,24.58,149.64,931.1,116.1,68.17329278494975,429.4452380900088,401.0718396940151,323.2786013089012,347.09334897222607,180.233010277351,170.428996469328,131.52339097913512,146.20913985014658,73.67456179568944,72.33290026297982,57.73864972815113,63.402485465177165
2026-09-28 06:00:00,16,37,2026-10-08 18:00:00,10 days 12:00:00,252,26.05,149.46,942.8,101.5,35.0807014158697,351.5474742807846,367.2839175466661,273.8245952223669,275.63490652846326,186.89085113308147,184.3886415713301,149.4630328371477,154.96136277275696,102.97053621572236,101.96033863665924,84.95303398517751,88.3813970118365
2026-09-28 06:00:00,16,37,2026-10-09 00:00:00,10 days 18:00:00,258,27.42,149.47,960.0,80.9,58.21665860773999,372.194180241554,365.50938284128006,282.27249538445085,296.1955846839801,117.68273472787088,111.31583216830607,75.49129563289193,88.41719337599875,58.21665860773999,27.56560749736434,19.535802686579075,23.13154573607585
2026-09-28 06:00:00,16,37,2026-10-09 06:00:00,11 days 00:00:00,264,29.05,148.43,960.3,80.0,59.19839213955865,361.3778519519335,373.39864450188895,280.6192269412113,288.6809148577761,189.3962595320916,187.392668499284,147.02290644358564,154.23792448963158,91.75384783867418,89.63181096497274,73.14115918646388,77.39143487141965
2026-09-28 06:00:00,16,37,2026-10-09 12:00:00,11 days 06:00:00,270,30.51,148.24,955.7,76.2,27.99906534476961,409.9228230895731,415.3661037068737,306.2316560228602,318.6692518002139,149.56265127510807,144.22649063352577,105.99890489044236,115.39183067818382,46.17431681797215,45.71650949570075,34.20436689355738,37.76386578640017
2026-09-28 06:00:00,16,37,2026-10-09 18:00:00,11 days 12:00:00,276,32.51,148.14,966.2,71.3,25.16135254599148,346.49929053736537,357.9488836759669,258.77724792112446,274.8791586669257,163.1195981842879,163.6692860065354,125.98857476637484,129.27670069791665,71.44627961961842,74.44650372407094,60.1002952928599,61.38096549893252
2026-09-28 06:00:00,16,37,2026-10-10 00:00:00,11 days 18:00:00,282,35.28,148.39,972.2,59.8,16.900461427269747,348.30153106850867,375.6109873898344,269.8185376367147,260.03138377463506,87.71820787315903,92.0673218987232,63.53099206566111,59.05597516758107,0.0,0.0,0.0,0.0
2026-09-28 06:00:00,16,37,2026-10-10 06:00:00,12 days 00:00:00,288,37.65,149.78,972.1,58.8,44.49100288445977,391.9134402271008,437.000577474745,343.399028172521,306.9562554766575,109.73235840153706,123.35007950397316,87.01308095121685,77.84849807390461,0.0,0.0,0.0,0.0
2026-09-28 06:00:00,16,37,2026-10-10 12:00:00,12 days 06:00:00,294,39.64,151.8,973.3,52.0,50.427613264697584,484.2090467898206,545.1290394291464,434.80286011860335,399.00833647085256,166.92330461628035,190.527778510148,150.54672022270142,133.80571614026894,0.0,0.0,0.0,0.0
2026-09-28 06:00:00,16,37,2026-10-10 18:00:00,12 days 12:00:00,300,41.35,154.88,977.5,48.7,156.36800315610682,308.592331457386,335.86670864598227,260.0986999215131,242.36421311532607,0.0,0.0,0.0,0.0,0.0,0.0,0.0,0.0
2026-09-28 06:00:00,16,37,2026-10-11 00:00:00,12 days 18:00:00,306,42.81,160.0,977.6,38.4,104.46118127730291,11.752995042836757,104.46118127730291,15.74640178248551,6.729338829486862,0.0,0.0,0.0,0.0,0.0,0.0,0.0,0.0
2026-09-28 06:00:00,16,37,2026-10-11 06:00:00,13 days 00:00:00,312,43.3,164.92,983.3,44.5,162.42859211121365,18.02041617385131,5.743943832686547,9.413084876835146,162.42859211121365,0.0,0.0,0.0,0.0,0.0,0.0,0.0,0.0
2026-09-28 06:00:00,16,37,2026-10-11 12:00:00,13 days 06:00:00,318,43.83,171.34,990.0,38.8,228.6480099356873,0.0,0.0,228.6480099356873,5.338138954296831,0.0,0.0,0.0,0.0,0.0,0.0,0.0,0.0
2026-09-28 06:00:00,16,37,2026-10-11 18:00:00,13 days 12:00:00,324,44.09,178.08,985.2,42.2,190.9907645004472,190.9907645004472,0.0,0.0,0.0,0.0,0.0,0.0,0.0,0.0,0.0,0.0,0.0
2026-09-28 06:00:00,16,37,2026-10-12 00:00:00,13 days 18:00:00,330,43.46,-178.56,985.2,39.4,104.19089925847987,104.19089925847987,0.0,0.0,0.0,0.0,0.0,0.0,0.0,0.0,0.0,0.0,0.0
2026-09-28 06:00:00,20,37,2026-10-05 18:00:00,7 days 12:00:00,180,13.72,-98.08,1002.1,29.9,62.41943295970864,0.0,0.0,0.0,0.0,0.0,0.0,0.0,0.0,0.0,0.0,0.0,0.0
2026-09-28 06:00:00,20,37,2026-10-06 00:00:00,7 days 18:00:00,186,13.61,-98.43,1004.5,29.9,114.81894747135924,0.0,0.0,0.0,0.0,0.0,0.0,0.0,0.0,0.0,0.0,0.0,0.0
2026-09-28 06:00:00,20,37,2026-10-06 06:00:00,8 days 00:00:00,192,13.4,-99.18,1004.4,29.9,109.86017178634869,0.0,0.0,0.0,0.0,0.0,0.0,0.0,0.0,0.0,0.0,0.0,0.0
2026-09-28 06:00:00,20,37,2026-10-06 12:00:00,8 days 06:00:00,198,13.14,-99.33,1003.2,34.0,69.85213533814535,7.4477511981471025,2.6718551008724667,3.8559655815374994,69.85213533814535,0.0,0.0,0.0,0.0,0.0,0.0,0.0,0.0
2026-09-28 06:00:00,20,37,2026-10-06 18:00:00,8 days 12:00:00,204,12.69,-100.01,1002.4,27.5,86.57623412920749,0.0,0.0,0.0,0.0,0.0,0.0,0.0,0.0,0.0,0.0,0.0,0.0
2026-09-28 06:00:00,20,37,2026-10-07 00:00:00,8 days 18:00:00,210,12.53,-100.66,1005.5,29.7,75.69248818759262,0.0,0.0,0.0,0.0,0.0,0.0,0.0,0.0,0.0,0.0,0.0,0.0
2026-09-28 06:00:00,20,37,2026-10-07 06:00:00,9 days 00:00:00,216,12.43,-101.25,1002.8,32.2,32.33514905912308,0.0,0.0,0.0,0.0,0.0,0.0,0.0,0.0,0.0,0.0,0.0,0.0
2026-09-28 06:00:00,20,37,2026-10-07 12:00:00,9 days 06:00:00,222,13.27,-101.75,1004.8,34.7,61.42443705920755,3.200414912867487,2.6558600918558426,0.0,61.42443705920755,0.0,0.0,0.0,0.0,0.0,0.0,0.0,0.0
2026-09-28 06:00:00,20,37,2026-10-07 18:00:00,9 days 12:00:00,228,12.83,-102.47,1006.7,27.1,89.69466494431035,0.0,0.0,0.0,0.0,0.0,0.0,0.0,0.0,0.0,0.0,0.0,0.0
2026-09-28 06:00:00,20,37,2026-10-08 00:00:00,9 days 18:00:00,234,13.58,-104.55,1007.9,24.6,121.08605203737474,0.0,0.0,0.0,0.0,0.0,0.0,0.0,0.0,0.0,0.0,0.0,0.0
2026-09-28 06:00:00,20,37,2026-10-08 06:00:00,10 days 00:00:00,240,12.88,-104.22,1001.8,38.1,63.2824237532051,63.2824237532051,5.320421808054618,1.5136123293660884,7.976730209033279,0.0,0.0,0.0,0.0,0.0,0.0,0.0,0.0
2026-09-28 06:00:00,20,37,2026-10-08 12:00:00,10 days 06:00:00,246,12.71,-105.08,1003.6,38.8,78.18609419135134,0.0,1.95129886979578,78.18609419135134,0.0,0.0,0.0,0.0,0.0,0.0,0.0,0.0,0.0
2026-09-28 06:00:00,20,37,2026-10-08 18:00:00,10 days 12:00:00,252,12.49,-105.38,1001.6,43.5,83.21268948663203,2.281153261267754,0.219486859784558,7.872936164793817,83.21268948663203,0.0,0.0,0.0,0.0,0.0,0.0,0.0,0.0
2026-09-28 06:00:00,20,37,2026-10-09 00:00:00,10 days 18:00:00,258,12.17,-105.53,996.2,39.5,107.1564795314161,0.0,0.0,107.1564795314161,0.0,0.0,0.0,0.0,0.0,0.0,0.0,0.0,0.0
2026-09-28 06:00:00,20,37,2026-10-09 06:00:00,11 days 00:00:00,264,12.73,-105.41,999.5,39.5,72.56333750281074,72.56333750281074,37.24123883227024,23.45582467095452,33.71224493506828,0.0,0.0,0.0,0.0,0.0,0.0,0.0,0.0
2026-09-28 06:00:00,20,37,2026-10-09 12:00:00,11 days 06:00:00,270,12.64,-105.96,998.8,45.4,59.85582740073046,59.85582740073046,14.429529606637608,6.035226647950793,19.44712842365272,0.0,0.0,0.0,0.0,0.0,0.0,0.0,0.0
2026-09-28 06:00:00,20,37,2026-10-09 18:00:00,11 days 12:00:00,276,12.65,-106.18,995.3,46.3,24.805334501536755,50.61116889092877,45.65140350752675,39.445782382142,40.15052350393395,0.0,0.0,0.0,0.0,0.0,0.0,0.0,0.0
2026-09-28 06:00:00,20,37,2026-10-10 00:00:00,11 days 18:00:00,282,12.85,-106.69,985.3,61.4,32.81741680439043,98.53362393332276,90.6903669494494,73.60232948781822,85.78114335249452,32.81741680439043,23.83060465897894,16.83197527397037,21.360684644492014,0.0,0.0,0.0,0.0
2026-09-28 06:00:00,20,37,2026-10-10 06:00:00,12 days 00:00:00,288,13.31,-106.67,983.1,73.7,38.182540647973525,106.24030684750092,100.76903206493712,55.63037464974748,80.62818013698958,59.75099275687376,50.10975511525306,35.25625844248011,45.3432453144828,38.182540647973525,24.104910932596297,18.295736732128105,23.559888001488797
2026-09-28 06:00:00,20,37,2026-10-10 12:00:00,12 days 06:00:00,294,14.26,-106.71,957.7,106.7,15.016353841327684,151.32529561624025,164.13320623299649,94.2130172532813,107.4684100463346,51.57605417654781,42.81898988082611,21.981986179234724,36.91675863935792,30.8370790481774,26.172342739881454,16.871424946388196,24.25931517367549
2026-09-28 06:00:00,20,37,2026-10-10 18:00:00,12 days 12:00:00,300,15.14,-106.79,935.6,130.2,0.0,165.7855829683245,182.725953324174,112.05428644262426,123.56558168944984,43.95158118626325,39.391603186480616,18.13034792254237,27.99919783326139,31.60307166761642,25.69508284296537,17.969329336274534,25.43893062169809
2026-09-28 06:00:00,20,37,2026-10-11 00:00:00,12 days 18:00:00,306,15.89,-106.75,945.0,121.8,18.19670030766392,180.63516309799405,173.0041563436351,120.0082099087949,143.5572118274123,56.15483866423315,48.42692762600602,29.846744080241493,38.89745396880465,30.8702451074804,26.233633017852835,20.20155558856792,26.1146798205464
2026-09-28 06:00:00,20,37,2026-10-11 06:00:00,13 days 00:00:00,312,16.93,-106.56,943.1,124.5,0.0,209.8662828959159,213.44991229221444,139.07056940949315,157.2922626540676,79.0266209550648,74.13195431705839,53.38157579760238,58.69613154232218,44.51661329673934,42.76394963461084,34.878206326531824,38.15005586921613
2026-09-28 06:00:00,20,37,2026-10-11 12:00:00,13 days 06:00:00,318,18.06,-106.42,936.4,130.4,8.106403591674692,194.1008198381382,218.20724320660247,127.8339837755172,144.90703994673652,70.13017363404919,66.82682731782657,42.0983009292454,49.865105180087056,42.778828274372685,39.24640778913391,30.560378342306848,36.13417707035096
2026-09-28 06:00:00,20,37,2026-10-11 18:00:00,13 days 12:00:00,324,19.32,-106.62,944.9,121.0,30.428325752682213,297.37550186128647,277.52989163099846,173.3262283915392,236.5970816122572,121.360017561492,109.39143561088348,82.30519153518617,96.52046331342352,61.47601845432291,57.62473582177154,45.65540632235388,54.34023478658128
2026-09-28 06:00:00,20,37,2026-10-12 00:00:00,13 days 18:00:00,330,21.29,-105.86,977.9,85.1,40.96671060677866,181.23930605959717,163.14406551951078,99.64006114061571,152.6047113712171,42.48420756734632,27.87437525435972,14.096247204386591,31.116378973651837,40.96671060677866,9.567266781942802,5.965557404872621,11.102509208085474
2026-09-28 06:00:00,23,37,2026-10-09 18:00:00,11 days 12:00:00,276,18.19,142.57,1003.3,18.9,55.24934364169418,0.0,0.0,0.0,0.0,0.0,0.0,0.0,0.0,0.0,0.0,0.0,0.0
2026-09-28 06:00:00,23,37,2026-10-10 00:00:00,11 days 18:00:00,282,18.8,144.08,1003.4,25.6,54.14553052794919,0.0,0.0,0.0,0.0,0.0,0.0,0.0,0.0,0.0,0.0,0.0,0.0
2026-09-28 06:00:00,23,37,2026-10-10 06:00:00,12 days 00:00:00,288,19.16,145.35,1001.8,26.2,55.50568025691655,0.0,0.0,0.0,0.0,0.0,0.0,0.0,0.0,0.0,0.0,0.0,0.0
2026-09-28 06:00:00,23,37,2026-10-10 12:00:00,12 days 06:00:00,294,19.4,146.65,1001.8,25.3,64.03669700421705,0.0,0.0,0.0,0.0,0.0,0.0,0.0,0.0,0.0,0.0,0.0,0.0
2026-09-28 06:00:00,23,37,2026-10-10 18:00:00,12 days 12:00:00,300,18.92,147.51,1005.7,18.5,158.0491943522111,0.0,0.0,0.0,0.0,0.0,0.0,0.0,0.0,0.0,0.0,0.0,0.0
2026-09-28 06:00:00,23,37,2026-10-11 00:00:00,12 days 18:00:00,306,18.63,147.46,1003.5,24.9,57.81305659329499,0.0,0.0,0.0,0.0,0.0,0.0,0.0,0.0,0.0,0.0,0.0,0.0
2026-09-28 06:00:00,23,37,2026-10-11 06:00:00,13 days 00:00:00,312,19.0,147.53,1000.5,25.3,87.8874449881648,0.0,0.0,0.0,0.0,0.0,0.0,0.0,0.0,0.0,0.0,0.0,0.0
2026-09-28 06:00:00,23,37,2026-10-11 12:00:00,13 days 06:00:00,318,19.07,147.99,1001.6,23.5,100.35254587698714,0.0,0.0,0.0,0.0,0.0,0.0,0.0,0.0,0.0,0.0,0.0,0.0
2026-09-28 06:00:00,23,37,2026-10-11 18:00:00,13 days 12:00:00,324,19.35,148.76,997.7,36.0,98.816787512132,0.0,3.00681876151252,98.816787512132,0.0,0.0,0.0,0.0,0.0,0.0,0.0,0.0,0.0
2026-09-28 06:00:00,23,37,2026-10-12 00:00:00,13 days 18:00:00,330,20.03,149.6,995.5,37.3,37.320575330765706,52.83178475454126,49.36220014124904,39.64786631253771,38.49219985955026,0.0,0.0,0.0,0.0,0.0,0.0,0.0,0.0
2026-09-28 06:00:00,23,37,2026-10-12 06:00:00,14 days 00:00:00,336,21.17,150.48,996.0,37.6,72.44257181000893,0.0,4.077760261784752,72.44257181000893,0.0,0.0,0.0,0.0,0.0,0.0,0.0,0.0,0.0
2026-09-28 06:00:00,23,37,2026-10-12 12:00:00,14 days 06:00:00,342,22.31,150.86,1003.0,36.7,52.29693762246998,10.534733227180084,52.29693762246998,6.478965880506934,0.0,0.0,0.0,0.0,0.0,0.0,0.0,0.0,0.0
2026-09-28 06:00:00,23,37,2026-10-12 18:00:00,14 days 12:00:00,348,23.77,151.82,988.6,51.5,52.067288252938994,138.0629400808883,140.06844667078457,95.96970573437711,97.15729111956782,12.295144604974954,52.067288252938994,6.755682635775735,6.673194894301655,0.0,0.0,0.0,0.0
2026-09-28 06:00:00,23,37,2026-10-13 00:00:00,14 days 18:00:00,354,24.6,152.46,985.5,63.5,7.206964635305937,90.36633965033845,110.14628220572322,78.58749844445782,65.89019511895359,22.91237586425061,23.94516885237573,14.60354640960294,13.734727017440994,0.0,0.0,0.0,0.0
2026-09-28 06:00:00,23,37,2026-10-13 06:00:00,15 days 00:00:00,360,26.1,153.33,973.4,75.2,10.73845696193598,123.7006349630582,130.31011758957823,93.6445889012439,87.80248697258548,10.73845696193598,10.73845696193598,2.543259632170884,2.359148384247062,10.73845696193598,0.0,0.0,0.0
2026-09-28 06:00:00,24,37,2026-10-10 06:00:00,12 days 00:00:00,288,12.98,116.79,1006.5,16.5,92.94870385666616,0.0,0.0,0.0,0.0,0.0,0.0,0.0,0.0,0.0,0.0,0.0,0.0
2026-09-28 06:00:00,24,37,2026-10-10 12:00:00,12 days 06:00:00,294,13.17,117.09,1005.7,19.9,78.60379604974686,0.0,0.0,0.0,0.0,0.0,0.0,0.0,0.0,0.0,0.0,0.0,0.0
2026-09-28 06:00:00,24,37,2026-10-10 18:00:00,12 days 12:00:00,300,13.57,116.94,1003.7,22.7,124.73975506196211,0.0,0.0,0.0,0.0,0.0,0.0,0.0,0.0,0.0,0.0,0.0,0.0
2026-09-28 06:00:00,24,37,2026-10-11 00:00:00,12 days 18:00:00,306,13.71,117.33,1002.3,21.2,91.7344246786439,0.0,0.0,0.0,0.0,0.0,0.0,0.0,0.0,0.0,0.0,0.0,0.0
2026-09-28 06:00:00,24,37,2026-10-11 06:00:00,13 days 00:00:00,312,13.39,117.23,999.9,32.7,92.2455385114438,0.0,0.0,0.0,0.0,0.0,0.0,0.0,0.0,0.0,0.0,0.0,0.0
2026-09-28 06:00:00,24,37,2026-10-11 12:00:00,13 days 06:00:00,318,13.45,116.83,1000.8,39.8,95.2423981439789,7.783994707923926,5.390245658830225,9.074729453583068,95.2423981439789,0.0,0.0,0.0,0.0,0.0,0.0,0.0,0.0
2026-09-28 06:00:00,24,37,2026-10-11 18:00:00,13 days 12:00:00,324,13.81,117.43,998.3,38.2,74.56999880520854,91.82604865881072,77.95608508128957,56.16879387549248,76.92123202243653,0.0,0.0,0.0,0.0,0.0,0.0,0.0,0.0
2026-09-28 06:00:00,24,37,2026-10-12 00:00:00,13 days 18:00:00,330,13.86,117.34,994.3,43.1,34.148978269673755,121.47812021010284,114.54245582115595,89.31804836868092,94.27983498239276,0.0,0.0,0.0,0.0,0.0,0.0,0.0,0.0
2026-09-28 06:00:00,24,37,2026-10-12 06:00:00,14 days 00:00:00,336,13.84,117.47,996.4,43.5,38.63841310759944,118.13788378783808,94.38718674517418,67.2966896725031,88.38822335809019,0.0,0.0,0.0,0.0,0.0,0.0,0.0,0.0
2026-09-28 06:00:00,24,37,2026-10-12 12:00:00,14 days 06:00:00,342,13.84,117.0,989.3,58.9,26.126863236626463,82.34957532206741,70.70980534780651,45.31007704964157,62.9223463843635,26.126863236626463,0.0,0.0,0.0,0.0,0.0,0.0,0.0
2026-09-28 06:00:00,24,37,2026-10-12 18:00:00,14 days 12:00:00,348,13.83,117.1,976.8,74.3,26.548126787262344,162.30334561910905,152.88003867246317,129.60913171986667,139.72026326506509,26.548126787262344,18.27636443463716,10.664283311765049,15.00996067512204,26.548126787262344,0.0,0.0,0.0
2026-09-28 06:00:00,24,37,2026-10-13 00:00:00,14 days 18:00:00,354,13.9,116.96,970.9,87.5,27.747212323742858,169.3462731255823,171.41006649751222,148.88981220983987,152.41899976960735,27.747212323742858,27.747212323742858,17.534143803992425,19.128641748381423,0.1890928520729691,27.747212323742858,0.5598611604613328,0.0
2026-09-28 06:00:00,24,37,2026-10-13 06:00:00,15 days 00:00:00,360,14.19,116.96,959.9,99.7,9.098550448098091,152.61226533723354,149.9684940158749,109.4975782717852,132.38562043637933,9.098550448098091,9.098550448098091,0.0,0.0,0.6815578176508628,9.098550448098091,0.0,0.0
2026-09-28 06:00:00,7,37,2026-09-29 06:00:00,1 days 00:00:00,24,15.89,153.81,1009.0,17.8,73.63813778031121,0.0,0.0,0.0,0.0,0.0,0.0,0.0,0.0,0.0,0.0,0.0,0.0
2026-09-28 06:00:00,7,37,2026-09-29 12:00:00,1 days 06:00:00,30,16.33,153.72,1004.8,25.0,73.50559284263264,0.0,0.0,0.0,0.0,0.0,0.0,0.0,0.0,0.0,0.0,0.0,0.0
2026-09-28 06:00:00,7,37,2026-09-29 18:00:00,1 days 12:00:00,36,16.27,151.15,1005.6,24.9,77.92008850369734,0.0,0.0,0.0,0.0,0.0,0.0,0.0,0.0,0.0,0.0,0.0,0.0
2026-09-28 06:00:00,7,37,2026-09-30 00:00:00,1 days 18:00:00,42,16.52,149.8,1003.4,21.6,148.4982720055359,0.0,0.0,0.0,0.0,0.0,0.0,0.0,0.0,0.0,0.0,0.0,0.0
2026-09-28 06:00:00,7,37,2026-09-30 06:00:00,2 days 00:00:00,48,16.93,149.36,1006.1,22.0,155.2433583244274,0.0,0.0,0.0,0.0,0.0,0.0,0.0,0.0,0.0,0.0,0.0,0.0
2026-09-28 06:00:00,7,37,2026-09-30 12:00:00,2 days 06:00:00,54,16.94,148.11,1002.7,23.6,54.78685874156113,0.0,0.0,0.0,0.0,0.0,0.0,0.0,0.0,0.0,0.0,0.0,0.0
2026-09-28 06:00:00,7,37,2026-09-30 18:00:00,2 days 12:00:00,60,17.18,147.29,998.7,31.4,96.47151768079242,0.0,0.0,0.0,0.0,0.0,0.0,0.0,0.0,0.0,0.0,0.0,0.0
2026-09-28 06:00:00,7,37,2026-10-01 00:00:00,2 days 18:00:00,66,17.27,145.94,997.9,37.7,74.32562342311329,74.32562342311329,0.3120499597268313,0.0,7.989066902648615,0.0,0.0,0.0,0.0,0.0,0.0,0.0,0.0
2026-09-28 06:00:00,7,37,2026-10-01 06:00:00,3 days 00:00:00,72,17.27,144.98,998.9,32.2,104.47574465199116,0.0,0.0,0.0,0.0,0.0,0.0,0.0,0.0,0.0,0.0,0.0,0.0
2026-09-28 06:00:00,7,37,2026-10-01 12:00:00,3 days 06:00:00,78,17.44,143.58,996.3,40.7,76.16633562862958,159.83422085432738,141.81209926392964,116.18204461234134,137.54247616692342,0.0,0.0,0.0,0.0,0.0,0.0,0.0,0.0
2026-09-28 06:00:00,7,37,2026-10-01 18:00:00,3 days 12:00:00,84,17.48,142.98,994.9,41.9,70.8444892999077,137.61340825970615,120.51246917283606,95.59700734938772,115.6031801820666,0.0,0.0,0.0,0.0,0.0,0.0,0.0,0.0
2026-09-28 06:00:00,7,37,2026-10-02 00:00:00,3 days 18:00:00,90,17.27,141.9,988.9,56.2,58.47796812214089,277.6939291277927,237.6260682956016,208.3185704475203,242.3522160936768,115.23878905002738,97.93958428774944,74.96712252996292,93.37729632737764,0.0,0.0,0.0,0.0
2026-09-28 06:00:00,7,37,2026-10-02 06:00:00,4 days 00:00:00,96,17.4,140.84,982.3,60.0,53.431057776979536,130.32712390171088,114.00205252618338,84.64086194892622,106.8391609684593,53.431057776979536,1.6432119153346303,0.0,2.1662729280301978,0.0,0.0,0.0,0.0
2026-09-28 06:00:00,7,37,2026-10-02 12:00:00,4 days 06:00:00,102,17.41,140.37,979.3,64.6,27.437257264549544,207.8976465290252,166.87656223613658,134.45373088701217,173.7040912992652,134.50867859316213,116.0337227076186,92.9275270237738,116.42831091236826,64.0086665318504,55.92329457377548,44.69443998890267,54.26675654393648
2026-09-28 06:00:00,7,37,2026-10-02 18:00:00,4 days 12:00:00,108,17.08,139.98,969.9,76.9,19.201837895337743,169.85356586137635,140.0165595514708,132.4395884398404,154.11701043258137,97.81472903940886,85.30001165215575,70.85883297839942,86.88234879135737,50.02320517424529,43.81993703098748,35.45674456387563,42.766689870698215
2026-09-28 06:00:00,7,37,2026-10-03 00:00:00,4 days 18:00:00,114,17.02,139.76,961.2,87.3,11.768073335302104,209.9965830456179,210.51971811671245,192.9935278743453,190.8839902506699,131.39869485785604,125.57705926695488,108.66111889737492,118.4276313192158,71.98124845731667,65.25208076761093,54.37754347372377,61.493568543306864
2026-09-28 06:00:00,7,37,2026-10-03 06:00:00,5 days 00:00:00,120,17.36,139.27,968.5,79.2,38.16887070148552,247.19748563529572,223.0247914421808,181.19611314223968,199.2975531828797,129.6531293575225,115.934064545578,92.67330941056775,109.31740425344384,61.90312707950976,54.70605966319154,44.48021189354104,52.24889639115655
2026-09-28 06:00:00,7,37,2026-10-03 12:00:00,5 days 06:00:00,126,17.37,139.22,967.8,73.4,52.12314132160385,268.87991878687075,234.84437983491864,244.06028575770932,253.60867640605707,195.88956234697903,180.69424403841415,163.56703906692334,177.04626874862353,96.9911270343329,90.39132704056183,78.28030552190313,85.17630146637502
2026-09-28 06:00:00,7,37,2026-10-03 18:00:00,5 days 12:00:00,132,17.55,139.02,968.5,79.4,25.662852270910875,265.57864428516484,252.65053862837007,221.02311042046227,238.2300488178286,174.33877669147626,167.06878415250975,141.88232449361868,151.64367663007957,92.72922185005264,86.52944384252118,73.1756491015015,79.07289811926962
2026-09-28 06:00:00,7,37,2026-10-04 00:00:00,5 days 18:00:00,138,17.99,139.51,964.4,84.1,37.26159175609428,338.02823882491793,367.5981613894328,320.67487095501565,284.8499233168186,145.85163835411367,163.04680322434797,143.47661241043716,130.42706626818472,71.87281399234962,77.80594485435722,67.41022150405934,64.24919063528978
2026-09-28 06:00:00,7,37,2026-10-04 06:00:00,6 days 00:00:00,144,18.57,139.14,948.1,101.9,33.29319487726721,379.0455100212025,355.3505323171137,286.0511893765083,319.2271456339206,169.49172295543053,153.36350531225764,119.76353203945575,140.14225906042986,77.30389409561434,70.46313035270771,57.24871886454139,64.95163002730988
2026-09-28 06:00:00,7,37,2026-10-04 12:00:00,6 days 06:00:00,150,18.98,138.85,923.6,127.7,23.8828546252498,446.9343435330192,414.2928922584292,352.0699316580269,383.0206533726428,261.01150461739945,245.19370881877848,213.1316141901802,231.48763888161,139.0081301379975,131.6879728846879,112.553610522982,120.9392036511597
2026-09-28 06:00:00,7,37,2026-10-04 18:00:00,6 days 12:00:00,156,19.13,138.45,933.0,116.8,77.73159983640278,406.23143822498736,396.3105067048916,343.04640004408526,343.5431708719583,124.1137307518881,116.7072751265082,92.45010718606147,102.39726696621766,77.73159983640278,38.40886127160202,31.64740590512046,34.20560130511324
2026-09-28 06:00:00,7,37,2026-10-05 00:00:00,6 days 18:00:00,162,19.64,137.95,930.3,117.3,57.55668373715677,474.5220633474456,448.19943111888585,384.8408054794807,394.4713884061865,79.24344877329891,68.27988703234354,47.32208642442915,60.20954118244728,57.55668373715677,17.500155755198573,15.273437841793331,17.22048360368233
2026-09-28 06:00:00,7,37,2026-10-05 06:00:00,7 days 00:00:00,168,20.33,137.16,930.2,120.0,57.36682621617837,422.0262462431597,390.8077677015344,333.0565294904409,349.5465424249387,127.28713323239435,115.34914346972482,85.84780256524914,103.33731060851323,57.36682621617837,46.0104167691444,39.56365294811786,43.80947628758918
2026-09-28 06:00:00,7,37,2026-10-05 12:00:00,7 days 06:00:00,174,20.62,136.82,939.3,108.5,69.8787675108069,468.4989976682056,424.8534776984118,347.21661630958386,388.7282235400608,208.47760759791888,193.4643754218968,157.26608848080096,178.88840293750235,101.11658097213336,94.40731225086952,78.55789585950389,87.40816934649736
2026-09-28 06:00:00,7,37,2026-10-05 18:00:00,7 days 12:00:00,180,21.55,136.46,933.1,112.0,30.212953075760687,422.34294092673326,388.9050308085273,307.8994426934319,349.4546374400729,231.94740292843207,223.6128431003183,187.42763136447036,200.7254002677807,137.77779204272588,134.75547269526925,114.76258260433468,120.5364535242308
2026-09-28 06:00:00,7,37,2026-10-06 00:00:00,7 days 18:00:00,186,22.02,136.26,939.8,105.8,54.8591062456602,426.54230798839865,427.4520417122849,346.64465574238534,353.47206406804764,227.6651579171326,223.6622501691084,188.4268609195518,194.423595109016,115.57508520727382,114.25765849748912,95.54929560974288,99.09095172397728
2026-09-28 06:00:00,7,37,2026-10-06 06:00:00,8 days 00:00:00,192,23.17,136.01,923.9,123.6,45.90455697751116,477.58085019856367,485.7383536278946,410.2901160330304,413.0563688474677,278.03293821176567,279.28504616180226,236.58112609286496,245.71386843564736,153.68561667809632,151.69388763382267,129.1116747328013,133.9236742913117
2026-09-28 06:00:00,7,37,2026-10-06 12:00:00,8 days 06:00:00,198,23.87,136.21,932.6,119.5,13.47497734300124,509.1992924028698,505.1052950724901,421.412836018688,444.7664881358344,324.96969364415605,333.0782469420105,293.964547108272,290.98139940510896,193.6167403589357,198.45648462896943,171.11396263154123,171.29086827575094
2026-09-28 06:00:00,7,37,2026-10-06 18:00:00,8 days 12:00:00,204,24.82,136.12,933.3,120.6,55.036517798755874,431.5884389058801,451.1141930511992,378.6251356268565,385.5845619752065,256.3372946225901,255.4643697374616,217.29230101898716,226.3200789118956,128.88482083644303,128.11841374182634,108.57876965217524,113.59528252016904
2026-09-28 06:00:00,7,37,2026-10-07 00:00:00,8 days 18:00:00,210,25.74,136.4,940.6,108.7,42.59104415357751,370.2857298372512,388.3915242938058,308.55040334402605,292.8880456611197,223.14388110760623,235.6622943778927,204.3351639484295,196.35458015660052,131.10440783035355,133.74933070261912,115.29870105515812,114.68523490951634
2026-09-28 06:00:00,7,37,2026-10-07 06:00:00,9 days 00:00:00,216,27.38,136.82,930.4,119.1,5.049434178261684,462.3842875153434,482.41091580453735,391.5365062765705,381.0696420776202,245.10729500846816,259.2699770484335,221.7320759908862,210.7223926790346,141.81537905261018,148.34195511594987,128.09419330079817,124.30503087680714
2026-09-28 06:00:00,7,37,2026-10-07 12:00:00,9 days 06:00:00,222,28.76,137.02,944.9,97.4,28.315427106128485,416.1600364767576,416.7974113635491,323.61884170503845,326.0195618850454,175.83961233501032,181.4697214219814,145.99426866276335,145.12821250284068,95.3370522294912,95.47717750003012,81.64549224324148,80.76240079079828
2026-09-28 06:00:00,7,37,2026-10-07 18:00:00,9 days 12:00:00,228,29.89,137.59,950.8,91.6,50.417697767368566,436.60558519377673,464.2327479896039,365.818701494316,346.3774913014868,219.27656951495896,227.2670059168481,185.53689136163464,182.85755092531556,102.45730796018267,103.75839153607537,87.74220442371484,86.92856550549573
2026-09-28 06:00:00,7,37,2026-10-08 00:00:00,9 days 18:00:00,234,30.63,137.98,963.6,80.7,92.1618058884518,270.25985957931994,257.8844667098309,203.76831608196244,196.66994541806025,106.62952052843048,102.79226104491153,76.62758942526983,83.50722824393273,92.1618058884518,35.372359841445586,27.787234055279725,31.436698871971046
2026-09-28 06:00:00,7,37,2026-10-08 06:00:00,10 days 00:00:00,240,32.09,137.88,965.1,69.8,63.91801105087501,477.3547813022368,472.1293800197894,393.1766272569741,403.02826800202905,98.05220722340688,90.21713125330518,64.86509607807652,73.96649986911304,63.91801105087501,4.026192789107701,2.4371779321244924,2.267888425603105
2026-09-28 06:00:00,7,37,2026-10-08 12:00:00,10 days 06:00:00,246,31.96,137.4,969.2,60.6,95.61121235809,512.5183178345452,475.2240695610727,408.1710955643632,445.3485357611365,142.84807978594853,125.70113360681134,95.70824946790891,117.28049018596772,0.0,0.0,0.0,0.0
2026-09-28 06:00:00,7,37,2026-10-08 18:00:00,10 days 12:00:00,252,32.14,137.33,982.1,51.7,54.13832187965316,314.94647770560823,293.21239066498424,229.733990493576,251.7181713156333,93.1080958753443,83.97845781149695,58.37775762405394,71.47187988531641,0.0,0.0,0.0,0.0
2026-09-28 06:00:00,7,37,2026-10-09 00:00:00,10 days 18:00:00,258,33.12,136.14,987.2,36.8,80.87228752299268,231.31821139871727,196.97838780923087,154.19445741631796,178.64751309899344,0.0,0.0,0.0,0.0,0.0,0.0,0.0,0.0
2026-09-28 06:00:00,7,37,2026-10-09 06:00:00,11 days 00:00:00,264,33.84,135.43,990.0,29.0,69.5312582433055,0.0,0.0,0.0,0.0,0.0,0.0,0.0,0.0,0.0,0.0,0.0,0.0
2026-09-28 06:00:00,7,37,2026-10-09 12:00:00,11 days 06:00:00,270,34.04,134.56,999.6,11.4,62.26127256593776,0.0,0.0,0.0,0.0,0.0,0.0,0.0,0.0,0.0,0.0,0.0,0.0
2026-09-28 06:00:00,7,37,2026-10-09 18:00:00,11 days 12:00:00,276,33.42,134.97,996.4,17.5,59.76533990167928,0.0,0.0,0.0,0.0,0.0,0.0,0.0,0.0,0.0,0.0,0.0,0.0
2026-09-28 06:00:00,AL062026,37,2026-09-28 06:00:00,0 days 00:00:00,0,28.3,-43.8,1012.0,25.0,56.0,0.0,0.0,0.0,0.0,0.0,0.0,0.0,0.0,0.0,0.0,0.0,0.0
2026-09-28 06:00:00,AL062026,37,2026-09-28 12:00:00,0 days 06:00:00,6,27.59,-43.4,1009.5,27.5,75.38779002330384,0.0,0.0,0.0,0.0,0.0,0.0,0.0,0.0,0.0,0.0,0.0,0.0
2026-09-28 06:00:00,AL912026(2),37,2026-09-28 06:00:00,0 days 00:00:00,0,36.3,-53.1,1013.0,29.0,148.0,0.0,0.0,0.0,0.0,0.0,0.0,0.0,0.0,0.0,0.0,0.0,0.0
2026-09-28 06:00:00,EP152026(2),37,2026-09-28 06:00:00,0 days 00:00:00,0,16.4,-160.8,929.0,134.0,28.0,241.0,185.0,148.0,204.0,93.0,74.0,74.0,93.0,56.0,46.0,37.0,46.0
2026-09-28 06:00:00,EP152026(2),37,2026-09-28 12:00:00,0 days 06:00:00,6,16.72,-161.7,949.0,116.2,26.117797689990844,235.0659006054434,165.06785159749313,118.53273933598602,208.0105270317776,89.23748957476045,58.57253575352931,36.53452163769067,73.97732677492507,45.42636593505024,34.84486278448468,24.929491234947072,39.28235083067749
2026-09-28 06:00:00,EP152026(2),37,2026-09-28 18:00:00,0 days 12:00:00,12,17.5,-162.51,953.2,106.2,33.435505477684885,195.8201177429164,134.1475909810608,75.58085475987255,169.67903458699925,79.46777158600126,50.61850845818902,33.021620580638206,63.9379755166359,47.76006767554746,38.30639807826164,27.946236698995254,41.160243345408325
2026-09-28 06:00:00,EP152026(2),37,2026-09-29 00:00:00,0 days 18:00:00,18,18.35,-163.08,940.2,122.0,9.17634170869544,173.2849247149083,145.9196894023869,92.33122006637048,132.3386377180405,73.59439110684295,55.48793792455917,32.57650997985195,56.18983994517436,48.359467123835344,39.73532336652013,30.495375333141357,40.94279079743163
2026-09-28 06:00:00,EP152026(2),37,2026-09-29 06:00:00,1 days 00:00:00,24,19.28,-163.48,954.5,107.2,37.82484773181268,262.36984987286206,219.60460583332485,135.731036928866,204.2639557032961,116.62326130095138,97.39389839283704,65.83595007633826,92.02920775888944,56.58622235776559,49.52191196019168,37.14619955467674,47.92629780364131
2026-09-28 06:00:00,EP152026(2),37,2026-09-29 12:00:00,1 days 06:00:00,30,20.27,-163.81,957.5,103.9,45.71870033880067,180.3658285589316,146.32681012206135,89.37112040274111,143.30247499180177,96.38495190760229,81.17445315208008,56.59389100574161,75.73554066984948,57.49319187655114,50.67456243495021,40.12401052644994,48.43910125335033
2026-09-28 06:00:00,EP152026(2),37,2026-09-29 18:00:00,1 days 12:00:00,36,21.61,-163.51,968.4,100.8,28.66237007490908,253.5478137944806,231.19830870621217,139.23327785990864,175.90412792290192,121.03839617784269,111.60968265969696,82.55470567707783,95.38087067426298,70.14319786466605,65.12586487921975,53.1655761915312,58.05334074834374
2026-09-28 06:00:00,EP152026(2),37,2026-09-30 00:00:00,1 days 18:00:00,42,22.34,-163.17,983.1,69.8,50.69662441918586,269.4699743621121,244.37162813146807,169.99819297349998,208.37897764174284,50.69662441918586,39.8673190121201,20.025372543758884,30.01549358340405,50.69662441918586,0.0,0.0,0.0
2026-09-28 06:00:00,EP152026(2),37,2026-09-30 06:00:00,2 days 00:00:00,48,23.02,-162.91,989.4,53.3,58.24243141557732,150.33997928668578,145.27229559427812,100.5919506148125,111.28653203703011,7.573621915406797,58.24243141557732,3.119145806430176,4.833030621948907,0.0,0.0,0.0,0.0
2026-09-28 06:00:00,EP152026(2),37,2026-09-30 12:00:00,2 days 06:00:00,54,23.14,-162.27,991.4,57.4,57.04363614923912,256.90034073291906,252.04916754999425,199.6583701569105,207.79158877104052,38.19758423603487,57.04363614923912,27.601620481268817,29.329968066991803,0.0,0.0,0.0,0.0
2026-09-28 06:00:00,EP152026(2),37,2026-09-30 18:00:00,2 days 12:00:00,60,23.47,-162.42,990.3,52.6,86.31954903890055,179.31618198604184,154.9538261740022,130.23791257484692,140.91699093018747,86.31954903890055,9.795269105069844,6.015776661290349,7.331000786939482,0.0,0.0,0.0,0.0
2026-09-28 06:00:00,EP152026(2),37,2026-10-01 00:00:00,2 days 18:00:00,66,23.57,-162.53,992.3,51.0,83.92465618322332,91.86230927453003,65.1206484025621,55.71084700967388,65.52030757544124,83.92465618322332,0.0,0.0,0.0,0.0,0.0,0.0,0.0
2026-09-28 06:00:00,EP152026(2),37,2026-10-01 06:00:00,3 days 00:00:00,72,23.69,-163.03,993.2,50.3,114.05462769074518,114.05462769074518,39.56497528772817,32.92383222174543,42.14522380487083,114.05462769074518,0.0,0.0,0.0,0.0,0.0,0.0,0.0
2026-09-28 06:00:00,EP152026(2),37,2026-10-01 12:00:00,3 days 06:00:00,78,23.82,-164.04,990.1,53.1,111.83656599825515,111.83656599825515,71.52521685045443,63.891058091891736,77.1175062008217,111.83656599825515,0.0,0.0,0.0,0.0,0.0,0.0,0.0
2026-09-28 06:00:00,EP152026(2),37,2026-10-01 18:00:00,3 days 12:00:00,84,23.89,-164.16,988.1,50.3,138.7058704807219,176.7458950864494,154.02728793748378,112.99705815468182,139.53542517589304,138.7058704807219,9.980757219521916,4.720676669167801,10.216679043100893,0.0,0.0,0.0,0.0
2026-09-28 06:00:00,EP152026(2),37,2026-10-02 00:00:00,3 days 18:00:00,90,24.4,-164.63,987.4,50.9,121.80471690120773,271.7327111630225,226.0690083476361,174.88227427697393,210.6024206259808,121.80471690120773,7.565622159406786,3.1271875138444614,10.1806543406,0.0,0.0,0.0,0.0
2026-09-28 06:00:00,EP152026(2),37,2026-10-02 06:00:00,4 days 00:00:00,96,24.66,-164.72,992.0,46.0,76.83462097628865,138.76420789820082,107.16093747481634,77.84868030875944,102.27756954472028,0.0,0.0,0.0,0.0,0.0,0.0,0.0,0.0
2026-09-28 06:00:00,EP152026(2),37,2026-10-02 12:00:00,4 days 06:00:00,102,24.86,-165.03,995.8,36.0,113.34700866224355,113.34700866224355,11.72570240710183,5.49241047250878,13.659635550961774,0.0,0.0,0.0,0.0,0.0,0.0,0.0,0.0
2026-09-28 06:00:00,EP152026(2),37,2026-10-02 18:00:00,4 days 12:00:00,108,24.98,-165.45,994.1,49.5,116.67806037604328,116.67806037604328,21.73791761842847,12.85430756744326,20.996410122019924,0.0,0.0,0.0,0.0,0.0,0.0,0.0,0.0
2026-09-28 06:00:00,EP152026(2),37,2026-10-03 00:00:00,4 days 18:00:00,114,25.31,-165.66,993.7,45.6,44.45070820190608,44.45070820190608,17.395027572087997,9.921540543896754,22.824186409685467,0.0,0.0,0.0,0.0,0.0,0.0,0.0,0.0
2026-09-28 06:00:00,EP152026(2),37,2026-10-03 06:00:00,5 days 00:00:00,120,25.25,-165.77,994.0,43.4,78.10448149870683,126.33555078505049,95.5942761768988,60.24048257223154,88.28107681417566,0.0,0.0,0.0,0.0,0.0,0.0,0.0,0.0
2026-09-28 06:00:00,EP152026(2),37,2026-10-03 12:00:00,5 days 06:00:00,126,25.09,-166.74,993.8,47.9,85.96950775248708,85.96950775248708,34.94925184680316,10.665243436857256,33.76501050672124,0.0,0.0,0.0,0.0,0.0,0.0,0.0,0.0
2026-09-28 06:00:00,EP152026(2),37,2026-10-03 18:00:00,5 days 12:00:00,132,25.19,-168.29,995.6,52.2,35.21981834342365,77.84003674442667,51.11384978013776,32.87686575283562,67.30235649917411,35.21981834342365,0.0,0.0,1.843506170872496,0.0,0.0,0.0,0.0
2026-09-28 06:00:00,EP152026(2),37,2026-10-04 00:00:00,5 days 18:00:00,138,25.12,-169.8,987.0,55.2,39.86657848837593,226.6046066440188,187.66868199832624,155.3693663420699,198.3839231642715,57.1922597770994,40.4475708055766,24.293753917047624,43.29707005947821,0.0,0.0,0.0,0.0
2026-09-28 06:00:00,EP152026(2),37,2026-10-04 06:00:00,6 days 00:00:00,144,25.37,-171.57,985.1,68.9,64.1321535816401,204.91410546398905,164.91301990678085,125.0090882701332,177.97450834474606,64.1321535816401,44.7429513486814,29.381231884390825,48.58907768974979,64.1321535816401,9.47007632279566,6.5893783512177535,10.631645079287344
2026-09-28 06:00:00,EP152026(2),37,2026-10-04 12:00:00,6 days 06:00:00,150,25.98,-173.45,979.2,78.4,57.04081151719812,267.93677446663287,225.68869586932615,168.52623498468924,219.48125924187903,57.04081151719812,36.7561302247868,22.443887980019756,39.072598701867655,57.04081151719812,0.0,0.0,0.2183335849091048
2026-09-28 06:00:00,EP152026(2),37,2026-10-04 18:00:00,6 days 12:00:00,156,26.61,-175.06,978.2,73.6,29.961125352089116,205.722135488473,162.81937593249313,117.8466613785758,170.54398037428336,72.49541220107557,51.91729191139223,34.47775226310452,55.07120366938443,29.961125352089116,15.60377494971359,10.608758197834767,16.97740829067513
2026-09-28 06:00:00,EP152026(2),37,2026-10-05 00:00:00,6 days 18:00:00,162,27.63,-176.3,976.9,76.4,45.6219181600992,147.96404548422913,108.64652367460168,65.11057343209,102.94803806372444,45.6219181600992,1.9869679912503744,0.0,5.031234289806356,45.6219181600992,0.0,0.0,0.1275910400359805
2026-09-28 06:00:00,EP152026(2),37,2026-10-05 06:00:00,7 days 00:00:00,168,28.65,-177.34,975.9,73.6,27.20162849614548,194.1297637273908,157.1465293858093,100.0761673626755,134.0350561944177,27.20162849614548,13.410160370068436,5.060672634272493,11.349370415371874,27.20162849614548,0.0,0.0,0.0
2026-09-28 06:00:00,EP152026(2),37,2026-10-05 12:00:00,7 days 06:00:00,174,29.37,-177.91,979.9,70.8,65.15717578852242,173.3456226514753,141.99324549472226,77.47825549349872,114.23162875569324,65.15717578852242,6.8109300573002205,0.0,4.413067989099085,65.15717578852242,0.2720577490900906,0.0,0.0225254768631222
2026-09-28 06:00:00,EP152026(2),37,2026-10-05 18:00:00,7 days 12:00:00,180,30.3,-178.06,982.6,70.7,42.3923831175957,182.5778323249522,179.27838842294005,109.59680582390084,130.2688446145633,130.75299723609305,122.43982696861198,91.09605927081532,104.40808402518346,61.354633907688,55.97252874171858,43.35024233632411,50.30613422938525
2026-09-28 06:00:00,EP152026(2),37,2026-10-06 00:00:00,7 days 18:00:00,186,31.07,-177.71,984.0,64.3,47.33320198453984,222.03201441342983,216.99195577810585,153.1008337540227,152.9551000133721,47.33320198453984,47.33320198453984,21.33168389050355,22.416572180168718,47.33320198453984,0.0,0.0,0.0
2026-09-28 06:00:00,EP152026(2),37,2026-10-06 06:00:00,8 days 00:00:00,192,31.88,-176.33,982.1,70.2,48.22550105562024,198.17381910326947,229.11278201066372,159.68150817277035,142.00818712767364,83.07900496626402,86.48471067965008,62.79909976165224,61.676641287704186,48.22550105562024,30.88058926101443,24.110571125779455,24.957212947907976
2026-09-28 06:00:00,EP152026(2),37,2026-10-06 12:00:00,8 days 06:00:00,198,32.73,-174.43,989.8,64.0,55.91008943209863,164.48495550291318,198.81028065303144,138.61416452344702,108.92025375092273,28.480066417578428,55.91008943209863,12.603420848693162,11.39470079949723,0.0,0.0,0.0,0.0
2026-09-28 06:00:00,EP152026(2),37,2026-10-06 18:00:00,8 days 12:00:00,204,34.34,-171.62,983.9,59.0,85.35268241304522,62.50285440364903,109.25945455605164,98.18724598930903,33.08818508969369,10.511387813844134,85.35268241304522,11.680410360031884,3.869644924612656,0.0,0.0,0.0,0.0
2026-09-28 06:00:00,EP152026(2),37,2026-10-07 00:00:00,8 days 18:00:00,210,36.81,-167.67,983.7,62.1,118.20928160711928,134.21396350711103,152.30083474816175,118.71920328631823,102.8750329432863,13.29451898005679,118.20928160711928,6.183100911966171,7.568704488534121,0.0,0.0,0.0,0.0
2026-09-28 06:00:00,EP152026(2),37,2026-10-07 06:00:00,9 days 00:00:00,216,39.37,-164.58,969.5,67.8,108.87200980012818,620.8374740639933,672.9786857112604,593.3846619256224,545.8804614713125,223.55214245787124,241.8692429244089,197.88834228771785,187.84443019273093,24.897322272250896,108.87200980012818,30.5712671699169,24.07024316983104
2026-09-28 06:00:00,EP152026(2),37,2026-10-07 12:00:00,9 days 06:00:00,222,42.54,-163.11,962.9,73.9,105.0833580130826,446.6753969498154,460.3949885378511,418.2307316304564,413.35803224629626,181.68663073715103,192.43278116167855,166.57758189254469,161.4009174280486,44.07987682277496,105.0833580130826,44.3709079894594,39.55869418452255
2026-09-28 06:00:00,EP152026(2),37,2026-10-07 18:00:00,9 days 12:00:00,228,43.62,-161.67,965.3,69.8,154.1190938006515,179.35364699419006,174.8907938271169,143.68483894323617,158.61241331217573,30.84193855950474,154.1190938006515,25.98343201993032,154.1190938006515,0.1447403609009274,0.0,0.0,154.1190938006515
2026-09-28 06:00:00,EP172026,37,2026-09-28 06:00:00,0 days 00:00:00,0,23.2,-114.0,955.0,105.0,28.0,167.0,148.0,148.0,148.0,102.0,93.0,83.0,83.0,65.0,65.0,65.0,65.0
2026-09-28 06:00:00,EP172026,37,2026-09-28 12:00:00,0 days 06:00:00,6,24.06,-113.92,965.4,92.4,29.256316314579134,132.2112276408236,168.00457223784326,103.5410093799728,98.89783529161647,80.05998517244811,77.64011702457813,54.438173118361405,60.95465551895806,46.02529688673941,41.51339043209603,32.18830315338257,37.700727079357385
2026-09-28 06:00:00,EP172026,37,2026-09-28 18:00:00,0 days 12:00:00,12,24.84,-113.45,973.9,76.4,44.14009506098904,221.51422695014327,255.48192687054097,178.6423180744478,158.76943504788244,67.38619579846667,69.67360879318912,43.55378737332746,42.969535582833885,44.14009506098904,21.34230477964713,15.03118492938502,17.17339027749643
2026-09-28 06:00:00,EP172026,37,2026-09-29 00:00:00,0 days 18:00:00,18,25.75,-112.85,988.5,68.1,27.46181359186039,154.15064056351434,179.4141779203744,114.0688036711636,118.71874236068264,33.26469283801305,35.54163344221027,18.823545559113946,17.89063050184739,3.3529304314521777,27.46181359186039,1.3372569420571914,0.9186578309685718
2026-09-28 06:00:00,EP172026,37,2026-09-29 06:00:00,1 days 00:00:00,24,26.16,-112.33,985.1,62.7,35.503632342170874,194.72333735841823,206.40518066624892,167.0492693586827,144.7128882791651,30.181453278442596,35.503632342170874,22.69938243091604,15.752919558327864,0.0,0.0,0.0,0.0
2026-09-28 06:00:00,EP172026,37,2026-09-29 12:00:00,1 days 06:00:00,30,27.48,-111.38,987.5,53.2,54.34117115677955,184.46754074019407,176.3954052056705,136.5968269301547,143.4925248605054,54.34117115677955,19.78781708676385,11.923853947892107,13.430045259446942,0.0,0.0,0.0,0.0
2026-09-28 06:00:00,EP172026,37,2026-09-29 18:00:00,1 days 12:00:00,36,29.82,-110.09,997.9,34.9,40.45648359266559,19.27182685978056,19.388672611362928,40.45648359266559,13.687137184895988,0.0,0.0,0.0,0.0,0.0,0.0,0.0,0.0
2026-09-28 06:00:00,EP182026,37,2026-09-28 06:00:00,0 days 00:00:00,0,13.2,-100.0,1001.0,41.0,93.0,222.0,185.0,148.0,222.0,0.0,0.0,0.0,0.0,0.0,0.0,0.0,0.0
2026-09-28 06:00:00,EP182026,37,2026-09-28 12:00:00,0 days 06:00:00,6,13.36,-100.59,996.5,44.4,64.72959347979611,174.04262405729878,137.42935290204684,88.93110230487326,129.16354428962384,0.0,0.0,0.0,0.0,0.0,0.0,0.0,0.0
2026-09-28 06:00:00,EP182026,37,2026-09-28 18:00:00,0 days 12:00:00,12,13.78,-101.92,996.9,51.4,48.58925248564992,194.8071843168318,158.3681602871775,110.374923094535,150.9319606461804,48.58925248564992,24.671837930187053,12.888724539016778,22.734317138738334,0.0,0.0,0.0,0.0
2026-09-28 06:00:00,EP182026,37,2026-09-29 00:00:00,0 days 18:00:00,18,13.95,-102.66,991.4,54.3,70.20344592653393,96.6270074920667,77.34986573626298,47.468486240857175,65.35142260859749,70.20344592653393,0.0,0.0,0.3553444011527347,0.0,0.0,0.0,0.0
2026-09-28 06:00:00,EP182026,37,2026-09-29 06:00:00,1 days 00:00:00,24,14.48,-103.84,984.6,65.9,29.45531843873122,194.50107258953645,162.68887226532243,129.38122876963712,163.6062197174263,67.34329997847576,53.479113513131466,36.76203250964318,52.97514999395845,29.45531843873122,11.368178078326844,8.61521694310441,12.308171145259312
2026-09-28 06:00:00,EP182026,37,2026-09-29 12:00:00,1 days 06:00:00,30,14.75,-104.85,989.3,58.1,15.331939865056553,207.62382389469383,181.05301583970703,139.56280392895633,177.1335585223546,57.744232677339696,46.1193806393342,29.02014191644723,42.14064658596398,0.0,0.0,0.0,0.0
2026-09-28 06:00:00,EP182026,37,2026-09-29 18:00:00,1 days 12:00:00,36,15.37,-105.74,996.6,50.4,39.53616269277792,236.0656029724664,207.6644101577338,167.97686658867408,202.5851208175993,41.83130449850048,33.22093437203935,22.2641160925518,32.238649329256944,0.0,0.0,0.0,0.0
2026-09-28 06:00:00,EP182026,37,2026-09-30 00:00:00,1 days 18:00:00,42,16.27,-106.26,990.0,51.7,81.51919502970301,196.4305814848424,168.31344721128136,118.91840936927778,140.78991656969288,81.51919502970301,16.844800643362532,9.423562302277706,16.207592340031344,0.0,0.0,0.0,0.0
2026-09-28 06:00:00,EP182026,37,2026-09-30 06:00:00,2 days 00:00:00,48,17.22,-107.15,988.3,57.5,54.80967929734442,192.27466318076372,160.93963486122354,114.10497831129628,145.66878040931203,54.80967929734442,20.962479821982903,11.52600918773099,19.06683097477488,0.0,0.0,0.0,0.0
2026-09-28 06:00:00,EP182026,37,2026-09-30 12:00:00,2 days 06:00:00,54,17.55,-107.62,994.6,58.8,55.58809946965099,55.58809946965099,30.6644974550274,17.24998592681577,31.10554486808545,55.58809946965099,0.0,0.0,0.0,0.0,0.0,0.0,0.0
2026-09-28 06:00:00,EP182026,37,2026-09-30 18:00:00,2 days 12:00:00,60,17.97,-108.7,992.1,54.4,55.96002850051572,186.2845917775057,167.40715738471368,127.6839019658592,147.35887415687083,55.96002850051572,21.606085144826903,13.986853481352677,20.10686787773483,0.0,0.0,0.0,0.0
2026-09-28 06:00:00,EP182026,37,2026-10-01 00:00:00,2 days 18:00:00,66,18.3,-108.88,987.3,59.2,55.73077353851201,279.2568107250138,247.40015017414495,197.8519816804581,226.84216767733184,72.64130175066089,56.97336205082081,38.49820851509184,54.039735108058295,0.0,0.0,0.0,0.0
2026-09-28 06:00:00,EP182026,37,2026-10-01 06:00:00,3 days 00:00:00,72,18.42,-109.78,984.0,63.6,48.68996491073568,219.2514213454349,190.6232320729039,163.3530713973106,188.7473052668176,58.2687257217568,45.31139744278072,33.46294312284532,45.8206896621502,0.0,0.0,0.0,0.0
2026-09-28 06:00:00,EP182026,37,2026-10-01 12:00:00,3 days 06:00:00,78,18.76,-110.2,989.3,56.5,28.16283871526913,243.3396651773616,213.8972675426034,158.4810458371972,197.8589476932919,52.24060860142487,42.252231417334926,25.19805497876801,39.322937883995664,0.0,0.0,0.0,0.0
2026-09-28 06:00:00,EP182026,37,2026-10-01 18:00:00,3 days 12:00:00,84,18.89,-110.87,993.5,47.8,48.52890932882501,137.110584654787,120.0529725036103,97.37588970437488,115.37554795176356,0.0,0.0,0.0,0.0,0.0,0.0,0.0,0.0
2026-09-28 06:00:00,EP182026,37,2026-10-02 00:00:00,3 days 18:00:00,90,18.79,-111.25,991.5,54.2,89.0883547271971,250.84439558730543,220.5905963741518,191.3348830133877,234.8679728542552,117.14250630803448,97.23428691645056,74.84512744474672,97.21640608209728,0.0,0.0,0.0,0.0
2026-09-28 06:00:00,EP182026,37,2026-10-02 06:00:00,4 days 00:00:00,96,18.81,-111.53,988.6,52.3,31.836581990836088,147.25145377637057,132.52243418318082,112.0447954587014,126.76063342846464,31.836581990836088,16.598743898377894,11.122744216751151,14.946278101260177,0.0,0.0,0.0,0.0
2026-09-28 06:00:00,EP182026,37,2026-10-02 12:00:00,4 days 06:00:00,102,18.75,-111.81,990.8,53.3,38.16764352428951,126.0553177180172,109.60468356295678,94.84596826277476,117.0806296623498,53.669659215136505,46.470464199080354,34.450420514142344,44.21361688650771,0.0,0.0,0.0,0.0
2026-09-28 06:00:00,EP182026,37,2026-10-02 18:00:00,4 days 12:00:00,108,18.54,-111.95,994.7,47.9,66.72390365593179,59.860617937352096,66.72390365593179,48.30984729255991,52.91381022597332,0.0,0.0,0.0,0.0,0.0,0.0,0.0,0.0
2026-09-28 06:00:00,EP182026,37,2026-10-03 00:00:00,4 days 18:00:00,114,18.76,-112.67,993.8,43.6,26.971689904432857,119.15645311246158,94.14811549012256,70.44643786606493,95.59188709839312,0.0,0.0,0.0,0.0,0.0,0.0,0.0,0.0
2026-09-28 06:00:00,EP182026,37,2026-10-03 06:00:00,5 days 00:00:00,120,18.56,-112.64,996.8,44.4,75.4557580218966,94.26452069773768,83.31733458844116,64.94002797160675,78.25961945394386,0.0,0.0,0.0,0.0,0.0,0.0,0.0,0.0
2026-09-28 06:00:00,EP182026,37,2026-10-03 12:00:00,5 days 06:00:00,126,18.57,-112.81,991.8,52.8,62.21858204594173,166.75684400748287,165.20224347568,135.74659230396355,142.15965543012135,62.21858204594173,32.99292152214366,22.266739449944,27.553800726194822,0.0,0.0,0.0,0.0
2026-09-28 06:00:00,EP182026,37,2026-10-03 18:00:00,5 days 12:00:00,132,18.29,-113.26,994.8,55.4,59.27790550666133,123.8796414049022,111.8700916433485,91.16258128899872,102.43449397824588,59.27790550666133,20.623075500194314,13.950161246427838,19.95947673181901,0.0,0.0,0.0,0.0
2026-09-28 06:00:00,EP182026,37,2026-10-04 00:00:00,5 days 18:00:00,138,18.3,-113.19,979.6,68.3,48.80671408357534,126.61451980410384,122.18481111703905,121.6566228487796,117.78225004081844,54.034565989587065,50.87515015680936,41.48789801588279,46.37397453586641,48.80671408357534,18.65075995304441,14.601450443087645,17.50665195081246
2026-09-28 06:00:00,EP182026,37,2026-10-04 06:00:00,6 days 00:00:00,144,18.08,-113.09,983.6,67.5,38.02068306204879,169.79427090056765,170.24311768998243,147.850536940717,149.68574965261269,41.179535928487184,37.23909698086325,26.22651951656616,32.82463957575537,38.02068306204879,1.9649391083923309,0.8774979567686874,1.4682428163696546
2026-09-28 06:00:00,EP182026,37,2026-10-04 12:00:00,6 days 06:00:00,150,17.99,-112.9,974.6,76.3,31.30106032104628,147.34715724880238,153.01947508929948,137.56381659795886,127.30353042397184,67.37389226866173,66.11500610161256,53.31537529747517,56.298985058761616,31.30106032104628,27.02853004473995,21.87271697519165,24.162197622441724
2026-09-28 06:00:00,EP182026,37,2026-10-04 18:00:00,6 days 12:00:00,156,18.25,-112.77,982.7,70.8,35.682015276293754,117.8455053291818,125.66321838612656,119.6979157808316,96.28357440773544,80.27618477153032,82.7344748264317,71.6617966881436,70.84288364839456,47.11304594954285,44.2324296648204,36.90323047427478,39.98475774435263
2026-09-28 06:00:00,EP182026,37,2026-10-05 00:00:00,6 days 18:00:00,162,18.44,-112.78,985.8,58.8,53.04677248551693,187.5299412279757,189.98753558883004,161.92155102005012,158.13878475293637,53.04677248551693,36.53880041447543,24.392974147736624,25.50568744053393,0.0,0.0,0.0,0.0
2026-09-28 06:00:00,EP182026,37,2026-10-05 06:00:00,7 days 00:00:00,168,18.63,-112.85,983.5,63.1,38.771841405231896,216.39123840625075,200.5988780870672,155.9300278447904,179.65730147136537,45.35040139399325,39.15234085865848,25.4640362289266,34.13731609067048,0.0,0.0,0.0,0.0
2026-09-28 06:00:00,EP182026,37,2026-10-05 12:00:00,7 days 06:00:00,174,18.71,-113.29,978.4,72.1,32.83893236551126,179.2278964370413,145.15316580850842,110.48722909351534,153.3502548984536,94.91864647431592,78.55338211992654,59.87306654479446,80.09012717472152,40.136970474295815,34.625084288606644,26.727536436497324,34.03708278271076
2026-09-28 06:00:00,EP182026,37,2026-10-05 18:00:00,7 days 12:00:00,180,18.87,-113.65,981.6,72.7,24.87488895839232,196.0272379172413,166.27760221502172,131.21874405830715,162.75577088660134,48.63894182051376,37.31232523383562,25.382898999244617,36.44711652263942,24.87488895839232,8.128982518237194,5.514776927074465,8.015439635916074
2026-09-28 06:00:00,EP182026,37,2026-10-06 00:00:00,7 days 18:00:00,186,19.12,-114.29,974.5,76.2,25.00605006952936,124.49944470570004,91.04715141690168,64.90533000455663,104.56505192623663,72.99375873698943,57.30821399478242,44.9222448199197,60.84116776942912,38.81036850447588,33.224718334173595,26.209768216166573,33.27133408728673
2026-09-28 06:00:00,EP182026,37,2026-10-06 06:00:00,8 days 00:00:00,192,19.31,-115.01,969.9,79.7,18.224888007314934,191.8871353093184,153.07050157873613,111.88665097608428,164.14365669528345,98.69485727368236,80.76986772602369,60.77214447889288,85.6222678546205,49.45506247253292,41.87802193147012,32.62405052475084,41.167026190552086
2026-09-28 06:00:00,EP182026,37,2026-10-06 12:00:00,8 days 06:00:00,198,19.69,-115.58,974.6,88.3,40.28259629127848,217.82844896991665,178.7818446792469,118.9013883158666,173.6760653530523,53.634160785465696,35.428800982066065,18.56883908792689,38.56613973311187,40.28259629127848,9.961812152703729,5.298908801666297,11.851582701763483
2026-09-28 06:00:00,EP182026,37,2026-10-06 18:00:00,8 days 12:00:00,204,20.05,-116.24,979.6,81.4,44.036170215846326,250.7442691998141,191.50615095348104,129.29963899768757,211.8842098068897,81.11057567552882,57.22799468711699,35.05347853497939,62.78635151032054,44.036170215846326,18.191173385632133,12.900358931946222,21.49759015263571
2026-09-28 06:00:00,EP182026,37,2026-10-07 00:00:00,8 days 18:00:00,210,20.86,-116.95,972.2,84.7,28.14157313982105,219.3396615114034,178.35325587046827,116.99808653050786,175.71551744676253,98.76553011884243,73.44623494318148,50.589710842954446,77.39907997265982,43.694362187799925,35.33613781156964,26.907053350279057,36.96268488463284
2026-09-28 06:00:00,EP182026,37,2026-10-07 06:00:00,9 days 00:00:00,216,20.98,-117.53,968.1,83.1,0.0,234.59102769189283,213.9750523254905,162.7441748435595,203.85552487024435,67.00709781414268,49.69325020321216,31.46279290555571,50.19863327239168,23.09140280987966,17.465371599204452,11.529079791024593,18.40805807674787
2026-09-28 06:00:00,EP182026,37,2026-10-07 12:00:00,9 days 06:00:00,222,21.54,-118.12,965.8,83.0,37.54180892878461,204.46082987562988,182.3268312181296,119.29831747697015,180.70965998593232,94.3096343102544,76.87586398226935,54.45413490963527,75.57947148657883,52.40255680410854,45.41759971416956,33.552494482510696,41.776552652717
2026-09-28 06:00:00,EP182026,37,2026-10-07 18:00:00,9 days 12:00:00,228,22.05,-119.06,967.8,88.7,41.6162583655315,190.0115600482468,164.48161847249372,114.27248663754986,158.80909505019645,100.89908198375278,80.34075718879635,58.710675470244055,84.95813096297607,52.429986010139984,45.02611183684596,35.07024430651021,44.914380757273065
2026-09-28 06:00:00,EP182026,37,2026-10-08 00:00:00,9 days 18:00:00,234,22.32,-119.57,985.7,67.4,52.03887743409173,242.4136760364828,221.84236580209523,167.99449229921763,197.0542492947727,62.63418273584234,55.08045163504977,33.306766602886526,47.12572370695831,52.03887743409173,10.999172463530035,7.345127886321231,11.52459798298518
2026-09-28 06:00:00,EP182026,37,2026-10-08 06:00:00,10 days 00:00:00,240,22.8,-119.88,976.3,71.0,61.9103035418899,128.76751090468696,112.8097535272716,71.65989684814456,83.32596587133476,61.9103035418899,1.43142315364849,0.0,0.5457471289538027,61.9103035418899,0.0,0.0,0.0
2026-09-28 06:00:00,EP182026,37,2026-10-08 12:00:00,10 days 06:00:00,246,22.9,-120.08,984.2,60.3,33.926595153131885,164.4621576607629,148.3530430539107,117.52560577370348,133.38112034109952,33.926595153131885,7.018276949582413,0.0,3.954063621415578,0.0,0.0,0.0,0.0
2026-09-28 06:00:00,EP182026,37,2026-10-08 18:00:00,10 days 12:00:00,252,23.0,-120.12,991.6,48.4,54.01084821046908,148.01398643591844,146.1121926600024,117.3900098585966,122.6324840411622,0.0,0.0,0.0,0.0,0.0,0.0,0.0,0.0
2026-09-28 06:00:00,EP182026,37,2026-10-09 00:00:00,10 days 18:00:00,258,22.99,-120.27,995.9,39.3,68.89562038874487,115.75769512845858,97.31158741493716,80.07922599820336,84.83003115921562,0.0,0.0,0.0,0.0,0.0,0.0,0.0,0.0
2026-09-28 06:00:00,EP182026,37,2026-10-09 06:00:00,11 days 00:00:00,264,22.66,-120.43,998.5,33.5,100.17256904965262,0.0,0.0,0.0,0.0,0.0,0.0,0.0,0.0,0.0,0.0,0.0,0.0
2026-09-28 06:00:00,EP182026,37,2026-10-09 12:00:00,11 days 06:00:00,270,22.59,-120.51,999.7,29.1,66.33246393665144,0.0,0.0,0.0,0.0,0.0,0.0,0.0,0.0,0.0,0.0,0.0,0.0
2026-09-28 06:00:00,EP182026,37,2026-10-09 18:00:00,11 days 12:00:00,276,22.03,-120.49,1000.7,29.8,63.90457741350895,0.0,0.0,0.0,0.0,0.0,0.0,0.0,0.0,0.0,0.0,0.0,0.0
2026-09-28 06:00:00,EP182026,37,2026-10-10 00:00:00,11 days 18:00:00,282,21.95,-120.88,999.6,35.4,65.56374356724157,0.0,0.0,65.56374356724157,0.0,0.0,0.0,0.0,0.0,0.0,0.0,0.0,0.0
2026-09-28 06:00:00,EP182026,37,2026-10-10 06:00:00,12 days 00:00:00,288,21.35,-120.62,1001.0,31.2,70.18315045349051,0.0,0.0,0.0,0.0,0.0,0.0,0.0,0.0,0.0,0.0,0.0,0.0
2026-09-28 06:00:00,EP182026,37,2026-10-10 12:00:00,12 days 06:00:00,294,21.13,-120.49,999.6,30.2,84.75829878811953,0.0,0.0,0.0,0.0,0.0,0.0,0.0,0.0,0.0,0.0,0.0,0.0
2026-09-28 06:00:00,EP182026,37,2026-10-10 18:00:00,12 days 12:00:00,300,20.63,-119.8,1003.3,27.0,154.40317535888155,0.0,0.0,0.0,0.0,0.0,0.0,0.0,0.0,0.0,0.0,0.0,0.0
2026-09-28 06:00:00,EP182026,37,2026-10-11 00:00:00,12 days 18:00:00,306,20.34,-119.91,1001.6,30.4,91.57280577619407,0.0,0.0,0.0,0.0,0.0,0.0,0.0,0.0,0.0,0.0,0.0,0.0
2026-09-28 06:00:00,EP182026,37,2026-10-11 06:00:00,13 days 00:00:00,312,19.67,-119.62,999.8,31.2,98.90356823406822,0.0,0.0,0.0,0.0,0.0,0.0,0.0,0.0,0.0,0.0,0.0,0.0
2026-09-28 06:00:00,EP182026,37,2026-10-11 12:00:00,13 days 06:00:00,318,19.29,-119.58,1003.4,32.2,194.50317100096407,0.0,0.0,0.0,0.0,0.0,0.0,0.0,0.0,0.0,0.0,0.0,0.0
2026-09-28 06:00:00,EP182026,37,2026-10-11 18:00:00,13 days 12:00:00,324,19.58,-119.56,999.3,24.8,118.42031263034404,0.0,0.0,0.0,0.0,0.0,0.0,0.0,0.0,0.0,0.0,0.0,0.0
2026-09-28 06:00:00,EP182026,37,2026-10-12 00:00:00,13 days 18:00:00,330,19.73,-118.73,999.4,32.7,91.1286188684314,0.0,0.0,0.0,0.0,0.0,0.0,0.0,0.0,0.0,0.0,0.0,0.0
2026-09-28 06:00:00,EP182026,37,2026-10-12 06:00:00,14 days 00:00:00,336,19.88,-118.91,996.4,35.4,109.14190574403716,109.14190574403716,23.35592988483719,14.458636195741516,19.800141184042964,0.0,0.0,0.0,0.0,0.0,0.0,0.0,0.0
2026-09-28 06:00:00,EP182026,37,2026-10-12 12:00:00,14 days 06:00:00,342,20.82,-119.21,998.9,31.4,98.18606098362964,0.0,0.0,0.0,0.0,0.0,0.0,0.0,0.0,0.0,0.0,0.0,0.0
2026-09-28 06:00:00,EP182026,37,2026-10-12 18:00:00,14 days 12:00:00,348,20.82,-119.25,1000.2,33.0,172.82834711441467,0.0,0.0,0.0,0.0,0.0,0.0,0.0,0.0,0.0,0.0,0.0,0.0
2026-09-28 06:00:00,EP182026,37,2026-10-13 00:00:00,14 days 18:00:00,354,21.15,-118.99,1000.9,25.9,102.85581485539576,0.0,0.0,0.0,0.0,0.0,0.0,0.0,0.0,0.0,0.0,0.0,0.0
2026-09-28 06:00:00,EP182026,37,2026-10-13 06:00:00,15 days 00:00:00,360,21.93,-118.83,1001.3,32.9,85.26498474179795,0.0,0.0,0.0,0.0,0.0,0.0,0.0,0.0,0.0,0.0,0.0,0.0
2026-09-28 06:00:00,EP912026(3),37,2026-09-28 06:00:00,0 days 00:00:00,0,12.7,-136.6,1005.0,29.0,93.0,0.0,0.0,0.0,0.0,0.0,0.0,0.0,0.0,0.0,0.0,0.0,0.0
2026-09-28 06:00:00,WP252026,37,2026-09-28 06:00:00,0 days 00:00:00,0,27.5,131.6,954.0,99.0,9.0,148.0,158.0,148.0,121.0,,,,,,,,
2026-09-28 06:00:00,WP252026,37,2026-09-28 12:00:00,0 days 06:00:00,6,27.17,132.27,971.9,77.3,2.5929379095750846,166.11308487393762,177.48797150293285,142.29932550245258,141.74581812071756,60.624388050293646,60.97944207583578,44.46992573408204,49.599721587651686,20.669866872017906,20.57047181147297,15.616661240645035,17.596069547721996
2026-09-28 06:00:00,WP252026,37,2026-09-28 18:00:00,0 days 12:00:00,12,27.89,133.23,974.0,76.4,27.159022104729416,141.98573025272776,154.90814158874758,133.13138794872808,109.53743346173972,25.054488044572395,30.15415108830696,18.306546988321337,16.26482006417586,2.5230644459278557,27.159022104729416,2.0603679684604903,1.2462659504503553
2026-09-28 06:00:00,WP252026,37,2026-09-29 00:00:00,0 days 18:00:00,18,28.5,133.84,993.8,52.5,51.10345399420788,180.91058206520592,172.90529102947607,119.77870035031668,130.68412123857377,51.10345399420788,27.885148228252348,16.83055212289411,19.658829137645824,0.0,0.0,0.0,0.0
2026-09-28 06:00:00,WP252026,37,2026-09-29 06:00:00,1 days 00:00:00,24,28.92,134.96,1000.9,33.8,43.39793262252503,0.0,0.0,0.0,0.0,0.0,0.0,0.0,0.0,0.0,0.0,0.0,0.0
2026-09-28 06:00:00,WP252026,37,2026-09-29 12:00:00,1 days 06:00:00,30,29.65,136.26,998.6,41.7,54.173562027889375,126.3304074727162,136.56857744366948,108.5510360549093,100.72608346403548,0.0,0.0,0.0,0.0,0.0,0.0,0.0,0.0
2026-09-28 06:00:00,WP252026,37,2026-09-29 18:00:00,1 days 12:00:00,36,30.43,137.29,1000.8,38.0,24.3119890373468,76.59511931212107,78.95918114716332,54.034015308927806,55.12894876216002,0.0,0.0,0.0,0.0,0.0,0.0,0.0,0.0
2026-09-28 06:00:00,WP252026,37,2026-09-30 00:00:00,1 days 18:00:00,42,31.0,138.43,996.5,40.3,114.7679707656971,8.977968350156516,114.7679707656971,4.283377771681444,4.024774913288638,0.0,0.0,0.0,0.0,0.0,0.0,0.0,0.0
2026-09-28 06:00:00,WP252026,37,2026-09-30 06:00:00,2 days 00:00:00,48,31.9,139.69,996.7,36.8,123.55375489939505,123.55375489939505,25.092640937671657,8.424101829401888,15.221543170732796,0.0,0.0,0.0,0.0,0.0,0.0,0.0,0.0
2026-09-28 06:00:00,WP252026,37,2026-09-30 12:00:00,2 days 06:00:00,54,32.88,140.86,1001.2,35.9,55.8421598466642,119.17773367225394,125.72628234753348,84.61198004156009,92.3483630379151,0.0,0.0,0.0,0.0,0.0,0.0,0.0,0.0
2026-09-28 06:00:00,WP252026,37,2026-09-30 18:00:00,2 days 12:00:00,60,33.63,141.87,992.0,38.2,57.07367931941656,16.487402805665994,57.07367931941656,7.990167273495274,0.0,0.0,0.0,0.0,0.0,0.0,0.0,0.0,0.0
2026-09-28 06:00:00,WP252026,37,2026-10-01 00:00:00,2 days 18:00:00,66,35.34,143.29,1000.2,37.0,101.19795340506158,101.19795340506158,12.277458313836505,0.0,7.884730784927882,0.0,0.0,0.0,0.0,0.0,0.0,0.0,0.0
2026-09-28 06:00:00,WP252026,37,2026-10-01 06:00:00,3 days 00:00:00,72,36.76,144.91,998.9,40.0,96.22459267639258,11.475518275615418,96.22459267639258,2.775178950163431,0.0,0.0,0.0,0.0,0.0,0.0,0.0,0.0,0.0
2026-09-28 06:00:00,WP922026(4),37,2026-09-28 06:00:00,0 days 00:00:00,0,16.4,97.6,1001.0,29.0,64.0,0.0,0.0,0.0,0.0,0.0,0.0,0.0,0.0,0.0,0.0,0.0,0.0
2026-09-28 06:00:00,WP922026(4),37,2026-09-28 12:00:00,0 days 06:00:00,6,17.29,97.23,1006.2,22.0,58.23829121882471,0.0,0.0,0.0,0.0,0.0,0.0,0.0,0.0,0.0,0.0,0.0,0.0
2026-09-28 06:00:00,12,38,2026-10-08 12:00:00,10 days 06:00:00,246,12.73,-94.12,1007.9,23.6,72.41523953602253,0.0,0.0,0.0,0.0,0.0,0.0,0.0,0.0,0.0,0.0,0.0,0.0
2026-09-28 06:00:00,12,38,2026-10-08 18:00:00,10 days 12:00:00,252,12.58,-94.45,1005.8,23.5,172.42317414022094,0.0,0.0,0.0,0.0,0.0,0.0,0.0,0.0,0.0,0.0,0.0,0.0
2026-09-28 06:00:00,12,38,2026-10-09 00:00:00,10 days 18:00:00,258,11.79,-95.29,1002.2,29.1,126.07376112427784,0.0,0.0,0.0,0.0,0.0,0.0,0.0,0.0,0.0,0.0,0.0,0.0
2026-09-28 06:00:00,12,38,2026-10-09 06:00:00,11 days 00:00:00,264,12.18,-95.14,1002.2,34.1,69.83352840942938,69.83352840942938,0.3250632815251819,0.0,5.689118626297884,0.0,0.0,0.0,0.0,0.0,0.0,0.0,0.0
2026-09-28 06:00:00,12,38,2026-10-09 12:00:00,11 days 06:00:00,270,12.1,-95.43,1002.1,32.0,126.49910940264112,0.0,0.0,0.0,0.0,0.0,0.0,0.0,0.0,0.0,0.0,0.0,0.0
2026-09-28 06:00:00,12,38,2026-10-09 18:00:00,11 days 12:00:00,276,11.86,-95.61,1001.1,40.7,111.92493777172308,163.61915773781394,155.38238659692755,123.60860079072742,133.69183538373676,0.0,0.0,0.0,0.0,0.0,0.0,0.0,0.0
2026-09-28 06:00:00,12,38,2026-10-10 00:00:00,11 days 18:00:00,282,12.63,-95.67,998.3,37.0,107.54673323578378,107.54673323578378,80.74644488158825,67.41069412160151,71.09536563381408,0.0,0.0,0.0,0.0,0.0,0.0,0.0,0.0
2026-09-28 06:00:00,12,38,2026-10-10 06:00:00,12 days 00:00:00,288,12.59,-95.73,998.8,36.4,105.7428226684105,105.7428226684105,48.20991548708413,31.082782351339656,47.19164816189134,0.0,0.0,0.0,0.0,0.0,0.0,0.0,0.0
2026-09-28 06:00:00,12,38,2026-10-10 12:00:00,12 days 06:00:00,294,12.6,-95.52,999.5,39.7,85.1412322445402,174.89498802104646,175.9345441057469,144.20362821895918,145.5325061505365,0.0,0.0,0.0,0.0,0.0,0.0,0.0,0.0
2026-09-28 06:00:00,12,38,2026-10-10 18:00:00,12 days 12:00:00,300,12.75,-95.4,999.4,43.4,133.39538082548182,263.83495698935883,255.20740689934556,210.78382064542265,221.9682640458396,0.0,0.0,0.0,0.0,0.0,0.0,0.0,0.0
2026-09-28 06:00:00,12,38,2026-10-11 00:00:00,12 days 18:00:00,306,13.45,-95.63,988.5,60.0,50.97370371872603,193.900181146184,183.85859177070503,137.0580728596924,155.5142855023132,50.97370371872603,0.0,0.0,0.0,0.0,0.0,0.0,0.0
2026-09-28 06:00:00,12,38,2026-10-11 06:00:00,13 days 00:00:00,312,13.84,-95.51,993.0,58.6,32.560407676297565,158.05716932360264,142.66668968267334,109.50500122179324,125.01112999687922,32.560407676297565,0.0,0.0,0.0,0.0,0.0,0.0,0.0
2026-09-28 06:00:00,12,38,2026-10-11 12:00:00,13 days 06:00:00,318,14.06,-95.7,995.5,54.7,14.809432466455656,116.83181229755048,85.59845976655112,53.51051883049027,86.26319883595055,57.40075228082959,44.20718858660705,26.73484748679683,44.94557783914058,0.0,0.0,0.0,0.0
2026-09-28 06:00:00,12,38,2026-10-11 18:00:00,13 days 12:00:00,324,14.95,-95.76,997.0,51.6,16.33655331422058,174.58474732808023,131.48604635804014,90.27621570710356,141.30915176261567,51.09836939241414,39.149928957371614,26.7521898377746,41.88392159552763,0.0,0.0,0.0,0.0
2026-09-28 06:00:00,12,38,2026-10-12 00:00:00,13 days 18:00:00,330,15.54,-96.63,1000.7,43.5,28.122807535589665,71.59875474769262,64.18036414163802,47.360036884292604,53.13855945033429,0.0,0.0,0.0,0.0,0.0,0.0,0.0,0.0
2026-09-28 06:00:00,12,38,2026-10-12 06:00:00,14 days 00:00:00,336,16.12,-96.7,1004.3,35.7,42.151678573291264,42.93440070845827,40.41250398936991,32.77433793664105,39.36723732917656,0.0,0.0,0.0,0.0,0.0,0.0,0.0,0.0
2026-09-28 06:00:00,12,38,2026-10-12 12:00:00,14 days 06:00:00,342,15.87,-97.46,999.6,37.8,37.293238476386136,249.869185619908,235.88250045557012,200.56474839235784,216.32333700107392,0.0,0.0,0.0,0.0,0.0,0.0,0.0,0.0
2026-09-28 06:00:00,12,38,2026-10-12 18:00:00,14 days 12:00:00,348,15.65,-99.22,1006.5,30.1,68.08462164140509,0.0,0.0,0.0,0.0,0.0,0.0,0.0,0.0,0.0,0.0,0.0,0.0
2026-09-28 06:00:00,13,38,2026-10-09 06:00:00,11 days 00:00:00,264,10.87,117.32,1007.7,15.2,89.06653193175487,0.0,0.0,0.0,0.0,0.0,0.0,0.0,0.0,0.0,0.0,0.0,0.0
2026-09-28 06:00:00,13,38,2026-10-09 12:00:00,11 days 06:00:00,270,11.15,116.65,1005.3,17.9,135.7735740599585,0.0,0.0,0.0,0.0,0.0,0.0,0.0,0.0,0.0,0.0,0.0,0.0
2026-09-28 06:00:00,13,38,2026-10-09 18:00:00,11 days 12:00:00,276,12.28,115.91,1006.5,15.2,121.43524295039624,0.0,0.0,0.0,0.0,0.0,0.0,0.0,0.0,0.0,0.0,0.0,0.0
2026-09-28 06:00:00,13,38,2026-10-10 00:00:00,11 days 18:00:00,282,13.77,115.47,1005.4,25.3,120.56489329576584,0.0,0.0,0.0,0.0,0.0,0.0,0.0,0.0,0.0,0.0,0.0,0.0
2026-09-28 06:00:00,13,38,2026-10-10 06:00:00,12 days 00:00:00,288,14.04,114.62,1001.6,26.5,154.88638009841273,0.0,0.0,0.0,0.0,0.0,0.0,0.0,0.0,0.0,0.0,0.0,0.0
2026-09-28 06:00:00,13,38,2026-10-10 12:00:00,12 days 06:00:00,294,14.88,114.15,1003.8,21.9,133.0682017707266,0.0,0.0,0.0,0.0,0.0,0.0,0.0,0.0,0.0,0.0,0.0,0.0
2026-09-28 06:00:00,13,38,2026-10-10 18:00:00,12 days 12:00:00,300,15.54,112.44,1001.4,25.9,95.99824915690591,0.0,0.0,0.0,0.0,0.0,0.0,0.0,0.0,0.0,0.0,0.0,0.0
2026-09-28 06:00:00,13,38,2026-10-11 00:00:00,12 days 18:00:00,306,14.9,111.61,999.6,23.2,92.33990800069186,0.0,0.0,0.0,0.0,0.0,0.0,0.0,0.0,0.0,0.0,0.0,0.0
2026-09-28 06:00:00,13,38,2026-10-11 06:00:00,13 days 00:00:00,312,15.56,111.53,997.1,39.2,124.045905316111,159.15412202002088,153.01908821939756,128.9097732824912,132.73190517616666,0.0,0.0,0.0,0.0,0.0,0.0,0.0,0.0
2026-09-28 06:00:00,13,38,2026-10-11 12:00:00,13 days 06:00:00,318,16.01,111.53,1000.1,31.1,109.70333888726326,0.0,0.0,0.0,0.0,0.0,0.0,0.0,0.0,0.0,0.0,0.0,0.0
2026-09-28 06:00:00,13,38,2026-10-11 18:00:00,13 days 12:00:00,324,16.65,111.29,998.4,36.3,95.88619363626,95.88619363626,0.0,0.0,3.208118439067329,0.0,0.0,0.0,0.0,0.0,0.0,0.0,0.0
2026-09-28 06:00:00,13,38,2026-10-12 00:00:00,13 days 18:00:00,330,17.51,110.7,998.6,39.8,149.934435685815,364.9608156566098,322.4821684303117,246.62453332509128,291.88358383844843,0.0,0.0,0.0,0.0,0.0,0.0,0.0,0.0
2026-09-28 06:00:00,13,38,2026-10-12 06:00:00,14 days 00:00:00,336,18.02,110.2,991.5,51.3,74.96845501837808,135.27873842203132,122.09570763021424,100.43452491127442,115.44074067751558,1.613255064985772,0.4394437983866073,1.066174339184343,74.96845501837808,0.0,0.0,0.0,0.0
2026-09-28 06:00:00,13,38,2026-10-12 12:00:00,14 days 06:00:00,342,18.74,110.48,992.4,40.1,91.5547452438556,98.53418758894944,80.24068743130627,49.35379959440069,80.09437824427472,0.0,0.0,0.0,0.0,0.0,0.0,0.0,0.0
2026-09-28 06:00:00,13,38,2026-10-12 18:00:00,14 days 12:00:00,348,18.68,110.98,998.0,41.2,74.79642386548795,244.68875505363823,239.29461336309816,204.2702137790493,208.56728724671711,0.0,0.0,0.0,0.0,0.0,0.0,0.0,0.0
2026-09-28 06:00:00,13,38,2026-10-13 00:00:00,14 days 18:00:00,354,19.15,110.92,1001.7,33.4,136.1372766723233,0.0,0.0,0.0,0.0,0.0,0.0,0.0,0.0,0.0,0.0,0.0,0.0
2026-09-28 06:00:00,13,38,2026-10-13 06:00:00,15 days 00:00:00,360,19.46,110.93,997.5,33.1,91.04107029501957,0.0,0.0,0.0,0.0,0.0,0.0,0.0,0.0,0.0,0.0,0.0,0.0
2026-09-28 06:00:00,2,38,2026-09-29 00:00:00,0 days 18:00:00,18,15.48,154.61,1004.6,22.8,68.34720748909542,0.0,0.0,0.0,0.0,0.0,0.0,0.0,0.0,0.0,0.0,0.0,0.0
2026-09-28 06:00:00,2,38,2026-09-29 06:00:00,1 days 00:00:00,24,15.33,154.44,1006.0,18.9,79.13547165052233,0.0,0.0,0.0,0.0,0.0,0.0,0.0,0.0,0.0,0.0,0.0,0.0
2026-09-28 06:00:00,2,38,2026-09-29 12:00:00,1 days 06:00:00,30,15.4,154.08,1005.3,22.0,73.56162357008608,0.0,0.0,0.0,0.0,0.0,0.0,0.0,0.0,0.0,0.0,0.0,0.0
2026-09-28 06:00:00,2,38,2026-09-29 18:00:00,1 days 12:00:00,36,15.31,153.76,1001.5,23.3,112.18260363978868,0.0,0.0,0.0,0.0,0.0,0.0,0.0,0.0,0.0,0.0,0.0,0.0
2026-09-28 06:00:00,2,38,2026-09-30 00:00:00,1 days 18:00:00,42,15.74,153.36,1001.8,22.2,126.42345956175382,0.0,0.0,0.0,0.0,0.0,0.0,0.0,0.0,0.0,0.0,0.0,0.0
2026-09-28 06:00:00,2,38,2026-09-30 06:00:00,2 days 00:00:00,48,16.09,152.37,1003.5,29.4,79.5730086877451,0.0,0.0,0.0,0.0,0.0,0.0,0.0,0.0,0.0,0.0,0.0,0.0
2026-09-28 06:00:00,2,38,2026-09-30 12:00:00,2 days 06:00:00,54,16.28,151.57,1004.8,28.8,86.45775679883282,0.0,0.0,0.0,0.0,0.0,0.0,0.0,0.0,0.0,0.0,0.0,0.0
2026-09-28 06:00:00,2,38,2026-09-30 18:00:00,2 days 12:00:00,60,16.55,150.8,998.8,37.4,116.62206741170372,116.62206741170372,0.0,0.0,0.0,0.0,0.0,0.0,0.0,0.0,0.0,0.0,0.0
2026-09-28 06:00:00,2,38,2026-10-01 00:00:00,2 days 18:00:00,66,16.75,149.53,999.2,42.2,107.32480298754864,138.43140081835512,119.49185477088638,95.68219168000864,119.49380677395908,0.0,0.0,0.0,0.0,0.0,0.0,0.0,0.0
2026-09-28 06:00:00,2,38,2026-10-01 06:00:00,3 days 00:00:00,72,16.92,148.87,992.2,49.2,53.97027163975629,134.64977515327143,122.9858796054493,86.13759319097773,109.10739845344662,0.0,0.0,0.0,0.0,0.0,0.0,0.0,0.0
2026-09-28 06:00:00,2,38,2026-10-01 12:00:00,3 days 06:00:00,78,16.89,148.24,988.0,52.7,66.26958003835296,162.62652414194474,149.78196159356204,118.52703621424654,137.4603022513587,66.26958003835296,0.2401282582510617,0.0,0.0,0.0,0.0,0.0,0.0
2026-09-28 06:00:00,2,38,2026-10-01 18:00:00,3 days 12:00:00,84,17.04,147.85,985.9,59.0,38.52300101673727,206.82535710359,179.1309985992329,149.52435976948578,172.5602394695902,49.40169437937794,43.23732444189173,30.662992909365727,39.68498703686315,0.0,0.0,0.0,0.0
2026-09-28 06:00:00,2,38,2026-10-02 00:00:00,3 days 18:00:00,90,17.17,147.73,982.8,66.5,75.43716979220173,208.3821776579681,195.8238256089448,158.98142097360488,176.63942683435852,75.43716979220173,75.43716979220173,15.024310404703126,19.093030404615625,0.1636896281882842,75.43716979220173,0.1355362301416911,0.2414675466487394
2026-09-28 06:00:00,2,38,2026-10-02 06:00:00,4 days 00:00:00,96,17.53,147.64,963.5,83.5,19.49218453232996,273.5052783406161,268.6675249095524,229.7733704648393,229.29032124221104,149.84771128303316,146.74878334965945,127.36528188479198,131.56026168457288,70.51267470789284,69.22486213636648,59.31731005918958,62.3632140626882
2026-09-28 06:00:00,2,38,2026-10-02 12:00:00,4 days 06:00:00,102,17.95,148.06,957.2,97.2,26.94986011747816,300.34398789701794,315.6606427810136,270.61800686189935,266.24625833063726,154.1740572644356,155.11295261630556,133.54169163183042,136.0319902130105,75.8293508341734,75.41876831413624,64.81724273100741,67.40753712601415
2026-09-28 06:00:00,2,38,2026-10-02 18:00:00,4 days 12:00:00,108,18.73,148.5,953.1,105.2,37.04927950395282,357.917355865658,365.6290989284636,296.53728428477075,292.3423703288947,165.74993290209673,168.1573082590054,148.9082344755836,148.92094007366595,104.28008343253316,104.95689838422176,89.72748643571643,93.36190148440538
2026-09-28 06:00:00,2,38,2026-10-03 00:00:00,4 days 18:00:00,114,19.16,148.35,915.1,143.2,13.47625615501468,332.6181410426318,338.9101449841013,303.6006264257765,283.4487263254797,130.5832302923777,135.38501351826517,122.45848884829196,119.54611043960428,73.30765491056249,72.73869652038243,64.71068809607,65.85647752762578
2026-09-28 06:00:00,2,38,2026-10-03 06:00:00,5 days 00:00:00,120,20.0,148.53,907.1,148.1,3.699466125623985,360.6157414762693,392.7549262514967,322.2674413524437,295.1690022821649,97.67290462836172,100.9933671387612,83.20232935995818,83.09124636876368,32.63599755124926,34.40629866027496,30.08823209703337,29.959552596863205
2026-09-28 06:00:00,2,38,2026-10-03 12:00:00,5 days 06:00:00,126,20.68,148.87,928.3,126.9,21.23079595055447,531.5312607593692,550.8865306083005,461.65435413312855,461.45409153699,269.565887655218,279.94182040421634,249.646286752327,240.44298143330556,156.45445221087493,155.7848962480458,134.9040117892875,139.32445114690876
2026-09-28 06:00:00,2,38,2026-10-03 18:00:00,5 days 12:00:00,132,21.79,148.76,904.6,144.5,8.493650139496436,432.3614294916301,432.6718254344727,356.5611230517312,349.8451039099305,163.83642108055335,163.7926057114688,136.9312648042101,143.7249367634817,87.63909519330032,85.8521457664744,74.20888530349322,77.21463090192862
2026-09-28 06:00:00,2,38,2026-10-04 00:00:00,5 days 18:00:00,138,22.63,148.58,909.4,139.2,0.0,450.3800781849434,441.04883366031777,356.0950939765406,368.7906988420812,172.43166628441367,164.5806684409214,133.78039169562018,143.6965273160326,70.31550591361837,67.60382958553961,55.84877995583786,59.73461471537593
2026-09-28 06:00:00,2,38,2026-10-04 06:00:00,6 days 00:00:00,144,23.54,148.4,922.3,121.3,0.0,334.8178125770234,342.5415876657633,248.51499972020127,259.1017394595913,66.7288287166825,59.82619069743916,36.760792837447234,45.26977620401267,10.10234179610931,8.784935615308381,4.396809277359336,5.9068097088710925
2026-09-28 06:00:00,2,38,2026-10-04 12:00:00,6 days 06:00:00,150,24.33,147.87,915.0,134.7,0.0,497.0626023574164,487.5069829583744,415.46182249822425,427.22191644971406,247.6057823734463,242.1082326095857,205.18796001897985,213.16138870410745,123.17096487592798,119.85955881621572,100.90463085017166,106.78360607746242
2026-09-28 06:00:00,2,38,2026-10-04 18:00:00,6 days 12:00:00,156,25.23,147.63,906.2,140.6,4.923648931829341,449.67330070748704,428.8079400026369,376.1100020890872,369.8323407776406,217.5075144755415,210.72436697887863,174.79088184191158,186.6845495612584,122.13547709469898,116.64642233208922,98.02485912404904,105.53870459400154
2026-09-28 06:00:00,2,38,2026-10-05 00:00:00,6 days 18:00:00,162,25.86,147.44,926.7,118.6,14.77861229470154,448.2640523645847,448.7252206731412,380.9955946896938,400.9279458512741,238.6292951897316,233.11941245036843,199.09355351747573,206.95938964181505,133.4474765252965,129.9382018374296,108.47216599898992,115.7487499846363
2026-09-28 06:00:00,2,38,2026-10-05 06:00:00,7 days 00:00:00,168,27.32,147.11,929.1,108.4,1.8163225039927475,445.4552206511133,446.2694757034471,358.1633011168715,364.1171765615352,201.77100236535887,202.9744707586105,168.42552731033618,170.01632915861995,106.7033710239536,106.43743906697584,88.23902729676169,91.17450909946218
2026-09-28 06:00:00,2,38,2026-10-05 12:00:00,7 days 06:00:00,174,28.26,147.05,928.1,109.9,36.52805458854475,440.1624623858363,466.1520827177623,407.909599033911,371.6006006822862,247.5287099656789,254.6883158799156,214.75554459878276,215.10841495990095,127.41795230315208,127.286389597379,107.04248094523126,110.93198991908191
2026-09-28 06:00:00,2,38,2026-10-05 18:00:00,7 days 12:00:00,180,29.11,147.02,952.8,87.3,61.66322142721632,415.5057627302068,437.8599130861086,355.9382130844494,353.4953649282196,229.5011879381892,232.57386662982455,187.84647935759315,195.384820803196,102.47695068783575,103.64824100244728,84.94103963906136,88.77301574655763
2026-09-28 06:00:00,2,38,2026-10-06 00:00:00,7 days 18:00:00,186,30.54,147.28,959.8,84.3,54.3622602752328,515.0426018192522,541.4334250389923,442.957832064088,436.7328964390023,276.87541218136613,297.3716817208146,263.3776877160867,245.96640033141048,162.3614050269437,169.00860257170737,143.46360490685854,144.97764300088647
2026-09-28 06:00:00,2,38,2026-10-06 06:00:00,8 days 00:00:00,192,32.51,147.8,947.3,87.8,65.86924363794004,395.4280121706397,433.2108055894338,381.14200121571054,350.1369145598147,236.86411242713208,253.77532059079863,221.73539289186905,209.37013395909372,126.82486997916428,131.43874059082304,110.7683402358166,112.15867518485965
2026-09-28 06:00:00,2,38,2026-10-06 12:00:00,8 days 06:00:00,198,34.43,148.6,963.0,73.2,59.20381580816719,336.47647786017336,358.40135311514945,278.0556271165883,277.15622111733575,173.2310070917183,179.7700625618192,146.1159633158073,145.05273444735542,55.85912655196167,59.83961124160216,48.68986140597181,47.79925292803618
2026-09-28 06:00:00,2,38,2026-10-06 18:00:00,8 days 12:00:00,204,36.88,150.31,961.0,71.5,58.02522002822536,273.731009274914,319.45887144812696,230.35543129563848,215.052426257138,96.5214151986188,98.80915273372136,69.014380133337,71.78038425134127,2.6232142428254086,58.02522002822536,0.7010525943572503,0.0
2026-09-28 06:00:00,2,38,2026-10-07 00:00:00,8 days 18:00:00,210,39.77,152.6,966.3,65.5,55.72645078612297,371.6310547311616,454.79191127980425,346.8761937442205,303.15327335417305,107.0985211761016,133.165561538576,102.62929703659309,83.33868581170526,0.0,55.72645078612297,3.6970224944177215,0.0
2026-09-28 06:00:00,2,38,2026-10-07 06:00:00,9 days 00:00:00,216,42.94,156.61,971.0,58.1,78.19344373618124,257.52043195383635,331.9415971114103,253.2379464548427,214.47894945011583,59.85463326421708,78.19344373618124,64.88608458612123,47.9107208121933,0.0,0.0,0.0,0.0
2026-09-28 06:00:00,2,38,2026-10-07 12:00:00,9 days 06:00:00,222,46.34,159.99,980.3,49.0,55.55474275277811,0.0,55.55474275277811,13.70316708672908,0.0,0.0,0.0,0.0,0.0,0.0,0.0,0.0,0.0
2026-09-28 06:00:00,2,38,2026-10-07 18:00:00,9 days 12:00:00,228,48.37,161.28,974.0,46.3,115.0474378527847,8.063298810554443,115.0474378527847,3.2353251116818456,0.0,0.0,0.0,0.0,0.0,0.0,0.0,0.0,0.0
2026-09-28 06:00:00,2,38,2026-10-08 00:00:00,9 days 18:00:00,234,52.01,161.37,967.9,51.5,59.33024774374076,59.33024774374076,0.0,1.1628637658362777,0.0,59.33024774374076,0.0,0.0,0.0,0.0,0.0,0.0,0.0
2026-09-28 06:00:00,2,38,2026-10-08 06:00:00,10 days 00:00:00,240,52.96,163.95,958.9,57.7,35.04411257582739,7.7925733420008,11.57665255287196,35.04411257582739,35.04411257582739,1.2958447852079846,1.764438961520245,35.04411257582739,3.512448502525172,0.0,0.0,0.0,0.0
2026-09-28 06:00:00,2,38,2026-10-08 12:00:00,10 days 06:00:00,246,53.08,164.58,971.9,48.3,84.98728324819194,84.98728324819194,5.429293409009119,0.0,9.002654549436329,0.0,0.0,0.0,0.0,0.0,0.0,0.0,0.0
2026-09-28 06:00:00,2,38,2026-10-08 18:00:00,10 days 12:00:00,252,50.79,169.13,971.1,39.1,159.1478011615869,11.068583799158642,7.653153458935886,6.634979842894605,159.1478011615869,0.0,0.0,0.0,0.0,0.0,0.0,0.0,0.0
2026-09-28 06:00:00,AL062026,38,2026-09-28 06:00:00,0 days 00:00:00,0,28.3,-43.8,1012.0,25.0,56.0,0.0,0.0,0.0,0.0,0.0,0.0,0.0,0.0,0.0,0.0,0.0,0.0
2026-09-28 06:00:00,AL062026,38,2026-09-28 12:00:00,0 days 06:00:00,6,27.31,-43.83,1010.9,23.8,53.67952107848584,0.0,0.0,0.0,0.0,0.0,0.0,0.0,0.0,0.0,0.0,0.0,0.0
2026-09-28 06:00:00,AL062026,38,2026-09-28 18:00:00,0 days 12:00:00,12,26.92,-44.72,1011.3,24.8,85.57555544210425,0.0,0.0,0.0,0.0,0.0,0.0,0.0,0.0,0.0,0.0,0.0,0.0
2026-09-28 06:00:00,AL062026,38,2026-09-29 00:00:00,0 days 18:00:00,18,26.12,-45.62,1008.7,30.4,87.92152200649885,0.0,0.0,0.0,0.0,0.0,0.0,0.0,0.0,0.0,0.0,0.0,0.0
2026-09-28 06:00:00,AL062026,38,2026-09-29 06:00:00,1 days 00:00:00,24,25.46,-46.67,1010.4,31.7,48.10150377370067,0.0,0.0,0.0,0.0,0.0,0.0,0.0,0.0,0.0,0.0,0.0,0.0
2026-09-28 06:00:00,AL912026(2),38,2026-09-28 06:00:00,0 days 00:00:00,0,36.3,-53.1,1013.0,29.0,148.0,0.0,0.0,0.0,0.0,0.0,0.0,0.0,0.0,0.0,0.0,0.0,0.0
2026-09-28 06:00:00,EP152026(2),38,2026-09-28 06:00:00,0 days 00:00:00,0,16.4,-160.8,929.0,134.0,28.0,241.0,185.0,148.0,204.0,93.0,74.0,74.0,93.0,56.0,46.0,37.0,46.0
2026-09-28 06:00:00,EP152026(2),38,2026-09-28 12:00:00,0 days 06:00:00,6,16.92,-161.73,947.7,124.1,36.879387332332,260.2486769893342,196.14180394741663,155.26982353670326,232.9078584833711,127.94589318548256,100.02622679945624,76.11141380669306,112.4363835878006,68.32066397304234,56.25773279392472,45.37804410353158,58.96301515080266
2026-09-28 06:00:00,EP152026(2),38,2026-09-28 18:00:00,0 days 12:00:00,12,17.38,-162.51,939.0,127.6,19.37500117923869,229.17513427269284,163.8675903057832,118.70233666019168,193.80605354463623,70.80423491163734,42.95306743127682,28.47325683453916,61.28053631828056,38.254038936503605,27.89078687092376,20.66923379777936,33.283009204575706
2026-09-28 06:00:00,EP152026(2),38,2026-09-29 00:00:00,0 days 18:00:00,18,18.33,-163.09,948.1,116.0,15.889181920844573,204.8627550541028,156.15709358748626,88.02376196586866,173.27249037845377,120.52412095738516,93.59805735338776,64.70276775629003,101.14240873502622,58.40557549935711,45.90527183331336,36.04097871320938,47.92591405060605
2026-09-28 06:00:00,EP152026(2),38,2026-09-29 06:00:00,1 days 00:00:00,24,19.28,-163.44,954.0,106.7,12.681286067076714,220.42748929049984,198.6775686051309,118.90580293547131,197.28509002354247,105.8399757758222,89.99503764113828,65.19734394910168,89.35091576305129,51.641708769700486,45.65220792621744,35.67880024498476,44.37273722210821
2026-09-28 06:00:00,EP152026(2),38,2026-09-29 12:00:00,1 days 06:00:00,30,19.92,-163.81,962.9,101.1,23.069306233558507,241.48393419652427,213.9723634967229,142.12515615431573,206.808208639525,132.35549762827247,113.1492175824822,86.81845092634074,109.64082897900424,62.66348336693315,56.14768407700686,45.74954783854335,53.53029047545277
2026-09-28 06:00:00,EP152026(2),38,2026-09-29 18:00:00,1 days 12:00:00,36,20.87,-163.76,961.5,98.3,19.87470733421048,168.22550621961005,161.39943156658956,101.20731295408888,129.9003016144594,78.52649128366876,68.54953716464006,53.30055025743621,67.86792004263975,36.5198805577122,31.95223765726064,26.811299840814016,30.678790568584645
2026-09-28 06:00:00,EP152026(2),38,2026-09-30 00:00:00,1 days 18:00:00,42,21.45,-163.69,974.3,83.9,23.41071578448007,204.36308858556268,210.41362419644025,150.3629026112801,157.5145264795178,77.6945236365643,76.0010433794625,55.47133074229455,59.42861161559005,27.822947598749384,28.3382576247485,21.93809042839621,22.640776491844026
2026-09-28 06:00:00,EP152026(2),38,2026-09-30 06:00:00,2 days 00:00:00,48,22.08,-163.48,980.9,74.9,41.804640976346406,210.4049638590619,186.67096435055043,123.45039703570464,155.1786342362827,87.80525594590827,80.85701530914301,60.34616309533968,69.96175931386506,13.968571529405226,41.804640976346406,10.813256024555583,11.160927919932714
2026-09-28 06:00:00,EP152026(2),38,2026-09-30 12:00:00,2 days 06:00:00,54,22.14,-163.38,978.7,74.5,42.27334839321792,318.9653692816549,311.1067500192297,257.7617721719527,269.6170494669727,189.9526473531376,187.5555079510135,158.69657661185693,166.86640443287712,80.74957111417234,79.96315934012574,67.80874764293807,70.82431136947017
2026-09-28 06:00:00,EP152026(2),38,2026-09-30 18:00:00,2 days 12:00:00,60,22.42,-162.85,983.3,65.5,66.7799597881143,206.6231249830261,197.67847850881992,150.12745940279478,161.3658498263011,73.40148858835067,69.58826290369313,53.04647509426138,59.05349341276997,3.5507041408214004,66.7799597881143,3.734939924464875,2.260141058549662
2026-09-28 06:00:00,EP152026(2),38,2026-10-01 00:00:00,2 days 18:00:00,66,22.82,-163.27,986.7,57.2,91.57922939060174,297.9093397170052,235.9040712810994,166.49402395778225,239.92608922400245,129.8935413458155,113.23330391563977,83.66177014528523,106.0316237713933,0.0,0.0,0.0,0.0
2026-09-28 06:00:00,EP152026(2),38,2026-10-01 06:00:00,3 days 00:00:00,72,22.9,-163.48,992.2,52.3,37.045496112906925,189.27484733576657,170.82046222679347,130.03922477731214,165.0817497846869,37.045496112906925,5.196294717859204,1.697753926640753,6.034252779144933,0.0,0.0,0.0,0.0
2026-09-28 06:00:00,EP152026(2),38,2026-10-01 12:00:00,3 days 06:00:00,78,23.54,-164.29,992.9,51.0,95.04091206587856,167.77870130202808,138.25053020027008,109.04479526951296,141.88202692532207,0.8328726490372009,0.0,0.0,95.04091206587856,0.0,0.0,0.0,0.0
2026-09-28 06:00:00,EP152026(2),38,2026-10-01 18:00:00,3 days 12:00:00,84,24.39,-165.3,993.0,51.0,55.17776558797641,163.83912541074642,150.4263277385162,114.78961033881023,132.18036785676213,55.17776558797641,0.1991362350630652,0.0,0.0,0.0,0.0,0.0,0.0
2026-09-28 06:00:00,EP152026(2),38,2026-10-02 00:00:00,3 days 18:00:00,90,24.48,-166.27,991.6,61.7,65.1356278961969,157.9054847651099,121.45848527890668,85.82345399693858,118.31180538628624,65.1356278961969,28.40001868825602,18.26761694699699,26.75047409717113,0.0,0.0,0.0,0.0
2026-09-28 06:00:00,EP152026(2),38,2026-10-02 06:00:00,4 days 00:00:00,96,25.01,-166.82,995.4,45.9,59.56215114660289,238.33962444593965,183.4519373443009,144.16499859921322,201.730480296824,0.0,0.0,0.0,0.0,0.0,0.0,0.0,0.0
2026-09-28 06:00:00,EP152026(2),38,2026-10-02 12:00:00,4 days 06:00:00,102,25.12,-167.22,989.6,57.5,61.62295346267918,279.748746639113,236.21972261481525,196.009907396559,250.06804427252288,72.66053003557592,61.50923409525858,42.13421611115881,60.83823619038008,0.0,0.0,0.0,0.0
2026-09-28 06:00:00,EP152026(2),38,2026-10-02 18:00:00,4 days 12:00:00,108,24.97,-168.16,985.4,60.9,69.5596282068679,188.24905538157884,140.7136868020408,119.50077291129573,167.5788028121874,75.06198194227579,62.398890099772586,46.08353904206615,62.20542657674696,0.0,0.0,0.0,0.0
2026-09-28 06:00:00,EP152026(2),38,2026-10-03 00:00:00,4 days 18:00:00,114,25.1,-168.76,983.3,60.6,44.31170453353399,168.63026017869947,141.7262347693934,132.39642722628406,148.30489058353237,44.31170453353399,20.05731758071928,15.063229422218312,20.084851264082157,0.0,0.0,0.0,0.0
2026-09-28 06:00:00,EP152026(2),38,2026-10-03 06:00:00,5 days 00:00:00,120,24.55,-169.15,988.1,58.3,27.385826966953616,232.93455099520588,205.93416920992476,177.8887347556963,221.22254663500823,100.90624079349226,87.78538567848105,65.46908137917355,86.12366555344465,0.0,0.0,0.0,0.0
2026-09-28 06:00:00,EP152026(2),38,2026-10-03 12:00:00,5 days 06:00:00,126,24.85,-170.22,988.1,64.4,30.84281281272512,219.87740808336412,174.0147328517014,136.8326257886268,203.81549032383103,80.96477197421513,64.2888101751976,45.95846508546296,67.88246623433211,30.84281281272512,0.2000767225290178,0.0,2.8721220866869848
2026-09-28 06:00:00,EP152026(2),38,2026-10-03 18:00:00,5 days 12:00:00,132,24.74,-171.62,980.5,72.8,49.5982209709841,182.2549144027981,130.932144596623,104.35220604136153,154.45725104422615,52.50838663008601,39.126043189797024,27.31512952219316,43.58857172577319,49.5982209709841,0.0,0.0,1.945105215306102
2026-09-28 06:00:00,EP152026(2),38,2026-10-04 00:00:00,5 days 18:00:00,138,24.65,-173.74,979.6,72.8,18.93380222299932,228.66559856001788,183.60256266174704,148.92983386382633,218.14735335934847,60.16099872164801,45.42807014950472,31.64524981430273,50.76486704511791,18.93380222299932,0.6099368690803377,0.0,3.653028655010672
2026-09-28 06:00:00,EP152026(2),38,2026-10-04 06:00:00,6 days 00:00:00,144,24.42,-175.31,982.5,66.2,12.741816869480726,249.4051133755402,195.8741147581057,154.127337390874,217.81986366306228,66.21330182082436,52.5575225437604,36.020530171822635,53.28948603323448,12.741816869480726,0.0,0.0,1.085866517672872
2026-09-28 06:00:00,EP152026(2),38,2026-10-04 12:00:00,6 days 06:00:00,150,24.68,-176.5,979.9,69.2,30.50791047136761,257.2515262953188,220.78422663917547,185.07719810603624,230.65874488687763,54.60522061738544,43.824356833987466,29.074775119406027,43.50207983782684,30.50791047136761,0.0,0.0,0.3302766030856121
2026-09-28 06:00:00,EP152026(2),38,2026-10-04 18:00:00,6 days 12:00:00,156,25.11,-177.89,976.3,78.2,26.000112663834766,203.1399954759937,165.53636780210053,116.4678781939112,178.84339824239868,86.7884746863927,68.63687776586133,46.74046402705574,69.63824750406809,28.79317772375921,23.0748889083824,15.95427598448122,24.079888221309687
2026-09-28 06:00:00,EP152026(2),38,2026-10-05 00:00:00,6 days 18:00:00,162,25.55,-179.18,978.1,75.5,15.267419452845845,168.3985425435967,145.34405698191858,96.8669359662872,141.55694394025977,43.88048405711584,31.68659262444089,20.70418859633901,31.006591724966484,15.267419452845845,4.264623288232073,2.112475785836168,5.20463645480217
2026-09-28 06:00:00,EP152026(2),38,2026-10-05 06:00:00,7 days 00:00:00,168,26.08,179.81,973.7,81.8,37.06286841812266,201.14031747987303,153.99272474776396,85.48136590500548,163.7678004704022,89.56246479567457,68.46075787836688,42.97141309747448,71.18098555720219,37.06286841812266,24.50663114489111,17.05630930168617,26.38676052170866
2026-09-28 06:00:00,EP152026(2),38,2026-10-05 12:00:00,7 days 06:00:00,174,26.58,178.62,978.6,70.3,29.530814401135032,275.41069996176105,233.073562576068,170.32714935743843,220.07122441154812,64.77451838324599,47.26469815368328,27.394164789309976,48.80397517591281,29.530814401135032,0.5906188550601151,0.0,2.8728060843710117
2026-09-28 06:00:00,EP152026(2),38,2026-10-05 18:00:00,7 days 12:00:00,180,26.98,177.8,981.5,63.6,9.537664110932552,219.1937222824415,192.41447533607084,124.40314963385993,154.00944378974555,93.65185143240365,81.20799720350453,55.65184759565852,70.69481905030966,0.0,0.0,0.0,0.0
2026-09-28 06:00:00,EP152026(2),38,2026-10-06 00:00:00,7 days 18:00:00,186,27.19,176.42,984.1,68.8,32.73332599587354,246.83553737297643,200.1464416580402,152.25277670336672,213.4482239299929,73.92646711987749,55.07284308222614,38.97343166750942,58.46554795017992,32.73332599587354,15.245212426384724,9.992364624549936,16.458059693606426
2026-09-28 06:00:00,EP152026(2),38,2026-10-06 06:00:00,8 days 00:00:00,192,27.26,175.24,964.3,100.8,27.560770404241463,161.65608464658567,125.55618160104078,114.55244868587208,153.4623639227842,63.406450954998185,49.19709611657068,42.308310311018616,56.56322380509036,41.37063278211451,34.86965604139017,28.77321576327492,36.31991966035753
2026-09-28 06:00:00,EP152026(2),38,2026-10-06 12:00:00,8 days 06:00:00,198,26.74,173.83,978.6,74.9,28.40850143220976,181.54046374262904,135.36444516768114,106.0552121672124,158.33730610829292,67.17796620003227,50.61982943904721,38.09618084833595,56.00893813122141,28.40850143220976,15.137588518818545,11.516145163502989,16.735121129627498
2026-09-28 06:00:00,EP152026(2),38,2026-10-06 18:00:00,8 days 12:00:00,204,26.81,172.44,976.3,76.4,36.34255618381445,108.08681510373236,81.28635024781977,65.2544469188272,103.41512384962688,36.34255618381445,0.0,0.0,36.34255618381445,0.9627426542577489,0.0,0.0,36.34255618381445
2026-09-28 06:00:00,EP152026(2),38,2026-10-07 00:00:00,8 days 18:00:00,210,26.78,170.73,989.5,56.0,27.53523853742714,205.3933080914796,181.96046100344785,168.19227186639347,189.6575020657056,27.53523853742714,0.0,0.0,0.7238979836131358,0.0,0.0,0.0,0.0
2026-09-28 06:00:00,EP152026(2),38,2026-10-07 06:00:00,9 days 00:00:00,216,26.94,169.34,997.6,43.8,42.60751923878462,104.92283655251468,78.17535105896667,63.794757976865945,92.81355385513804,0.0,0.0,0.0,0.0,0.0,0.0,0.0,0.0
2026-09-28 06:00:00,EP152026(2),38,2026-10-07 12:00:00,9 days 06:00:00,222,26.93,167.48,1005.1,35.7,62.62915466990494,62.62915466990494,0.0,0.0,3.664548612110181,0.0,0.0,0.0,0.0,0.0,0.0,0.0,0.0
2026-09-28 06:00:00,EP152026(2),38,2026-10-07 18:00:00,9 days 12:00:00,228,27.3,166.13,1007.3,31.8,50.4261680579456,0.0,0.0,0.0,0.0,0.0,0.0,0.0,0.0,0.0,0.0,0.0,0.0
2026-09-28 06:00:00,EP152026(2),38,2026-10-08 00:00:00,9 days 18:00:00,234,27.54,165.36,1005.9,27.4,55.61794262649947,0.0,0.0,0.0,0.0,0.0,0.0,0.0,0.0,0.0,0.0,0.0,0.0
2026-09-28 06:00:00,EP152026(2),38,2026-10-08 06:00:00,10 days 00:00:00,240,27.97,164.51,1006.0,30.3,31.020004511227285,0.0,0.0,0.0,0.0,0.0,0.0,0.0,0.0,0.0,0.0,0.0,0.0
2026-09-28 06:00:00,EP152026(2),38,2026-10-08 12:00:00,10 days 06:00:00,246,27.71,163.78,1007.8,29.7,53.96104144828229,0.0,0.0,0.0,0.0,0.0,0.0,0.0,0.0,0.0,0.0,0.0,0.0
2026-09-28 06:00:00,EP152026(2),38,2026-10-08 18:00:00,10 days 12:00:00,252,27.67,162.78,1004.2,27.6,86.88168941180396,0.0,0.0,0.0,0.0,0.0,0.0,0.0,0.0,0.0,0.0,0.0,0.0
2026-09-28 06:00:00,EP152026(2),38,2026-10-09 00:00:00,10 days 18:00:00,258,27.56,161.93,1006.1,24.5,105.7852495412056,0.0,0.0,0.0,0.0,0.0,0.0,0.0,0.0,0.0,0.0,0.0,0.0
2026-09-28 06:00:00,EP152026(2),38,2026-10-09 06:00:00,11 days 00:00:00,264,27.41,161.01,1008.8,21.4,41.107136327654885,0.0,0.0,0.0,0.0,0.0,0.0,0.0,0.0,0.0,0.0,0.0,0.0
2026-09-28 06:00:00,EP152026(2),38,2026-10-09 12:00:00,11 days 06:00:00,270,27.77,159.79,1009.0,22.5,102.62314718860988,0.0,0.0,0.0,0.0,0.0,0.0,0.0,0.0,0.0,0.0,0.0,0.0
2026-09-28 06:00:00,EP152026(2),38,2026-10-09 18:00:00,11 days 12:00:00,276,27.5,158.54,1005.6,26.2,112.4393866348583,0.0,0.0,0.0,0.0,0.0,0.0,0.0,0.0,0.0,0.0,0.0,0.0
2026-09-28 06:00:00,EP152026(2),38,2026-10-10 00:00:00,11 days 18:00:00,282,27.57,157.18,1004.2,21.4,134.40540666761373,0.0,0.0,0.0,0.0,0.0,0.0,0.0,0.0,0.0,0.0,0.0,0.0
2026-09-28 06:00:00,EP152026(2),38,2026-10-10 06:00:00,12 days 00:00:00,288,28.1,156.64,1002.5,26.5,90.82360617820252,0.0,0.0,0.0,0.0,0.0,0.0,0.0,0.0,0.0,0.0,0.0,0.0
2026-09-28 06:00:00,EP152026(2),38,2026-10-10 12:00:00,12 days 06:00:00,294,28.21,155.78,1008.4,22.1,102.0350365647414,0.0,0.0,0.0,0.0,0.0,0.0,0.0,0.0,0.0,0.0,0.0,0.0
2026-09-28 06:00:00,EP152026(2),38,2026-10-10 18:00:00,12 days 12:00:00,300,29.64,154.72,1005.9,21.7,128.27785604776727,0.0,0.0,0.0,0.0,0.0,0.0,0.0,0.0,0.0,0.0,0.0,0.0
2026-09-28 06:00:00,EP152026(2),38,2026-10-11 00:00:00,12 days 18:00:00,306,30.41,154.83,1004.2,19.5,125.85258487380544,0.0,0.0,0.0,0.0,0.0,0.0,0.0,0.0,0.0,0.0,0.0,0.0
2026-09-28 06:00:00,EP152026(2),38,2026-10-11 06:00:00,13 days 00:00:00,312,31.27,155.53,1003.1,27.6,74.8507072809242,0.0,0.0,0.0,0.0,0.0,0.0,0.0,0.0,0.0,0.0,0.0,0.0
2026-09-28 06:00:00,EP152026(2),38,2026-10-11 12:00:00,13 days 06:00:00,318,32.42,156.79,1002.0,26.8,87.45400569670198,0.0,0.0,0.0,0.0,0.0,0.0,0.0,0.0,0.0,0.0,0.0,0.0
2026-09-28 06:00:00,EP172026,38,2026-09-28 06:00:00,0 days 00:00:00,0,23.2,-114.0,955.0,105.0,28.0,167.0,148.0,148.0,148.0,102.0,93.0,83.0,83.0,65.0,65.0,65.0,65.0
2026-09-28 06:00:00,EP172026,38,2026-09-28 12:00:00,0 days 06:00:00,6,23.92,-113.88,973.7,87.6,0.0,201.4391919122008,203.67620537691045,124.17352230314016,133.66168213483886,75.96046592337102,75.19273907196856,56.60380998957372,58.75277392028215,30.528536387121772,30.772761052412704,23.947855672693603,25.38497404917694
2026-09-28 06:00:00,EP172026,38,2026-09-28 18:00:00,0 days 12:00:00,12,24.65,-113.43,968.8,79.6,26.26989610984142,199.3206200496385,219.60913380188296,154.68908524876585,145.01580891648865,101.150365823933,100.5747489112442,78.30934788469344,78.25632685212327,43.14538462856417,43.90117173502865,35.365333619295654,35.46468507159052
2026-09-28 06:00:00,EP172026,38,2026-09-29 00:00:00,0 days 18:00:00,18,24.96,-113.16,980.8,62.0,70.92480356186962,111.23825866013946,102.35668910342211,56.60300461004638,77.03084866751433,70.92480356186962,17.33550075193416,4.642836068685108,16.377100573378737,0.0,0.0,0.0,0.0
2026-09-28 06:00:00,EP172026,38,2026-09-29 06:00:00,1 days 00:00:00,24,26.23,-112.43,988.7,53.1,49.37241293552971,131.19730203330082,150.98349756862046,104.22181648051397,105.93938949005393,49.37241293552971,4.92611762374893,5.760625960960841,3.219577754272881,0.0,0.0,0.0,0.0
2026-09-28 06:00:00,EP172026,38,2026-09-29 12:00:00,1 days 06:00:00,30,26.43,-111.86,994.7,46.4,20.23910529557905,102.5645258156806,101.48129920999126,69.93100566142736,90.07516469362142,0.0,0.0,0.0,0.0,0.0,0.0,0.0,0.0
2026-09-28 06:00:00,EP172026,38,2026-09-29 18:00:00,1 days 12:00:00,36,28.38,-110.64,994.4,35.3,57.44476372283634,6.211629434736111,57.44476372283634,1.7841799921301202,0.0,0.0,0.0,0.0,0.0,0.0,0.0,0.0,0.0
2026-09-28 06:00:00,EP182026,38,2026-09-28 06:00:00,0 days 00:00:00,0,13.2,-100.0,1001.0,41.0,93.0,222.0,185.0,148.0,222.0,0.0,0.0,0.0,0.0,0.0,0.0,0.0,0.0
2026-09-28 06:00:00,EP182026,38,2026-09-28 12:00:00,0 days 06:00:00,6,13.14,-100.69,996.3,47.7,54.179866320082,160.56619581607652,145.5060333693964,114.60823761152189,137.48711045624168,0.0,0.0,0.0,0.0,0.0,0.0,0.0,0.0
2026-09-28 06:00:00,EP182026,38,2026-09-28 18:00:00,0 days 12:00:00,12,13.77,-101.51,994.2,46.9,98.38210758948192,184.06680369337775,165.78616628811525,131.36636617433714,152.19617196636057,0.0,0.0,0.0,0.0,0.0,0.0,0.0,0.0
2026-09-28 06:00:00,EP182026,38,2026-09-29 00:00:00,0 days 18:00:00,18,14.6,-102.77,994.6,53.6,79.03255947890405,153.9000746801302,131.75883560368973,92.83621219586786,119.01147598215772,79.03255947890405,0.0,0.0,0.0,0.0,0.0,0.0,0.0
2026-09-28 06:00:00,EP182026,38,2026-09-29 06:00:00,1 days 00:00:00,24,15.18,-103.73,997.8,42.6,69.74471393672358,193.049654477594,186.3584860356788,157.6040685436563,166.04235030435137,0.0,0.0,0.0,0.0,0.0,0.0,0.0,0.0
2026-09-28 06:00:00,EP182026,38,2026-09-29 12:00:00,1 days 06:00:00,30,15.48,-104.77,994.1,51.7,53.87146079752637,185.23263615786368,163.02170751033424,129.6429653462198,159.60381034170996,53.87146079752637,0.0,0.0,0.2978212825425634,0.0,0.0,0.0,0.0
2026-09-28 06:00:00,EP182026,38,2026-09-29 18:00:00,1 days 12:00:00,36,15.93,-105.63,993.7,52.0,108.38258779502904,232.67686651658715,210.2030375558319,164.41814705190498,191.9637754443988,108.38258779502904,0.0,0.0,0.4611547766799937,0.0,0.0,0.0,0.0
2026-09-28 06:00:00,EP182026,38,2026-09-30 00:00:00,1 days 18:00:00,42,16.46,-106.33,976.4,79.1,26.384865192453184,224.24223015287717,175.85821168107006,114.41156886754167,170.39900524990955,101.92813563234448,81.98115224490857,60.3419830789383,83.20260463170479,45.484323234717245,39.1737425566546,30.408955600217663,38.87064463537028
2026-09-28 06:00:00,EP182026,38,2026-09-30 06:00:00,2 days 00:00:00,48,17.19,-106.78,975.8,74.1,32.3221011340986,203.29543455731616,176.9810697647331,123.59229960265657,173.25155670882395,98.20620461052796,82.36466789907104,60.257405659295046,80.05163120225734,33.42743495670777,29.85295100132771,21.99811860791505,29.009861533684894
2026-09-28 06:00:00,EP182026,38,2026-09-30 12:00:00,2 days 06:00:00,54,17.85,-107.36,960.8,101.9,13.205089671107784,238.27649301032557,209.3952969296996,152.04920466053508,186.9921478063628,102.38387262009536,88.27375295820858,64.8149143556914,85.16720240851382,47.113880733910925,41.59993134400389,32.457926063366166,40.41976444263991
2026-09-28 06:00:00,EP182026,38,2026-09-30 18:00:00,2 days 12:00:00,60,17.8,-107.54,957.9,106.6,27.29360128944977,196.46491379620707,167.47857733512825,161.88374461421571,195.3815590567437,127.36126123221402,113.35167250385793,89.55859615872959,114.22466299894896,62.55859669938081,55.83563846896119,45.76367485433375,54.76744211923032
2026-09-28 06:00:00,EP182026,38,2026-10-01 00:00:00,2 days 18:00:00,66,18.0,-107.53,960.7,97.8,28.704734297077124,232.982296810324,234.3226445991287,225.975741375052,215.1677791609349,118.09110715674566,118.77993222156196,108.95163723742772,107.88475986514467,67.43576286623473,66.3000925021129,58.96012961537127,59.93786025277615
2026-09-28 06:00:00,EP182026,38,2026-10-01 06:00:00,3 days 00:00:00,72,18.14,-107.43,974.9,80.4,36.32321859525398,225.6390077152409,228.1772672152457,206.6586315242707,200.62442519106483,126.45019742730476,122.05998823620426,102.70105990182392,109.48297567915914,55.849132390400655,54.384897934292304,44.95260621284974,49.01752362690856
2026-09-28 06:00:00,EP182026,38,2026-10-01 12:00:00,3 days 06:00:00,78,18.24,-107.77,975.2,75.7,89.87926390215301,207.90220849043988,177.4985051009237,137.3458824489776,157.29292638193715,90.18921172303055,77.88166134338121,64.28863719715287,75.38663064256485,89.87926390215301,27.2947466554416,22.24432684530117,25.21667529500128
2026-09-28 06:00:00,EP182026,38,2026-10-01 18:00:00,3 days 12:00:00,84,18.27,-107.69,973.5,72.2,19.86338022165849,175.3232919703025,164.942033227768,164.58887380192488,164.30687832651697,120.61667063747528,121.00331287513362,102.95189844182444,107.12927865058134,55.42119297857837,54.44825896766148,46.650765453140735,48.55339411672472
2026-09-28 06:00:00,EP182026,38,2026-10-02 00:00:00,3 days 18:00:00,90,18.48,-107.75,978.8,74.5,28.56282097449956,212.09057814695024,205.35137154250756,166.17295176037334,177.18556652125426,87.5130675354759,80.25769989522178,63.038677570911005,73.40684220257887,28.56282097449956,23.275621861149062,18.46820424733897,20.84432766218572
2026-09-28 06:00:00,EP182026,38,2026-10-02 06:00:00,4 days 00:00:00,96,18.52,-107.8,986.8,56.4,45.03714860725718,219.85554800751004,217.63146160342663,204.29278138718337,199.3896583550788,66.12447846772322,64.21356716823985,49.90142967119112,53.808326553439485,0.0,0.0,0.0,0.0
2026-09-28 06:00:00,EP182026,38,2026-10-02 12:00:00,4 days 06:00:00,102,18.42,-107.65,986.5,57.2,30.72051245270684,164.03777104648708,163.79496397840984,135.9872366206261,143.01382334363456,65.437709205107,59.59199553634552,44.252471405337545,52.12977941890465,0.0,0.0,0.0,0.0
2026-09-28 06:00:00,EP182026,38,2026-10-02 18:00:00,4 days 12:00:00,108,18.3,-107.76,990.7,55.6,62.69843593571138,162.3651188710165,143.4767437227954,120.92021914585833,137.64170394781527,62.69843593571138,49.34787527463364,35.21032191811449,43.73139160932319,0.0,0.0,0.0,0.0
2026-09-28 06:00:00,EP182026,38,2026-10-03 00:00:00,4 days 18:00:00,114,18.18,-107.59,990.6,51.9,19.96985260871661,154.43621969517503,145.26830469229242,133.714884683766,139.4760029097252,25.98918422826761,24.41790882293939,17.512098995464115,20.50093355071745,0.0,0.0,0.0,0.0
2026-09-28 06:00:00,EP182026,38,2026-10-03 06:00:00,5 days 00:00:00,120,18.05,-107.68,989.2,56.5,32.973782165393544,175.5236486234371,170.56529362247028,167.92640563260966,168.94773583888855,87.2534367736746,83.07543493891214,68.2194817580358,72.25806087923164,0.0,0.0,0.0,0.0
2026-09-28 06:00:00,EP182026,38,2026-10-03 12:00:00,5 days 06:00:00,126,18.15,-107.55,987.4,66.2,47.2662401237125,187.75173554285143,211.17665280838497,177.72185413034262,160.80371774491817,47.2662401237125,16.71491190606763,12.119022201566946,11.212259504202247,47.2662401237125,0.0,0.0,0.0
2026-09-28 06:00:00,EP182026,38,2026-10-03 18:00:00,5 days 12:00:00,132,18.44,-107.16,977.6,79.6,17.21043388976635,159.1421634584163,142.36928973180852,121.03149798025362,139.43352439520828,93.28061723203535,87.05862381953924,67.93080218172548,81.0128345523224,33.049651828247704,29.955356238974943,24.596239345734304,28.068915621633103
2026-09-28 06:00:00,EP182026,38,2026-10-04 00:00:00,5 days 18:00:00,138,18.54,-107.24,980.9,73.1,14.15866254870457,105.80561574986432,108.92023958071366,100.68483263726452,90.17124537557308,54.77743914958128,52.7149017213782,42.4840826240313,47.14175828297894,15.318042648421644,14.264989999609693,12.649728608106564,12.99050306390981
2026-09-28 06:00:00,EP182026,38,2026-10-04 06:00:00,6 days 00:00:00,144,18.46,-107.16,987.9,63.2,11.942377529670704,100.87521887725552,106.21890187160515,91.7235888927656,93.45098813682492,39.54658390225235,40.47766529721547,29.028087401748294,32.914479798226616,0.0,0.0,0.0,0.0
2026-09-28 06:00:00,EP182026,38,2026-10-04 12:00:00,6 days 06:00:00,150,18.24,-106.96,983.2,72.6,22.64649063700314,80.50440468234329,86.33525351619791,73.39121742771363,82.09350580594783,52.6957325301045,51.79843995759363,40.43493370042035,44.11378087681316,22.64649063700314,16.33093774709372,13.097181222081687,13.85698478422749
2026-09-28 06:00:00,EP182026,38,2026-10-04 18:00:00,6 days 12:00:00,156,18.4,-106.86,991.7,62.3,40.70771158935557,104.20962795601594,105.49127842423984,106.59423094524158,108.60920620198698,62.01191459521498,59.02057976764637,49.36665708173898,54.0588455160028,0.0,0.0,0.0,0.0
2026-09-28 06:00:00,EP182026,38,2026-10-05 00:00:00,6 days 18:00:00,162,18.26,-106.62,982.9,64.4,15.45225354316267,114.5089846009708,127.82605359237677,126.87849659331472,117.76271762299416,34.926874797106755,35.17924396929254,30.93449837293568,29.54957509515433,1.818678127716092,2.867621111163702,15.45225354316267,1.0083175851678945
2026-09-28 06:00:00,EP182026,38,2026-10-05 06:00:00,7 days 00:00:00,168,18.12,-106.5,981.2,77.1,52.64013281743689,113.970465755134,108.44341972897574,113.56271310072388,124.11635464312492,61.00753090055189,59.85916092289757,49.883283397933184,55.479758566857086,52.64013281743689,26.426088184189474,22.77373873583865,23.794170075891508
2026-09-28 06:00:00,EP182026,38,2026-10-05 12:00:00,7 days 06:00:00,174,18.15,-106.6,961.3,94.4,22.385808454068453,117.01006657458036,99.55582860742652,96.86429749784014,113.5086656578983,44.87996663562047,39.39652923976476,35.90636606699486,41.6080689168401,32.314736439429886,29.802098632920785,24.958659667613425,29.09352942458713
2026-09-28 06:00:00,EP182026,38,2026-10-05 18:00:00,7 days 12:00:00,180,18.43,-106.87,968.5,92.7,15.106580255755604,156.97792942072357,137.38363769588685,111.86004256851024,127.01498752587956,74.43155182296668,67.37616913468486,56.57286716859093,67.28074901370104,45.46955047274829,42.528900067302,35.27148526511918,40.08899788376895
2026-09-28 06:00:00,EP182026,38,2026-10-06 00:00:00,7 days 18:00:00,186,18.36,-107.46,978.5,72.4,18.793624576046,126.37662452135372,104.25074509984393,96.12634964880452,114.81171468669754,63.93563927685261,54.93138119012906,44.73015514673307,57.80376620170978,26.13982585502856,23.80786599291207,19.7666059334436,23.696183434813637
2026-09-28 06:00:00,EP182026,38,2026-10-06 06:00:00,8 days 00:00:00,192,18.66,-108.23,955.0,108.7,9.856213217628053,146.75943853415853,109.75177868385184,103.5163084596096,133.08080256609543,54.87144247816752,41.41164005423615,35.37054120439705,52.30860486363217,33.80894128405421,28.38891449489153,23.834564813596558,30.361078613087816
2026-09-28 06:00:00,EP182026,38,2026-10-06 12:00:00,8 days 06:00:00,198,18.66,-108.74,962.1,100.8,3.910544364802576,89.67905116888215,61.54124244084531,53.02886892501687,95.8521754670914,50.666699437133104,39.51325407177632,37.86552704345311,49.54284515750524,33.23726625915103,29.14653292964769,25.22558497952861,30.708003244655917
2026-09-28 06:00:00,EP182026,38,2026-10-06 18:00:00,8 days 12:00:00,204,18.72,-109.44,945.7,116.7,28.42814989414433,81.37028036345828,54.35434682443497,57.44261413589811,87.08096332097375,47.90691249250949,34.736702967806195,32.26812401071754,50.4788842236394,41.37437714599241,34.736702967806195,28.535181125950658,37.46820661398522
2026-09-28 06:00:00,EP182026,38,2026-10-07 00:00:00,8 days 18:00:00,210,18.77,-110.35,948.2,110.8,8.355307996742614,142.48436322787006,112.18341786828624,108.59183747807812,149.39891075986185,72.72036287470523,59.84486282352151,54.66414311843835,69.56982415179304,56.21856601192394,50.23196392854513,42.8450817205994,51.17388498950536
2026-09-28 06:00:00,EP182026,38,2026-10-07 06:00:00,9 days 00:00:00,216,18.98,-110.97,974.5,91.6,10.041529855401103,129.2598301814647,99.19844497113796,87.98101349879018,119.17808772482988,74.50202076052528,61.633791762233145,53.86026983826889,69.98523473089944,47.54084171481287,41.57983757818264,34.42933715355024,41.5334673562344
2026-09-28 06:00:00,EP182026,38,2026-10-07 12:00:00,9 days 06:00:00,222,19.05,-111.85,954.8,104.7,15.800806706491471,111.32567201150825,88.31276060326468,77.75680979259937,125.73858312136348,78.44547192571781,65.4519068816669,59.15238868528104,72.97503456087406,57.0175971428738,52.184505793700055,44.36882154335069,51.75948282119316
2026-09-28 06:00:00,EP182026,38,2026-10-07 18:00:00,9 days 12:00:00,228,19.15,-112.7,943.4,114.7,6.315979667059303,134.28084270108857,103.76931715497189,97.92547242981118,137.5342455107804,60.15078564710795,47.17203486770573,40.81197543187826,56.28572102098433,40.46703172471602,34.04999580945932,28.016143835192576,35.5538922072998
2026-09-28 06:00:00,EP182026,38,2026-10-08 00:00:00,9 days 18:00:00,234,19.32,-113.76,951.5,113.3,20.18782284071198,88.63262312703633,58.34066049080205,58.94643141048149,99.26025810477644,42.57336560909226,31.98594515499809,29.94755372653196,41.13699780571898,26.40505188480765,21.946527192839657,19.462645699914752,24.273355956657863
2026-09-28 06:00:00,EP182026,38,2026-10-08 06:00:00,10 days 00:00:00,240,19.21,-115.05,941.9,120.7,28.463148840356745,62.877230180827965,52.52577279670641,56.552652131667344,84.10048338496665,53.25209308081112,44.53477284021236,39.12163208161473,51.53044512560336,32.903431052183855,28.11745575327535,25.04996038457165,30.16241726899809
2026-09-28 06:00:00,EP182026,38,2026-10-08 12:00:00,10 days 06:00:00,246,19.18,-116.02,938.3,125.5,19.362024742973205,58.16287793567908,44.94872401044041,51.20061452711739,83.5203809945768,56.07228955760365,44.94872401044041,44.865576487532,53.64008274617262,39.37196183507634,34.50290273560099,30.846775182379528,36.75298569107517
2026-09-28 06:00:00,EP182026,38,2026-10-08 18:00:00,10 days 12:00:00,252,19.13,-117.29,947.2,118.4,19.66184232722132,128.57388599065143,89.79168152787554,80.84629557430594,126.59544236368082,74.43393677735801,58.52050381134368,49.80181529881921,68.29410023717837,45.072397079359455,36.85000330536475,31.99346871646168,38.51583158660604
2026-09-28 06:00:00,EP182026,38,2026-10-09 00:00:00,10 days 18:00:00,258,19.01,-118.23,935.1,128.2,20.069750144329824,122.79987384014582,89.0994812142667,84.81268867915855,137.19883999603957,84.45877397975735,64.86781223338119,58.084113191821714,79.35863849060226,50.93310478336405,42.14392047125856,36.722358822223775,45.27983599980992
2026-09-28 06:00:00,EP182026,38,2026-10-09 06:00:00,11 days 00:00:00,264,18.95,-119.08,972.8,84.2,0.0,80.35455287817683,49.25923058160855,77.74604837272473,100.20306310227356,49.384036382938966,38.79410721265374,36.22627226074074,47.121890675260886,26.01983391994614,21.98344606872942,18.963785918300736,22.480770457024864
2026-09-28 06:00:00,EP182026,38,2026-10-09 12:00:00,11 days 06:00:00,270,18.7,-120.04,963.6,94.1,10.785346659038709,120.10646083426136,98.85182805018916,98.4341770484611,114.88010976243268,64.66192615371588,54.85972980771362,44.591014763153694,59.2513684690892,36.92229803284069,30.81166119404436,25.995817247247405,31.311177760170573
2026-09-28 06:00:00,EP182026,38,2026-10-09 18:00:00,11 days 12:00:00,276,18.72,-121.09,942.1,122.8,19.949308213806013,84.42467468478267,46.00882944424481,69.3692963530398,108.7741175374858,52.26969306843775,36.86150792800592,35.0111629468297,53.51291017073072,30.333714920867145,24.03032561313566,21.046084087942265,27.624400046023624
2026-09-28 06:00:00,EP182026,38,2026-10-10 00:00:00,11 days 18:00:00,282,18.72,-122.21,950.8,120.1,4.648640268034555,96.2121598976238,58.58957652263357,38.14901110980087,105.85237083281032,77.30217302712126,48.93745832518355,35.22921963610197,67.81025116571296,44.25412949734274,32.39640062203745,23.92528273871168,37.714862183936816
2026-09-28 06:00:00,EP182026,38,2026-10-10 06:00:00,12 days 00:00:00,288,18.65,-123.14,947.9,110.9,13.671168181884305,89.21247932979989,60.44968470976015,63.483876405209706,103.3781012941894,38.06244848133859,28.33102894601663,27.52122059835815,39.78073222325574,31.916763922591837,25.79718214482472,22.17164124586663,28.04662911376173
2026-09-28 06:00:00,EP182026,38,2026-10-10 12:00:00,12 days 06:00:00,294,18.53,-123.97,965.2,94.8,5.834663963325482,139.3808034976514,85.15500209452188,50.84918720066531,137.81056268312497,68.95568230115079,40.63031140738737,28.407146317897443,60.986156020904986,39.38490172864861,29.50322782423015,21.706605828964072,33.47281767947255
2026-09-28 06:00:00,EP182026,38,2026-10-10 18:00:00,12 days 12:00:00,300,18.25,-124.97,979.3,72.9,1.1214204451352998,174.31750925643442,128.4059016735659,99.2534074272169,162.3269785234246,56.21901498352099,43.91872757905833,38.98272468008966,51.25937642782017,22.43704581669776,19.493762647259736,15.690614503129254,19.549934090115908
2026-09-28 06:00:00,EP182026,38,2026-10-11 00:00:00,12 days 18:00:00,306,18.16,-125.91,976.5,84.0,22.611671946413864,112.26456133007058,72.40088464298455,51.154718944071234,123.17048082148486,63.20273236803535,46.98798867031659,39.72585044040319,60.03451596215295,36.43923430394886,30.693361263001883,25.50474527336376,32.5212674957896
2026-09-28 06:00:00,EP182026,38,2026-10-11 06:00:00,13 days 00:00:00,312,17.97,-126.44,974.3,86.7,10.8836049039403,105.39973580912086,65.4105810683386,70.23111693774118,112.43437540314416,34.00719815240224,20.116481902757734,15.618566121565213,32.23125583677102,21.336843494392173,14.8440987003282,11.091955806801442,18.260100357517263
2026-09-28 06:00:00,EP182026,38,2026-10-11 12:00:00,13 days 06:00:00,318,17.88,-127.17,970.8,88.2,9.972190731736893,93.7629058849079,68.82705126150552,61.96757507989435,97.36005997000164,38.56033147793988,25.31418683184331,23.26896038078281,34.228633760427165,18.543400485532345,14.525159650913558,11.10134138865854,16.716898681740567
2026-09-28 06:00:00,EP182026,38,2026-10-11 18:00:00,13 days 12:00:00,324,17.81,-128.03,974.8,84.0,2.8407278141387167,173.64044127028455,117.12395198621442,102.06841673264648,166.9973775175016,68.40522667795213,50.41602773632246,43.28169599697509,63.995241540993504,34.44280112254438,29.46916279983091,23.876187698129016,30.01311291973704
2026-09-28 06:00:00,EP182026,38,2026-10-12 00:00:00,13 days 18:00:00,330,17.69,-128.78,965.6,103.1,15.15888118830594,103.67927319056024,59.76799125459684,66.25422233633253,112.55552272792283,62.32478656649892,44.50577234973116,37.95151231911973,56.01257597251106,31.48307634783669,24.50513850924358,20.771828399250357,28.154151565570142
2026-09-28 06:00:00,EP182026,38,2026-10-12 06:00:00,14 days 00:00:00,336,17.97,-129.26,965.7,90.7,37.78029631854552,177.55366845844264,135.14947650697104,115.70807428500429,189.2825053089316,78.78431608611594,63.57229433153757,57.71347906114725,74.96870676598311,37.78029631854552,30.60967293914273,26.38474131886153,30.952262107438088
2026-09-28 06:00:00,EP182026,38,2026-10-12 12:00:00,14 days 06:00:00,342,17.56,-129.87,968.1,86.4,0.0,92.79659750693072,65.19785117024469,57.36525828074499,87.67441590420273,1.5129853653673178,0.0,0.0,1.513124749053474,1.1303957385105838,0.0,0.0,1.513124749053474
2026-09-28 06:00:00,EP182026,38,2026-10-12 18:00:00,14 days 12:00:00,348,17.73,-131.11,988.5,65.6,5.67630519086606,91.907021269928,58.62760447606843,44.0503697618592,75.07452808795188,21.354303235657422,15.027149387260636,10.440649287345876,19.66188391721164,5.67630519086606,2.444538142956759,1.2006864151727257,3.315784417667345
2026-09-28 06:00:00,EP182026,38,2026-10-13 00:00:00,14 days 18:00:00,354,17.53,-131.8,990.1,61.1,19.4897002705559,148.9713211645662,111.49799192755918,75.61705412088072,120.45673575048768,47.56370746931586,34.17302663439338,20.291641358964156,37.59591204836638,0.0,0.0,0.0,0.0
2026-09-28 06:00:00,EP182026,38,2026-10-13 06:00:00,15 days 00:00:00,360,17.9,-132.35,995.2,57.9,20.62367777362657,80.83952605676653,56.92522151958873,36.32924366935958,63.358991097807774,20.62367777362657,9.953320009639818,5.079061736384258,11.86342763552783,0.0,0.0,0.0,0.0
2026-09-28 06:00:00,EP912026(3),38,2026-09-28 06:00:00,0 days 00:00:00,0,12.7,-136.6,1005.0,29.0,93.0,0.0,0.0,0.0,0.0,0.0,0.0,0.0,0.0,0.0,0.0,0.0,0.0
2026-09-28 06:00:00,EP912026(3),38,2026-09-28 12:00:00,0 days 06:00:00,6,13.63,-136.24,1005.6,27.8,74.07704441919272,0.0,0.0,0.0,0.0,0.0,0.0,0.0,0.0,0.0,0.0,0.0,0.0
2026-09-28 06:00:00,EP912026(3),38,2026-09-28 18:00:00,0 days 12:00:00,12,14.42,-135.53,1004.4,29.1,93.6845465548828,0.0,0.0,0.0,0.0,0.0,0.0,0.0,0.0,0.0,0.0,0.0,0.0
2026-09-28 06:00:00,EP912026(3),38,2026-09-29 00:00:00,0 days 18:00:00,18,14.51,-133.6,998.2,31.6,84.91685883727268,0.0,0.0,0.0,0.0,0.0,0.0,0.0,0.0,0.0,0.0,0.0,0.0
2026-09-28 06:00:00,EP912026(3),38,2026-09-29 06:00:00,1 days 00:00:00,24,14.67,-132.88,1004.0,32.1,69.46749936962293,0.0,0.0,0.0,0.0,0.0,0.0,0.0,0.0,0.0,0.0,0.0,0.0
2026-09-28 06:00:00,EP912026(3),38,2026-09-29 12:00:00,1 days 06:00:00,30,14.92,-131.85,1005.0,28.3,57.72536806987063,0.0,0.0,0.0,0.0,0.0,0.0,0.0,0.0,0.0,0.0,0.0,0.0
2026-09-28 06:00:00,EP912026(3),38,2026-09-29 18:00:00,1 days 12:00:00,36,15.51,-131.63,1002.4,26.4,115.31873887222956,0.0,0.0,0.0,0.0,0.0,0.0,0.0,0.0,0.0,0.0,0.0,0.0
2026-09-28 06:00:00,EP912026(3),38,2026-09-30 00:00:00,1 days 18:00:00,42,14.67,-130.12,1004.1,27.1,87.92894432591436,0.0,0.0,0.0,0.0,0.0,0.0,0.0,0.0,0.0,0.0,0.0,0.0
2026-09-28 06:00:00,EP912026(3),38,2026-09-30 06:00:00,2 days 00:00:00,48,14.6,-129.76,1003.7,27.9,36.63487069664773,0.0,0.0,0.0,0.0,0.0,0.0,0.0,0.0,0.0,0.0,0.0,0.0
2026-09-28 06:00:00,EP912026(3),38,2026-09-30 12:00:00,2 days 06:00:00,54,14.55,-129.19,1005.4,26.4,55.42009475650863,0.0,0.0,0.0,0.0,0.0,0.0,0.0,0.0,0.0,0.0,0.0,0.0
2026-09-28 06:00:00,EP912026(3),38,2026-09-30 18:00:00,2 days 12:00:00,60,15.17,-128.2,1004.9,26.1,115.84897093120492,0.0,0.0,0.0,0.0,0.0,0.0,0.0,0.0,0.0,0.0,0.0,0.0
2026-09-28 06:00:00,EP912026(3),38,2026-10-01 00:00:00,2 days 18:00:00,66,15.41,-127.68,1007.0,23.8,84.15302416404779,0.0,0.0,0.0,0.0,0.0,0.0,0.0,0.0,0.0,0.0,0.0,0.0
2026-09-28 06:00:00,EP912026(3),38,2026-10-01 06:00:00,3 days 00:00:00,72,15.32,-126.64,1002.8,30.2,85.82416239997639,0.0,0.0,0.0,0.0,0.0,0.0,0.0,0.0,0.0,0.0,0.0,0.0
2026-09-28 06:00:00,EP912026(3),38,2026-10-01 12:00:00,3 days 06:00:00,78,15.6,-125.87,1004.9,24.6,83.60821746300309,0.0,0.0,0.0,0.0,0.0,0.0,0.0,0.0,0.0,0.0,0.0,0.0
2026-09-28 06:00:00,EP912026(3),38,2026-10-01 18:00:00,3 days 12:00:00,84,15.55,-125.49,1005.1,22.0,55.42598805350406,0.0,0.0,0.0,0.0,0.0,0.0,0.0,0.0,0.0,0.0,0.0,0.0
2026-09-28 06:00:00,EP912026(3),38,2026-10-02 00:00:00,3 days 18:00:00,90,15.73,-125.48,1003.5,28.5,64.20699646712063,0.0,0.0,0.0,0.0,0.0,0.0,0.0,0.0,0.0,0.0,0.0,0.0
2026-09-28 06:00:00,EP912026(3),38,2026-10-02 06:00:00,4 days 00:00:00,96,15.67,-125.25,1007.2,24.1,62.32765111175064,0.0,0.0,0.0,0.0,0.0,0.0,0.0,0.0,0.0,0.0,0.0,0.0
2026-09-28 06:00:00,WP252026,38,2026-09-28 06:00:00,0 days 00:00:00,0,27.5,131.6,954.0,99.0,9.0,148.0,158.0,148.0,121.0,,,,,,,,
2026-09-28 06:00:00,WP252026,38,2026-09-28 12:00:00,0 days 06:00:00,6,27.56,132.27,986.4,64.2,10.102504203885246,120.14232903723402,121.83757977917702,122.77186343598814,104.6647960689933,36.43849814717724,34.8794744492603,26.293460993918707,26.87535249028449,10.102504203885246,0.6573926969173227,0.6619874753712844,0.5506879525102111
2026-09-28 06:00:00,WP252026,38,2026-09-28 18:00:00,0 days 12:00:00,12,27.79,133.0,991.4,45.0,108.7782060394258,61.90168555099765,108.7782060394258,58.93109611146619,52.57259841436718,0.0,0.0,0.0,0.0,0.0,0.0,0.0,0.0
2026-09-28 06:00:00,WP252026,38,2026-09-29 00:00:00,0 days 18:00:00,18,28.69,133.8,996.3,43.3,70.39545907506105,159.78328578746007,161.7435343305209,127.1894596413425,125.69696797243267,0.0,0.0,0.0,0.0,0.0,0.0,0.0,0.0
2026-09-28 06:00:00,WP252026,38,2026-09-29 06:00:00,1 days 00:00:00,24,28.83,134.75,997.2,47.9,44.8987559939666,216.77682429358623,230.83817443958736,199.15687324996497,187.7094410851142,0.0,0.0,0.0,0.0,0.0,0.0,0.0,0.0
2026-09-28 06:00:00,WP252026,38,2026-09-29 12:00:00,1 days 06:00:00,30,29.02,135.62,994.4,40.9,81.42788837364378,166.5512439127358,177.43432939764466,150.63359299278932,141.47472004612962,0.0,0.0,0.0,0.0,0.0,0.0,0.0,0.0
2026-09-28 06:00:00,WP252026,38,2026-09-29 18:00:00,1 days 12:00:00,36,29.33,136.34,994.0,39.0,99.77793700853724,5.576644134696744,99.77793700853724,6.595691732905863,4.886512202507078,0.0,0.0,0.0,0.0,0.0,0.0,0.0,0.0
2026-09-28 06:00:00,WP252026,38,2026-09-30 00:00:00,1 days 18:00:00,42,29.87,137.03,996.6,27.5,107.15771673516728,0.0,0.0,0.0,0.0,0.0,0.0,0.0,0.0,0.0,0.0,0.0,0.0
2026-09-28 06:00:00,WP252026,38,2026-09-30 06:00:00,2 days 00:00:00,48,30.73,137.77,1001.5,28.0,58.31601806248559,0.0,0.0,0.0,0.0,0.0,0.0,0.0,0.0,0.0,0.0,0.0,0.0
2026-09-28 06:00:00,WP252026,38,2026-09-30 12:00:00,2 days 06:00:00,54,32.14,138.43,998.2,35.7,62.90006018819327,62.90006018819327,3.1851970504677496,0.0,0.0,0.0,0.0,0.0,0.0,0.0,0.0,0.0,0.0
2026-09-28 06:00:00,WP252026,38,2026-09-30 18:00:00,2 days 12:00:00,60,33.15,139.97,994.6,41.1,108.75790556172484,44.42240851022322,108.75790556172484,37.67555949148962,46.74452299757374,0.0,0.0,0.0,0.0,0.0,0.0,0.0,0.0
2026-09-28 06:00:00,WP252026,38,2026-10-01 00:00:00,2 days 18:00:00,66,34.06,141.21,996.4,36.3,149.06033588768844,149.06033588768844,50.23028576875464,18.703818461099104,35.22500684932169,0.0,0.0,0.0,0.0,0.0,0.0,0.0,0.0
2026-09-28 06:00:00,WP252026,38,2026-10-01 06:00:00,3 days 00:00:00,72,35.13,142.86,994.5,37.7,111.3594392735282,31.33501264589864,111.3594392735282,16.02926920911341,17.024472300747114,0.0,0.0,0.0,0.0,0.0,0.0,0.0,0.0
2026-09-28 06:00:00,WP252026,38,2026-10-01 12:00:00,3 days 06:00:00,78,36.45,144.59,998.7,32.4,146.37375440181268,0.0,0.0,0.0,0.0,0.0,0.0,0.0,0.0,0.0,0.0,0.0,0.0
2026-09-28 06:00:00,WP252026,38,2026-10-01 18:00:00,3 days 12:00:00,84,38.28,148.68,996.1,35.8,69.1331178554216,0.0,69.1331178554216,1.329510028223979,0.0,0.0,0.0,0.0,0.0,0.0,0.0,0.0,0.0
2026-09-28 06:00:00,WP922026(4),38,2026-09-28 06:00:00,0 days 00:00:00,0,16.4,97.6,1001.0,29.0,64.0,0.0,0.0,0.0,0.0,0.0,0.0,0.0,0.0,0.0,0.0,0.0,0.0
2026-09-28 06:00:00,WP922026(4),38,2026-09-28 12:00:00,0 days 06:00:00,6,17.24,97.02,1005.0,20.0,42.87826851287636,0.0,0.0,0.0,0.0,0.0,0.0,0.0,0.0,0.0,0.0,0.0,0.0
2026-09-28 06:00:00,1,39,2026-09-28 12:00:00,0 days 06:00:00,6,15.57,155.88,1009.3,16.3,123.71413897368365,0.0,0.0,0.0,0.0,0.0,0.0,0.0,0.0,0.0,0.0,0.0,0.0
2026-09-28 06:00:00,1,39,2026-09-28 18:00:00,0 days 12:00:00,12,15.26,155.09,1006.2,19.9,91.79786987215677,0.0,0.0,0.0,0.0,0.0,0.0,0.0,0.0,0.0,0.0,0.0,0.0
2026-09-28 06:00:00,1,39,2026-09-29 00:00:00,0 days 18:00:00,18,15.81,154.51,1004.9,25.1,83.39104613449757,0.0,0.0,0.0,0.0,0.0,0.0,0.0,0.0,0.0,0.0,0.0,0.0
2026-09-28 06:00:00,1,39,2026-09-29 06:00:00,1 days 00:00:00,24,15.78,154.23,1007.7,16.5,93.86510611232266,0.0,0.0,0.0,0.0,0.0,0.0,0.0,0.0,0.0,0.0,0.0,0.0
2026-09-28 06:00:00,1,39,2026-09-29 12:00:00,1 days 06:00:00,30,15.38,152.66,1007.0,19.4,126.95194586029666,0.0,0.0,0.0,0.0,0.0,0.0,0.0,0.0,0.0,0.0,0.0,0.0
2026-09-28 06:00:00,1,39,2026-09-29 18:00:00,1 days 12:00:00,36,15.78,152.47,1005.1,21.3,115.25380572844216,0.0,0.0,0.0,0.0,0.0,0.0,0.0,0.0,0.0,0.0,0.0,0.0
2026-09-28 06:00:00,1,39,2026-09-30 00:00:00,1 days 18:00:00,42,16.0,151.95,1004.9,23.6,93.65517782428184,0.0,0.0,0.0,0.0,0.0,0.0,0.0,0.0,0.0,0.0,0.0,0.0
2026-09-28 06:00:00,1,39,2026-09-30 06:00:00,2 days 00:00:00,48,15.6,150.99,1002.3,21.4,91.65728689101596,0.0,0.0,0.0,0.0,0.0,0.0,0.0,0.0,0.0,0.0,0.0,0.0
2026-09-28 06:00:00,1,39,2026-09-30 12:00:00,2 days 06:00:00,54,16.66,150.37,1004.5,23.7,99.6368174150733,0.0,0.0,0.0,0.0,0.0,0.0,0.0,0.0,0.0,0.0,0.0,0.0
2026-09-28 06:00:00,1,39,2026-09-30 18:00:00,2 days 12:00:00,60,16.57,147.85,1002.2,23.5,85.58881444465189,0.0,0.0,0.0,0.0,0.0,0.0,0.0,0.0,0.0,0.0,0.0,0.0
2026-09-28 06:00:00,1,39,2026-10-01 00:00:00,2 days 18:00:00,66,16.78,146.89,998.9,32.2,89.17318567458244,0.0,0.0,0.0,0.0,0.0,0.0,0.0,0.0,0.0,0.0,0.0,0.0
2026-09-28 06:00:00,1,39,2026-10-01 06:00:00,3 days 00:00:00,72,16.97,145.25,999.7,30.3,78.54005907768709,0.0,0.0,0.0,0.0,0.0,0.0,0.0,0.0,0.0,0.0,0.0,0.0
2026-09-28 06:00:00,1,39,2026-10-01 12:00:00,3 days 06:00:00,78,16.4,144.9,999.7,31.3,112.70519383555352,0.0,0.0,0.0,0.0,0.0,0.0,0.0,0.0,0.0,0.0,0.0,0.0
2026-09-28 06:00:00,1,39,2026-10-01 18:00:00,3 days 12:00:00,84,17.28,145.0,998.0,31.9,178.28993149091198,0.0,0.0,0.0,0.0,0.0,0.0,0.0,0.0,0.0,0.0,0.0,0.0
2026-09-28 06:00:00,1,39,2026-10-02 00:00:00,3 days 18:00:00,90,17.52,144.72,993.4,40.3,121.7596060386326,121.7596060386326,74.61882489468404,58.320898494042,67.34659607268443,0.0,0.0,0.0,0.0,0.0,0.0,0.0,0.0
2026-09-28 06:00:00,1,39,2026-10-02 06:00:00,4 days 00:00:00,96,18.16,144.82,990.7,44.2,138.36667658201708,268.7653369506216,241.1028525771724,187.42324709508196,218.0725038375156,0.0,0.0,0.0,0.0,0.0,0.0,0.0,0.0
2026-09-28 06:00:00,1,39,2026-10-02 12:00:00,4 days 06:00:00,102,18.71,145.06,992.9,44.3,90.75549002422416,26.492479542126432,90.75549002422416,12.713267629572613,18.21740210976401,0.0,0.0,0.0,0.0,0.0,0.0,0.0,0.0
2026-09-28 06:00:00,1,39,2026-10-02 18:00:00,4 days 12:00:00,108,19.12,144.93,989.8,53.9,165.53632417264924,438.23920086439614,406.5096808293814,332.9063187959269,384.9838235204729,165.53632417264924,104.16006243373444,83.54403066127,85.15958239499244,0.0,0.0,0.0,0.0
2026-09-28 06:00:00,1,39,2026-10-03 00:00:00,4 days 18:00:00,114,19.76,145.29,988.9,54.6,92.20287583421964,425.392914488612,417.24727324276967,358.1145642949309,370.1741190559255,92.20287583421964,83.76218944366885,69.78427517382764,65.73573690679609,0.0,0.0,0.0,0.0
2026-09-28 06:00:00,1,39,2026-10-03 06:00:00,5 days 00:00:00,120,20.14,145.92,979.6,66.3,86.47150536699354,371.7003885575201,377.8720490151432,326.1587130362326,329.1958786707926,161.76793413169156,158.57226875072868,131.24608112479945,126.7264472439405,0.0,0.6375349150869705,86.47150536699354,0.0
2026-09-28 06:00:00,1,39,2026-10-03 12:00:00,5 days 06:00:00,126,20.71,145.98,976.2,64.8,73.94328169545929,565.6248204904032,591.2166982626882,513.5713868555144,520.3858391614426,215.1738097472297,218.3054308922192,179.3450280213059,169.86076545867672,0.0,73.94328169545929,0.7631873918716714,0.0
2026-09-28 06:00:00,1,39,2026-10-03 18:00:00,5 days 12:00:00,132,20.87,146.38,958.9,85.4,70.48936410556813,593.8706714235655,616.19376047357,540.7081092053935,528.8782105582941,283.07622694257265,298.82046379244184,256.38696627493096,240.2754185589123,75.61433445478954,79.46856008675655,68.40344893834309,66.12024579373397
2026-09-28 06:00:00,1,39,2026-10-04 00:00:00,5 days 18:00:00,138,21.7,146.72,949.5,95.1,13.043650430090509,469.51006861908354,465.4735663317401,409.51126490794377,410.7201505396001,258.31161416991154,262.1374012081494,227.0847042559176,225.9824780557435,133.3375248541886,129.85598613661614,111.33864008232206,115.22603987943172
2026-09-28 06:00:00,1,39,2026-10-04 06:00:00,6 days 00:00:00,144,22.51,146.67,952.1,93.6,33.58134372100588,433.6103305451561,446.37621524155657,384.6091091514422,372.92237481146935,236.77045188988245,247.95792800501488,210.0054286642692,202.3447476827141,96.19711611560804,93.98597943480009,79.62830104087004,82.55853275100844
2026-09-28 06:00:00,1,39,2026-10-04 12:00:00,6 days 06:00:00,150,23.31,146.07,943.2,106.6,53.19211155151589,634.3017610933293,604.1103181054498,523.204846112137,576.9782267621173,312.4919802612264,299.05823078020825,248.40617177573816,261.516365220868,98.27181129070216,93.42765995800345,77.79839441151856,84.90831223368455
2026-09-28 06:00:00,1,39,2026-10-04 18:00:00,6 days 12:00:00,156,24.04,145.93,935.5,111.5,45.93517386099153,435.8802167721176,439.87586207480194,355.1036311638323,370.35954118643457,216.8784830236536,214.33673917742368,179.21192068558028,181.0003958270434,92.80437906523552,89.3831016753348,74.504100342254,79.66206965375888
2026-09-28 06:00:00,1,39,2026-10-05 00:00:00,6 days 18:00:00,162,25.1,145.63,936.5,104.0,14.99520663116718,419.7363531141038,407.96646518140096,358.69843681985634,378.598197017258,247.2768763754387,247.9590452143975,214.38703954649145,221.64767519153364,158.2728903020674,153.38872575671294,129.22419020170912,137.75512154321973
2026-09-28 06:00:00,1,39,2026-10-05 06:00:00,7 days 00:00:00,168,26.63,145.95,948.4,92.4,63.14650633835292,523.3622344076314,510.949836375302,425.6236083385091,455.0273680879092,305.31972448302986,297.5487128489266,250.8588751627672,260.46249640039696,121.29751055368364,122.5344331375548,103.0693854947637,108.60134668087925
2026-09-28 06:00:00,1,39,2026-10-05 12:00:00,7 days 06:00:00,174,27.43,145.33,944.5,93.8,19.179492966071614,403.7826403831021,379.8699816775627,309.3173428567816,340.1587707868081,187.6500315865204,181.80355193296893,140.435568625334,152.55391610641635,68.14543345982692,63.28060115302343,51.90617454914425,57.20351527113914
2026-09-28 06:00:00,1,39,2026-10-05 18:00:00,7 days 12:00:00,180,28.86,145.46,947.1,87.0,38.747657165719325,429.2968208752933,433.2508942884288,354.9809776973415,357.67082627859395,248.6751902349712,256.712042520028,220.58394484225977,217.14220878108105,142.64809472163853,139.47380532537073,117.5917420583612,123.59510013409177
2026-09-28 06:00:00,1,39,2026-10-06 00:00:00,7 days 18:00:00,186,31.06,145.18,956.6,75.5,35.17131119882934,388.1711482875612,392.05919462133846,309.1574954784237,313.8825661831415,189.3285821766997,193.9990305547429,155.9227970825926,155.66305777894843,55.57798388725465,53.28344127963823,43.29449666449504,46.61132906221172
2026-09-28 06:00:00,1,39,2026-10-06 06:00:00,8 days 00:00:00,192,33.51,145.87,969.0,61.1,98.49473091238244,371.7959576513442,396.0311385030816,330.6749930430729,288.5255357023157,85.02729728108827,98.49473091238244,72.88885679597487,62.3469538285985,0.0,0.0,0.0,0.0
2026-09-28 06:00:00,1,39,2026-10-06 12:00:00,8 days 06:00:00,198,36.37,146.99,972.3,59.0,69.26263778958744,306.71020078768817,348.1050124704361,298.2974933430911,247.1972761509574,147.24795016448607,157.87213316276268,123.98492677548656,111.36509255752536,0.0,0.0,0.0,0.0
2026-09-28 06:00:00,1,39,2026-10-06 18:00:00,8 days 12:00:00,204,40.76,149.05,970.3,54.6,122.9677636876312,393.762184818323,451.8144870794525,352.4189516522404,281.11839107381775,183.7079126813212,193.8708059662726,152.04869280506074,142.7419606664778,0.0,0.0,0.0,0.0
2026-09-28 06:00:00,1,39,2026-10-07 00:00:00,8 days 18:00:00,210,45.43,151.15,968.7,56.2,161.7575672578862,493.4997429920337,587.1456654061149,488.512998808608,410.6986661605174,142.5855495467714,173.12552920787437,137.02943101596563,111.80911524846287,0.0,0.0,0.0,0.0
2026-09-28 06:00:00,1,39,2026-10-07 06:00:00,9 days 00:00:00,216,48.31,154.33,962.7,53.6,120.82523568636552,30.975018503430046,120.82523568636552,31.26342337782296,8.10618190250839,5.915102576037047,120.82523568636552,2.5977946924360955,0.0,0.0,0.0,0.0,0.0
2026-09-28 06:00:00,1,39,2026-10-07 12:00:00,9 days 06:00:00,222,51.13,160.68,974.1,50.5,126.42154855767504,126.42154855767504,126.42154855767504,4.6356324917642695,0.7011240508237258,126.42154855767504,2.3594770307381,0.0,0.7011240508237258,0.0,0.0,0.0,0.0
2026-09-28 06:00:00,1,39,2026-10-07 18:00:00,9 days 12:00:00,228,53.23,168.07,969.6,47.1,225.3618213226092,17.981968422663062,225.3618213226092,12.298539139257809,0.0,0.0,0.0,0.0,0.0,0.0,0.0,0.0,0.0
2026-09-28 06:00:00,16,39,2026-10-08 00:00:00,9 days 18:00:00,234,11.42,-98.77,1002.6,29.6,112.53487834488692,0.0,0.0,0.0,0.0,0.0,0.0,0.0,0.0,0.0,0.0,0.0,0.0
2026-09-28 06:00:00,16,39,2026-10-08 06:00:00,10 days 00:00:00,240,10.88,-99.7,1005.1,29.6,95.47203199620162,0.0,0.0,0.0,0.0,0.0,0.0,0.0,0.0,0.0,0.0,0.0,0.0
2026-09-28 06:00:00,16,39,2026-10-08 12:00:00,10 days 06:00:00,246,11.26,-100.22,1003.6,32.2,113.01706799650404,0.0,0.0,0.0,0.0,0.0,0.0,0.0,0.0,0.0,0.0,0.0,0.0
2026-09-28 06:00:00,16,39,2026-10-08 18:00:00,10 days 12:00:00,252,11.3,-100.86,1003.4,31.5,61.03889335377562,0.0,0.0,0.0,0.0,0.0,0.0,0.0,0.0,0.0,0.0,0.0,0.0
2026-09-28 06:00:00,16,39,2026-10-09 00:00:00,10 days 18:00:00,258,11.35,-101.19,999.1,43.6,63.08664535717684,63.08664535717684,21.064361927943704,0.7764905587908402,16.672161618449504,0.0,0.0,0.0,0.0,0.0,0.0,0.0,0.0
2026-09-28 06:00:00,16,39,2026-10-09 06:00:00,11 days 00:00:00,264,11.85,-101.87,1000.3,47.3,50.95040373291789,76.44945197229913,64.80373491855346,41.90211678236494,62.33588920356402,0.0,0.0,0.0,0.0,0.0,0.0,0.0,0.0
2026-09-28 06:00:00,16,39,2026-10-09 12:00:00,11 days 06:00:00,270,12.05,-102.43,995.1,57.8,49.51906395653987,121.7325367897723,98.2252225420828,89.3073215228182,113.93610460131067,49.51906395653987,0.0,0.0,0.0,0.0,0.0,0.0,0.0
2026-09-28 06:00:00,16,39,2026-10-09 18:00:00,11 days 12:00:00,276,12.07,-102.77,992.3,60.6,65.2673587405551,121.18005843760436,110.16615316594203,68.77089240719673,99.47912644325788,65.2673587405551,3.4210372507939386,0.7099851125653043,4.356034297492034,0.0,0.0,0.0,0.0
2026-09-28 06:00:00,16,39,2026-10-10 00:00:00,11 days 18:00:00,282,12.22,-103.46,983.2,69.4,20.22667748711288,73.28143478805094,72.95059215984853,74.70324691838229,83.12073976074112,20.22667748711288,9.98153763605589,6.922308938387406,13.0032833162137,20.22667748711288,0.0,0.0,0.0
2026-09-28 06:00:00,16,39,2026-10-10 06:00:00,12 days 00:00:00,288,12.3,-103.93,975.5,83.7,23.145455741351043,166.14183912865292,152.5880239987483,115.64030022950136,140.20611145627868,61.46872973856605,51.37887016994157,35.46875343326288,51.20780363434052,26.240069288406104,24.035537079694087,18.539030389347506,21.433187075949725
2026-09-28 06:00:00,16,39,2026-10-10 12:00:00,12 days 06:00:00,294,12.5,-104.5,958.4,109.3,26.21346676535204,230.4365228935659,172.51413592484965,121.57761521023842,193.4031532052043,46.75500060849264,29.03765164132153,16.720870563803203,30.427825608155487,26.21346676535204,0.0,0.0,1.4176889396972814
2026-09-28 06:00:00,16,39,2026-10-10 18:00:00,12 days 12:00:00,300,12.69,-105.08,942.6,117.2,16.742112865007297,133.82789204825792,86.40981031387096,96.1846224128554,134.71311414403166,59.310788039656046,42.14242544105739,37.13531601835279,51.3600542430261,32.844619986503155,25.697569516990825,22.194907854681627,30.296486255136447
2026-09-28 06:00:00,16,39,2026-10-11 00:00:00,12 days 18:00:00,306,12.75,-105.95,960.2,102.7,38.16131442084545,175.54577073641406,181.94127519022592,123.61810715997564,141.78846986342296,38.16131442084545,0.0,0.0,0.4505476307215084,38.16131442084545,0.0,0.0,0.0
2026-09-28 06:00:00,16,39,2026-10-11 06:00:00,13 days 00:00:00,312,12.91,-106.69,939.9,121.3,53.58140873375766,279.5788690258668,259.8891531860318,216.2891149193058,248.9111287364363,53.58140873375766,0.0,0.0,53.58140873375766,53.58140873375766,0.0,0.0,0.958091663474622
2026-09-28 06:00:00,16,39,2026-10-11 12:00:00,13 days 06:00:00,318,13.41,-107.3,944.9,112.4,32.28560582862126,211.39090358868495,174.18141629173186,142.0887226335346,176.43086163740008,107.3705732557591,86.74294942184153,67.08757002931935,90.8157902574724,79.96805896199237,69.35776289157735,58.736734711364136,69.51007695429021
2026-09-28 06:00:00,16,39,2026-10-11 18:00:00,13 days 12:00:00,324,14.23,-107.82,948.5,118.4,13.852536863346344,183.9472332633195,156.6618622034613,152.31405664741573,178.9387344624775,69.80616599774933,54.62170808663029,40.403607919855,62.83962255833343,49.69389578117904,42.16102665690947,35.28630572843391,43.66749651330789
2026-09-28 06:00:00,16,39,2026-10-12 00:00:00,13 days 18:00:00,330,14.65,-108.51,948.0,112.2,27.800914022046044,273.7591245445999,276.69910055261624,206.9752634395086,219.67656285026277,27.800914022046044,27.800914022046044,0.0,3.4937622345573764,0.772530051745764,27.800914022046044,0.0,0.0
2026-09-28 06:00:00,16,39,2026-10-12 06:00:00,14 days 00:00:00,336,15.56,-109.1,952.2,114.4,38.09798822821463,271.46457781118755,255.86650666675047,195.536272813866,220.17572344991885,38.09798822821463,38.09798822821463,0.0,10.20295367936528,1.0806202774777978,38.09798822821463,0.0,0.2361644254643427
2026-09-28 06:00:00,16,39,2026-10-12 12:00:00,14 days 06:00:00,342,16.76,-109.64,949.5,105.9,14.840999369321722,287.8215508338564,244.52719084384955,169.31827624885585,228.30471961451929,154.22097810021194,128.76069212114552,94.93996500847956,118.45997007485812,74.09678975883935,65.51574981039532,53.27450913605144,64.60456126490956
2026-09-28 06:00:00,16,39,2026-10-12 18:00:00,14 days 12:00:00,348,17.61,-110.3,957.3,99.0,57.011190867958135,278.27678399209344,248.1230804671632,167.86265604633854,194.14664187685457,115.56934989900992,102.37232727699802,72.66541964197222,93.93296711430548,69.62548066757279,67.97472496688675,50.81104601070098,60.17232146701258
2026-09-28 06:00:00,16,39,2026-10-13 00:00:00,14 days 18:00:00,354,18.45,-110.83,959.5,92.3,30.72518526606761,290.2616153798984,249.43461607887363,185.0564963998613,246.152301702914,155.88704137129758,131.33683269991445,99.34976099135196,125.53160268648146,71.08439246400604,64.7440528143274,51.89575571599885,61.90171337158573
2026-09-28 06:00:00,16,39,2026-10-13 06:00:00,15 days 00:00:00,360,19.45,-111.45,959.6,100.6,28.239447843707367,267.06035855001494,256.5212373741533,166.3155630658881,199.74728014561344,49.084504158613925,40.02722528154209,18.12068179255668,28.100273356134306,28.239447843707367,0.0776001418354166,0.0,0.39118981329006
2026-09-28 06:00:00,17,39,2026-10-08 06:00:00,10 days 00:00:00,240,10.11,114.22,1004.9,21.2,80.02716082803337,0.0,0.0,0.0,0.0,0.0,0.0,0.0,0.0,0.0,0.0,0.0,0.0
2026-09-28 06:00:00,17,39,2026-10-08 12:00:00,10 days 06:00:00,246,11.64,113.32,1004.2,24.2,155.7527154303388,0.0,0.0,0.0,0.0,0.0,0.0,0.0,0.0,0.0,0.0,0.0,0.0
2026-09-28 06:00:00,17,39,2026-10-08 18:00:00,10 days 12:00:00,252,10.89,112.52,1005.8,21.3,88.76501797358779,0.0,0.0,0.0,0.0,0.0,0.0,0.0,0.0,0.0,0.0,0.0,0.0
2026-09-28 06:00:00,17,39,2026-10-09 00:00:00,10 days 18:00:00,258,10.84,112.05,1004.3,23.1,98.99203371150492,0.0,0.0,0.0,0.0,0.0,0.0,0.0,0.0,0.0,0.0,0.0,0.0
2026-09-28 06:00:00,17,39,2026-10-09 06:00:00,11 days 00:00:00,264,11.18,111.92,1002.0,27.4,93.4662067819215,0.0,0.0,0.0,0.0,0.0,0.0,0.0,0.0,0.0,0.0,0.0,0.0
2026-09-28 06:00:00,17,39,2026-10-09 12:00:00,11 days 06:00:00,270,12.24,110.81,1007.3,23.1,147.9370128902302,0.0,0.0,0.0,0.0,0.0,0.0,0.0,0.0,0.0,0.0,0.0,0.0
2026-09-28 06:00:00,17,39,2026-10-09 18:00:00,11 days 12:00:00,276,12.88,110.22,1001.1,26.4,112.9746368217983,0.0,0.0,0.0,0.0,0.0,0.0,0.0,0.0,0.0,0.0,0.0,0.0
2026-09-28 06:00:00,17,39,2026-10-10 00:00:00,11 days 18:00:00,282,14.28,109.66,1001.7,29.4,164.72210622624465,0.0,0.0,0.0,0.0,0.0,0.0,0.0,0.0,0.0,0.0,0.0,0.0
2026-09-28 06:00:00,17,39,2026-10-10 06:00:00,12 days 00:00:00,288,15.31,108.93,1002.5,27.6,76.42850350947441,0.0,0.0,0.0,0.0,0.0,0.0,0.0,0.0,0.0,0.0,0.0,0.0
2026-09-28 06:00:00,17,39,2026-10-10 12:00:00,12 days 06:00:00,294,16.1,108.43,1002.4,27.2,66.8016616068644,0.0,0.0,0.0,0.0,0.0,0.0,0.0,0.0,0.0,0.0,0.0,0.0
2026-09-28 06:00:00,17,39,2026-10-10 18:00:00,12 days 12:00:00,300,16.02,107.86,1001.4,28.9,68.39109165300715,0.0,0.0,0.0,0.0,0.0,0.0,0.0,0.0,0.0,0.0,0.0,0.0
2026-09-28 06:00:00,17,39,2026-10-11 00:00:00,12 days 18:00:00,306,16.41,107.56,1000.0,25.1,95.30643585563848,0.0,0.0,0.0,0.0,0.0,0.0,0.0,0.0,0.0,0.0,0.0,0.0
2026-09-28 06:00:00,17,39,2026-10-11 06:00:00,13 days 00:00:00,312,16.74,107.7,1003.0,24.3,106.71032150337882,0.0,0.0,0.0,0.0,0.0,0.0,0.0,0.0,0.0,0.0,0.0,0.0
2026-09-28 06:00:00,17,39,2026-10-11 12:00:00,13 days 06:00:00,318,17.56,108.05,1002.0,27.9,109.17572910283435,0.0,0.0,0.0,0.0,0.0,0.0,0.0,0.0,0.0,0.0,0.0,0.0
2026-09-28 06:00:00,17,39,2026-10-11 18:00:00,13 days 12:00:00,324,18.3,108.09,1003.5,28.1,68.8070171318117,0.0,0.0,0.0,0.0,0.0,0.0,0.0,0.0,0.0,0.0,0.0,0.0
2026-09-28 06:00:00,17,39,2026-10-12 00:00:00,13 days 18:00:00,330,18.65,107.72,1004.3,24.6,53.39616752518524,0.0,0.0,0.0,0.0,0.0,0.0,0.0,0.0,0.0,0.0,0.0,0.0
2026-09-28 06:00:00,17,39,2026-10-12 06:00:00,14 days 00:00:00,336,19.12,107.97,1002.3,28.7,114.28856107347698,0.0,0.0,0.0,0.0,0.0,0.0,0.0,0.0,0.0,0.0,0.0,0.0
2026-09-28 06:00:00,17,39,2026-10-12 12:00:00,14 days 06:00:00,342,19.25,108.16,1002.2,32.6,43.22702985352928,0.0,0.0,0.0,0.0,0.0,0.0,0.0,0.0,0.0,0.0,0.0,0.0
2026-09-28 06:00:00,17,39,2026-10-12 18:00:00,14 days 12:00:00,348,19.94,109.13,999.5,37.3,19.746581702819974,3.5765631948932697,19.746581702819974,0.0,0.0,0.0,0.0,0.0,0.0,0.0,0.0,0.0,0.0
2026-09-28 06:00:00,17,39,2026-10-13 00:00:00,14 days 18:00:00,354,20.86,109.16,1005.0,25.2,81.48842353306495,0.0,0.0,0.0,0.0,0.0,0.0,0.0,0.0,0.0,0.0,0.0,0.0
2026-09-28 06:00:00,17,39,2026-10-13 06:00:00,15 days 00:00:00,360,21.19,109.31,1006.6,24.7,59.82589379144465,0.0,0.0,0.0,0.0,0.0,0.0,0.0,0.0,0.0,0.0,0.0,0.0
2026-09-28 06:00:00,AL062026,39,2026-09-28 06:00:00,0 days 00:00:00,0,28.3,-43.8,1012.0,25.0,56.0,0.0,0.0,0.0,0.0,0.0,0.0,0.0,0.0,0.0,0.0,0.0,0.0
2026-09-28 06:00:00,AL062026,39,2026-09-28 12:00:00,0 days 06:00:00,6,27.4,-44.34,1010.3,31.4,58.92592732288264,0.0,0.0,0.0,0.0,0.0,0.0,0.0,0.0,0.0,0.0,0.0,0.0
2026-09-28 06:00:00,AL062026,39,2026-09-28 18:00:00,0 days 12:00:00,12,26.81,-44.52,1010.6,28.8,48.7606246516196,0.0,0.0,0.0,0.0,0.0,0.0,0.0,0.0,0.0,0.0,0.0,0.0
2026-09-28 06:00:00,AL062026,39,2026-09-29 00:00:00,0 days 18:00:00,18,26.8,-44.96,1011.2,24.7,82.27169083713444,0.0,0.0,0.0,0.0,0.0,0.0,0.0,0.0,0.0,0.0,0.0,0.0
2026-09-28 06:00:00,AL912026(2),39,2026-09-28 06:00:00,0 days 00:00:00,0,36.3,-53.1,1013.0,29.0,148.0,0.0,0.0,0.0,0.0,0.0,0.0,0.0,0.0,0.0,0.0,0.0,0.0
2026-09-28 06:00:00,AL912026(2),39,2026-09-28 12:00:00,0 days 06:00:00,6,36.62,-51.37,1007.8,36.2,69.37151524113165,2.354187131310482,69.37151524113165,0.0,2.676763607188093,0.0,0.0,0.0,0.0,0.0,0.0,0.0,0.0
2026-09-28 06:00:00,EP152026(2),39,2026-09-28 06:00:00,0 days 00:00:00,0,16.4,-160.8,929.0,134.0,28.0,241.0,185.0,148.0,204.0,93.0,74.0,74.0,93.0,56.0,46.0,37.0,46.0
2026-09-28 06:00:00,EP152026(2),39,2026-09-28 12:00:00,0 days 06:00:00,6,16.85,-161.77,954.3,107.4,16.77823710428953,222.22200977286087,151.35281521921848,100.14318261775432,196.6167968909449,110.2772286974519,81.66585650422095,60.001387978808,94.14113029355318,64.54106927137985,52.26509257388716,42.385365274412,58.04436260960984
2026-09-28 06:00:00,EP152026(2),39,2026-09-28 18:00:00,0 days 12:00:00,12,17.43,-162.57,943.6,119.4,23.710496722439142,183.86089922298905,145.26406170815068,97.15294828762194,152.31325453340054,109.93885284029176,81.16482026663124,59.83636138245336,90.9115163185528,68.82990004326916,56.63910842049084,46.615555834438,60.65801958946258
2026-09-28 06:00:00,EP152026(2),39,2026-09-29 00:00:00,0 days 18:00:00,18,18.6,-163.52,946.4,118.8,30.58810957349513,168.7174014662951,158.83671654698355,115.69724996475207,141.5498954984907,57.39815689316411,45.9511155061757,30.60157753182169,45.736639594273285,41.776241094201424,35.09063696691893,27.31103417183621,34.831129424872046
2026-09-28 06:00:00,EP152026(2),39,2026-09-29 06:00:00,1 days 00:00:00,24,19.64,-163.9,946.3,115.6,15.731180079456374,162.06927879784914,164.48425265401292,108.27702371860543,139.57490939779012,46.34597651244542,34.542934793836714,15.74186530216124,32.76739089913964,15.731180079456374,9.43296515419903,6.453317146551559,12.30027394503394
2026-09-28 06:00:00,EP152026(2),39,2026-09-29 12:00:00,1 days 06:00:00,30,20.84,-164.33,968.6,96.8,26.23208412566276,211.9249541663564,148.3162819417697,110.38703623392966,188.41962518970456,106.90914720208684,79.39994334104074,59.47381227922737,87.03648232671452,60.3366394711764,53.39503755363671,42.25904185580875,54.452500340076384
2026-09-28 06:00:00,EP152026(2),39,2026-09-29 18:00:00,1 days 12:00:00,36,21.44,-164.27,975.4,80.8,21.31188907672923,227.1067641402842,222.693296855726,148.50587075242098,171.41391495256994,116.23614184039614,108.6052316629512,78.20935931174651,89.88180064094809,52.90066076817044,52.36454573652392,39.55080793140208,44.49243925872773
2026-09-28 06:00:00,EP152026(2),39,2026-09-30 00:00:00,1 days 18:00:00,42,23.1,-164.42,976.0,72.4,34.41241914779,216.31453209101028,191.43068303833303,123.37678377365005,181.07237322586985,90.9297701519825,69.24594625725109,42.313753010611805,68.19261736226278,34.41241914779,8.173642885351505,2.717396059361692,8.784882576994828
2026-09-28 06:00:00,EP152026(2),39,2026-09-30 06:00:00,2 days 00:00:00,48,23.01,-164.56,991.2,59.3,9.4449108574522,147.98974592609488,119.90625797323617,120.47392279050516,120.80565510403898,49.79218374087969,40.60180668802408,22.766098755651925,37.83217669532347,0.0,0.0,0.0,0.0
2026-09-28 06:00:00,EP152026(2),39,2026-09-30 12:00:00,2 days 06:00:00,54,23.14,-164.76,987.6,54.3,45.47248303684198,245.51007692377885,220.23886599655103,194.3895747849282,226.634491102066,45.47248303684198,6.264220651083448,3.9265429119693382,6.354806288383356,0.0,0.0,0.0,0.0
2026-09-28 06:00:00,EP152026(2),39,2026-09-30 18:00:00,2 days 12:00:00,60,23.14,-164.75,992.0,51.2,88.53645063397563,251.3982198921628,228.8583319262397,184.7373619329196,211.70544605607944,0.4617126764140717,0.0,0.0,88.53645063397563,0.0,0.0,0.0,0.0
2026-09-28 06:00:00,EP152026(2),39,2026-10-01 00:00:00,2 days 18:00:00,66,23.33,-165.32,994.5,41.0,87.40328423903478,237.07950586430707,189.58994840948128,150.89150258559442,185.82759090182236,0.0,0.0,0.0,0.0,0.0,0.0,0.0,0.0
2026-09-28 06:00:00,EP152026(2),39,2026-10-01 06:00:00,3 days 00:00:00,72,22.92,-166.68,994.3,42.4,57.81207099549951,57.81207099549951,33.3538608099161,23.06046964211461,37.08227487835956,0.0,0.0,0.0,0.0,0.0,0.0,0.0,0.0
2026-09-28 06:00:00,EP152026(2),39,2026-10-01 12:00:00,3 days 06:00:00,78,23.69,-167.38,987.8,48.7,50.95264677686536,50.95264677686536,35.367709608866974,28.95134833482977,36.14723188875234,0.0,0.0,0.0,0.0,0.0,0.0,0.0,0.0
2026-09-28 06:00:00,EP152026(2),39,2026-10-01 18:00:00,3 days 12:00:00,84,23.58,-168.49,992.0,48.4,107.06026814671092,254.86557866546792,213.4752711863974,173.65212269670712,212.24298029260933,0.0,0.0,0.0,0.0,0.0,0.0,0.0,0.0
2026-09-28 06:00:00,EP152026(2),39,2026-10-02 00:00:00,3 days 18:00:00,90,23.63,-169.32,986.7,53.0,93.4034794024484,349.0122769150287,289.9946186149268,258.08564413443423,311.85991351686744,93.4034794024484,64.14065249544183,49.8474555397857,63.27000625309489,0.0,0.0,0.0,0.0
2026-09-28 06:00:00,EP152026(2),39,2026-10-02 06:00:00,4 days 00:00:00,96,23.92,-169.61,990.9,45.1,88.39315076695276,88.39315076695276,59.29777383565431,47.72652369363446,72.22190108711328,0.0,0.0,0.0,0.0,0.0,0.0,0.0,0.0
2026-09-28 06:00:00,EP152026(2),39,2026-10-02 12:00:00,4 days 06:00:00,102,23.67,-170.23,988.8,54.4,61.88997329583371,187.2795402935801,147.74512920019583,121.20511292886168,155.58210235011734,0.0,0.0,0.0,61.88997329583371,0.0,0.0,0.0,0.0
2026-09-28 06:00:00,EP152026(2),39,2026-10-02 18:00:00,4 days 12:00:00,108,23.76,-171.27,988.6,53.0,109.67849102864643,264.1514443953853,203.15360422599267,169.1903154339803,219.40319118318885,109.67849102864643,23.450845402876727,14.848301646555347,25.82328353552765,0.0,0.0,0.0,0.0
2026-09-28 06:00:00,EP152026(2),39,2026-10-03 00:00:00,4 days 18:00:00,114,23.52,-172.12,993.2,47.2,63.827747622981136,63.827747622981136,33.74631858191643,30.775628191876688,49.87859506837431,0.0,0.0,0.0,0.0,0.0,0.0,0.0,0.0
2026-09-28 06:00:00,EP152026(2),39,2026-10-03 06:00:00,5 days 00:00:00,120,23.37,-173.64,993.4,47.4,117.14978139027336,181.3666333544716,139.66645035181318,108.8829709783613,141.8911418728785,0.0,0.0,0.0,0.0,0.0,0.0,0.0,0.0
2026-09-28 06:00:00,EP152026(2),39,2026-10-03 12:00:00,5 days 06:00:00,126,23.19,-175.0,988.9,49.8,113.919435292647,342.09082765337166,291.88982426592634,250.29654608089183,287.450821559303,0.0,0.0,0.0,0.0,0.0,0.0,0.0,0.0
2026-09-28 06:00:00,EP152026(2),39,2026-10-03 18:00:00,5 days 12:00:00,132,23.27,-176.74,991.8,51.5,81.45346150651494,269.87840155310187,228.54697299634063,174.2929942234623,218.3293848219109,81.45346150651494,0.0,0.0,0.0,0.0,0.0,0.0,0.0
2026-09-28 06:00:00,EP152026(2),39,2026-10-04 00:00:00,5 days 18:00:00,138,23.59,-178.1,990.0,52.0,60.83739772084528,103.45210142038886,80.49638965819094,55.28664468365088,82.3210660220271,1.129716221960062,0.0,0.0,60.83739772084528,0.0,0.0,0.0,0.0
2026-09-28 06:00:00,EP152026(2),39,2026-10-04 06:00:00,6 days 00:00:00,144,23.84,-179.8,993.5,51.0,64.81250042775636,155.05041564210268,134.268971282357,103.65449309298825,130.92812015828576,64.81250042775636,0.0,0.0,0.7456697177891201,0.0,0.0,0.0,0.0
2026-09-28 06:00:00,EP152026(2),39,2026-10-04 12:00:00,6 days 06:00:00,150,24.52,178.9,990.7,51.8,96.6717377046356,398.4478892370083,343.93099546428414,283.5690263884185,341.2538946865079,96.6717377046356,12.064785637052708,7.614340257944236,15.732438266888105,0.0,0.0,0.0,0.0
2026-09-28 06:00:00,EP152026(2),39,2026-10-04 18:00:00,6 days 12:00:00,156,24.95,177.58,986.4,60.2,83.81720027965174,296.3528725366796,242.8772095168556,195.626053511605,253.06869662329612,83.81720027965174,59.47332901182352,44.54180698800075,54.62310706836508,0.0,0.0,0.0,0.0
2026-09-28 06:00:00,EP152026(2),39,2026-10-05 00:00:00,6 days 18:00:00,162,25.17,176.62,984.9,58.8,25.98635440034338,230.0352235898372,193.9543030000416,155.81729030801253,202.41989162559355,89.50672518284611,69.18055321493975,47.91904606927643,68.38267520385062,0.0,0.0,0.0,0.0
2026-09-28 06:00:00,EP152026(2),39,2026-10-05 06:00:00,7 days 00:00:00,168,25.68,175.44,978.3,71.8,24.676454486607557,262.6872458693524,221.48941020875557,173.268332311407,235.74573278285789,99.4198143260346,77.97394260837473,56.989095732283886,76.35311807992866,24.676454486607557,2.877434291491099,1.505334052448049,4.401812763129996
2026-09-28 06:00:00,EP152026(2),39,2026-10-05 12:00:00,7 days 06:00:00,174,25.91,173.87,979.0,76.6,22.663220711852148,245.0982040928814,192.70293733280863,142.72122765830562,190.2158937755116,61.42140730721806,41.8269145013187,25.313953506534737,48.02498127062223,22.663220711852148,2.977696615393966,0.2570235621601997,3.8857451762168194
2026-09-28 06:00:00,EP152026(2),39,2026-10-05 18:00:00,7 days 12:00:00,180,26.53,172.61,977.8,72.5,21.79895072301101,237.46326896104483,190.9636865725041,131.2822646534782,196.2047391659643,113.65766514729228,89.3875795608046,65.83121328206902,92.62311697031386,48.77392621335552,41.92949726192303,33.2793800543105,41.45136126025088
2026-09-28 06:00:00,EP152026(2),39,2026-10-06 00:00:00,7 days 18:00:00,186,27.07,170.84,982.7,64.8,17.3579977403287,172.836736348954,150.90026093349002,114.81644725221952,151.610945406449,61.55293721612776,42.77353951636843,26.424569652193757,46.55104671465085,17.3579977403287,0.0,0.0,0.8757088158247122
2026-09-28 06:00:00,EP152026(2),39,2026-10-06 06:00:00,8 days 00:00:00,192,27.37,169.53,982.2,66.9,35.25968204867756,256.50861538764855,201.6927748616307,140.0255513956035,221.21071524324248,71.29438024297411,46.537280109707794,29.70197739995493,51.08928582160448,35.25968204867756,0.0,0.0,0.8119423012501041
2026-09-28 06:00:00,EP152026(2),39,2026-10-06 12:00:00,8 days 06:00:00,198,27.44,167.92,982.6,62.5,47.31911987798655,278.42602922413926,235.57034752533764,180.00672953683898,247.1881136647719,53.31978261042596,34.504531503244024,19.780254341940942,37.138388663334055,0.0,0.0,0.0,0.0
2026-09-28 06:00:00,EP152026(2),39,2026-10-06 18:00:00,8 days 12:00:00,204,27.68,166.34,986.0,63.0,66.43544813169467,216.77473703037344,170.5015736605061,130.83991256426617,182.9176511961757,90.65090133681792,69.9062192464933,49.56947951526756,67.02915066212711,0.0,0.0,0.0,0.0
2026-09-28 06:00:00,EP152026(2),39,2026-10-07 00:00:00,8 days 18:00:00,210,28.07,164.42,997.3,55.5,87.16050406591008,234.48521184365163,191.85418928208085,152.49096296611984,207.05870723583504,87.16050406591008,13.04932403979956,7.450717235082725,17.948081720838182,0.0,0.0,0.0,0.0
2026-09-28 06:00:00,EP152026(2),39,2026-10-07 06:00:00,9 days 00:00:00,216,28.94,162.87,992.6,50.4,66.50332162633603,204.44360285447195,160.24899204774175,114.7576870656468,161.29705731587077,66.50332162633603,0.0,0.0,0.0,0.0,0.0,0.0,0.0
2026-09-28 06:00:00,EP152026(2),39,2026-10-07 12:00:00,9 days 06:00:00,222,29.49,161.25,995.0,55.4,53.972435587703295,159.03647388956318,138.4758391492447,100.13243957695288,122.72062977206195,53.972435587703295,0.0,0.0,1.4222627352481254,0.0,0.0,0.0,0.0
2026-09-28 06:00:00,EP152026(2),39,2026-10-07 18:00:00,9 days 12:00:00,228,30.28,160.22,999.1,43.1,93.43819468804983,222.2741822929077,180.288946151736,125.8897448925642,174.6027945627178,0.0,0.0,0.0,0.0,0.0,0.0,0.0,0.0
2026-09-28 06:00:00,EP152026(2),39,2026-10-08 00:00:00,9 days 18:00:00,234,31.18,159.31,1000.5,42.8,86.23295923716309,86.23295923716309,60.13084540032165,37.693433495590014,66.10436355800172,0.0,0.0,0.0,0.0,0.0,0.0,0.0,0.0
2026-09-28 06:00:00,EP152026(2),39,2026-10-08 06:00:00,10 days 00:00:00,240,32.04,158.6,1002.3,39.8,40.37736639257227,40.37736639257227,21.643307379975194,14.747719640202668,24.278972266873907,0.0,0.0,0.0,0.0,0.0,0.0,0.0,0.0
2026-09-28 06:00:00,EP152026(2),39,2026-10-08 12:00:00,10 days 06:00:00,246,33.57,157.89,990.6,56.1,46.0219650896735,226.19823661733784,197.67422581727385,132.5549904455089,175.03565641396884,46.0219650896735,33.906036489968976,19.436893200262027,29.047027285076886,0.0,0.0,0.0,0.0
2026-09-28 06:00:00,EP152026(2),39,2026-10-08 18:00:00,10 days 12:00:00,252,35.14,158.22,993.7,47.1,56.17763812307911,197.405461267694,202.3685817952544,169.7768287528845,163.31430003939545,0.0,0.0,0.0,0.0,0.0,0.0,0.0,0.0
2026-09-28 06:00:00,EP152026(2),39,2026-10-09 00:00:00,10 days 18:00:00,258,36.29,159.51,996.4,49.3,25.974427764294376,45.26790881423227,53.37123593264016,17.87582226179984,16.045952757219453,0.0,0.0,0.0,0.0,0.0,0.0,0.0,0.0
2026-09-28 06:00:00,EP152026(2),39,2026-10-09 06:00:00,11 days 00:00:00,264,38.28,160.83,994.6,35.9,51.48251155862165,13.357473049443549,51.48251155862165,0.0,0.0,0.0,0.0,0.0,0.0,0.0,0.0,0.0,0.0
2026-09-28 06:00:00,EP152026(2),39,2026-10-09 12:00:00,11 days 06:00:00,270,40.13,161.83,989.4,40.9,113.77169854340464,97.87313451118816,129.06963316835044,100.8846089971423,75.60963878193672,0.0,0.0,0.0,0.0,0.0,0.0,0.0,0.0
2026-09-28 06:00:00,EP152026(2),39,2026-10-09 18:00:00,11 days 12:00:00,276,41.66,164.08,993.5,45.6,144.12981716138074,144.47060974997407,135.78737197613282,112.06229911847812,93.5560290130568,0.0,0.0,0.0,0.0,0.0,0.0,0.0,0.0
2026-09-28 06:00:00,EP152026(2),39,2026-10-10 00:00:00,11 days 18:00:00,282,44.11,165.77,985.1,54.6,150.09491069597425,202.71358732445515,213.29839115182403,176.72815323645773,157.71431221885723,0.0,150.09491069597425,1.0889520621412885,0.0,0.0,0.0,0.0,0.0
2026-09-28 06:00:00,EP152026(2),39,2026-10-10 06:00:00,12 days 00:00:00,288,45.32,167.79,984.1,49.0,47.08000744456895,47.08000744456895,0.0,0.0,0.0,0.0,0.0,0.0,0.0,0.0,0.0,0.0,0.0
2026-09-28 06:00:00,EP152026(2),39,2026-10-10 12:00:00,12 days 06:00:00,294,46.59,168.86,981.0,47.7,77.18379771786455,77.18379771786455,0.8845568227876832,0.0,0.0,0.0,0.0,0.0,0.0,0.0,0.0,0.0,0.0
2026-09-28 06:00:00,EP172026,39,2026-09-28 06:00:00,0 days 00:00:00,0,23.2,-114.0,955.0,105.0,28.0,167.0,148.0,148.0,148.0,102.0,93.0,83.0,83.0,65.0,65.0,65.0,65.0
2026-09-28 06:00:00,EP172026,39,2026-09-28 12:00:00,0 days 06:00:00,6,23.81,-113.59,969.3,83.6,36.007686845664054,151.62588952944787,189.7175161997989,120.00156705397391,110.87622924162449,86.74675922769472,77.88050604189564,52.61903042326429,64.29410099865214,41.55679334306927,36.4348329463575,27.49944185615385,34.244063436952906
2026-09-28 06:00:00,EP172026,39,2026-09-28 18:00:00,0 days 12:00:00,12,24.96,-113.55,953.1,97.0,10.966530443281556,136.70687649671856,175.1246580802367,126.7189308975602,104.08587674424686,70.76282294450269,66.16189109710201,43.69959843543527,51.759638514767744,28.83352831183631,25.489953687941775,19.106385309680697,22.54206698899148
2026-09-28 06:00:00,EP172026,39,2026-09-29 00:00:00,0 days 18:00:00,18,25.3,-113.18,968.9,85.2,0.543587659489404,108.80203874799716,132.55847464375398,98.38605850491444,78.24109311179332,50.17867602172743,48.72184412905861,31.883737097383246,32.35428174670324,15.68799622242854,13.591129330007313,9.212676682246729,12.258828229614238
2026-09-28 06:00:00,EP172026,39,2026-09-29 06:00:00,1 days 00:00:00,24,26.03,-112.49,982.6,64.2,6.835899102438127,92.9735864520792,111.18953884878636,91.9119614751661,64.32584510417036,28.416099526638845,26.419749640588023,15.72954828807698,16.015432108078496,6.835899102438127,0.0,0.0,0.0
2026-09-28 06:00:00,EP172026,39,2026-09-29 12:00:00,1 days 06:00:00,30,27.32,-111.51,993.8,47.4,95.42068359602818,178.97090658642645,177.4594503939551,116.56903916856464,133.99709558514385,0.0,0.0,0.0,0.0,0.0,0.0,0.0,0.0
2026-09-28 06:00:00,EP172026,39,2026-09-29 18:00:00,1 days 12:00:00,36,28.86,-110.1,993.4,38.7,79.43114379190257,47.53649049668715,79.43114379190257,49.09835396463909,24.08513965262385,0.0,0.0,0.0,0.0,0.0,0.0,0.0,0.0
2026-09-28 06:00:00,EP182026,39,2026-09-28 06:00:00,0 days 00:00:00,0,13.2,-100.0,1001.0,41.0,93.0,222.0,185.0,148.0,222.0,0.0,0.0,0.0,0.0,0.0,0.0,0.0,0.0
2026-09-28 06:00:00,EP182026,39,2026-09-28 12:00:00,0 days 06:00:00,6,13.27,-100.6,995.5,53.6,71.69239307245266,136.14533114417242,129.1319510246513,79.99925865083273,100.64334086544164,71.69239307245266,0.6215955583609514,0.0,2.060090816040667,0.0,0.0,0.0,0.0
2026-09-28 06:00:00,EP182026,39,2026-09-28 18:00:00,0 days 12:00:00,12,13.51,-101.43,993.0,59.5,9.44519497835008,191.96208280773823,141.00749907578808,109.16742577915126,184.24318226120332,85.6656364487928,60.9498423780069,40.861000119686175,61.76964825433097,0.0,0.0,0.0,0.0
2026-09-28 06:00:00,EP182026,39,2026-09-29 00:00:00,0 days 18:00:00,18,14.13,-102.49,992.5,56.9,29.55080161963585,111.260529346606,115.20543416186862,86.90677546283197,90.71923038217705,29.55080161963585,0.0,0.0,0.1041515630519431,0.0,0.0,0.0,0.0
2026-09-28 06:00:00,EP182026,39,2026-09-29 06:00:00,1 days 00:00:00,24,14.84,-103.38,989.7,60.8,35.00434613456232,141.0806388957624,129.6850403680994,99.93446926546756,115.7824437399297,35.00434613456232,3.2727205508233626,0.0,3.104089751343275,0.0,0.0,0.0,0.0
2026-09-28 06:00:00,EP182026,39,2026-09-29 12:00:00,1 days 06:00:00,30,15.42,-104.13,988.9,62.6,33.61372708760858,168.95026325892673,131.0392757528703,95.47941028307352,151.90738219253558,80.76855744025534,60.5094917455026,40.69877744255196,57.45134922463916,0.0,0.0,0.0,0.0
2026-09-28 06:00:00,EP182026,39,2026-09-29 18:00:00,1 days 12:00:00,36,16.23,-105.02,986.5,74.2,28.506344730590055,212.40966885899093,172.55760200432564,126.32668925226446,175.71769524178978,80.93259908953064,67.58856400320909,48.45025480246491,64.37098027248433,28.506344730590055,20.059662539177232,15.804934879115486,17.413229367290057
2026-09-28 06:00:00,EP182026,39,2026-09-30 00:00:00,1 days 18:00:00,42,16.58,-106.25,985.9,69.1,30.630607902154573,210.63991055289895,191.50699912552292,135.14327743126051,175.565289115289,110.07348548061744,96.4138412088202,70.85647100236773,88.4126148304003,30.630607902154573,18.0282967520635,13.048746241673085,16.402616072202978
2026-09-28 06:00:00,EP182026,39,2026-09-30 06:00:00,2 days 00:00:00,48,16.72,-106.48,965.4,90.3,26.8207034312926,151.34608146131882,139.58153221284925,79.90708669466315,118.00049393520786,46.28348077520876,35.11825054204966,22.376665916127813,35.61302054034421,26.8207034312926,6.723389105227411,3.693835650767218,7.03484738358439
2026-09-28 06:00:00,EP182026,39,2026-09-30 12:00:00,2 days 06:00:00,54,17.86,-106.78,961.7,97.5,22.28911396404244,138.84916436052896,126.83997620013118,92.34572541015578,110.64014373707263,56.29511808429749,48.33827927859733,31.869000753099407,45.00128484780416,31.17402480310745,26.182074924688013,20.20777274534337,25.7971134619896
2026-09-28 06:00:00,EP182026,39,2026-09-30 18:00:00,2 days 12:00:00,60,18.35,-106.87,959.6,107.8,11.3211974866075,154.288171915942,149.13471970268512,101.97684700864016,119.4888445661448,65.3932692466193,54.514993311684,32.598895245551674,48.59459710080517,27.41310975843492,23.644114922238437,17.8896818818049,21.894815911908267
2026-09-28 06:00:00,EP182026,39,2026-10-01 00:00:00,2 days 18:00:00,66,18.68,-107.24,952.0,105.6,35.32186073711564,191.8129144925241,192.0590266217036,131.1377392877617,159.24924090318868,35.32186073711564,3.912766860153228,0.0,5.068078031880818,35.32186073711564,0.0,0.0,0.0
2026-09-28 06:00:00,EP182026,39,2026-10-01 06:00:00,3 days 00:00:00,72,18.99,-107.79,945.3,126.2,0.0,183.25636153990104,134.04199806091782,99.97051180828949,176.31285940130044,54.009167850540265,37.602361352981205,31.128753815871853,45.38757750695192,43.06927067752981,35.8182716153091,31.128753815871853,39.5182359840574
2026-09-28 06:00:00,EP182026,39,2026-10-01 12:00:00,3 days 06:00:00,78,19.2,-107.91,968.7,89.7,32.835494847752045,137.5697773247011,121.82907421320584,96.66626435372108,118.05856587487808,73.98336915841202,59.09356127287049,46.67875754011429,61.72248376984723,33.7615754363637,28.8877157477304,24.72081496142409,30.402518653560485
2026-09-28 06:00:00,EP182026,39,2026-10-01 18:00:00,3 days 12:00:00,84,19.26,-107.78,956.5,102.1,41.64936117309858,127.76164489358116,115.9233724515988,118.19184005511572,132.67728264845658,58.04446296440109,47.28675306065895,40.65442949390881,54.68388852656148,44.71664444344047,36.9285379359731,30.80073644258509,38.47650083629351
2026-09-28 06:00:00,EP182026,39,2026-10-02 00:00:00,3 days 18:00:00,90,19.18,-107.77,957.2,101.5,36.65025136250669,132.79439314479862,140.86775382222407,143.97594569393425,126.70773878050906,69.63155418385065,70.70966998161394,63.659174247996106,65.81524541088848,54.3941684739638,51.90940054576383,45.71955826100184,47.75710950041543
2026-09-28 06:00:00,EP182026,39,2026-10-02 06:00:00,4 days 00:00:00,96,19.28,-108.07,973.7,77.6,26.13429901750709,100.64654099401692,95.998333256052,96.44399795039216,102.7515090474024,43.60420150879644,41.44406753588019,35.6744357020666,44.21240986292389,31.84628190173353,29.694053426252204,24.580503260805827,28.955600591847315
2026-09-28 06:00:00,EP182026,39,2026-10-02 12:00:00,4 days 06:00:00,102,19.43,-108.25,970.5,83.6,42.32633277574561,146.93901839272976,138.93084688727842,110.83870524252036,129.58540149419107,61.05913434028935,54.85954419812998,37.94732961386811,54.46090828326885,42.32633277574561,23.42141957517515,17.776184854845955,22.0477662020019
2026-09-28 06:00:00,EP182026,39,2026-10-02 18:00:00,4 days 12:00:00,108,19.43,-108.27,976.7,73.4,30.09671871672957,115.33148662753842,123.54145793973032,117.61769690742332,105.32791741776262,55.737916761755365,57.06245564674814,50.73297440299604,56.027473103489775,24.702356882869715,30.09671871672957,19.90636671205849,20.49525553507425
2026-09-28 06:00:00,EP182026,39,2026-10-03 00:00:00,4 days 18:00:00,114,19.84,-108.33,985.5,58.3,33.12276017555051,166.4331011347942,148.5884457726926,124.04252556829226,139.18088988624172,59.95510900824375,51.81584408763244,33.26892925603542,46.55842294275711,0.0,0.0,0.0,0.0
2026-09-28 06:00:00,EP182026,39,2026-10-03 06:00:00,5 days 00:00:00,120,19.86,-108.55,987.6,55.6,53.913315461887706,221.22091324448408,210.2616491197246,173.06537309571218,203.7709841863421,93.73513194789264,83.3157094162705,62.08271891589547,76.15457239056921,0.0,0.0,0.0,0.0
2026-09-28 06:00:00,EP182026,39,2026-10-03 12:00:00,5 days 06:00:00,126,19.93,-108.76,983.3,61.2,23.010449248810477,200.98874921463025,172.97731633082057,138.29255062857965,173.61086968975388,80.25992280445254,65.01058270259766,44.38559032734409,65.66979639019205,0.0,0.0,0.0,0.0
2026-09-28 06:00:00,EP182026,39,2026-10-03 18:00:00,5 days 12:00:00,132,20.22,-109.08,994.5,47.9,39.19579305655704,55.4930090325348,43.59169728286267,31.33881256387062,47.61249253016831,0.0,0.0,0.0,0.0,0.0,0.0,0.0,0.0
2026-09-28 06:00:00,EP182026,39,2026-10-04 00:00:00,5 days 18:00:00,138,20.37,-109.57,996.8,41.3,45.80525151778647,160.0739048468177,135.14057239812078,107.30142844735458,128.61748087040883,0.0,0.0,0.0,0.0,0.0,0.0,0.0,0.0
2026-09-28 06:00:00,EP182026,39,2026-10-04 06:00:00,6 days 00:00:00,144,20.49,-110.05,991.5,51.6,55.612608519024604,112.73450127830829,98.69279627382724,74.08098934603515,95.12437208448588,0.0,0.0,0.0,55.612608519024604,0.0,0.0,0.0,0.0
2026-09-28 06:00:00,EP182026,39,2026-10-04 12:00:00,6 days 06:00:00,150,20.28,-110.69,981.7,62.2,21.641127997152765,73.83171183690371,61.59120327049728,66.28874790382784,74.54546343671805,20.012988234144697,15.683099764678795,10.085311314096874,22.890222033046967,0.0,0.0,0.0,0.0
2026-09-28 06:00:00,EP182026,39,2026-10-04 18:00:00,6 days 12:00:00,156,19.99,-111.61,994.7,57.1,47.26695075867448,126.03101881351104,95.78478176951876,63.9813320095862,109.88642460647094,47.26695075867448,25.477180921936466,15.021181468236222,28.53427012984285,0.0,0.0,0.0,0.0
2026-09-28 06:00:00,EP182026,39,2026-10-05 00:00:00,6 days 18:00:00,162,19.91,-112.13,995.8,52.9,18.43180134115414,38.14079762261736,29.00067237220333,34.37838870935724,44.084520646595934,0.0,0.0,0.0,18.43180134115414,0.0,0.0,0.0,0.0
2026-09-28 06:00:00,EP182026,39,2026-10-05 06:00:00,7 days 00:00:00,168,19.66,-113.13,971.4,79.9,18.40212082943218,88.54184538277445,84.611978872967,87.33087809554621,93.24906947243818,38.44852977272805,31.44140768334889,27.19316667331848,31.65393536539708,0.0,0.0,0.0,18.40212082943218
2026-09-28 06:00:00,EP182026,39,2026-10-05 12:00:00,7 days 06:00:00,174,19.87,-113.65,1000.5,44.5,22.19947197695473,118.52002584798431,97.1387171895645,82.12877156552716,103.8213246354484,0.0,0.0,0.0,0.0,0.0,0.0,0.0,0.0
2026-09-28 06:00:00,EP182026,39,2026-10-05 18:00:00,7 days 12:00:00,180,19.27,-114.22,994.1,54.5,25.23743636921529,108.33813155660036,84.16716414369643,71.24021021605782,111.77052451691414,27.82008817965325,18.91998011420752,13.795968290192242,21.10073484721432,0.0,0.0,0.0,0.0
2026-09-28 06:00:00,EP182026,39,2026-10-06 00:00:00,7 days 18:00:00,186,19.06,-115.07,994.8,54.5,20.435690702793732,48.79859921488436,47.48928589628868,52.44556834528841,61.01604003862036,20.435690702793732,5.104847603396932,5.575780333967394,6.455809865997418,0.0,0.0,0.0,0.0
2026-09-28 06:00:00,EP182026,39,2026-10-06 06:00:00,8 days 00:00:00,192,18.63,-115.4,988.0,61.1,13.46050044349181,85.17922321723267,71.38546566528282,73.27962331690435,81.00102548696293,35.25705901729549,26.125918027827534,18.59618644894817,30.0699437478408,0.0,0.0,0.0,0.0
2026-09-28 06:00:00,EP182026,39,2026-10-06 12:00:00,8 days 06:00:00,198,18.63,-116.31,985.3,65.5,10.386310498388085,84.21280431293229,71.12321708400962,60.06364584235014,80.30001045542683,38.40186915928017,25.99269521621437,16.865473942380355,34.95425094828331,10.386310498388085,2.6064580693567856,0.676946152402575,4.11847365138358
2026-09-28 06:00:00,EP182026,39,2026-10-06 18:00:00,8 days 12:00:00,204,18.3,-116.9,982.1,77.5,26.340463073156076,85.10132643112014,64.6179417460724,58.84660008649008,82.95267130663042,30.484891495069206,20.684845913245503,14.01393418507598,27.26367555128837,26.340463073156076,4.476326628770975,3.667276342699064,7.486481196165688
2026-09-28 06:00:00,EP182026,39,2026-10-07 00:00:00,8 days 18:00:00,210,18.32,-117.63,968.9,85.9,19.475806835919556,100.88037484817652,77.32024797818303,81.79197221588578,109.74894820737308,57.09286030735629,37.31095085831143,28.12199136534389,54.136943371275336,32.171434894265936,25.18842623353317,21.10993135371812,28.15912488331711
2026-09-28 06:00:00,EP182026,39,2026-10-07 06:00:00,9 days 00:00:00,216,18.22,-118.83,965.1,93.7,26.098678930985063,116.2764469450673,97.0394970860535,86.14127408490158,108.44432359167456,53.83067478563393,38.61059180756038,31.95875347489492,44.244052615902646,30.37274848182157,26.12962732981569,21.6138723992,26.77467620459098
2026-09-28 06:00:00,EP182026,39,2026-10-07 12:00:00,9 days 06:00:00,222,18.6,-119.36,970.0,87.1,19.18953529225988,114.68910600246193,100.06036414166236,75.71360111255531,96.58967915394209,61.308795236451225,45.78528848265186,31.3945995954268,51.36048561955103,27.989177422841955,21.59296257285474,16.50249064253225,23.676482434160214
2026-09-28 06:00:00,EP182026,39,2026-10-07 18:00:00,9 days 12:00:00,228,18.78,-120.01,970.1,89.5,25.687573986283308,118.59844987489376,100.01413971569116,95.4757599806675,122.03757189802974,54.92480721030321,39.809199947232976,32.915644281979645,52.68038707473454,41.96988772841654,35.91262627922208,29.44862896930789,35.94876181141012
2026-09-28 06:00:00,EP182026,39,2026-10-08 00:00:00,9 days 18:00:00,234,18.88,-121.27,964.2,97.6,14.673008497457474,101.10017365811476,74.14737594561947,78.62575028546455,104.17146170616488,36.86176523023387,25.313489023100203,21.15642676015453,36.238898555798855,31.609393036758878,25.00200011632154,21.15642676015453,28.157231572813902
2026-09-28 06:00:00,EP182026,39,2026-10-08 06:00:00,10 days 00:00:00,240,19.05,-121.85,941.7,121.2,0.0951132507500709,147.2862040244003,118.18591036932456,92.90397134473336,140.90001838972745,41.00192412192504,26.62349248294135,16.591298625813046,33.59746209299892,10.765549971211437,6.62994534149429,4.382536052217132,9.575994850574745
2026-09-28 06:00:00,EP182026,39,2026-10-08 12:00:00,10 days 06:00:00,246,19.07,-122.57,965.3,100.2,23.436018832198634,131.2965662268753,92.87644896411636,86.8085415526177,131.99760404763106,63.64315456862049,43.15209446285975,29.494944317376092,53.87584490458569,40.956867392942215,31.51482421278191,25.57416504804553,35.75615099241911
2026-09-28 06:00:00,EP182026,39,2026-10-08 18:00:00,10 days 12:00:00,252,19.46,-123.61,946.2,121.0,19.120543690060824,117.32436298173268,93.8975880242142,88.4228907074643,112.61354562768857,61.7126085564842,47.476551634604576,36.92925520269984,58.94871437484167,45.031614533169055,35.88287662796857,29.122004216097277,39.213067760144575
2026-09-28 06:00:00,EP182026,39,2026-10-09 00:00:00,10 days 18:00:00,258,19.89,-124.22,950.6,110.9,27.792816008014928,136.617561687064,117.082474222752,96.4390796366192,113.8295294513322,27.792816008014928,0.1663822946390558,0.0,27.792816008014928,2.0871646991421,0.0,0.0,27.792816008014928
2026-09-28 06:00:00,EP182026,39,2026-10-09 06:00:00,11 days 00:00:00,264,20.25,-124.84,960.2,100.3,3.159297433868346,92.4012311747017,55.804035307844856,53.54907537131271,96.87941609196764,58.05170057652322,37.342461967282816,25.430886163603414,46.27410721539252,28.51322789363644,21.607645069129603,16.911588835044142,24.25885102468129
2026-09-28 06:00:00,EP182026,39,2026-10-09 12:00:00,11 days 06:00:00,270,20.71,-125.35,977.8,73.3,23.538990694495777,132.52669345822744,121.31971841536378,119.80207216056684,120.31701416590968,23.538990694495777,10.432856754030205,7.169247209219829,17.56524553653447,23.538990694495777,0.0,0.0,0.0
2026-09-28 06:00:00,EP182026,39,2026-10-09 18:00:00,11 days 12:00:00,276,21.4,-125.69,992.8,61.8,31.732148251275877,121.1035100715266,110.13877941585156,78.56438314234674,109.5050592515278,31.732148251275877,13.711316696844984,7.1922241732661725,16.539728195646532,0.0,0.0,0.0,0.0
2026-09-28 06:00:00,EP182026,39,2026-10-10 00:00:00,11 days 18:00:00,282,21.54,-125.95,993.2,44.9,47.04623835301774,139.76442123141925,135.0037534505244,107.50154410658058,109.40015166814504,0.0,0.0,0.0,0.0,0.0,0.0,0.0,0.0
2026-09-28 06:00:00,EP182026,39,2026-10-10 06:00:00,12 days 00:00:00,288,22.15,-126.45,988.8,56.8,19.01223675895335,124.55331496135476,100.57214520909656,82.97620416895916,109.28175038257996,59.535952045897375,46.55494087298212,30.83187317326383,47.69500848825282,0.0,0.0,0.0,0.0
2026-09-28 06:00:00,EP182026,39,2026-10-10 12:00:00,12 days 06:00:00,294,22.49,-126.33,997.9,47.0,23.06169025924745,134.63995070755,128.12928216562838,88.29561320140319,110.15145860506776,0.0,0.0,0.0,0.0,0.0,0.0,0.0,0.0
2026-09-28 06:00:00,EP182026,39,2026-10-10 18:00:00,12 days 12:00:00,300,22.54,-126.68,1003.5,35.7,26.633072995038773,27.364721439756277,14.57760054838769,13.453286341672252,19.995106678105827,0.0,0.0,0.0,0.0,0.0,0.0,0.0,0.0
2026-09-28 06:00:00,EP182026,39,2026-10-11 00:00:00,12 days 18:00:00,306,22.46,-126.99,997.2,42.1,64.25414157306676,77.6829156935175,69.0769286621879,60.77280024329436,76.1745571809636,0.0,0.0,0.0,0.0,0.0,0.0,0.0,0.0
2026-09-28 06:00:00,EP182026,39,2026-10-11 06:00:00,13 days 00:00:00,312,22.27,-127.39,1007.6,33.5,100.41695181695178,0.0,0.0,0.0,0.0,0.0,0.0,0.0,0.0,0.0,0.0,0.0,0.0
2026-09-28 06:00:00,EP182026,39,2026-10-11 12:00:00,13 days 06:00:00,318,22.3,-127.88,1002.0,35.4,138.45486569297125,138.45486569297125,101.10649821415502,59.94782509333761,101.14496338784365,0.0,0.0,0.0,0.0,0.0,0.0,0.0,0.0
2026-09-28 06:00:00,EP182026,39,2026-10-11 18:00:00,13 days 12:00:00,324,22.28,-128.51,1004.3,31.5,94.25152538912644,0.0,0.0,0.0,0.0,0.0,0.0,0.0,0.0,0.0,0.0,0.0,0.0
2026-09-28 06:00:00,EP182026,39,2026-10-12 00:00:00,13 days 18:00:00,330,22.25,-129.1,1005.8,28.4,61.3913668288424,0.0,0.0,0.0,0.0,0.0,0.0,0.0,0.0,0.0,0.0,0.0,0.0
2026-09-28 06:00:00,EP182026,39,2026-10-12 06:00:00,14 days 00:00:00,336,21.95,-130.73,1008.4,28.2,135.45465640447404,0.0,0.0,0.0,0.0,0.0,0.0,0.0,0.0,0.0,0.0,0.0,0.0
2026-09-28 06:00:00,EP182026,39,2026-10-12 12:00:00,14 days 06:00:00,342,21.9,-131.38,1005.0,26.3,90.26897060162447,0.0,0.0,0.0,0.0,0.0,0.0,0.0,0.0,0.0,0.0,0.0,0.0
2026-09-28 06:00:00,EP182026,39,2026-10-12 18:00:00,14 days 12:00:00,348,22.02,-132.38,1009.1,19.8,112.22024722928984,0.0,0.0,0.0,0.0,0.0,0.0,0.0,0.0,0.0,0.0,0.0,0.0
2026-09-28 06:00:00,EP182026,39,2026-10-13 00:00:00,14 days 18:00:00,354,22.53,-134.05,1009.0,19.8,130.2552218897947,0.0,0.0,0.0,0.0,0.0,0.0,0.0,0.0,0.0,0.0,0.0,0.0
2026-09-28 06:00:00,EP912026(3),39,2026-09-28 06:00:00,0 days 00:00:00,0,12.7,-136.6,1005.0,29.0,93.0,0.0,0.0,0.0,0.0,0.0,0.0,0.0,0.0,0.0,0.0,0.0,0.0
2026-09-28 06:00:00,EP912026(3),39,2026-09-28 12:00:00,0 days 06:00:00,6,14.02,-136.28,998.6,41.0,48.91147155860912,56.7660101600664,50.41101541896344,14.066538083812524,26.193253110837965,0.0,0.0,0.0,0.0,0.0,0.0,0.0,0.0
2026-09-28 06:00:00,EP912026(3),39,2026-09-28 18:00:00,0 days 12:00:00,12,14.9,-135.83,1002.4,39.1,49.07728356163097,49.07728356163097,2.4829848802680914,1.0504176539288892,3.2007496902977763,0.0,0.0,0.0,0.0,0.0,0.0,0.0,0.0
2026-09-28 06:00:00,EP912026(3),39,2026-09-29 00:00:00,0 days 18:00:00,18,15.27,-134.99,996.2,44.7,7.574216959611407,59.63609135390699,58.911624410616696,59.937022340106594,48.07835507122073,0.0,0.0,0.0,0.0,0.0,0.0,0.0,0.0
2026-09-28 06:00:00,EP912026(3),39,2026-09-29 06:00:00,1 days 00:00:00,24,15.27,-134.03,1000.8,39.7,17.008979483535047,36.07282931134391,46.8907111939873,21.008051789248185,23.58933833487273,0.0,0.0,0.0,0.0,0.0,0.0,0.0,0.0
2026-09-28 06:00:00,EP912026(3),39,2026-09-29 12:00:00,1 days 06:00:00,30,15.6,-133.24,997.8,41.4,95.98829188320516,118.68134549381227,119.33555419279196,80.97732528964082,89.64579696540163,0.0,0.0,0.0,0.0,0.0,0.0,0.0,0.0
2026-09-28 06:00:00,EP912026(3),39,2026-09-29 18:00:00,1 days 12:00:00,36,15.61,-132.41,1004.6,38.0,101.76366352497767,101.76366352497767,60.86025962821536,37.68750226290982,54.48785163975458,0.0,0.0,0.0,0.0,0.0,0.0,0.0,0.0
2026-09-28 06:00:00,EP912026(3),39,2026-09-30 00:00:00,1 days 18:00:00,42,15.8,-131.45,1003.7,31.5,65.32369453340854,0.0,0.0,0.0,0.0,0.0,0.0,0.0,0.0,0.0,0.0,0.0,0.0
2026-09-28 06:00:00,EP912026(3),39,2026-09-30 06:00:00,2 days 00:00:00,48,15.79,-131.18,1001.4,32.9,57.40743323156856,0.0,0.0,0.0,0.0,0.0,0.0,0.0,0.0,0.0,0.0,0.0,0.0
2026-09-28 06:00:00,EP912026(3),39,2026-09-30 12:00:00,2 days 06:00:00,54,16.19,-130.63,1003.7,25.8,73.90339317837964,0.0,0.0,0.0,0.0,0.0,0.0,0.0,0.0,0.0,0.0,0.0,0.0
2026-09-28 06:00:00,EP912026(3),39,2026-09-30 18:00:00,2 days 12:00:00,60,17.6,-130.18,1004.7,33.6,66.6388484471663,0.0,0.0,0.0,0.0,0.0,0.0,0.0,0.0,0.0,0.0,0.0,0.0
2026-09-28 06:00:00,EP912026(3),39,2026-10-01 00:00:00,2 days 18:00:00,66,16.96,-130.26,1003.0,27.8,59.67762054229596,0.0,0.0,0.0,0.0,0.0,0.0,0.0,0.0,0.0,0.0,0.0,0.0
2026-09-28 06:00:00,EP912026(3),39,2026-10-01 06:00:00,3 days 00:00:00,72,17.09,-129.77,1006.6,20.9,58.74237243736903,0.0,0.0,0.0,0.0,0.0,0.0,0.0,0.0,0.0,0.0,0.0,0.0
2026-09-28 06:00:00,EP912026(3),39,2026-10-01 12:00:00,3 days 06:00:00,78,17.48,-129.33,1005.5,21.7,64.04955003508647,0.0,0.0,0.0,0.0,0.0,0.0,0.0,0.0,0.0,0.0,0.0,0.0
2026-09-28 06:00:00,EP912026(3),39,2026-10-01 18:00:00,3 days 12:00:00,84,17.65,-129.17,1006.8,22.6,158.7683053726451,0.0,0.0,0.0,0.0,0.0,0.0,0.0,0.0,0.0,0.0,0.0,0.0
2026-09-28 06:00:00,EP912026(3),39,2026-10-02 00:00:00,3 days 18:00:00,90,18.25,-128.71,1004.9,22.4,149.41551177568832,0.0,0.0,0.0,0.0,0.0,0.0,0.0,0.0,0.0,0.0,0.0,0.0
2026-09-28 06:00:00,EP912026(3),39,2026-10-02 06:00:00,4 days 00:00:00,96,17.73,-129.17,1007.6,23.8,97.64837189558308,0.0,0.0,0.0,0.0,0.0,0.0,0.0,0.0,0.0,0.0,0.0,0.0
2026-09-28 06:00:00,EP912026(3),39,2026-10-02 12:00:00,4 days 06:00:00,102,18.18,-129.52,1006.0,15.6,87.5683235098385,0.0,0.0,0.0,0.0,0.0,0.0,0.0,0.0,0.0,0.0,0.0,0.0
2026-09-28 06:00:00,WP252026,39,2026-09-28 06:00:00,0 days 00:00:00,0,27.5,131.6,954.0,99.0,9.0,148.0,158.0,148.0,121.0,,,,,,,,
2026-09-28 06:00:00,WP252026,39,2026-09-28 12:00:00,0 days 06:00:00,6,27.52,132.64,979.3,69.2,28.973266732819116,98.9492351846081,135.867421065697,114.36826794718247,84.3978128701202,71.52032699697583,76.97510344266811,63.5801805540514,59.79829403130266,48.81314906565598,47.62498098036721,40.75672079627765,42.26678526990811
2026-09-28 06:00:00,WP252026,39,2026-09-28 18:00:00,0 days 12:00:00,12,28.0,133.16,993.4,50.5,23.02800304125125,111.81532452669347,144.25388296221345,98.11944711050606,84.19959401927274,0.0,23.02800304125125,0.0,0.0,0.0,0.0,0.0,0.0
2026-09-28 06:00:00,WP252026,39,2026-09-29 00:00:00,0 days 18:00:00,18,28.53,133.98,1003.3,33.9,39.088544943322034,0.0,0.0,0.0,0.0,0.0,0.0,0.0,0.0,0.0,0.0,0.0,0.0
2026-09-28 06:00:00,WP252026,39,2026-09-29 06:00:00,1 days 00:00:00,24,29.16,134.91,1004.9,36.0,39.80401958805851,39.80401958805851,0.0,0.0,0.0,0.0,0.0,0.0,0.0,0.0,0.0,0.0,0.0
2026-09-28 06:00:00,WP252026,39,2026-09-29 12:00:00,1 days 06:00:00,30,29.78,136.34,1001.0,35.6,98.5227500704892,0.0,98.5227500704892,0.0,0.0,0.0,0.0,0.0,0.0,0.0,0.0,0.0,0.0
2026-09-28 06:00:00,WP252026,39,2026-09-29 18:00:00,1 days 12:00:00,36,30.39,137.44,1003.1,27.8,92.32912085188384,0.0,0.0,0.0,0.0,0.0,0.0,0.0,0.0,0.0,0.0,0.0,0.0
2026-09-28 06:00:00,WP252026,39,2026-09-30 00:00:00,1 days 18:00:00,42,31.38,138.89,1000.8,26.6,68.5967094731549,0.0,0.0,0.0,0.0,0.0,0.0,0.0,0.0,0.0,0.0,0.0,0.0
2026-09-28 06:00:00,WP252026,39,2026-09-30 06:00:00,2 days 00:00:00,48,32.43,139.78,1000.9,32.5,56.09753408631016,0.0,0.0,0.0,0.0,0.0,0.0,0.0,0.0,0.0,0.0,0.0,0.0
2026-09-28 06:00:00,WP252026,39,2026-09-30 12:00:00,2 days 06:00:00,54,33.34,141.34,1005.1,28.3,77.42266935674127,0.0,0.0,0.0,0.0,0.0,0.0,0.0,0.0,0.0,0.0,0.0,0.0
2026-09-28 06:00:00,WP252026,39,2026-09-30 18:00:00,2 days 12:00:00,60,34.32,142.37,1001.3,32.4,53.04936240003067,0.0,0.0,0.0,0.0,0.0,0.0,0.0,0.0,0.0,0.0,0.0,0.0
2026-09-28 06:00:00,WP252026,39,2026-10-01 00:00:00,2 days 18:00:00,66,35.37,143.46,1001.7,31.8,69.9303973127283,0.0,0.0,0.0,0.0,0.0,0.0,0.0,0.0,0.0,0.0,0.0,0.0
2026-09-28 06:00:00,WP252026,39,2026-10-01 06:00:00,3 days 00:00:00,72,36.6,145.51,1003.1,30.7,50.49669989239674,0.0,0.0,0.0,0.0,0.0,0.0,0.0,0.0,0.0,0.0,0.0,0.0
2026-09-28 06:00:00,WP252026,39,2026-10-01 12:00:00,3 days 06:00:00,78,38.83,148.06,1000.0,27.7,90.05711113531683,0.0,0.0,0.0,0.0,0.0,0.0,0.0,0.0,0.0,0.0,0.0,0.0
2026-09-28 06:00:00,WP252026,39,2026-10-01 18:00:00,3 days 12:00:00,84,40.96,152.4,999.4,39.6,132.01259763992323,132.01259763992323,33.018286640187995,3.9820002495538063,11.069856187905032,0.0,0.0,0.0,0.0,0.0,0.0,0.0,0.0
2026-09-28 06:00:00,WP922026(4),39,2026-09-28 06:00:00,0 days 00:00:00,0,16.4,97.6,1001.0,29.0,64.0,0.0,0.0,0.0,0.0,0.0,0.0,0.0,0.0,0.0,0.0,0.0,0.0
2026-09-28 06:00:00,WP922026(4),39,2026-09-28 12:00:00,0 days 06:00:00,6,17.83,96.85,1005.5,19.4,128.33460045883805,0.0,0.0,0.0,0.0,0.0,0.0,0.0,0.0,0.0,0.0,0.0,0.0
2026-09-28 06:00:00,WP922026(4),39,2026-09-28 18:00:00,0 days 12:00:00,12,18.46,96.51,1005.4,26.9,104.94025866507091,0.0,0.0,0.0,0.0,0.0,0.0,0.0,0.0,0.0,0.0,0.0,0.0
2026-09-28 06:00:00,WP922026(4),39,2026-09-29 00:00:00,0 days 18:00:00,18,19.49,96.08,1001.8,24.7,90.46430221304634,0.0,0.0,0.0,0.0,0.0,0.0,0.0,0.0,0.0,0.0,0.0,0.0
2026-09-28 06:00:00,WP922026(4),39,2026-09-29 06:00:00,1 days 00:00:00,24,20.33,95.31,1003.8,17.9,88.13044878970713,0.0,0.0,0.0,0.0,0.0,0.0,0.0,0.0,0.0,0.0,0.0,0.0
2026-09-28 06:00:00,26,4,2026-10-08 18:00:00,10 days 12:00:00,252,13.21,155.98,1003.5,25.3,104.2450130932516,0.0,0.0,0.0,0.0,0.0,0.0,0.0,0.0,0.0,0.0,0.0,0.0
2026-09-28 06:00:00,26,4,2026-10-09 00:00:00,10 days 18:00:00,258,14.76,154.02,1003.3,25.0,89.70121888758094,0.0,0.0,0.0,0.0,0.0,0.0,0.0,0.0,0.0,0.0,0.0,0.0
2026-09-28 06:00:00,26,4,2026-10-09 06:00:00,11 days 00:00:00,264,15.07,152.32,1005.0,23.3,141.89471496362677,0.0,0.0,0.0,0.0,0.0,0.0,0.0,0.0,0.0,0.0,0.0,0.0
2026-09-28 06:00:00,26,4,2026-10-09 12:00:00,11 days 06:00:00,270,15.19,150.47,996.9,34.5,84.01236281270857,0.0,0.0,1.835687872029233,84.01236281270857,0.0,0.0,0.0,0.0,0.0,0.0,0.0,0.0
2026-09-28 06:00:00,26,4,2026-10-09 18:00:00,11 days 12:00:00,276,15.47,148.64,998.5,36.9,41.45750566282909,4.773732691198713,3.534682615364023,1.486219884365429,41.45750566282909,0.0,0.0,0.0,0.0,0.0,0.0,0.0,0.0
2026-09-28 06:00:00,26,4,2026-10-10 00:00:00,11 days 18:00:00,282,16.29,145.81,1001.0,39.3,53.4290278881704,11.401939022755975,0.5448045989493249,0.0,53.4290278881704,0.0,0.0,0.0,0.0,0.0,0.0,0.0,0.0
2026-09-28 06:00:00,26,4,2026-10-10 06:00:00,12 days 00:00:00,288,16.0,144.39,1001.8,30.5,103.6866215127358,0.0,0.0,0.0,0.0,0.0,0.0,0.0,0.0,0.0,0.0,0.0,0.0
2026-09-28 06:00:00,26,4,2026-10-10 12:00:00,12 days 06:00:00,294,15.93,143.24,1004.7,27.7,129.3312632439327,0.0,0.0,0.0,0.0,0.0,0.0,0.0,0.0,0.0,0.0,0.0,0.0
2026-09-28 06:00:00,26,4,2026-10-10 18:00:00,12 days 12:00:00,300,16.14,141.11,996.4,42.2,42.273870356910216,108.1251760505254,87.8745804232188,70.98731684643859,87.87543148826794,0.0,0.0,0.0,0.0,0.0,0.0,0.0,0.0
2026-09-28 06:00:00,26,4,2026-10-11 00:00:00,12 days 18:00:00,306,16.35,140.15,998.3,42.0,38.1132082362497,6.44621626816982,0.0156794518213132,0.0,38.1132082362497,0.0,0.0,0.0,0.0,0.0,0.0,0.0,0.0
2026-09-28 06:00:00,26,4,2026-10-11 06:00:00,13 days 00:00:00,312,16.64,139.03,996.0,39.9,37.01641841960928,11.269089063337136,12.102910375924594,5.773705629293171,37.01641841960928,0.0,0.0,0.0,0.0,0.0,0.0,0.0,0.0
2026-09-28 06:00:00,26,4,2026-10-11 12:00:00,13 days 06:00:00,318,17.53,138.04,996.4,38.5,72.96915395319824,73.64024681297082,54.20343185048168,41.93138946908856,53.60059168659073,0.0,0.0,0.0,0.0,0.0,0.0,0.0,0.0
2026-09-28 06:00:00,26,4,2026-10-11 18:00:00,13 days 12:00:00,324,18.36,137.04,996.1,44.5,30.794545435310283,45.56282918835278,33.076421335658736,20.36267399400846,29.67958844751559,0.0,0.0,0.0,0.0,0.0,0.0,0.0,0.0
2026-09-28 06:00:00,26,4,2026-10-12 00:00:00,13 days 18:00:00,330,19.04,136.07,991.3,52.9,29.528098661325718,39.77706790817902,30.91629336087952,5.822301006761215,20.84767233795086,29.528098661325718,1.2263860738858483,0.0,0.0,0.0,0.0,0.0,0.0
2026-09-28 06:00:00,26,4,2026-10-12 06:00:00,14 days 00:00:00,336,20.05,135.45,985.8,56.8,35.445063757089216,101.9101435960714,87.33317264313841,52.550609848515634,67.78952104014013,1.6454563459533214,35.445063757089216,0.0,0.0,0.0,0.0,0.0,0.0
2026-09-28 06:00:00,26,4,2026-10-12 12:00:00,14 days 06:00:00,342,21.06,134.69,994.0,44.9,50.94484578914957,50.94484578914957,5.785334284656656,0.0,8.446604568305176,0.0,0.0,0.0,0.0,0.0,0.0,0.0,0.0
2026-09-28 06:00:00,26,4,2026-10-12 18:00:00,14 days 12:00:00,348,22.31,134.71,992.0,49.3,65.01520498183561,65.01520498183561,33.301614685580205,13.717065323035968,15.03528842807745,0.0,0.0,0.0,0.0,0.0,0.0,0.0,0.0
2026-09-28 06:00:00,26,4,2026-10-13 00:00:00,14 days 18:00:00,354,23.3,135.1,999.1,35.5,59.25832502964305,8.456310378056186,59.25832502964305,1.3019077240009622,0.0,0.0,0.0,0.0,0.0,0.0,0.0,0.0,0.0
2026-09-28 06:00:00,26,4,2026-10-13 06:00:00,15 days 00:00:00,360,23.94,135.65,992.4,39.0,38.67830193346367,31.392329165793623,42.38609053505846,30.538801323620547,16.960754110247592,0.0,0.0,0.0,0.0,0.0,0.0,0.0,0.0
2026-09-28 06:00:00,28,4,2026-10-09 00:00:00,10 days 18:00:00,258,15.24,133.86,1001.8,22.4,101.18218779645149,0.0,0.0,0.0,0.0,0.0,0.0,0.0,0.0,0.0,0.0,0.0,0.0
2026-09-28 06:00:00,28,4,2026-10-09 06:00:00,11 days 00:00:00,264,16.89,133.14,999.7,28.1,134.00568515228224,0.0,0.0,0.0,0.0,0.0,0.0,0.0,0.0,0.0,0.0,0.0,0.0
2026-09-28 06:00:00,28,4,2026-10-09 12:00:00,11 days 06:00:00,270,16.82,132.04,1001.8,32.2,102.02532184973892,0.0,0.0,0.0,0.0,0.0,0.0,0.0,0.0,0.0,0.0,0.0,0.0
2026-09-28 06:00:00,28,4,2026-10-09 18:00:00,11 days 12:00:00,276,17.19,131.45,1003.4,25.9,79.51736585541607,0.0,0.0,0.0,0.0,0.0,0.0,0.0,0.0,0.0,0.0,0.0,0.0
2026-09-28 06:00:00,28,4,2026-10-10 00:00:00,11 days 18:00:00,282,18.15,130.86,1004.0,31.0,134.47136735207653,0.0,0.0,0.0,0.0,0.0,0.0,0.0,0.0,0.0,0.0,0.0,0.0
2026-09-28 06:00:00,28,4,2026-10-10 06:00:00,12 days 00:00:00,288,19.14,128.7,1003.6,24.8,164.80300393790108,0.0,0.0,0.0,0.0,0.0,0.0,0.0,0.0,0.0,0.0,0.0,0.0
2026-09-28 06:00:00,28,4,2026-10-10 12:00:00,12 days 06:00:00,294,18.63,128.18,1000.0,33.7,128.70325349373428,0.0,0.0,0.0,0.0,0.0,0.0,0.0,0.0,0.0,0.0,0.0,0.0
2026-09-28 06:00:00,28,4,2026-10-10 18:00:00,12 days 12:00:00,300,18.59,127.35,994.2,42.2,89.92827621853678,89.92827621853678,21.738063213595545,13.800304441725558,28.98718931144892,0.0,0.0,0.0,0.0,0.0,0.0,0.0,0.0
2026-09-28 06:00:00,28,4,2026-10-11 00:00:00,12 days 18:00:00,306,18.5,126.25,995.4,38.9,65.11852128283098,65.11852128283098,2.022109927844614,4.21451952898529,12.227577301244098,0.0,0.0,0.0,0.0,0.0,0.0,0.0,0.0
2026-09-28 06:00:00,28,4,2026-10-11 06:00:00,13 days 00:00:00,312,18.07,125.73,995.3,39.3,81.77372039475674,197.8483715806728,176.4258525345523,152.42627706847728,171.59389613723545,0.0,0.0,0.0,0.0,0.0,0.0,0.0,0.0
2026-09-28 06:00:00,28,4,2026-10-11 12:00:00,13 days 06:00:00,318,18.4,125.05,994.2,43.3,103.78159534413189,235.64486140183743,203.69863700729627,177.2277539970644,197.1177125269438,0.0,0.0,0.0,0.0,0.0,0.0,0.0,0.0
2026-09-28 06:00:00,28,4,2026-10-11 18:00:00,13 days 12:00:00,324,18.46,124.63,995.3,41.9,98.34115845121843,101.24599467748322,77.36728659344726,65.43737334471895,81.70230225178601,0.0,0.0,0.0,0.0,0.0,0.0,0.0,0.0
2026-09-28 06:00:00,28,4,2026-10-12 00:00:00,13 days 18:00:00,330,18.13,124.07,991.1,45.4,82.8932343048962,141.65635650471648,116.31883265549882,101.8430916122739,115.96725352813436,0.0,0.0,0.0,0.0,0.0,0.0,0.0,0.0
2026-09-28 06:00:00,28,4,2026-10-12 06:00:00,14 days 00:00:00,336,18.35,123.66,995.0,43.5,75.67007957492325,102.24126291711336,83.69074783658175,71.14230278576181,82.01567476815512,0.0,0.0,0.0,0.0,0.0,0.0,0.0,0.0
2026-09-28 06:00:00,28,4,2026-10-12 12:00:00,14 days 06:00:00,342,17.63,123.29,985.2,52.1,48.07821203170427,168.93623667293164,147.7283315347218,144.1796110368457,146.53955762856685,0.811259713347777,0.0,1.216920857722942,48.07821203170427,0.0,0.0,0.0,0.0
2026-09-28 06:00:00,28,4,2026-10-12 18:00:00,14 days 12:00:00,348,16.94,122.99,983.6,60.5,34.76979107368544,98.77067248873186,82.15168286426899,88.09451286016395,92.07292208765244,0.0,0.0,0.0812986309480265,34.76979107368544,0.0,0.0,0.0,0.0
2026-09-28 06:00:00,28,4,2026-10-13 00:00:00,14 days 18:00:00,354,16.41,122.78,969.5,80.2,21.379191510246017,183.9642677089801,154.58508261587713,163.828966590748,189.07083614946987,99.41000050978596,91.91377573376847,80.84538166783864,92.2400884350874,51.78892623275237,47.708347624292,40.37472150640826,45.72977378150358
2026-09-28 06:00:00,28,4,2026-10-13 06:00:00,15 days 00:00:00,360,15.8,122.39,983.5,60.8,36.26770632600724,122.5252002794467,122.97801945125894,131.01698683567002,130.14933781610884,0.0,0.0,36.26770632600724,2.5353144639405727,0.0,0.0,0.0,0.0
2026-09-28 06:00:00,5,4,2026-09-29 00:00:00,0 days 18:00:00,18,15.47,155.94,1008.7,16.0,147.52924135462652,0.0,0.0,0.0,0.0,0.0,0.0,0.0,0.0,0.0,0.0,0.0,0.0
2026-09-28 06:00:00,5,4,2026-09-29 06:00:00,1 days 00:00:00,24,16.56,154.42,1009.7,14.6,75.95029077255577,0.0,0.0,0.0,0.0,0.0,0.0,0.0,0.0,0.0,0.0,0.0,0.0
2026-09-28 06:00:00,5,4,2026-09-29 12:00:00,1 days 06:00:00,30,15.96,154.29,1008.5,21.9,75.91752745560481,0.0,0.0,0.0,0.0,0.0,0.0,0.0,0.0,0.0,0.0,0.0,0.0
2026-09-28 06:00:00,5,4,2026-09-29 18:00:00,1 days 12:00:00,36,16.17,154.09,1004.6,20.0,86.9915588305634,0.0,0.0,0.0,0.0,0.0,0.0,0.0,0.0,0.0,0.0,0.0,0.0
2026-09-28 06:00:00,5,4,2026-09-30 00:00:00,1 days 18:00:00,42,16.28,152.98,1004.8,23.0,118.86135894482452,0.0,0.0,0.0,0.0,0.0,0.0,0.0,0.0,0.0,0.0,0.0,0.0
2026-09-28 06:00:00,5,4,2026-09-30 06:00:00,2 days 00:00:00,48,16.35,151.97,1006.1,19.5,160.02100831814266,0.0,0.0,0.0,0.0,0.0,0.0,0.0,0.0,0.0,0.0,0.0,0.0
2026-09-28 06:00:00,5,4,2026-09-30 12:00:00,2 days 06:00:00,54,16.47,149.45,1004.7,24.9,114.51059398936778,0.0,0.0,0.0,0.0,0.0,0.0,0.0,0.0,0.0,0.0,0.0,0.0
2026-09-28 06:00:00,5,4,2026-09-30 18:00:00,2 days 12:00:00,60,16.76,149.11,1006.3,19.1,153.43748764340876,0.0,0.0,0.0,0.0,0.0,0.0,0.0,0.0,0.0,0.0,0.0,0.0
2026-09-28 06:00:00,5,4,2026-10-01 00:00:00,2 days 18:00:00,66,16.82,147.04,1003.4,23.3,58.861801319788526,0.0,0.0,0.0,0.0,0.0,0.0,0.0,0.0,0.0,0.0,0.0,0.0
2026-09-28 06:00:00,5,4,2026-10-01 06:00:00,3 days 00:00:00,72,16.98,146.13,1004.0,25.0,100.31835785677026,0.0,0.0,0.0,0.0,0.0,0.0,0.0,0.0,0.0,0.0,0.0,0.0
2026-09-28 06:00:00,5,4,2026-10-01 12:00:00,3 days 06:00:00,78,16.75,145.35,1002.8,30.1,131.47132317561443,0.0,0.0,0.0,0.0,0.0,0.0,0.0,0.0,0.0,0.0,0.0,0.0
2026-09-28 06:00:00,5,4,2026-10-01 18:00:00,3 days 12:00:00,84,16.98,143.96,996.7,32.0,22.47941775249862,0.0,0.0,0.0,0.0,0.0,0.0,0.0,0.0,0.0,0.0,0.0,0.0
2026-09-28 06:00:00,5,4,2026-10-02 00:00:00,3 days 18:00:00,90,17.01,143.57,995.5,46.8,108.63322751824694,108.63322751824694,83.02436946840544,69.14312521383431,74.16765007169965,0.0,0.0,0.0,0.0,0.0,0.0,0.0,0.0
2026-09-28 06:00:00,5,4,2026-10-02 06:00:00,4 days 00:00:00,96,17.27,143.42,985.4,48.9,106.2721690141268,264.21755223826347,242.4192638743748,211.29395501043965,231.2118984858678,0.0,0.0,0.0,0.0,0.0,0.0,0.0,0.0
2026-09-28 06:00:00,5,4,2026-10-02 12:00:00,4 days 06:00:00,102,17.48,143.16,984.7,57.3,68.76426640912119,259.8057036442485,225.91139198255155,193.88875333003853,216.6989921195402,78.69054624880508,70.01091602009319,51.348812359916046,64.79153793772497,0.0,0.0,0.0,0.0
2026-09-28 06:00:00,5,4,2026-10-02 18:00:00,4 days 12:00:00,108,17.88,142.99,983.0,59.3,56.93608947862454,212.82182260730335,191.6245854118378,162.4001760274727,180.30915612591787,56.93608947862454,3.185090972332361,1.188064268716369,3.986086201533325,0.0,0.0,0.0,0.0
2026-09-28 06:00:00,5,4,2026-10-03 00:00:00,4 days 18:00:00,114,17.93,142.77,967.9,77.1,41.144371609999936,174.13893932180832,169.49609521897912,136.37769225536118,151.29627525762368,94.99520365707475,86.83085461347096,69.79858945279665,81.08545154581505,47.15749948950469,43.48590121168461,34.86149230614673,40.13164401976222
2026-09-28 06:00:00,5,4,2026-10-03 06:00:00,5 days 00:00:00,120,18.14,143.03,969.1,66.0,58.19598099487685,333.0314889584553,354.70857374369,304.4136068094293,292.4026007989375,117.69154308111072,117.57538481977686,97.6527497567818,98.41675937305064,0.0,0.0133005950892854,58.19598099487685,0.0
2026-09-28 06:00:00,5,4,2026-10-03 12:00:00,5 days 06:00:00,126,18.56,143.39,973.4,67.7,43.83871812447797,278.77440447042034,307.45353377625463,295.1699706268914,264.7591508651939,190.7057527025015,191.4052937985403,164.50836091382,163.50838465801314,0.0,0.0,43.83871812447797,0.0
2026-09-28 06:00:00,5,4,2026-10-03 18:00:00,5 days 12:00:00,132,19.03,143.5,972.1,68.7,57.199774387326855,228.02753280886836,222.4078001801313,186.78584344125477,199.53020966848356,78.95253544794434,70.6885444018906,53.24652609459481,66.04418209212923,57.199774387326855,32.95280714035423,24.960008968112668,30.209961235747947
2026-09-28 06:00:00,5,4,2026-10-04 00:00:00,5 days 18:00:00,138,19.34,143.79,976.9,68.6,79.84994327866661,347.2082358571374,349.51191544687754,301.7024769538393,300.4976641641697,189.5028234481215,186.890179413625,159.17372790001377,164.75156769976547,100.14697056549367,96.78159931830476,82.37676111893563,87.36187172266295
2026-09-28 06:00:00,5,4,2026-10-04 06:00:00,6 days 00:00:00,144,20.08,144.02,961.1,80.5,43.77960066381823,334.98452371941926,341.09055606699553,293.4454674165244,289.59340807838146,122.15546020822752,123.53701820265005,101.33050115270632,102.51166230513664,61.70222741178335,61.13629839913517,50.70051821559857,53.66305914369832
2026-09-28 06:00:00,5,4,2026-10-04 12:00:00,6 days 06:00:00,150,20.51,144.38,955.5,96.9,25.029570863824937,291.2878708781433,308.66131144916505,276.5184987131886,256.41509711313086,167.47112072135593,167.09687131864348,143.5701320666641,147.09452785365426,90.22991409339012,87.58882854291048,74.55376567986782,79.00289073345392
2026-09-28 06:00:00,5,4,2026-10-04 18:00:00,6 days 12:00:00,156,21.12,144.27,951.8,95.1,44.35257167590696,436.1957628709255,447.91419435255193,380.3358292393904,369.29440566452286,149.34299855826043,144.8788668016029,118.15581393374922,128.51401039059348,79.3157951527109,77.252646544963,63.476498081243136,67.68355285819379
2026-09-28 06:00:00,5,4,2026-10-05 00:00:00,6 days 18:00:00,162,21.81,144.63,927.7,121.2,19.78269236725888,332.8675532074301,344.1288448120275,309.76922448524925,285.7547328787131,58.16715204726778,61.974894152785154,51.36668693484272,48.89955670961173,31.978980412141425,32.02876926894937,26.81447257104004,27.1756641996698
2026-09-28 06:00:00,5,4,2026-10-05 06:00:00,7 days 00:00:00,168,23.01,144.61,932.3,113.0,21.599416702416747,368.9786383367333,379.1868315819351,320.67089043760245,320.0286584258652,222.49172339266107,218.0873857554762,186.73422831742732,195.72117753311588,123.64055570975384,119.888362795992,101.66461523190912,107.8668332716218
2026-09-28 06:00:00,5,4,2026-10-05 12:00:00,7 days 06:00:00,174,23.86,144.72,920.3,126.0,38.98984079979704,400.6569634852149,399.12769943927015,370.47263956099096,358.1338946580417,235.51283748407357,241.13380658058145,204.70824725209943,213.86576650162877,134.67641884572595,132.87310144054177,112.53664941885552,118.58273430587292
2026-09-28 06:00:00,5,4,2026-10-05 18:00:00,7 days 12:00:00,180,25.35,144.72,928.1,124.0,6.656329343809063,383.0939854571234,373.3730849311233,289.8423257470152,313.7061666127836,206.0779458677397,197.6021550757333,160.9015893932986,174.95858935424843,109.30249321965157,104.87049634324902,87.18727011140659,94.85330070268428
2026-09-28 06:00:00,5,4,2026-10-06 00:00:00,7 days 18:00:00,186,26.6,144.87,918.5,123.4,41.68225678644605,449.57390355573233,470.52278475146034,395.6197111426984,385.6446482168715,138.80848411084682,144.09308001587775,117.89062108121132,116.35900868917084,77.53913885088197,76.88429835997712,64.67085897602685,67.54935757234506
2026-09-28 06:00:00,5,4,2026-10-06 06:00:00,8 days 00:00:00,192,27.78,145.19,935.4,121.6,7.07108846807391,335.623138404328,372.9257659098545,294.6451849812951,278.6351463705174,176.03985871057773,182.24418868229984,149.63733107554276,149.78472324122754,97.42939795962084,97.27346688457098,80.79667900843987,83.8380872580016
2026-09-28 06:00:00,5,4,2026-10-06 12:00:00,8 days 06:00:00,198,29.18,145.74,939.5,95.7,0.0,228.5207967843428,285.42044739628034,211.52091841441356,173.0091335636914,95.14416640565511,105.58930864733809,77.25126917324722,74.96559839583125,51.38586104561213,52.1775584679265,42.27044009109987,42.26598288864403
2026-09-28 06:00:00,5,4,2026-10-06 18:00:00,8 days 12:00:00,204,31.22,146.47,955.5,85.2,0.5753545108178031,356.5527254792996,406.62429278132913,309.83874978138385,281.98157147092536,161.30616476967498,172.44765791411615,137.3341870328709,131.78621367451962,86.51633834520469,87.17745448568056,71.5549233597988,72.66164670209866
2026-09-28 06:00:00,5,4,2026-10-07 00:00:00,8 days 18:00:00,210,34.24,147.81,960.6,71.1,18.11779606939666,273.4033708032448,335.67947376590337,246.46290670591495,196.4585760158848,81.14402654654896,93.22359863568296,71.70652049257114,63.203225325927406,42.39990341100446,42.98102857454916,35.80264450058735,35.34316360879177
2026-09-28 06:00:00,5,4,2026-10-07 06:00:00,9 days 00:00:00,216,36.85,149.68,962.2,69.8,43.22959828832533,371.0919994811607,434.52718584050825,348.6339825224914,286.4042826473619,149.28853108585756,163.9281856883019,131.116859792147,120.1493922659412,23.009009089827074,43.22959828832533,18.480653565365927,16.6196826892618
2026-09-28 06:00:00,5,4,2026-10-07 12:00:00,9 days 06:00:00,222,40.55,153.17,965.2,65.0,72.92700173391108,197.45420692991843,240.3403292203907,185.15383515099305,131.53357783250885,0.0,72.92700173391108,3.764904219222764,0.0,0.0,72.92700173391108,0.0,0.0
2026-09-28 06:00:00,5,4,2026-10-07 18:00:00,9 days 12:00:00,228,43.27,158.24,974.0,53.9,130.24428655610478,22.3857577275179,130.24428655610478,31.4770214991084,0.0,0.0,130.24428655610478,2.649143066913181,0.0,0.0,0.0,0.0,0.0
2026-09-28 06:00:00,5,4,2026-10-08 00:00:00,9 days 18:00:00,234,46.56,162.87,981.9,46.5,161.44356114447515,0.0,161.44356114447515,5.096999079559261,0.0,0.0,0.0,0.0,0.0,0.0,0.0,0.0,0.0
2026-09-28 06:00:00,5,4,2026-10-08 06:00:00,10 days 00:00:00,240,48.75,169.85,986.1,34.8,210.50741563778644,13.819882385946288,210.50741563778644,6.777022805314342,0.712962755940346,0.0,0.0,0.0,0.0,0.0,0.0,0.0,0.0
2026-09-28 06:00:00,8,4,2026-09-29 18:00:00,1 days 12:00:00,36,33.39,-44.16,1001.7,39.8,93.85087459727156,93.85087459727156,3.517259220136338,0.0,4.265353577131108,0.0,0.0,0.0,0.0,0.0,0.0,0.0,0.0
2026-09-28 06:00:00,8,4,2026-09-30 00:00:00,1 days 18:00:00,42,32.87,-43.01,1007.9,30.5,117.89888175182784,0.0,0.0,0.0,0.0,0.0,0.0,0.0,0.0,0.0,0.0,0.0,0.0
2026-09-28 06:00:00,8,4,2026-09-30 06:00:00,2 days 00:00:00,48,33.52,-43.39,1008.6,27.8,134.64639816075646,0.0,0.0,0.0,0.0,0.0,0.0,0.0,0.0,0.0,0.0,0.0,0.0
2026-09-28 06:00:00,8,4,2026-09-30 12:00:00,2 days 06:00:00,54,32.96,-42.71,1009.7,27.1,119.95498302583051,0.0,0.0,0.0,0.0,0.0,0.0,0.0,0.0,0.0,0.0,0.0,0.0
2026-09-28 06:00:00,8,4,2026-09-30 18:00:00,2 days 12:00:00,60,33.06,-42.47,1009.7,24.1,108.94628366455528,0.0,0.0,0.0,0.0,0.0,0.0,0.0,0.0,0.0,0.0,0.0,0.0
2026-09-28 06:00:00,8,4,2026-10-01 00:00:00,2 days 18:00:00,66,33.53,-41.71,1006.5,29.2,73.22717607270098,0.0,0.0,0.0,0.0,0.0,0.0,0.0,0.0,0.0,0.0,0.0,0.0
2026-09-28 06:00:00,8,4,2026-10-01 06:00:00,3 days 00:00:00,72,34.06,-41.24,1009.2,31.0,104.64399209459356,0.0,0.0,0.0,0.0,0.0,0.0,0.0,0.0,0.0,0.0,0.0,0.0
2026-09-28 06:00:00,8,4,2026-10-01 12:00:00,3 days 06:00:00,78,34.14,-40.25,1009.8,26.9,121.38657724595907,0.0,0.0,0.0,0.0,0.0,0.0,0.0,0.0,0.0,0.0,0.0,0.0
2026-09-28 06:00:00,8,4,2026-10-01 18:00:00,3 days 12:00:00,84,34.58,-39.06,1006.1,34.2,69.48869662882339,69.48869662882339,20.712626736467712,15.666379988913036,15.773775951191396,0.0,0.0,0.0,0.0,0.0,0.0,0.0,0.0
2026-09-28 06:00:00,8,4,2026-10-02 00:00:00,3 days 18:00:00,90,34.72,-38.41,1010.9,27.0,115.81857008636348,0.0,0.0,0.0,0.0,0.0,0.0,0.0,0.0,0.0,0.0,0.0,0.0
2026-09-28 06:00:00,8,4,2026-10-02 06:00:00,4 days 00:00:00,96,34.91,-37.69,1006.4,33.5,61.65696737455579,0.0,0.0,0.0,0.0,0.0,0.0,0.0,0.0,0.0,0.0,0.0,0.0
2026-09-28 06:00:00,8,4,2026-10-02 12:00:00,4 days 06:00:00,102,34.58,-36.17,1006.2,28.3,84.39497934698184,0.0,0.0,0.0,0.0,0.0,0.0,0.0,0.0,0.0,0.0,0.0,0.0
2026-09-28 06:00:00,8,4,2026-10-02 18:00:00,4 days 12:00:00,108,35.01,-36.23,1009.9,25.6,102.81539621431692,0.0,0.0,0.0,0.0,0.0,0.0,0.0,0.0,0.0,0.0,0.0,0.0
2026-09-28 06:00:00,8,4,2026-10-03 00:00:00,4 days 18:00:00,114,34.5,-35.73,1013.7,24.7,112.35864803670256,0.0,0.0,0.0,0.0,0.0,0.0,0.0,0.0,0.0,0.0,0.0,0.0
2026-09-28 06:00:00,8,4,2026-10-03 06:00:00,5 days 00:00:00,120,34.13,-35.56,1012.7,23.8,69.60733371623792,0.0,0.0,0.0,0.0,0.0,0.0,0.0,0.0,0.0,0.0,0.0,0.0
2026-09-28 06:00:00,AL062026,4,2026-09-28 06:00:00,0 days 00:00:00,0,28.3,-43.8,1012.0,25.0,56.0,0.0,0.0,0.0,0.0,0.0,0.0,0.0,0.0,0.0,0.0,0.0,0.0
2026-09-28 06:00:00,AL912026(2),4,2026-09-28 06:00:00,0 days 00:00:00,0,36.3,-53.1,1013.0,29.0,148.0,0.0,0.0,0.0,0.0,0.0,0.0,0.0,0.0,0.0,0.0,0.0,0.0
2026-09-28 06:00:00,AL912026(2),4,2026-09-28 12:00:00,0 days 06:00:00,6,36.59,-51.1,1006.6,37.0,93.02181716795302,93.02181716795302,0.0,0.0,0.0,0.0,0.0,0.0,0.0,0.0,0.0,0.0,0.0
2026-09-28 06:00:00,AL912026(2),4,2026-09-28 18:00:00,0 days 12:00:00,12,36.62,-48.38,1006.7,34.8,117.48998002346066,117.48998002346066,0.0,0.994415972574764,0.0,0.0,0.0,0.0,0.0,0.0,0.0,0.0,0.0
2026-09-28 06:00:00,AL912026(2),4,2026-09-29 00:00:00,0 days 18:00:00,18,35.62,-46.79,1008.7,31.7,124.82938642951969,0.0,0.0,0.0,0.0,0.0,0.0,0.0,0.0,0.0,0.0,0.0,0.0
2026-09-28 06:00:00,AL912026(2),4,2026-09-29 06:00:00,1 days 00:00:00,24,35.45,-45.28,1005.5,34.7,65.52210262313727,1.4984623958616083,65.52210262313727,0.0,0.0,0.0,0.0,0.0,0.0,0.0,0.0,0.0,0.0
2026-09-28 06:00:00,EP152026(2),4,2026-09-28 06:00:00,0 days 00:00:00,0,16.4,-160.8,929.0,134.0,28.0,241.0,185.0,148.0,204.0,93.0,74.0,74.0,93.0,56.0,46.0,37.0,46.0
2026-09-28 06:00:00,EP152026(2),4,2026-09-28 12:00:00,0 days 06:00:00,6,16.79,-161.57,950.5,115.1,28.8177408612723,147.82834438465983,105.61964591380374,84.41283822869339,134.51941740233462,28.8177408612723,1.2169289719824712,0.0860210035390953,12.68176191059074,28.8177408612723,1.2169289719824712,0.0860210035390953,6.346951849910468
2026-09-28 06:00:00,EP152026(2),4,2026-09-28 18:00:00,0 days 12:00:00,12,17.57,-162.53,954.8,104.7,0.0,173.52897766726073,156.86983914692368,127.21843485992936,158.57471421007074,61.40294352906728,44.25409593583479,31.99055333024961,51.77065584383624,30.43017782424776,23.573092399282853,18.366940984053603,25.686101346002623
2026-09-28 06:00:00,EP152026(2),4,2026-09-29 00:00:00,0 days 18:00:00,18,18.51,-163.29,944.9,112.8,38.00799080727133,162.11628710945547,136.0689816416313,94.86990124684787,142.4421374522046,77.33623509455985,60.46311484244119,48.71197193051288,68.6371674016934,42.21255544114122,36.63799230703373,30.74717733748595,37.30773313294716
2026-09-28 06:00:00,EP152026(2),4,2026-09-29 06:00:00,1 days 00:00:00,24,19.2,-163.76,950.3,112.9,10.485239450201377,192.9697135882177,165.80989656868377,102.005168676055,150.34927743926292,93.89360662251946,81.05906062122112,62.99019528983481,79.028113257965,51.51307861303205,47.91980791696877,42.638327766592425,47.10290551916323
2026-09-28 06:00:00,EP152026(2),4,2026-09-29 12:00:00,1 days 06:00:00,30,20.08,-163.96,963.3,93.4,0.0,171.20408457248368,172.81009747762135,112.08234278284888,131.63394692392242,82.15219776643184,75.54626945214338,52.828728424259225,69.15709054933409,42.72149202491711,39.24856724387456,30.837732428879548,36.796317546447256
2026-09-28 06:00:00,EP152026(2),4,2026-09-29 18:00:00,1 days 12:00:00,36,21.05,-163.8,965.7,83.1,0.0,173.96013909067557,184.2680860796669,126.75625470544196,132.551005284673,84.11712628054642,86.15334445156667,61.22634224291458,64.20349303567255,43.60443641044771,41.68311034847311,34.95304061077429,36.99549782634507
2026-09-28 06:00:00,EP152026(2),4,2026-09-30 00:00:00,1 days 18:00:00,42,21.93,-163.55,974.6,77.1,9.35640032731416,217.97112668624615,210.2017587658748,140.40825478731318,161.08593677896746,117.02581730380956,110.54376767260088,86.19162273760801,95.11674189827116,60.17019096077205,56.72088143526732,46.40090424448364,50.349835221319125
2026-09-28 06:00:00,EP152026(2),4,2026-09-30 06:00:00,2 days 00:00:00,48,22.62,-163.42,988.2,55.6,80.15882069227652,241.45909015494485,234.77378374769413,203.1275864894129,202.07177882514748,177.1767930056958,172.76530284746536,146.13236025479875,147.88672682221406,0.0,0.0,0.0,0.0
2026-09-28 06:00:00,EP152026(2),4,2026-09-30 12:00:00,2 days 06:00:00,54,22.68,-163.54,994.8,45.4,73.23575960391099,117.10536195822996,98.82314981045262,86.31344541072164,103.04283932738308,0.0,0.0,0.0,0.0,0.0,0.0,0.0,0.0
2026-09-28 06:00:00,EP152026(2),4,2026-09-30 18:00:00,2 days 12:00:00,60,22.34,-163.49,995.7,41.4,118.56529430540876,136.09137492319883,125.61158748988667,120.2651338580335,119.22498647875966,0.0,0.0,0.0,0.0,0.0,0.0,0.0,0.0
2026-09-28 06:00:00,EP152026(2),4,2026-10-01 00:00:00,2 days 18:00:00,66,22.46,-163.39,992.7,43.4,60.66109081233924,60.66109081233924,43.01408649185808,31.376647758097747,39.26238272192918,0.0,0.0,0.0,0.0,0.0,0.0,0.0,0.0
2026-09-28 06:00:00,EP152026(2),4,2026-10-01 06:00:00,3 days 00:00:00,72,22.76,-163.67,991.4,40.4,152.5044649974426,1.0414941442470536,0.1793479914261126,152.5044649974426,0.0,0.0,0.0,0.0,0.0,0.0,0.0,0.0,0.0
2026-09-28 06:00:00,EP152026(2),4,2026-10-01 12:00:00,3 days 06:00:00,78,23.34,-164.35,995.8,46.0,107.346779135163,122.82075838266616,86.12649356300835,73.67646142015535,97.36908897273892,0.0,0.0,0.0,0.0,0.0,0.0,0.0,0.0
2026-09-28 06:00:00,EP152026(2),4,2026-10-01 18:00:00,3 days 12:00:00,84,23.31,-165.45,990.6,50.5,80.61938249501691,208.8506534990338,188.0266202091443,159.41967973250212,180.55499131896067,80.61938249501691,0.2535255558507288,0.0,2.3756986991015765,0.0,0.0,0.0,0.0
2026-09-28 06:00:00,EP152026(2),4,2026-10-02 00:00:00,3 days 18:00:00,90,23.4,-165.62,995.1,45.8,95.70604150115618,0.0,0.0,0.0,95.70604150115618,0.0,0.0,0.0,0.0,0.0,0.0,0.0,0.0
2026-09-28 06:00:00,EP152026(2),4,2026-10-02 06:00:00,4 days 00:00:00,96,24.15,-166.15,981.9,58.8,61.55271378855071,157.99223027763315,127.42682032591055,95.93949664750826,130.82187897268886,61.55271378855071,50.26425616794819,41.82046170684902,46.04629285911264,0.0,0.0,0.0,0.0
2026-09-28 06:00:00,EP152026(2),4,2026-10-02 12:00:00,4 days 06:00:00,102,24.27,-166.95,986.0,57.4,45.95169511909501,195.2273307087552,158.84319373557398,139.05921087543925,173.6367104938283,45.95169511909501,1.906246143802472,0.0,1.700223403192708,0.0,0.0,0.0,0.0
2026-09-28 06:00:00,EP152026(2),4,2026-10-02 18:00:00,4 days 12:00:00,108,24.25,-167.66,988.0,55.1,64.3114965239157,183.7740471195271,150.74002740354203,125.39735260063512,158.46389663689516,64.3114965239157,4.044079344540489,0.2683273261641492,5.671113779289479,0.0,0.0,0.0,0.0
2026-09-28 06:00:00,EP152026(2),4,2026-10-03 00:00:00,4 days 18:00:00,114,24.06,-168.54,982.5,65.1,42.57286092025075,26.44900993721024,8.948802399482311,6.4105885541178615,42.57286092025075,0.8572068758991698,0.0,0.0,42.57286092025075,0.0,0.0,0.0,42.57286092025075
2026-09-28 06:00:00,EP152026(2),4,2026-10-03 06:00:00,5 days 00:00:00,120,23.89,-169.24,986.7,58.8,40.86470028198059,210.89206486122697,193.6410864387864,159.9146416089213,186.5047646336576,40.86470028198059,19.06906204562073,14.371483256188114,20.291420859014163,0.0,0.0,0.0,0.0
2026-09-28 06:00:00,EP152026(2),4,2026-10-03 12:00:00,5 days 06:00:00,126,23.74,-170.49,987.4,56.0,59.617526986594456,224.70766845734775,189.76510970503168,155.99105495474623,201.52991224446075,1.1292425114422828,0.0,0.0,59.617526986594456,0.0,0.0,0.0,0.0
2026-09-28 06:00:00,EP152026(2),4,2026-10-03 18:00:00,5 days 12:00:00,132,23.84,-171.88,982.8,61.6,65.01431712916207,112.96598778418002,81.48788105240357,71.30337409995354,95.78798559191928,65.01431712916207,0.0,0.0,0.9362187044292298,0.0,0.0,0.0,0.0
2026-09-28 06:00:00,EP152026(2),4,2026-10-04 00:00:00,5 days 18:00:00,138,23.65,-173.62,981.4,69.3,36.801143311633496,126.85641953680896,94.80864565524098,64.75867443069546,105.95460241626644,36.801143311633496,0.3113596028547363,0.0,36.801143311633496,0.3202337569139217,0.0,0.0,36.801143311633496
2026-09-28 06:00:00,EP152026(2),4,2026-10-04 06:00:00,6 days 00:00:00,144,23.93,-175.87,978.9,71.0,37.95229442884635,118.03068282413632,84.0399206296513,64.9552518491341,98.63494381206486,47.1596904145088,34.71245284050092,22.380428385044688,39.44404774703382,37.95229442884635,15.711911905938328,10.805908092633182,17.12412059547146
2026-09-28 06:00:00,EP152026(2),4,2026-10-04 12:00:00,6 days 06:00:00,150,24.34,-177.96,975.9,71.6,16.265841996360635,126.21502456957096,90.43244301405342,57.23852881893127,95.98957520648024,16.265841996360635,2.423842901821541,0.0,4.467452418671508,16.265841996360635,0.0,0.0,1.044686469260752
2026-09-28 06:00:00,EP152026(2),4,2026-10-04 18:00:00,6 days 12:00:00,156,24.61,-179.75,974.8,78.7,22.57840817256001,186.08762220539697,144.73378262064938,99.01331404834129,161.26974660735573,75.11880939725509,55.95953801351209,34.16862598275022,58.36524490003943,31.786507757872563,23.759563480228643,15.201372365619918,25.665645136041576
2026-09-28 06:00:00,EP152026(2),4,2026-10-05 00:00:00,6 days 18:00:00,162,25.1,178.43,947.2,110.5,0.0,119.37028357905872,83.71713739267207,61.37988987637222,95.3340026761795,21.072580277720853,10.4466674552752,4.755421534382547,16.444931683835154,10.254911600729784,6.111049924608559,2.9172581747921384,8.512422322504058
2026-09-28 06:00:00,EP152026(2),4,2026-10-05 06:00:00,7 days 00:00:00,168,25.64,176.8,955.2,103.1,8.411284087899162,241.10006077801572,193.4983430097585,158.1104438181119,215.58637488567612,124.16759917731169,105.14311895572808,85.44551332253855,108.19223130867874,65.51770024182846,56.989548641494565,45.94093126098844,56.44500779188752
2026-09-28 06:00:00,EP152026(2),4,2026-10-05 12:00:00,7 days 06:00:00,174,25.9,175.45,969.9,78.6,34.332289433247,226.20022437159335,170.67855857880372,137.90884193095343,199.41831057364865,110.03112616204729,90.06016922591927,67.80141920879103,93.97010948933502,55.01672693617296,46.79406584687029,35.87533328362132,47.19656149599887
2026-09-28 06:00:00,EP152026(2),4,2026-10-05 18:00:00,7 days 12:00:00,180,26.05,173.74,963.7,86.3,41.471832509922805,154.64416157299013,116.97667854932264,97.03297822301325,148.82448368666095,70.83022015726837,56.32375932137988,44.70498205553768,63.72397291506467,41.471832509922805,30.29281603608728,24.28632451094323,31.743119900360583
2026-09-28 06:00:00,EP152026(2),4,2026-10-06 00:00:00,7 days 18:00:00,186,25.8,172.82,969.4,82.3,61.607911400468495,251.7233786715022,206.52163559421456,182.70067780933596,230.9269114165366,61.607911400468495,3.581952022849995,0.9060977734701788,61.607911400468495,4.720325292863508,1.8455717229002728,0.9060977734701788,61.607911400468495
2026-09-28 06:00:00,EP152026(2),4,2026-10-06 06:00:00,8 days 00:00:00,192,25.81,171.93,968.4,88.8,12.270269863083035,106.32888139698775,76.32993538728603,74.58956405848286,106.19853769794936,12.270269863083035,0.0,0.0,5.799059867506211,12.270269863083035,0.0,0.0,1.0140201981820538
2026-09-28 06:00:00,EP152026(2),4,2026-10-06 12:00:00,8 days 06:00:00,198,25.4,170.27,976.0,74.5,10.072367413903066,122.35873624707584,94.60105401099072,81.92980540898452,115.96995166915464,10.072367413903066,0.0,0.0,10.072367413903066,0.176992837569351,0.0,0.0,10.072367413903066
2026-09-28 06:00:00,EP152026(2),4,2026-10-06 18:00:00,8 days 12:00:00,204,25.0,168.81,984.3,68.9,37.11442167063232,184.38510664542972,145.89601630291708,121.64511642858004,164.7598405737905,37.11442167063232,6.306309314917418,1.0742829745384794,10.13135118661055,37.11442167063232,0.0,0.2021345043126159,1.7838056186504598
2026-09-28 06:00:00,EP152026(2),4,2026-10-07 00:00:00,8 days 18:00:00,210,24.25,166.65,986.8,62.4,26.30044534916418,204.2122636086131,172.95056722163704,144.28084671970566,187.4460710941592,74.7131326678559,66.29635449545448,53.26039952970814,63.12537295181053,0.0,0.0,0.0,0.0
2026-09-28 06:00:00,EP152026(2),4,2026-10-07 06:00:00,9 days 00:00:00,216,24.43,164.75,990.6,56.7,30.985634936505008,271.05591474555524,230.6686693647576,181.3947784607556,223.39034317332943,30.985634936505008,13.07440228504645,0.7719663178123453,16.744459246571555,0.0,0.0,0.0,0.0
2026-09-28 06:00:00,EP152026(2),4,2026-10-07 12:00:00,9 days 06:00:00,222,24.51,161.7,973.6,79.0,30.85490111687508,127.83833485477108,109.2648394677345,69.70458807021653,98.10729260559744,30.85490111687508,2.411108508581945,0.0,1.008834409469488,30.85490111687508,0.0,0.0,0.9306628456809656
2026-09-28 06:00:00,EP152026(2),4,2026-10-07 18:00:00,9 days 12:00:00,228,25.18,159.62,978.7,68.7,30.121356177941895,209.61825083487545,179.33371632636576,141.22479289245652,183.2339204213404,30.121356177941895,1.743027861196501,0.0,5.467813341109627,30.121356177941895,0.0,0.0,1.3417076303821136
2026-09-28 06:00:00,EP152026(2),4,2026-10-08 00:00:00,9 days 18:00:00,234,26.02,157.57,974.2,74.3,18.30863624491676,145.8816679145026,116.72286858473906,107.40824896955728,124.62216517192752,18.30863624491676,0.0,0.0,18.30863624491676,0.3422484790865774,0.0,0.0,18.30863624491676
2026-09-28 06:00:00,EP152026(2),4,2026-10-08 06:00:00,10 days 00:00:00,240,27.11,156.01,979.4,71.4,33.19408446254216,191.04601362957797,175.22146806663878,139.89880818283748,156.87947215964073,33.19408446254216,0.0,0.0,1.3844475430260397,33.19408446254216,0.0,0.0,0.0772149621984119
2026-09-28 06:00:00,EP152026(2),4,2026-10-08 12:00:00,10 days 06:00:00,246,28.41,154.8,979.0,77.5,32.72692099183355,111.39531842368076,83.14245594357112,64.07711496395788,93.93752866571604,32.72692099183355,1.3980664838994254,0.0,3.0476268529298585,32.72692099183355,0.0,0.0,0.3156705527265542
2026-09-28 06:00:00,EP152026(2),4,2026-10-08 18:00:00,10 days 12:00:00,252,29.32,154.27,980.0,65.0,10.781495098226603,130.64420659848412,113.41987851793796,89.11237605615689,114.78712516423197,45.0140447971955,42.95685371759699,36.69634999961355,39.37532607170486,0.0,10.781495098226603,0.0663336208292264,0.1690791375907639
2026-09-28 06:00:00,EP152026(2),4,2026-10-09 00:00:00,10 days 18:00:00,258,30.6,154.81,985.9,62.5,22.74718722548623,151.5970457989196,152.25865107331188,99.22575185771458,109.35496919118226,32.02893936779459,32.820869884964495,23.111180377815234,22.216939239633252,0.0,0.0,0.0,0.0
2026-09-28 06:00:00,EP152026(2),4,2026-10-09 06:00:00,11 days 00:00:00,264,31.11,155.43,993.1,52.5,72.05463483515805,166.47930144511028,161.67293486328427,127.84507111721152,134.8210456961338,2.7607317954764303,72.05463483515805,1.418318080377575,1.3887565391848868,0.0,0.0,0.0,0.0
2026-09-28 06:00:00,EP152026(2),4,2026-10-09 12:00:00,11 days 06:00:00,270,31.52,156.21,996.4,48.7,120.0451253198844,246.94445493933745,229.2863498200968,182.81252659211168,196.24003176848052,0.0,0.0,0.0,0.0,0.0,0.0,0.0,0.0
2026-09-28 06:00:00,EP152026(2),4,2026-10-09 18:00:00,11 days 12:00:00,276,31.9,157.02,998.1,44.3,52.84422340123113,197.33949484867765,192.81227286410996,151.94697938446896,166.6718550425655,0.0,0.0,0.0,0.0,0.0,0.0,0.0,0.0
2026-09-28 06:00:00,EP152026(2),4,2026-10-10 00:00:00,11 days 18:00:00,282,32.24,157.73,1004.3,43.3,101.27457796966692,150.9369765562592,128.8563132110424,101.7315938238655,113.20023539461806,0.0,0.0,0.0,0.0,0.0,0.0,0.0,0.0
2026-09-28 06:00:00,EP152026(2),4,2026-10-10 06:00:00,12 days 00:00:00,288,32.32,157.85,1005.7,32.1,96.62066152611376,0.0,0.0,0.0,0.0,0.0,0.0,0.0,0.0,0.0,0.0,0.0,0.0
2026-09-28 06:00:00,EP152026(2),4,2026-10-10 12:00:00,12 days 06:00:00,294,32.65,158.82,1003.8,43.3,110.42132804139644,110.42132804139644,37.60683444609664,24.074854760120225,31.49006108733656,0.0,0.0,0.0,0.0,0.0,0.0,0.0,0.0
2026-09-28 06:00:00,EP152026(2),4,2026-10-10 18:00:00,12 days 12:00:00,300,33.4,159.58,1006.2,26.6,140.15654959035203,0.0,0.0,0.0,0.0,0.0,0.0,0.0,0.0,0.0,0.0,0.0,0.0
2026-09-28 06:00:00,EP152026(2),4,2026-10-11 00:00:00,12 days 18:00:00,306,32.12,160.68,1000.5,35.2,66.86665215685969,0.1407138442128079,4.225519341569765,66.86665215685969,0.7605789133714662,0.0,0.0,0.0,0.0,0.0,0.0,0.0,0.0
2026-09-28 06:00:00,EP152026(2),4,2026-10-11 06:00:00,13 days 00:00:00,312,31.11,160.81,1000.0,41.4,58.80014248807538,58.80014248807538,29.68661501812994,31.212221481697725,24.42877456494739,0.0,0.0,0.0,0.0,0.0,0.0,0.0,0.0
2026-09-28 06:00:00,EP152026(2),4,2026-10-11 12:00:00,13 days 06:00:00,318,29.92,160.46,1007.1,29.7,111.92715426629056,0.0,0.0,0.0,0.0,0.0,0.0,0.0,0.0,0.0,0.0,0.0,0.0
2026-09-28 06:00:00,EP152026(2),4,2026-10-11 18:00:00,13 days 12:00:00,324,29.27,159.9,1006.3,28.9,128.25043686671006,0.0,0.0,0.0,0.0,0.0,0.0,0.0,0.0,0.0,0.0,0.0,0.0
2026-09-28 06:00:00,EP152026(2),4,2026-10-12 00:00:00,13 days 18:00:00,330,28.64,159.18,1006.5,26.4,105.72323087873104,0.0,0.0,0.0,0.0,0.0,0.0,0.0,0.0,0.0,0.0,0.0,0.0
2026-09-28 06:00:00,EP172026,4,2026-09-28 06:00:00,0 days 00:00:00,0,23.2,-114.0,955.0,105.0,28.0,167.0,148.0,148.0,148.0,102.0,93.0,83.0,83.0,65.0,65.0,65.0,65.0
2026-09-28 06:00:00,EP172026,4,2026-09-28 12:00:00,0 days 06:00:00,6,24.36,-113.51,979.8,73.4,22.838243713607422,184.89328990221657,178.07100992030246,127.80614376339872,142.1750667818369,22.838243713607422,6.297592257484439,0.6215133408230713,4.046860019457768,22.838243713607422,1.0977472947464264,0.0,0.4519025086258921
2026-09-28 06:00:00,EP172026,4,2026-09-28 18:00:00,0 days 12:00:00,12,24.95,-113.21,968.1,83.9,41.9195166568465,168.60049510067472,195.36071483119332,148.6659427941711,131.207902677419,100.32486454829407,107.35069055856508,92.78932170578967,85.43249933887746,58.23304461397696,57.758528350401136,51.59245343026284,52.59687860775109
2026-09-28 06:00:00,EP172026,4,2026-09-29 00:00:00,0 days 18:00:00,18,25.25,-112.74,978.8,71.1,47.845179436683686,196.09020622808583,238.43061611331808,167.1227037996912,126.15674339298856,96.00359836555052,109.84933736451693,87.78546051022963,77.1080365441855,50.69045109109923,53.70298094718488,45.66360936327048,44.330065365719726
2026-09-28 06:00:00,EP172026,4,2026-09-29 06:00:00,1 days 00:00:00,24,26.07,-111.76,984.9,60.0,27.59064037993439,180.2877139525679,176.50061945397596,107.37231731570786,138.35833515218064,27.96950503069426,24.35829640156,11.59466557120527,13.676136181840729,0.0,0.0,0.0,0.0
2026-09-28 06:00:00,EP172026,4,2026-09-29 12:00:00,1 days 06:00:00,30,27.17,-110.99,995.6,41.7,24.166665805192643,157.38504292078903,162.8958484954469,133.5781911138838,120.14156784819232,0.0,0.0,0.0,0.0,0.0,0.0,0.0,0.0
2026-09-28 06:00:00,EP172026,4,2026-09-29 18:00:00,1 days 12:00:00,36,28.65,-109.8,1004.2,49.4,76.06591859069525,76.06591859069525,0.0,0.0,0.0,0.0,0.0,0.0,0.0,0.0,0.0,0.0,0.0
2026-09-28 06:00:00,EP182026,4,2026-09-28 06:00:00,0 days 00:00:00,0,13.2,-100.0,1001.0,41.0,93.0,222.0,185.0,148.0,222.0,0.0,0.0,0.0,0.0,0.0,0.0,0.0,0.0
2026-09-28 06:00:00,EP182026,4,2026-09-28 12:00:00,0 days 06:00:00,6,13.45,-100.68,1001.0,43.7,84.82810231619803,84.82810231619803,34.86629679461505,28.88133334034796,34.5935255553224,0.0,0.0,0.0,0.0,0.0,0.0,0.0,0.0
2026-09-28 06:00:00,EP182026,4,2026-09-28 18:00:00,0 days 12:00:00,12,13.61,-101.37,998.1,48.5,79.73338578138382,166.71304026794107,137.04061371625363,111.84396306204523,135.43983716220023,0.0,0.0,0.0,0.0,0.0,0.0,0.0,0.0
2026-09-28 06:00:00,EP182026,4,2026-09-29 00:00:00,0 days 18:00:00,18,14.07,-102.15,991.8,60.5,79.80703040446458,167.8713463311115,121.4561466925758,103.7768840421978,146.1827480801836,79.80703040446458,53.27744793287688,35.321162985575945,54.92487185095099,0.0,0.0,0.0,0.0
2026-09-28 06:00:00,EP182026,4,2026-09-29 06:00:00,1 days 00:00:00,24,14.05,-103.05,995.3,45.6,70.51306838145524,231.81428246106816,218.8693371963161,186.2067691053826,200.69361056062257,0.0,0.0,0.0,0.0,0.0,0.0,0.0,0.0
2026-09-28 06:00:00,EP182026,4,2026-09-29 12:00:00,1 days 06:00:00,30,15.03,-104.15,998.4,42.5,58.55111081265133,119.52174228557352,93.62050195604516,71.5228059964803,90.89791208219242,0.0,0.0,0.0,0.0,0.0,0.0,0.0,0.0
2026-09-28 06:00:00,EP182026,4,2026-09-29 18:00:00,1 days 12:00:00,36,16.12,-105.33,990.5,56.7,22.62531136991132,105.05034692401551,79.77701054468287,53.64911230166754,74.44442043247079,22.62531136991132,0.6070024670629763,0.0,0.0,0.0,0.0,0.0,0.0
2026-09-28 06:00:00,EP182026,4,2026-09-30 00:00:00,1 days 18:00:00,42,16.48,-106.18,992.7,54.0,65.42968294412678,153.7867411823798,137.49581246457046,108.3426427508299,127.32857791511188,65.42968294412678,11.459487135108995,9.6625149064499,10.501070578419863,0.0,0.0,0.0,0.0
2026-09-28 06:00:00,EP182026,4,2026-09-30 06:00:00,2 days 00:00:00,48,17.11,-106.61,994.2,55.6,97.36930140598082,160.63731352916113,133.52912036996008,99.58696546180045,125.24223945534538,97.36930140598082,0.0406163203531662,0.0,0.6230817193143565,0.0,0.0,0.0,0.0
2026-09-28 06:00:00,EP182026,4,2026-09-30 12:00:00,2 days 06:00:00,54,17.46,-107.2,992.0,57.1,53.92496848745546,130.07958965192768,112.72646552844049,68.161717020613,89.42979867300845,53.92496848745546,3.101013524027838,0.0,2.174211990066561,0.0,0.0,0.0,0.0
2026-09-28 06:00:00,EP182026,4,2026-09-30 18:00:00,2 days 12:00:00,60,17.77,-107.99,983.8,63.6,30.265190069193054,136.86661326119534,120.95460005578128,95.71555919392536,120.44864783416394,63.77770358377134,54.924453839277646,38.19058214863283,51.81771104197752,0.0,0.0,0.0,0.0
2026-09-28 06:00:00,EP182026,4,2026-10-01 00:00:00,2 days 18:00:00,66,17.78,-108.07,983.2,68.3,35.098278975857426,117.4220697161451,96.26885421459572,98.8010858915212,111.4035985114972,64.70534046256839,55.80773606830164,42.16907680528696,54.17644111062334,35.098278975857426,25.531744527195283,19.56101887903916,24.915355885617394
2026-09-28 06:00:00,EP182026,4,2026-10-01 06:00:00,3 days 00:00:00,72,18.26,-108.44,984.9,67.3,48.85993703225502,156.5831333464088,154.83349731130397,111.96364268933236,128.84044600083172,63.50287697447641,57.751685735736,41.77735297535843,49.13520123816076,48.85993703225502,25.63914944169942,19.889090853154,22.86771014422961
2026-09-28 06:00:00,EP182026,4,2026-10-01 12:00:00,3 days 06:00:00,78,18.29,-108.51,974.9,68.6,47.29313268455659,159.65031007901467,154.376541351408,123.39508777434604,130.17986636892834,78.6983698858501,72.89567397084137,56.693947971499,65.95859267933612,47.29313268455659,34.165244331698965,26.55161900591507,31.39069261067532
2026-09-28 06:00:00,EP182026,4,2026-10-01 18:00:00,3 days 12:00:00,84,18.47,-108.76,984.3,65.0,31.45613245399608,169.5301937051554,168.96814872622025,140.30200254059932,147.9740486304396,83.94278969814047,72.91107205959565,55.97536366593526,69.47151206228548,38.992337932415154,34.49334988671107,26.50292556888438,32.635793119368486
2026-09-28 06:00:00,EP182026,4,2026-10-02 00:00:00,3 days 18:00:00,90,18.51,-109.17,988.6,62.4,42.04993907257085,200.22311477682888,184.75461382720823,146.88776521707769,174.12714666223474,42.04993907257085,33.71706620863574,24.897868011172704,31.609045766628924,0.0,0.0,0.0,0.0
2026-09-28 06:00:00,EP182026,4,2026-10-02 06:00:00,4 days 00:00:00,96,18.39,-109.22,985.3,60.4,12.233871690328218,157.61112085807872,137.6549198472482,146.910049891672,156.40075066152215,127.04196399271704,121.5962924917335,107.16826599214824,108.71654430654068,0.0,0.0,0.0,0.0
2026-09-28 06:00:00,EP182026,4,2026-10-02 12:00:00,4 days 06:00:00,102,18.57,-109.34,992.5,52.5,55.6024667784536,97.42194703031969,82.33400173983821,73.48655996862244,81.27081199712455,55.6024667784536,45.63299899512272,38.24706213317201,40.299131824114326,0.0,0.0,0.0,0.0
2026-09-28 06:00:00,EP182026,4,2026-10-02 18:00:00,4 days 12:00:00,108,18.19,-109.71,988.0,58.7,38.65905092968201,52.04189357932207,43.28684903322552,34.282606098793366,46.988072030053054,38.65905092968201,12.30631950430692,8.814370963357876,13.70061506008437,0.0,0.0,0.0,0.0
2026-09-28 06:00:00,EP182026,4,2026-10-03 00:00:00,4 days 18:00:00,114,18.09,-110.21,990.2,58.1,41.06658432529336,91.46639772684802,77.35463858556807,55.67891451381052,77.44090952938416,45.36845800611659,39.84317155104826,30.86503656616684,36.03159891093732,0.0,0.0,0.0,0.0
2026-09-28 06:00:00,EP182026,4,2026-10-03 06:00:00,5 days 00:00:00,120,17.88,-110.88,985.7,64.2,31.848052312053483,107.32995678463374,85.99899090827245,66.380957067959,102.94531903209952,31.848052312053483,16.513153624915006,8.34982071380115,19.472543289903623,31.848052312053483,1.1626568190515163,0.0,2.7567627053243697
2026-09-28 06:00:00,EP182026,4,2026-10-03 12:00:00,5 days 06:00:00,126,17.95,-111.42,978.5,76.1,21.662404315871388,152.39646903585017,130.1419596074975,121.60346004755232,141.2266846216694,70.92716444129263,61.1382336130842,46.25863849122675,62.48014364649413,32.01609167834041,26.70506908822993,19.77151405808409,26.679236333530323
2026-09-28 06:00:00,EP182026,4,2026-10-03 18:00:00,5 days 12:00:00,132,17.99,-112.14,978.4,76.6,18.24521606276295,159.142307967408,126.96376303558006,116.09401928858,148.30332655802323,74.88456854524176,63.17644711384733,48.53120930981798,66.32235005437315,35.35824712230888,29.68048058934351,22.593071886467342,29.04264279820928
2026-09-28 06:00:00,EP182026,4,2026-10-04 00:00:00,5 days 18:00:00,138,18.0,-112.77,969.4,88.3,34.13384504907772,152.73311539059534,127.17119220500253,125.91109168367193,159.94419991306847,87.45763534558802,74.6824979654545,64.68245884283488,81.12835720598932,46.09006632804787,40.99274111989601,33.70503298610713,40.6569905224342
2026-09-28 06:00:00,EP182026,4,2026-10-04 06:00:00,6 days 00:00:00,144,17.7,-113.58,967.4,90.6,8.358545784531913,134.12985319509113,107.1173567590634,113.54847001696156,136.9894442128455,71.46202505000542,57.38853491652071,48.93981451565742,65.87560590886949,35.72916762672048,30.028304015387647,24.58084333999919,30.528597865098263
2026-09-28 06:00:00,EP182026,4,2026-10-04 12:00:00,6 days 06:00:00,150,17.52,-113.87,981.4,66.1,31.024736863607195,120.83800897222054,108.62326346701742,107.0612357350514,117.75256828804814,56.78218749566954,51.58211496490475,41.87074402664915,50.300422685341175,31.024736863607195,24.26755437105473,19.74010130030668,22.83394538490512
2026-09-28 06:00:00,EP182026,4,2026-10-04 18:00:00,6 days 12:00:00,156,17.44,-114.36,971.2,78.8,25.697728613028232,97.12468055661397,87.03432010928174,101.63181347951796,100.84688744914718,42.692739490203934,35.171815020188575,29.73854924901005,41.39327024952226,25.697728613028232,17.983373083099252,14.33697346869419,18.024020164408185
2026-09-28 06:00:00,EP182026,4,2026-10-05 00:00:00,6 days 18:00:00,162,17.39,-114.27,967.7,89.4,11.98825713815464,81.95849888752164,88.36779906220467,86.91616689848856,75.12381455305758,35.25183415850833,38.67369251354053,33.74206600307444,33.02767609191873,19.37815510852215,19.715346409592136,16.91559139367226,16.727580507242944
2026-09-28 06:00:00,EP182026,4,2026-10-05 06:00:00,7 days 00:00:00,168,17.43,-114.67,968.6,89.2,23.70585139378492,129.91939620304373,119.91293391436406,118.0624446629774,130.68447666404495,61.58991605843284,58.68754902652498,51.65830720924308,58.42327390204413,32.85480399922385,31.278066857367943,25.9861638671909,28.86861774610168
2026-09-28 06:00:00,EP182026,4,2026-10-05 12:00:00,7 days 06:00:00,174,17.61,-114.67,972.3,79.1,38.91691279131352,196.93590948309983,187.84413224867453,132.8928565373644,144.91433888693794,74.56453278668425,66.26551320133812,47.732194416638805,59.24602140484241,38.91691279131352,31.379696929571335,23.481378375215723,28.34884479095241
2026-09-28 06:00:00,EP182026,4,2026-10-05 18:00:00,7 days 12:00:00,180,18.24,-115.38,965.6,91.3,34.34715539517566,119.01881373244044,96.19701564003437,82.21153789507514,114.15560038932584,59.07254036802084,48.0041714778996,40.777199731036376,53.298777278881175,34.34715539517566,27.15705651914209,23.699731572958,28.29037589999672
2026-09-28 06:00:00,EP182026,4,2026-10-06 00:00:00,7 days 18:00:00,186,18.41,-115.39,955.6,103.7,54.329603292050194,307.90994276481604,289.43370589714635,248.3525544786931,267.7380068143931,54.329603292050194,24.239089856958017,19.519556454064755,30.43893568504794,54.329603292050194,14.235944711331538,11.651089809872476,14.931010558878649
2026-09-28 06:00:00,EP182026,4,2026-10-06 06:00:00,8 days 00:00:00,192,19.05,-116.02,955.9,103.2,37.48737412195776,180.11381713301083,133.68312595163383,111.68764097684976,161.79455453991204,82.40949156497743,65.5233718685151,53.47236062027618,76.35272146492514,45.782615562280775,39.0878804730065,33.53631264802169,40.76774540108286
2026-09-28 06:00:00,EP182026,4,2026-10-06 12:00:00,8 days 06:00:00,198,19.68,-117.07,958.5,101.3,26.61955605066487,120.25945748974095,100.33820100706224,70.43465865834241,103.53958002381496,55.98058071203906,36.74710912246008,19.27508157809409,44.60145723303148,26.61955605066487,16.998086104957167,12.621446185503558,21.784649595174955
2026-09-28 06:00:00,EP182026,4,2026-10-06 18:00:00,8 days 12:00:00,204,19.93,-117.63,963.2,90.3,0.0,204.0896561353083,163.69675028246047,127.67723954353758,181.2889550019245,97.44909658049436,81.28619439389767,65.71696593916934,84.82640504302998,49.58549813578018,43.177082320076025,35.56422232107592,43.923919813926
2026-09-28 06:00:00,EP182026,4,2026-10-07 00:00:00,8 days 18:00:00,210,20.41,-118.41,943.0,114.3,11.228702596643885,166.1921227027981,142.18413996982366,110.61874008619752,142.3604912261377,77.66803094061328,66.06836619026913,51.277539468515386,67.39622343757034,40.56771460337893,36.58247721007066,30.88009531270162,36.26232275922227
2026-09-28 06:00:00,EP182026,4,2026-10-07 06:00:00,9 days 00:00:00,216,20.8,-118.81,944.8,120.7,25.48853115137772,183.32075004877083,145.5396196456111,129.21517013428598,173.8861043918738,98.0828119538628,82.52790369878205,75.74308945658338,89.75338242567639,55.436807224246365,49.99104439586703,43.44468116766331,50.48151752133329
2026-09-28 06:00:00,EP182026,4,2026-10-07 12:00:00,9 days 06:00:00,222,21.26,-119.74,950.3,110.6,21.03874263433817,154.63175607209138,123.8926241347155,103.2568050930496,151.8042500151363,82.29824056439881,67.71046835616596,59.458634693038775,74.07960128313313,46.36895970225598,40.42675405863752,34.44146367406279,42.2017253939603
2026-09-28 06:00:00,EP182026,4,2026-10-07 18:00:00,9 days 12:00:00,228,21.56,-120.19,966.1,88.8,31.881847794796727,171.72190417825036,137.9808934379299,109.38468377939054,156.94388543782665,89.8574736509018,71.75628982826933,57.69690836995439,77.28742519200091,44.68510407651228,38.73408373832935,31.405208551584764,39.05596441562178
2026-09-28 06:00:00,EP182026,4,2026-10-08 00:00:00,9 days 18:00:00,234,21.89,-120.97,961.2,89.3,1.7797594893477091,156.51676720561093,137.22408630837353,105.34247185873808,134.59495944730355,28.43075243032988,13.219050618059311,7.823494990867037,21.70921752733913,11.356550089039096,6.8592840044227925,4.012029974705562,9.10282136396388
2026-09-28 06:00:00,EP182026,4,2026-10-08 06:00:00,10 days 00:00:00,240,22.15,-121.46,967.4,88.1,24.690190066207727,168.03850011101193,132.4247936897591,119.83947187813956,154.9175924817914,65.70194433585718,53.62564126821426,45.58738611513397,58.34838203266427,32.86013218293988,28.41558071067248,22.513902159059494,28.40642967060432
2026-09-28 06:00:00,EP182026,4,2026-10-08 12:00:00,10 days 06:00:00,246,22.62,-122.29,969.4,80.7,22.654760918247327,158.55851800907186,126.0431030691615,95.47462680225318,146.1476762052315,79.89193838440093,61.41167583442362,45.042938982810654,65.88783558421406,36.99147423334311,30.68842839166832,22.656869199632265,31.44602477141576
2026-09-28 06:00:00,EP182026,4,2026-10-08 18:00:00,10 days 12:00:00,252,22.95,-122.66,978.1,63.2,62.43738310379152,217.4429586404169,197.4820987677888,178.94338305778092,194.17905026911967,62.43738310379152,19.0574409164618,15.623912109054594,20.200618102218684,0.0,0.0,0.0,0.0
2026-09-28 06:00:00,EP182026,4,2026-10-09 00:00:00,10 days 18:00:00,258,23.61,-123.15,979.9,65.8,38.05140635845344,187.3136859654345,172.09221294278552,121.61826914091212,151.2451019090511,38.05140635845344,9.044026870836465,2.7466421600330664,7.399915256266805,38.05140635845344,0.2272699583756416,0.0,0.1844240027139914
2026-09-28 06:00:00,EP182026,4,2026-10-09 06:00:00,11 days 00:00:00,264,24.42,-123.38,988.8,51.8,80.79683859279845,193.49867031090216,173.9239422449453,133.48282232541862,146.70401305626376,80.79683859279845,0.0581049255720778,0.0,0.0,0.0,0.0,0.0,0.0
2026-09-28 06:00:00,EP182026,4,2026-10-09 12:00:00,11 days 06:00:00,270,25.36,-124.11,992.6,47.9,114.58113675342018,251.65105278964975,226.9921220571327,173.75020890289224,201.94317707889647,0.0,0.0,0.0,0.0,0.0,0.0,0.0,0.0
2026-09-28 06:00:00,EP182026,4,2026-10-09 18:00:00,11 days 12:00:00,276,26.31,-124.76,995.4,38.1,78.03920992567556,177.36749671214147,149.40831809093163,116.23983203169512,136.21240129422156,0.0,0.0,0.0,0.0,0.0,0.0,0.0,0.0
2026-09-28 06:00:00,EP182026,4,2026-10-10 00:00:00,11 days 18:00:00,282,26.93,-124.95,994.4,37.2,122.44496952977644,122.44496952977644,0.0,0.0,0.0,0.0,0.0,0.0,0.0,0.0,0.0,0.0,0.0
2026-09-28 06:00:00,EP182026,4,2026-10-10 06:00:00,12 days 00:00:00,288,27.47,-124.36,993.9,36.4,141.92813675442508,0.0,141.92813675442508,0.0,0.0,0.0,0.0,0.0,0.0,0.0,0.0,0.0,0.0
2026-09-28 06:00:00,EP182026,4,2026-10-10 12:00:00,12 days 06:00:00,294,28.07,-123.92,995.9,32.0,105.51185699770907,0.0,0.0,0.0,0.0,0.0,0.0,0.0,0.0,0.0,0.0,0.0,0.0
2026-09-28 06:00:00,EP182026,4,2026-10-10 18:00:00,12 days 12:00:00,300,28.51,-123.44,996.6,30.9,130.33745868754164,0.0,0.0,0.0,0.0,0.0,0.0,0.0,0.0,0.0,0.0,0.0,0.0
2026-09-28 06:00:00,EP182026,4,2026-10-11 00:00:00,12 days 18:00:00,306,28.87,-123.07,996.4,30.3,69.53860931578839,0.0,0.0,0.0,0.0,0.0,0.0,0.0,0.0,0.0,0.0,0.0,0.0
2026-09-28 06:00:00,EP182026,4,2026-10-11 06:00:00,13 days 00:00:00,312,28.8,-122.81,1000.7,23.6,65.24277232252066,0.0,0.0,0.0,0.0,0.0,0.0,0.0,0.0,0.0,0.0,0.0,0.0
2026-09-28 06:00:00,EP182026,4,2026-10-11 12:00:00,13 days 06:00:00,318,28.94,-122.93,1003.8,26.3,132.57679754958914,0.0,0.0,0.0,0.0,0.0,0.0,0.0,0.0,0.0,0.0,0.0,0.0
2026-09-28 06:00:00,EP182026,4,2026-10-11 18:00:00,13 days 12:00:00,324,29.1,-122.92,1006.4,19.5,159.98572964819925,0.0,0.0,0.0,0.0,0.0,0.0,0.0,0.0,0.0,0.0,0.0,0.0
2026-09-28 06:00:00,EP182026,4,2026-10-12 00:00:00,13 days 18:00:00,330,28.91,-122.5,1004.3,25.0,96.72391880798712,0.0,0.0,0.0,0.0,0.0,0.0,0.0,0.0,0.0,0.0,0.0,0.0
2026-09-28 06:00:00,EP182026,4,2026-10-12 06:00:00,14 days 00:00:00,336,28.17,-122.4,1006.2,22.8,121.86121541214408,0.0,0.0,0.0,0.0,0.0,0.0,0.0,0.0,0.0,0.0,0.0,0.0
2026-09-28 06:00:00,EP912026(3),4,2026-09-28 06:00:00,0 days 00:00:00,0,12.7,-136.6,1005.0,29.0,93.0,0.0,0.0,0.0,0.0,0.0,0.0,0.0,0.0,0.0,0.0,0.0,0.0
2026-09-28 06:00:00,WP252026,4,2026-09-28 06:00:00,0 days 00:00:00,0,27.5,131.6,954.0,99.0,9.0,148.0,158.0,148.0,121.0,,,,,,,,
2026-09-28 06:00:00,WP252026,4,2026-09-28 12:00:00,0 days 06:00:00,6,27.48,132.9,977.5,75.0,22.54697549495006,146.476693194581,190.52728139257897,157.3121463612281,103.56668554906454,48.20368304456778,56.28586960493769,43.60551082087344,36.895944286713686,0.0,22.54697549495006,0.024707770217959,0.0
2026-09-28 06:00:00,WP252026,4,2026-09-28 18:00:00,0 days 12:00:00,12,28.1,133.2,979.4,64.6,46.24266076761781,74.10272939281047,83.8220690354527,58.27295867060951,53.45407604420038,46.24266076761781,46.24266076761781,29.32578159766271,27.96074217768761,46.24266076761781,0.0,0.0,0.0
2026-09-28 06:00:00,WP252026,4,2026-09-29 00:00:00,0 days 18:00:00,18,28.68,134.15,993.1,43.4,104.26644806574951,104.26644806574951,92.95460780549342,70.31056827500882,70.62750462609122,0.0,0.0,0.0,0.0,0.0,0.0,0.0,0.0
2026-09-28 06:00:00,WP252026,4,2026-09-29 06:00:00,1 days 00:00:00,24,29.12,134.91,990.5,49.6,56.05833250848013,174.75496021372726,175.80353016451306,151.954256058562,144.23491318527044,0.0,0.0,0.0,0.0,0.0,0.0,0.0,0.0
2026-09-28 06:00:00,WP252026,4,2026-09-29 12:00:00,1 days 06:00:00,30,29.11,136.3,993.1,43.5,51.49168561665462,127.49833946681416,133.21843532614213,115.93023943621232,97.95276422930394,0.0,0.0,0.0,0.0,0.0,0.0,0.0,0.0
2026-09-28 06:00:00,WP252026,4,2026-09-29 18:00:00,1 days 12:00:00,36,29.54,136.75,998.4,33.1,79.68841598049517,0.0,0.0,0.0,0.0,0.0,0.0,0.0,0.0,0.0,0.0,0.0,0.0
2026-09-28 06:00:00,WP252026,4,2026-09-30 00:00:00,1 days 18:00:00,42,29.67,138.08,994.6,44.2,62.41984762547664,62.41984762547664,26.95752304939219,23.364986938887327,14.22274019316594,0.0,0.0,0.0,0.0,0.0,0.0,0.0,0.0
2026-09-28 06:00:00,WP252026,4,2026-09-30 06:00:00,2 days 00:00:00,48,30.2,138.77,1001.2,36.7,90.21744062287412,90.21744062287412,1.3575140049546466,0.0,0.0,0.0,0.0,0.0,0.0,0.0,0.0,0.0,0.0
2026-09-28 06:00:00,WP252026,4,2026-09-30 12:00:00,2 days 06:00:00,54,30.86,139.44,1001.2,29.9,106.34050576149664,0.0,0.0,0.0,0.0,0.0,0.0,0.0,0.0,0.0,0.0,0.0,0.0
2026-09-28 06:00:00,WP252026,4,2026-09-30 18:00:00,2 days 12:00:00,60,31.18,139.58,999.7,32.0,115.09726598584324,0.0,0.0,0.0,0.0,0.0,0.0,0.0,0.0,0.0,0.0,0.0,0.0
2026-09-28 06:00:00,WP252026,4,2026-10-01 00:00:00,2 days 18:00:00,66,32.37,140.03,1000.0,31.0,88.09381612344139,0.0,0.0,0.0,0.0,0.0,0.0,0.0,0.0,0.0,0.0,0.0,0.0
2026-09-28 06:00:00,WP252026,4,2026-10-01 06:00:00,3 days 00:00:00,72,33.86,140.83,1000.9,32.9,139.3069504512639,0.0,0.0,0.0,0.0,0.0,0.0,0.0,0.0,0.0,0.0,0.0,0.0
2026-09-28 06:00:00,WP252026,4,2026-10-01 12:00:00,3 days 06:00:00,78,34.66,141.41,1005.8,24.7,137.44407588665584,0.0,0.0,0.0,0.0,0.0,0.0,0.0,0.0,0.0,0.0,0.0,0.0
2026-09-28 06:00:00,WP252026,4,2026-10-01 18:00:00,3 days 12:00:00,84,35.78,144.78,995.7,40.1,71.1395440239562,0.0,71.1395440239562,4.303286252309995,0.0,0.0,0.0,0.0,0.0,0.0,0.0,0.0,0.0
2026-09-28 06:00:00,WP922026(4),4,2026-09-28 06:00:00,0 days 00:00:00,0,16.4,97.6,1001.0,29.0,64.0,0.0,0.0,0.0,0.0,0.0,0.0,0.0,0.0,0.0,0.0,0.0,0.0
2026-09-28 06:00:00,WP922026(4),4,2026-09-28 12:00:00,0 days 06:00:00,6,17.37,96.68,996.5,30.4,67.213425724449,0.0,0.0,0.0,0.0,0.0,0.0,0.0,0.0,0.0,0.0,0.0,0.0
2026-09-28 06:00:00,15,40,2026-10-04 06:00:00,6 days 00:00:00,144,12.28,160.49,1009.0,17.8,81.13467625917656,0.0,0.0,0.0,0.0,0.0,0.0,0.0,0.0,0.0,0.0,0.0,0.0
2026-09-28 06:00:00,15,40,2026-10-04 12:00:00,6 days 06:00:00,150,12.42,159.65,1002.6,25.8,103.62422849708658,0.0,0.0,0.0,0.0,0.0,0.0,0.0,0.0,0.0,0.0,0.0,0.0
2026-09-28 06:00:00,15,40,2026-10-04 18:00:00,6 days 12:00:00,156,11.47,160.08,1003.0,27.6,109.44787903730754,0.0,0.0,0.0,0.0,0.0,0.0,0.0,0.0,0.0,0.0,0.0,0.0
2026-09-28 06:00:00,15,40,2026-10-05 00:00:00,6 days 18:00:00,162,10.66,159.48,997.9,33.4,66.79029902164105,0.0,0.0,0.0,0.0,0.0,0.0,0.0,0.0,0.0,0.0,0.0,0.0
2026-09-28 06:00:00,15,40,2026-10-05 06:00:00,7 days 00:00:00,168,10.06,159.73,998.8,36.1,65.10609808098914,65.10609808098914,3.980777346386191,2.001392152359632,2.440348495473412,0.0,0.0,0.0,0.0,0.0,0.0,0.0,0.0
2026-09-28 06:00:00,15,40,2026-10-05 12:00:00,7 days 06:00:00,174,9.18,160.0,997.1,39.7,59.054239872924406,59.054239872924406,2.888326331669808,3.032879618402171,3.665473810662336,0.0,0.0,0.0,0.0,0.0,0.0,0.0,0.0
2026-09-28 06:00:00,15,40,2026-10-05 18:00:00,7 days 12:00:00,180,9.72,159.5,998.8,35.8,94.44733725999272,131.43360679151698,109.51303230306684,87.9234996835768,109.20685808781026,0.0,0.0,0.0,0.0,0.0,0.0,0.0,0.0
2026-09-28 06:00:00,15,40,2026-10-06 00:00:00,7 days 18:00:00,186,10.16,159.69,995.5,45.9,32.20556867438458,116.57705752517384,109.35425880721743,94.40224810513747,95.47818227756788,0.0,0.0,0.0,0.0,0.0,0.0,0.0,0.0
2026-09-28 06:00:00,15,40,2026-10-06 06:00:00,8 days 00:00:00,192,9.8,158.88,994.3,42.7,59.2799479197248,24.645863725389976,16.747616798820363,19.2115411053337,59.2799479197248,0.0,0.0,0.0,0.0,0.0,0.0,0.0,0.0
2026-09-28 06:00:00,15,40,2026-10-06 12:00:00,8 days 06:00:00,198,10.2,158.56,1000.0,41.4,66.33216584044115,8.831033922760385,0.0,0.0,66.33216584044115,0.0,0.0,0.0,0.0,0.0,0.0,0.0,0.0
2026-09-28 06:00:00,15,40,2026-10-06 18:00:00,8 days 12:00:00,204,10.72,157.78,984.4,67.7,22.61912258922714,157.4321978952177,102.7059686008977,93.36667668854952,140.1095251002312,54.45098324925481,39.580984867319735,24.464943911916546,45.11244180932027,22.61912258922714,13.237788052090814,7.522436658446128,15.096947297806087
2026-09-28 06:00:00,15,40,2026-10-07 00:00:00,8 days 18:00:00,210,11.38,156.63,986.9,61.6,3.4173528865509155,43.30462185448096,40.85451634540054,28.28905735709613,30.807137852194234,10.247981124528945,4.922657062988279,0.989260868879964,6.700319838390588,0.0,0.0,0.0,0.0
2026-09-28 06:00:00,15,40,2026-10-07 06:00:00,9 days 00:00:00,216,12.0,155.71,984.6,64.3,57.81084291174477,193.8001371718,175.15313702287034,145.34712859877385,165.65190465907077,57.81084291174477,0.0,0.0,1.2858067633758892,57.81084291174477,0.0,0.0,0.2089119903657896
2026-09-28 06:00:00,15,40,2026-10-07 12:00:00,9 days 06:00:00,222,12.98,154.39,981.6,67.6,70.26668193305042,199.12349658855737,167.00762224949233,142.13988357961057,170.4000349520777,70.26668193305042,0.0,0.0,70.26668193305042,0.4838444160521771,0.0,0.0,70.26668193305042
2026-09-28 06:00:00,15,40,2026-10-07 18:00:00,9 days 12:00:00,228,13.53,153.53,990.6,58.8,45.53767506352952,143.25084909465966,124.3172105887934,90.52813943825736,111.59095431626145,45.53767506352952,3.611914716011867,1.4687127191889715,3.096671755091034,0.0,0.0,0.0,0.0
2026-09-28 06:00:00,15,40,2026-10-08 00:00:00,9 days 18:00:00,234,14.21,152.22,990.1,59.2,27.82434809708267,169.0410667294541,144.9902579110735,117.25669446869756,141.404740051006,61.03398862550701,56.6981933797692,47.41795806856533,49.81752189209157,0.0,0.0,0.0,0.0
2026-09-28 06:00:00,15,40,2026-10-08 06:00:00,10 days 00:00:00,240,14.6,151.44,985.2,55.8,50.19362073835101,287.8419215125255,269.938700516724,222.85405973746168,248.944147625185,50.19362073835101,44.24844399485795,36.12050054376266,40.36331357494943,0.0,0.0,0.0,0.0
2026-09-28 06:00:00,15,40,2026-10-08 12:00:00,10 days 06:00:00,246,15.21,151.15,981.5,66.7,35.03443382189339,182.25939928957575,186.61935044925485,126.4615086500972,144.1229943242417,35.03443382189339,2.3215984144759325,0.0,0.0,35.03443382189339,0.0,0.0,0.0
2026-09-28 06:00:00,15,40,2026-10-08 18:00:00,10 days 12:00:00,252,16.2,151.02,971.9,74.2,35.73988816392341,293.3577647746964,274.5264125211702,219.2283993427675,242.7890278149295,72.84688956700323,62.981570215817385,45.55250480706276,58.94122191550944,35.73988816392341,28.786873084686427,21.89721549027736,27.338016844272737
2026-09-28 06:00:00,15,40,2026-10-09 00:00:00,10 days 18:00:00,258,16.57,150.65,983.0,64.0,22.36323066722849,170.93789256782767,165.53268547099208,118.0824173527471,144.8276139741346,90.88940202993751,76.08248561873901,53.67689469913928,71.94600558124252,0.0,0.0,0.0,0.0
2026-09-28 06:00:00,15,40,2026-10-09 06:00:00,11 days 00:00:00,264,17.47,150.05,973.8,73.9,30.11309852722305,214.69722533238672,210.73460815997996,163.09908121405994,166.66317784908833,63.43303992786235,61.78317634426107,45.72165705661901,49.1590130648149,0.2762962795329318,30.11309852722305,0.0,0.0
2026-09-28 06:00:00,15,40,2026-10-09 12:00:00,11 days 06:00:00,270,18.08,149.7,963.3,83.7,48.88181096782484,261.3639438945927,244.1618484467996,210.26733070732877,221.31382860758984,48.88181096782484,1.8300391194035133,0.0,2.1229984427021584,48.88181096782484,0.0,0.0,0.2615183980740855
2026-09-28 06:00:00,15,40,2026-10-09 18:00:00,11 days 12:00:00,276,18.8,148.97,960.6,102.4,0.0,226.9198344413461,199.17501331725185,179.39431004741112,204.07071560939227,110.85344623712491,97.3147314877155,82.20109376779371,99.41052458044416,57.47891996134121,51.67607669739129,42.47566135792368,49.66174378416335
2026-09-28 06:00:00,15,40,2026-10-10 00:00:00,11 days 18:00:00,282,19.41,148.28,952.4,105.1,0.0,164.91518332033002,160.078806409933,132.00627164017016,141.7330081683034,80.61355444374223,67.04153427788351,53.97003212130844,71.87554623448625,42.41778769583878,36.47312834803664,29.625867361192192,36.73356304882625
2026-09-28 06:00:00,15,40,2026-10-10 06:00:00,12 days 00:00:00,288,20.24,147.73,943.7,109.8,17.406653725152466,229.39721347372029,224.58108699373884,182.4514032730433,191.3290583213284,115.73304205012164,107.55395292430148,83.75039578045914,102.5632203000896,62.483844344501335,56.31309040524047,44.81850849604666,52.9032138879644
2026-09-28 06:00:00,15,40,2026-10-10 12:00:00,12 days 06:00:00,294,20.71,147.02,951.4,108.8,28.8439373757534,199.7412136168905,157.86501788646956,106.08611508802257,160.2675672759051,83.1332753385384,66.59176720094479,49.676364130279694,73.15565385194373,42.24228021859369,34.8585610144429,28.177323649779797,36.6208181194308
2026-09-28 06:00:00,15,40,2026-10-10 18:00:00,12 days 12:00:00,300,21.42,146.44,956.3,95.6,0.0,138.11892611258838,114.01407245737778,96.77708802195878,122.77148507178606,55.75160882183303,44.24243297600313,28.27073459222251,47.96880599257997,27.69226059971203,21.507486952369305,14.51294148824178,22.298495840637287
2026-09-28 06:00:00,15,40,2026-10-11 00:00:00,12 days 18:00:00,306,21.95,145.8,957.9,98.0,5.083495057212842,230.87104888501725,226.4328110355357,192.39815709526724,192.407040723991,5.083495057212842,0.0,0.0,0.0978964991302692,5.083495057212842,0.0,0.0,0.0978964991302692
2026-09-28 06:00:00,15,40,2026-10-11 06:00:00,13 days 00:00:00,312,22.48,145.36,953.3,101.8,22.81809671546293,216.141868263205,196.30684136354847,141.63756896864817,172.09362318286196,108.3681379903106,97.5657635501352,71.77749129706922,93.1010394322062,56.76895948423238,50.63884156712496,39.95897327473115,47.601521783128575
2026-09-28 06:00:00,15,40,2026-10-11 12:00:00,13 days 06:00:00,318,23.06,145.16,958.6,96.0,11.798744666657228,171.02753883001674,129.3552749503417,100.27519238046682,121.17393516600464,47.81636862260268,37.81532839594786,25.37733439744693,41.79558490637663,24.34850081344712,20.035465833494985,14.903341352735808,20.66369848610316
2026-09-28 06:00:00,15,40,2026-10-11 18:00:00,13 days 12:00:00,324,23.92,144.77,967.5,86.9,35.07634626625655,218.91016847249196,193.68853444549976,136.27667149175917,163.8663755695413,112.7046261712884,93.90641259684138,69.37236472167376,95.2095590648836,57.44660404513458,48.43289348353808,37.78941080524855,47.23118158761024
2026-09-28 06:00:00,15,40,2026-10-12 00:00:00,13 days 18:00:00,330,24.64,144.54,972.8,72.2,10.065643344466576,149.75605892947135,134.76250892693116,108.77763874610768,113.98612546458676,0.1638463248898096,10.065643344466576,0.0,0.0644261252188123,0.0,10.065643344466576,0.0,0.0
2026-09-28 06:00:00,15,40,2026-10-12 06:00:00,14 days 00:00:00,336,25.55,144.46,973.8,69.3,0.0,201.43784673768064,217.28087540134104,175.46017980850786,167.0283633557176,69.87978985404519,71.63442307267856,57.69763707173486,57.86099348798367,0.5020383813353297,1.1758872003077585,0.4109817534933795,0.0
2026-09-28 06:00:00,15,40,2026-10-12 12:00:00,14 days 06:00:00,342,26.1,144.06,986.8,50.6,88.6511471458922,139.50330414169622,105.43493952062435,72.13036066766395,96.90319329629637,0.6100875201917688,0.4847911318253253,0.2814442088596536,88.6511471458922,0.0,0.0,0.0,0.0
2026-09-28 06:00:00,15,40,2026-10-12 18:00:00,14 days 12:00:00,348,26.47,143.54,990.4,44.7,80.75677339114603,238.32120232316777,215.67203721202603,167.63444044097986,187.54610989718591,0.0,0.0,0.0,0.0,0.0,0.0,0.0,0.0
2026-09-28 06:00:00,15,40,2026-10-13 00:00:00,14 days 18:00:00,354,27.85,143.51,990.9,44.5,55.60370163065028,15.230177261181836,55.60370163065028,0.0,2.744281802809269,0.0,0.0,0.0,0.0,0.0,0.0,0.0,0.0
2026-09-28 06:00:00,15,40,2026-10-13 06:00:00,15 days 00:00:00,360,28.58,144.39,984.6,53.2,99.45552703748334,152.9391115402188,136.8755631946488,104.80371654138835,116.9753596038876,99.45552703748334,44.90175281592688,36.14663425656664,37.82351450347521,0.0,0.0,0.0,0.0
2026-09-28 06:00:00,25,40,2026-10-08 06:00:00,10 days 00:00:00,240,13.05,-97.44,1001.3,34.4,98.70348435557943,98.70348435557943,0.0125059158369822,0.0,0.0,0.0,0.0,0.0,0.0,0.0,0.0,0.0,0.0
2026-09-28 06:00:00,25,40,2026-10-08 12:00:00,10 days 06:00:00,246,12.58,-98.22,1003.4,30.5,82.76138921023978,0.0,0.0,0.0,0.0,0.0,0.0,0.0,0.0,0.0,0.0,0.0,0.0
2026-09-28 06:00:00,25,40,2026-10-08 18:00:00,10 days 12:00:00,252,12.68,-98.33,1001.0,39.4,87.61878086292461,87.61878086292461,15.596710174565152,7.463485224335194,10.363724957096617,0.0,0.0,0.0,0.0,0.0,0.0,0.0,0.0
2026-09-28 06:00:00,25,40,2026-10-09 00:00:00,10 days 18:00:00,258,13.21,-98.12,999.8,35.3,54.50278553542132,54.50278553542132,0.0,0.0,0.0,0.0,0.0,0.0,0.0,0.0,0.0,0.0,0.0
2026-09-28 06:00:00,25,40,2026-10-09 06:00:00,11 days 00:00:00,264,13.88,-98.16,997.4,45.1,58.54073570300815,95.05270835290044,79.47718659598353,52.874886591609695,69.73763828492311,0.0,0.0,0.0,0.0,0.0,0.0,0.0,0.0
2026-09-28 06:00:00,25,40,2026-10-09 12:00:00,11 days 06:00:00,270,13.94,-98.47,993.1,51.7,72.92918651358416,137.0123717297563,117.82283598491604,94.08046266521158,116.02597384878864,72.92918651358416,6.732522278629359,5.538742866634468,6.958735012407813,0.0,0.0,0.0,0.0
2026-09-28 06:00:00,25,40,2026-10-09 18:00:00,11 days 12:00:00,276,14.43,-98.98,992.8,58.3,38.65727378872607,134.51012233112314,112.4974802962056,81.67133702347809,113.61185205533926,51.18450150271623,38.37292851147183,23.19080928042565,39.87235101100831,0.0,0.0,0.0,0.0
2026-09-28 06:00:00,25,40,2026-10-10 00:00:00,11 days 18:00:00,282,14.56,-99.45,988.7,62.2,16.751030096922392,123.2101557069707,103.58891590801689,65.18630874721973,91.0670169570046,47.76892161421733,36.11025957882873,19.980612940431428,35.40753744293407,0.0,0.0,0.0,0.0
2026-09-28 06:00:00,25,40,2026-10-10 06:00:00,12 days 00:00:00,288,15.14,-100.31,973.7,84.5,15.294674309277704,175.09493653849785,148.86049321310372,121.59751539628115,148.38397421318984,84.26611091306461,72.99395157444243,55.70891644653511,74.32574873783328,41.09127867112981,35.45931510746024,26.447859440366813,34.21623241367102
2026-09-28 06:00:00,25,40,2026-10-10 12:00:00,12 days 06:00:00,294,15.68,-101.22,957.8,104.8,55.3917723776769,155.38863110382533,112.90808382531884,70.6485169782533,138.35914547332257,70.15312478668403,47.82938419081404,34.440866404930446,57.39542897995223,55.3917723776769,28.086674598653214,25.130175213284048,32.57945103500186
2026-09-28 06:00:00,25,40,2026-10-10 18:00:00,12 days 12:00:00,300,16.55,-101.85,962.1,102.2,27.6495645542918,121.66229301645552,93.37350786152444,74.43344013661635,112.69924066797203,65.16430424609271,51.140340569145,41.62542912829011,57.17738763319363,34.90921405378543,30.00061083353637,26.784457188648616,32.22220398039879
2026-09-28 06:00:00,25,40,2026-10-11 00:00:00,12 days 18:00:00,306,17.23,-102.15,942.6,115.9,8.959756345892743,140.77132544384665,112.12663044616744,90.38152829244817,137.83816801225765,79.72876085057862,71.93377785405909,58.91526156159748,70.85906503006336,44.63152923683696,41.83901321665572,37.68220826738866,40.71476243251074
2026-09-28 06:00:00,25,40,2026-10-11 06:00:00,13 days 00:00:00,312,18.29,-102.67,966.9,94.7,48.01813390346797,111.89466946269386,95.1999738154409,64.8204232572607,96.16631330232484,52.26169511250919,44.77171088380419,32.0568768938756,40.988026807201095,48.01813390346797,22.31340588994135,19.23903395324305,23.22512325387652
2026-09-28 06:00:00,25,40,2026-10-11 12:00:00,13 days 06:00:00,318,20.1,-102.34,997.3,43.8,49.36700129217402,46.23748757305862,50.345489791493975,34.81426291410089,33.09679021865318,0.0,0.0,0.0,0.0,0.0,0.0,0.0,0.0
2026-09-28 06:00:00,27,40,2026-10-09 12:00:00,11 days 06:00:00,270,11.08,111.58,1004.5,21.2,116.83931909399088,0.0,0.0,0.0,0.0,0.0,0.0,0.0,0.0,0.0,0.0,0.0,0.0
2026-09-28 06:00:00,27,40,2026-10-09 18:00:00,11 days 12:00:00,276,10.49,112.71,1004.7,20.2,44.41626558535259,0.0,0.0,0.0,0.0,0.0,0.0,0.0,0.0,0.0,0.0,0.0,0.0
2026-09-28 06:00:00,27,40,2026-10-10 00:00:00,11 days 18:00:00,282,10.68,112.04,1005.6,17.4,62.37310743260679,0.0,0.0,0.0,0.0,0.0,0.0,0.0,0.0,0.0,0.0,0.0,0.0
2026-09-28 06:00:00,27,40,2026-10-10 06:00:00,12 days 00:00:00,288,11.68,112.77,1001.3,26.9,67.97147299983006,0.0,0.0,0.0,0.0,0.0,0.0,0.0,0.0,0.0,0.0,0.0,0.0
2026-09-28 06:00:00,27,40,2026-10-10 12:00:00,12 days 06:00:00,294,11.93,112.78,1001.8,19.7,82.28382080890655,0.0,0.0,0.0,0.0,0.0,0.0,0.0,0.0,0.0,0.0,0.0,0.0
2026-09-28 06:00:00,27,40,2026-10-10 18:00:00,12 days 12:00:00,300,12.68,112.67,1002.5,21.0,101.76786040963856,0.0,0.0,0.0,0.0,0.0,0.0,0.0,0.0,0.0,0.0,0.0,0.0
2026-09-28 06:00:00,27,40,2026-10-11 00:00:00,12 days 18:00:00,306,12.83,113.39,1001.4,27.8,80.60437126135223,0.0,0.0,0.0,0.0,0.0,0.0,0.0,0.0,0.0,0.0,0.0,0.0
2026-09-28 06:00:00,27,40,2026-10-11 06:00:00,13 days 00:00:00,312,12.58,112.84,999.8,26.1,66.79352797407635,0.0,0.0,0.0,0.0,0.0,0.0,0.0,0.0,0.0,0.0,0.0,0.0
2026-09-28 06:00:00,27,40,2026-10-11 12:00:00,13 days 06:00:00,318,13.28,112.66,997.9,31.0,108.7182731388427,0.0,0.0,0.0,0.0,0.0,0.0,0.0,0.0,0.0,0.0,0.0,0.0
2026-09-28 06:00:00,27,40,2026-10-11 18:00:00,13 days 12:00:00,324,13.16,112.08,995.2,40.5,69.52898457584192,69.52898457584192,5.041882686092478,2.9702281574946063,4.321125927674519,0.0,0.0,0.0,0.0,0.0,0.0,0.0,0.0
2026-09-28 06:00:00,27,40,2026-10-12 00:00:00,13 days 18:00:00,330,13.66,111.5,1000.8,33.5,119.75694676433557,0.0,0.0,0.0,0.0,0.0,0.0,0.0,0.0,0.0,0.0,0.0,0.0
2026-09-28 06:00:00,27,40,2026-10-12 06:00:00,14 days 00:00:00,336,14.09,111.03,996.1,39.1,72.99501909066262,110.26839945681718,90.46123464944765,78.62745581712514,88.64282900992144,0.0,0.0,0.0,0.0,0.0,0.0,0.0,0.0
2026-09-28 06:00:00,27,40,2026-10-12 12:00:00,14 days 06:00:00,342,14.58,110.4,995.1,44.2,90.61471190810408,155.52383223963523,130.07934867210162,103.50732098949769,125.57699125417942,0.0,0.0,0.0,0.0,0.0,0.0,0.0,0.0
2026-09-28 06:00:00,27,40,2026-10-12 18:00:00,14 days 12:00:00,348,14.64,110.25,995.4,42.1,88.58780445641476,165.7744145041016,149.34065263220072,132.105267294819,139.32826781429557,0.0,0.0,0.0,0.0,0.0,0.0,0.0,0.0
2026-09-28 06:00:00,27,40,2026-10-13 00:00:00,14 days 18:00:00,354,15.04,110.18,991.8,50.2,64.65767475081404,133.62145995989027,119.85410896505743,93.9266941677732,106.6015449077166,0.0,0.0,64.65767475081404,0.0,0.0,0.0,0.0,0.0
2026-09-28 06:00:00,27,40,2026-10-13 06:00:00,15 days 00:00:00,360,15.6,110.24,996.9,44.4,99.24332984309014,213.971596779623,197.71239764281657,157.5917175208292,175.6622190162328,0.0,0.0,0.0,0.0,0.0,0.0,0.0,0.0
2026-09-28 06:00:00,4,40,2026-09-28 12:00:00,0 days 06:00:00,6,15.25,156.0,1010.2,19.2,78.47909259649563,0.0,0.0,0.0,0.0,0.0,0.0,0.0,0.0,0.0,0.0,0.0,0.0
2026-09-28 06:00:00,4,40,2026-09-28 18:00:00,0 days 12:00:00,12,15.42,156.89,1006.8,20.3,110.15419576521104,0.0,0.0,0.0,0.0,0.0,0.0,0.0,0.0,0.0,0.0,0.0,0.0
2026-09-28 06:00:00,4,40,2026-09-29 00:00:00,0 days 18:00:00,18,15.75,156.14,1009.4,17.4,69.15052028089384,0.0,0.0,0.0,0.0,0.0,0.0,0.0,0.0,0.0,0.0,0.0,0.0
2026-09-28 06:00:00,4,40,2026-09-29 06:00:00,1 days 00:00:00,24,15.43,154.84,1007.4,19.5,79.40237161686699,0.0,0.0,0.0,0.0,0.0,0.0,0.0,0.0,0.0,0.0,0.0,0.0
2026-09-28 06:00:00,4,40,2026-09-29 12:00:00,1 days 06:00:00,30,15.35,153.61,1004.1,22.1,106.89650692783128,0.0,0.0,0.0,0.0,0.0,0.0,0.0,0.0,0.0,0.0,0.0,0.0
2026-09-28 06:00:00,4,40,2026-09-29 18:00:00,1 days 12:00:00,36,15.54,153.13,1004.4,20.4,72.92073998221802,0.0,0.0,0.0,0.0,0.0,0.0,0.0,0.0,0.0,0.0,0.0,0.0
2026-09-28 06:00:00,4,40,2026-09-30 00:00:00,1 days 18:00:00,42,15.99,152.6,1005.5,24.3,67.44565889973255,0.0,0.0,0.0,0.0,0.0,0.0,0.0,0.0,0.0,0.0,0.0,0.0
2026-09-28 06:00:00,4,40,2026-09-30 06:00:00,2 days 00:00:00,48,16.67,151.78,1005.2,26.5,126.59278318520616,0.0,0.0,0.0,0.0,0.0,0.0,0.0,0.0,0.0,0.0,0.0,0.0
2026-09-28 06:00:00,4,40,2026-09-30 12:00:00,2 days 06:00:00,54,16.43,149.73,1003.3,29.1,76.61607070238631,0.0,0.0,0.0,0.0,0.0,0.0,0.0,0.0,0.0,0.0,0.0,0.0
2026-09-28 06:00:00,4,40,2026-09-30 18:00:00,2 days 12:00:00,60,17.49,148.62,997.4,36.8,72.92780175971052,72.92780175971052,0.0,0.0,0.0,0.0,0.0,0.0,0.0,0.0,0.0,0.0,0.0
2026-09-28 06:00:00,4,40,2026-10-01 00:00:00,2 days 18:00:00,66,17.51,147.38,996.0,43.4,72.97587707177081,3.8557321297189446,0.0,1.8296288657592183,72.97587707177081,0.0,0.0,0.0,0.0,0.0,0.0,0.0,0.0
2026-09-28 06:00:00,4,40,2026-10-01 06:00:00,3 days 00:00:00,72,17.35,145.88,990.8,50.3,27.062153462319515,27.062153462319515,7.657491757703703,1.330515450792582,27.062153462319515,0.0,0.0,0.0,27.062153462319515,0.0,0.0,0.0,0.0
2026-09-28 06:00:00,4,40,2026-10-01 12:00:00,3 days 06:00:00,78,17.26,144.9,997.0,35.5,79.48397285799706,79.48397285799706,6.996339402179958,13.295478215986645,21.00045774271108,0.0,0.0,0.0,0.0,0.0,0.0,0.0,0.0
2026-09-28 06:00:00,4,40,2026-10-01 18:00:00,3 days 12:00:00,84,17.57,144.39,990.8,50.6,31.74327956808427,42.46503601073269,29.81806970448966,21.07101795361613,32.64646615227328,0.0,0.0,0.0,31.74327956808427,0.0,0.0,0.0,0.0
2026-09-28 06:00:00,4,40,2026-10-02 00:00:00,3 days 18:00:00,90,17.93,143.39,979.9,69.0,45.105526899250975,122.4471628683214,94.4899229888151,70.92132010024228,100.71080594009725,47.98227862404269,38.108998781671175,26.497110552349803,40.44556631860411,45.105526899250975,16.58800882342723,11.290458562230697,16.162795531977252
2026-09-28 06:00:00,4,40,2026-10-02 06:00:00,4 days 00:00:00,96,18.28,142.5,979.7,64.0,41.633444630475886,198.17960884218684,174.13691504740143,147.91063144551595,177.2071406850081,41.633444630475886,33.7314952540096,28.691513857279435,33.8349254652572,0.0,0.0,0.0,0.0
2026-09-28 06:00:00,4,40,2026-10-02 12:00:00,4 days 06:00:00,102,18.47,141.79,946.5,106.5,13.91183168241338,313.9925314097436,302.3464598611231,284.3123324010762,289.506121227028,0.0,0.0,13.91183168241338,13.91183168241338,0.0,0.0,13.91183168241338,0.0
2026-09-28 06:00:00,4,40,2026-10-02 18:00:00,4 days 12:00:00,108,18.75,141.35,960.7,87.2,39.77557189881034,272.76368809370945,231.83139844497327,196.7317634959445,234.10796324298548,118.1514332331113,102.37557935481644,83.36555452945095,102.96898518005553,59.88943131601327,53.051752781396,42.45133791913975,50.93610300300087
2026-09-28 06:00:00,4,40,2026-10-03 00:00:00,4 days 18:00:00,114,18.85,140.83,940.0,109.3,36.271570869198335,392.4474016637476,363.80610048364,344.22818747329285,364.23025096839206,164.62293672021002,157.47688616170691,142.1430173419494,151.1905092960201,92.56110673773462,88.49303299118625,75.70722034240355,81.78610577791522
2026-09-28 06:00:00,4,40,2026-10-03 06:00:00,5 days 00:00:00,120,19.11,140.82,949.2,94.7,55.261101771465846,396.418118736501,381.3766387900109,323.4483715995485,344.5129934082877,55.261101771465846,8.45588521896937,5.43994686033345,10.41204423401724,55.261101771465846,0.1968142364490867,0.0,0.3313773055711122
2026-09-28 06:00:00,4,40,2026-10-03 12:00:00,5 days 06:00:00,126,19.58,140.78,950.5,98.3,26.749700522761533,252.9178476613733,249.74293257197712,227.6568992052189,224.837574869501,98.10592928224835,91.8475173160558,79.1555305254048,88.22003411138718,52.4418356496602,49.4574961799988,41.60221719929845,45.15213334600565
2026-09-28 06:00:00,4,40,2026-10-03 18:00:00,5 days 12:00:00,132,19.98,140.77,944.6,107.1,37.893079723595946,232.82023870607105,265.0066370159261,235.0083447683146,207.00227162568228,4.438055991857041,37.893079723595946,8.262892129265342,3.1535970039943493,0.9727281865741366,37.893079723595946,1.760903684386943,0.0
2026-09-28 06:00:00,4,40,2026-10-04 00:00:00,5 days 18:00:00,138,20.52,140.94,944.6,108.2,25.496656256814045,180.0143012179838,200.02041808063865,178.68232000749606,152.23684666430376,96.4782514967706,99.31719641710916,84.92215518333086,85.70088980448966,54.44007505188823,53.32203633243017,44.65131370196213,46.74074587699343
2026-09-28 06:00:00,4,40,2026-10-04 06:00:00,6 days 00:00:00,144,20.73,140.95,932.7,115.1,28.58446888997808,374.8311586088973,379.3140701816958,319.8857811895524,322.8800853694,190.4566275265254,183.50903100911205,156.19595561503164,167.65675721912316,104.49617860735184,100.32318683695831,84.93608669012649,91.58729841724085
2026-09-28 06:00:00,4,40,2026-10-04 12:00:00,6 days 06:00:00,150,21.57,141.11,946.3,104.4,36.59362352850388,367.4119844635193,377.3673094972637,342.19732084779434,318.4548897509271,200.58328576010308,205.32757381086597,176.477226865494,177.2341083075928,112.16409046198136,111.188410435862,96.10597471908444,98.46324392043935
2026-09-28 06:00:00,4,40,2026-10-04 18:00:00,6 days 12:00:00,156,22.57,140.78,914.6,130.7,33.70654549724895,314.22491752036785,294.80812973722914,249.83227433458117,275.5073458536908,134.23028134015544,123.59714433838178,108.26857849545796,122.18533718805918,75.64769077853532,71.9507773532464,60.0215286357128,66.5182322166122
2026-09-28 06:00:00,4,40,2026-10-05 00:00:00,6 days 18:00:00,162,23.41,140.84,928.0,118.2,0.0,197.4240313686841,238.51160524161085,188.9392351939105,159.84473414580458,22.685230772400416,25.190695722957244,13.143416892860326,13.633579205763564,10.190397674512845,9.828007156872433,6.297884015076192,6.874565000171297
2026-09-28 06:00:00,4,40,2026-10-05 06:00:00,7 days 00:00:00,168,24.44,140.81,929.3,113.9,21.9910535992116,381.6095837006216,410.3387522892773,332.3188914455539,323.872693866314,129.65602096117476,132.10443497547175,105.69407367630498,112.29754634612,72.66076643823914,69.01702300735943,57.67639662275895,62.66138758675507
2026-09-28 06:00:00,4,40,2026-10-05 12:00:00,7 days 06:00:00,174,25.68,140.83,932.1,114.6,12.619398997652882,291.29550384753713,326.9845215823975,260.6516791748105,238.49833895927608,43.18765150640204,47.48370921455995,31.966691927992706,32.02114920025309,21.935198677434396,21.520277511132484,17.138382510380406,18.124542122147936
2026-09-28 06:00:00,4,40,2026-10-05 18:00:00,7 days 12:00:00,180,26.85,141.12,923.4,119.5,23.17850157513713,382.4040267473371,427.0903793622632,356.9675876453728,332.8718861865377,132.3508114685205,144.2899262582814,116.0911383616312,111.31231010482118,73.87046963294185,74.56570750309174,63.20127476184727,64.11797182821121
2026-09-28 06:00:00,4,40,2026-10-06 00:00:00,7 days 18:00:00,186,29.15,142.0,942.5,103.6,12.585586413801307,327.784072861509,371.0497329782769,286.086999664018,249.21373105294265,181.9825195588191,188.81114773226145,159.85504602637332,152.80308966712226,100.50270783524688,101.54618187681552,85.19637653449972,87.09015497840612
2026-09-28 06:00:00,4,40,2026-10-06 06:00:00,8 days 00:00:00,192,32.35,142.91,933.8,112.6,48.74171201059912,398.6242798631779,447.5056225427987,376.1115570933397,327.8252117403523,121.79016507774644,131.83167957400093,111.08916518606428,100.70318808003944,67.0136485747989,67.95701854353891,57.402080042915024,58.564530675502766
2026-09-28 06:00:00,4,40,2026-10-06 12:00:00,8 days 06:00:00,198,36.08,144.37,950.0,89.3,59.22523958548689,272.1842083663503,317.10721903515105,258.0255064487128,214.2067219839837,1.4774317229601266,59.22523958548689,7.365799421599412,0.0,0.0037652541711779,59.22523958548689,0.2109514892913804,0.0
2026-09-28 06:00:00,4,40,2026-10-06 18:00:00,8 days 12:00:00,204,41.19,147.86,962.8,69.7,36.88223114901649,283.1456071459729,355.0116719383071,302.1457694812148,225.497341017538,178.54907575769454,189.66033259110668,158.37088000783984,148.93260502522205,0.0,36.88223114901649,0.1103401124222704,0.0
2026-09-28 06:00:00,4,40,2026-10-07 00:00:00,8 days 18:00:00,210,46.14,152.27,976.3,51.7,40.470343280306366,0.0037942614590917,53.63714528988049,30.03106400854124,0.0,0.0,40.470343280306366,3.722957498003124,0.0,0.0,0.0,0.0,0.0
2026-09-28 06:00:00,AL062026,40,2026-09-28 06:00:00,0 days 00:00:00,0,28.3,-43.8,1012.0,25.0,56.0,0.0,0.0,0.0,0.0,0.0,0.0,0.0,0.0,0.0,0.0,0.0,0.0
2026-09-28 06:00:00,AL912026(2),40,2026-09-28 06:00:00,0 days 00:00:00,0,36.3,-53.1,1013.0,29.0,148.0,0.0,0.0,0.0,0.0,0.0,0.0,0.0,0.0,0.0,0.0,0.0,0.0
2026-09-28 06:00:00,AL912026(2),40,2026-09-28 12:00:00,0 days 06:00:00,6,36.51,-51.45,1001.7,45.2,30.990240177029875,34.37737712021653,34.61885884458892,10.953055509852357,13.316106447534054,0.0,0.0,0.0,0.0,0.0,0.0,0.0,0.0
2026-09-28 06:00:00,AL912026(2),40,2026-09-28 18:00:00,0 days 12:00:00,12,36.34,-49.78,1003.7,36.6,144.09021323083243,1.2355767390765775,144.09021323083243,0.2927452667879038,0.0,0.0,0.0,0.0,0.0,0.0,0.0,0.0,0.0
2026-09-28 06:00:00,AL912026(2),40,2026-09-29 00:00:00,0 days 18:00:00,18,36.23,-47.69,1002.3,37.3,63.21741684512847,63.21741684512847,51.873262474217256,35.698227641440155,35.9357285751052,0.0,0.0,0.0,0.0,0.0,0.0,0.0,0.0
2026-09-28 06:00:00,AL912026(2),40,2026-09-29 06:00:00,1 days 00:00:00,24,35.34,-46.41,1004.3,36.1,79.17473198707034,0.0,79.17473198707034,0.0,0.0,0.0,0.0,0.0,0.0,0.0,0.0,0.0,0.0
2026-09-28 06:00:00,AL912026(2),40,2026-09-29 12:00:00,1 days 06:00:00,30,34.56,-45.66,1006.7,31.8,146.53203005631087,0.0,0.0,0.0,0.0,0.0,0.0,0.0,0.0,0.0,0.0,0.0,0.0
2026-09-28 06:00:00,AL912026(2),40,2026-09-29 18:00:00,1 days 12:00:00,36,34.03,-44.9,1004.3,32.1,70.50577185231589,0.0,0.0,0.0,0.0,0.0,0.0,0.0,0.0,0.0,0.0,0.0,0.0
2026-09-28 06:00:00,AL912026(2),40,2026-09-30 00:00:00,1 days 18:00:00,42,33.41,-44.1,1004.9,35.5,82.45543745279056,91.50765533990268,79.0763540800879,63.8831568458446,74.55054040107485,0.0,0.0,0.0,0.0,0.0,0.0,0.0,0.0
2026-09-28 06:00:00,AL912026(2),40,2026-09-30 06:00:00,2 days 00:00:00,48,33.73,-44.24,1005.7,32.9,128.32885021456332,0.0,0.0,0.0,0.0,0.0,0.0,0.0,0.0,0.0,0.0,0.0,0.0
2026-09-28 06:00:00,AL912026(2),40,2026-09-30 12:00:00,2 days 06:00:00,54,33.63,-43.29,1006.5,34.1,69.4316986889844,69.4316986889844,0.0,1.578127068857782,2.932746298474342,0.0,0.0,0.0,0.0,0.0,0.0,0.0,0.0
2026-09-28 06:00:00,EP152026(2),40,2026-09-28 06:00:00,0 days 00:00:00,0,16.4,-160.8,929.0,134.0,28.0,241.0,185.0,148.0,204.0,93.0,74.0,74.0,93.0,56.0,46.0,37.0,46.0
2026-09-28 06:00:00,EP152026(2),40,2026-09-28 12:00:00,0 days 06:00:00,6,16.96,-161.53,934.4,134.9,21.051832679775487,174.3179272436251,111.49343177310726,52.480499704892594,142.4133567618937,22.201748003911003,2.058485826347044,0.1948878409216003,21.051832679775487,8.969742266074917,1.931267187988447,0.1948878409216003,21.051832679775487
2026-09-28 06:00:00,EP152026(2),40,2026-09-28 18:00:00,0 days 12:00:00,12,17.39,-162.51,939.9,124.3,11.693118155496364,169.10280910383403,125.44879028370838,69.43590953646694,135.8693080514539,11.693118155496364,0.0,0.0,11.693118155496364,2.136695143337638,0.0,0.0,11.693118155496364
2026-09-28 06:00:00,EP152026(2),40,2026-09-29 00:00:00,0 days 18:00:00,18,18.46,-163.39,945.9,114.0,0.986281110455673,193.9536040626151,179.9097905653624,121.6314161848388,150.6870500745777,96.7873345308704,86.05990883017161,63.0057999753369,78.60926923595537,52.592876443832296,46.94938613994896,38.60671468906749,45.66014709636261
2026-09-28 06:00:00,EP152026(2),40,2026-09-29 06:00:00,1 days 00:00:00,24,19.26,-163.75,954.6,110.0,9.300327991658031,257.15664204716563,235.5273246166253,165.09303220659947,201.5986716824245,97.9792033776021,85.92243140006616,62.62911168974464,82.49792952404104,50.6179523407661,44.49447193613786,35.12063895971448,42.995020803050615
2026-09-28 06:00:00,EP152026(2),40,2026-09-29 12:00:00,1 days 06:00:00,30,20.58,-163.93,961.9,94.4,17.346768682387808,173.69362119851854,170.3470197040551,98.25030810106172,126.6009114892745,84.4606330016889,73.69505078950746,51.25765700305144,64.1602799833621,43.67979434496007,38.48226322786533,31.774586661190497,38.40198192799608
2026-09-28 06:00:00,EP152026(2),40,2026-09-29 18:00:00,1 days 12:00:00,36,21.51,-163.84,976.4,72.7,10.836307353459084,159.99239489288746,155.5756144609863,96.40326651415364,97.51742264758408,64.07510168271841,61.18238480502347,40.73977735783811,50.64976835051336,30.497562796443244,28.17804540566441,22.2796639824292,25.15268041201712
2026-09-28 06:00:00,EP152026(2),40,2026-09-30 00:00:00,1 days 18:00:00,42,22.52,-164.09,976.8,68.3,24.993885976914385,194.2753498269159,191.1290459091173,116.60037729744316,147.6835522452919,36.021566470287546,35.41904160123848,16.621734327781812,23.015072956170663,24.993885976914385,11.348929993074568,7.408096645692111,9.672321898537186
2026-09-28 06:00:00,EP152026(2),40,2026-09-30 06:00:00,2 days 00:00:00,48,23.09,-163.67,985.8,61.1,66.66600147590395,229.4171008031185,219.8287841314632,185.1706585745824,197.82771911693908,143.3442020441048,139.50011740163018,115.75628550071065,119.360478837272,0.0,0.0,0.0,0.0
2026-09-28 06:00:00,EP152026(2),40,2026-09-30 12:00:00,2 days 06:00:00,54,22.92,-163.91,987.9,56.6,71.41350232634278,199.76060931522332,187.4500778978637,155.70346143779827,172.2766409997692,71.41350232634278,38.9347407516066,31.098460264399517,33.68439766854445,0.0,0.0,0.0,0.0
2026-09-28 06:00:00,EP152026(2),40,2026-09-30 18:00:00,2 days 12:00:00,60,22.77,-164.11,990.4,54.7,83.58921958955949,0.0,83.58921958955949,3.7428964462843615,0.3975403116159128,0.0,83.58921958955949,0.4160499587513158,0.3975403116159128,0.0,0.0,0.0,0.0
2026-09-28 06:00:00,EP152026(2),40,2026-10-01 00:00:00,2 days 18:00:00,66,22.67,-164.41,987.8,51.7,89.7187071815104,216.3000838327466,193.8474269897665,175.67328600011498,192.83924445265035,0.0,0.0,0.0,89.7187071815104,0.0,0.0,0.0,0.0
2026-09-28 06:00:00,EP152026(2),40,2026-10-01 06:00:00,3 days 00:00:00,72,22.63,-164.66,990.2,53.8,52.784397383966166,111.7043868974877,101.70160042494264,79.91823631563673,99.49048163532078,5.5105144261542165,3.2319745893846736,2.409507276245943,52.784397383966166,0.0,0.0,0.0,0.0
2026-09-28 06:00:00,EP152026(2),40,2026-10-01 12:00:00,3 days 06:00:00,78,22.82,-165.43,990.1,57.0,123.45933678437244,126.23475208592708,94.44640682337098,84.35325456826888,123.45933678437244,1.4456820833371706,0.0,0.0,123.45933678437244,0.0,0.0,0.0,0.0
2026-09-28 06:00:00,EP152026(2),40,2026-10-01 18:00:00,3 days 12:00:00,84,22.63,-165.79,988.4,51.2,67.6346634507516,190.73099964630683,165.09654551428085,146.09480814647452,160.36787558744942,67.6346634507516,0.0,0.0,0.5761319185547347,0.0,0.0,0.0,0.0
2026-09-28 06:00:00,EP152026(2),40,2026-10-02 00:00:00,3 days 18:00:00,90,23.0,-165.91,986.6,58.9,74.31709691744375,136.24837261307263,135.30870457477707,111.60822334325874,106.9927240684558,79.07974325862537,75.86340484356055,64.11914095170671,67.39201998982001,0.0,0.0,0.0,0.0
2026-09-28 06:00:00,EP152026(2),40,2026-10-02 06:00:00,4 days 00:00:00,96,23.28,-166.18,982.1,57.4,73.4943051038498,242.7778761904874,243.00200603012308,188.75311848128692,191.8641393920716,73.4943051038498,8.87067214077851,2.2481274192313805,5.792506267631637,0.0,0.0,0.0,0.0
2026-09-28 06:00:00,EP152026(2),40,2026-10-02 12:00:00,4 days 06:00:00,102,23.52,-166.47,976.2,68.6,66.73524059767442,267.89653500904933,253.347253186932,222.07461488423,237.6882773745092,66.73524059767442,0.0043214045083459,0.0,0.154481939966729,66.73524059767442,0.0043214045083459,0.0,0.154481939966729
2026-09-28 06:00:00,EP152026(2),40,2026-10-02 18:00:00,4 days 12:00:00,108,23.83,-166.99,976.2,71.5,62.71800588654598,227.4659285567014,180.99229079460645,145.16037854627876,190.69511148133276,84.24920953091109,69.9316129775031,50.92571835894537,70.1320115025395,62.71800588654598,31.523097152069266,23.69888394027119,30.59065939494049
2026-09-28 06:00:00,EP152026(2),40,2026-10-03 00:00:00,4 days 18:00:00,114,23.94,-167.72,969.6,75.9,29.199046119157195,188.8666952650541,155.05707426072686,140.51357462933396,176.14403139690802,75.53895828338281,66.78718876395807,52.95340511493556,65.50276288685993,36.853596701038775,32.02948428412289,24.706794892588743,30.98118346129999
2026-09-28 06:00:00,EP152026(2),40,2026-10-03 06:00:00,5 days 00:00:00,120,23.85,-168.18,971.5,78.4,24.305039983517872,191.99397327105777,151.06832028870303,148.1363894272425,179.29405393557147,53.29165885854785,40.37394515279377,30.405288125492437,48.71517801933675,24.305039983517872,19.10578693733441,14.381977270057902,19.8428714281568
2026-09-28 06:00:00,EP152026(2),40,2026-10-03 12:00:00,5 days 06:00:00,126,23.45,-169.62,976.0,69.5,28.02694758356155,219.5895486420969,178.16250512683314,146.61249008975602,191.6589821539476,28.02694758356155,2.733818658547783,0.0,5.135781894254799,28.02694758356155,0.0,0.0,0.6734275872255897
2026-09-28 06:00:00,EP152026(2),40,2026-10-03 18:00:00,5 days 12:00:00,132,23.52,-171.37,977.2,71.8,53.21626209574001,271.5829571434306,235.5789103616896,193.52563168901335,237.78625979336016,53.21626209574001,3.7376382357714633,0.0,4.645152664391933,53.21626209574001,0.0,0.0,0.5833151199632951
2026-09-28 06:00:00,EP152026(2),40,2026-10-04 00:00:00,5 days 18:00:00,138,23.49,-173.25,978.1,75.1,19.609412693680497,175.86528183118662,142.67503598087114,104.84161873855146,150.796473924333,19.609412693680497,0.0,0.0,4.17807585628853,19.609412693680497,0.0,0.0,0.928531426627032
2026-09-28 06:00:00,EP152026(2),40,2026-10-04 06:00:00,6 days 00:00:00,144,23.65,-175.16,975.9,74.2,21.297087593977487,169.9578936831266,134.23037651821184,96.5815735146006,143.2402212919771,40.03672221150927,28.88002598532132,13.975539697118757,31.31839231935003,21.297087593977487,10.32835990601952,6.202447508802398,12.086182259975848
2026-09-28 06:00:00,EP152026(2),40,2026-10-04 12:00:00,6 days 06:00:00,150,23.97,-176.81,966.0,87.6,16.150579724602736,178.64061745273654,139.64648319140662,114.57245678446532,160.79399081310288,83.15829010686704,68.59805322915949,51.759980904056434,72.56506037528086,41.26547568109544,33.68122758885853,25.90261762859783,34.89856112912052
2026-09-28 06:00:00,EP152026(2),40,2026-10-04 18:00:00,6 days 12:00:00,156,24.26,-178.43,966.0,88.4,31.511343969162557,133.3656775024334,113.02662444992347,80.36375323296645,106.89713181104273,31.511343969162557,19.471166507980065,7.831652322457098,19.924856362957925,31.511343969162557,5.841011873452642,2.431854248395801,7.300850662692099
2026-09-28 06:00:00,EP152026(2),40,2026-10-05 00:00:00,6 days 18:00:00,162,24.6,-179.9,957.6,97.0,3.898302300283497,138.605465198468,121.62309547312104,87.53905388000048,111.8369637880408,7.17861073150455,0.2139025757807005,0.0,3.563208749694531,3.898302300283497,0.0,0.0,1.7538121840879517
2026-09-28 06:00:00,EP152026(2),40,2026-10-05 06:00:00,7 days 00:00:00,168,24.93,178.81,960.4,98.5,19.40423162795528,221.32324122045995,169.3611072484176,155.66931598250773,212.53015562499309,108.3616239215652,90.3541150858062,72.96305176839238,94.09121103421342,55.45926313559261,46.838358966977054,38.05408122841098,47.4872470771897
2026-09-28 06:00:00,EP152026(2),40,2026-10-05 12:00:00,7 days 06:00:00,174,24.89,177.42,945.1,111.9,6.265038544973576,199.34991720968037,163.223879656942,122.11875853235448,176.2429303344253,6.265038544973576,0.0,0.0,6.265038544973576,0.7635716344728313,0.0,0.0,6.265038544973576
2026-09-28 06:00:00,EP152026(2),40,2026-10-05 18:00:00,7 days 12:00:00,180,24.73,176.41,961.0,96.9,23.444047395665606,199.8636993654111,159.86961077408756,144.5805389342991,191.5437861726342,110.45420192754062,89.51259212295193,72.10709735874897,96.8829388649138,56.66080655353264,47.979920697584674,37.880949939034025,49.64283664355096
2026-09-28 06:00:00,EP152026(2),40,2026-10-06 00:00:00,7 days 18:00:00,186,24.51,174.55,977.9,72.4,26.718710098779603,118.97482941125443,85.53780418359499,69.87501689776272,100.1110294818402,26.718710098779603,0.0,0.0,1.936670147320859,26.718710098779603,0.0,0.0,0.0
2026-09-28 06:00:00,EP152026(2),40,2026-10-06 06:00:00,8 days 00:00:00,192,24.05,173.59,971.8,82.9,42.98910018631085,172.71765664095216,141.6070004403595,118.97193777637943,146.03625213490326,42.98910018631085,11.64808760689654,3.763353074999759,13.330087527814994,42.98910018631085,2.622596335237475,0.955305946195994,4.974086376053348
2026-09-28 06:00:00,EP152026(2),40,2026-10-06 12:00:00,8 days 06:00:00,198,23.53,171.81,963.3,88.0,39.969759768481055,216.94443894220572,169.15676100526863,133.7802018130187,193.4600141215659,39.969759768481055,2.697329906400089,0.0,5.798532158157563,39.969759768481055,0.0607210096949613,0.0,2.0431555427131927
2026-09-28 06:00:00,EP152026(2),40,2026-10-06 18:00:00,8 days 12:00:00,204,22.89,169.34,974.4,81.5,34.35986712219453,202.04380650092173,154.1793290666909,129.60365238276256,188.0648809498116,103.79952524544063,84.02696056651627,65.19563149186465,90.03274779111494,51.25293423054667,43.71705245761388,34.9932804766743,44.90329949406856
2026-09-28 06:00:00,EP152026(2),40,2026-10-07 00:00:00,8 days 18:00:00,210,22.08,166.97,966.9,94.6,7.2994776121402225,142.4721502089384,115.1520024115108,92.29064136400156,126.4190559361454,39.43754334925758,24.67578742372072,15.90858992170784,32.90131290305919,17.60347132155207,13.402945329883009,8.752233639784953,16.076129152084476
2026-09-28 06:00:00,EP152026(2),40,2026-10-07 06:00:00,9 days 00:00:00,216,21.36,164.44,976.6,76.4,59.69308871425114,185.61705429483013,157.89930229013808,138.35829452250923,174.4075482246228,59.69308871425114,21.34367427934056,12.158895858878031,27.956059043011347,59.69308871425114,9.12033008261422,6.493965140554728,12.689139911344856
2026-09-28 06:00:00,EP152026(2),40,2026-10-07 12:00:00,9 days 06:00:00,222,21.25,161.85,967.7,83.8,28.623512643544665,283.4001558792862,242.83310848411853,224.92600589281057,254.45829926310563,28.623512643544665,0.0,0.0,28.623512643544665,0.8393726634937745,0.0,0.0,28.623512643544665
2026-09-28 06:00:00,EP152026(2),40,2026-10-07 18:00:00,9 days 12:00:00,228,21.36,159.29,972.0,82.0,61.31897660111986,186.1560774070049,160.66541148298802,113.92096099155196,150.9756973614776,95.10471331377266,80.57467018044963,60.73551726675464,78.75156127749642,61.31897660111986,42.997797903204855,34.527952206189184,42.59377234533258
2026-09-28 06:00:00,EP152026(2),40,2026-10-08 00:00:00,9 days 18:00:00,234,21.58,156.13,966.7,88.9,23.048321276140197,193.7593988853292,162.852907061999,125.22100949684736,168.8555137098623,109.36282289857044,91.23245124288252,68.37898701217776,91.46742571385028,55.09036512490111,48.47217864698857,38.90424049809389,48.50388056203241
2026-09-28 06:00:00,EP152026(2),40,2026-10-08 06:00:00,10 days 00:00:00,240,22.04,153.63,972.9,90.6,28.47096878617773,167.27501371701922,126.992591719165,104.10548272363556,144.16253480410631,64.31449197195334,52.15031064977468,38.20995934253756,54.8045611281808,31.8754794334036,26.563514820639305,20.80682897934385,27.24017595280562
2026-09-28 06:00:00,EP152026(2),40,2026-10-08 12:00:00,10 days 06:00:00,246,21.92,150.83,973.9,78.7,6.297634032817646,179.1533420863886,139.32840526656585,97.87205128921188,159.4329223858551,34.69667554718013,19.67279026626076,7.267676376547892,24.17575434778589,11.73136424779425,7.114221422927148,3.620220314983668,10.18696592962116
2026-09-28 06:00:00,EP152026(2),40,2026-10-08 18:00:00,10 days 12:00:00,252,21.47,148.14,971.0,85.7,38.35686462725744,159.3043130487057,106.11901021337884,86.71167060486823,143.25581789105274,72.03964689904132,54.6338979238069,37.67236412717298,60.16450096271655,38.35686462725744,27.4044337475074,20.322026044422657,29.78202303961936
2026-09-28 06:00:00,EP152026(2),40,2026-10-09 00:00:00,10 days 18:00:00,258,20.93,145.6,982.6,66.3,12.613428525372568,188.0427888219363,137.39786386967296,95.77225067985484,163.39573482026827,80.30150650889908,62.58877227968151,39.54358796269933,61.88347492167957,31.03442076940266,24.75997662092901,16.825410588170325,25.391841673063677
2026-09-28 06:00:00,EP152026(2),40,2026-10-09 06:00:00,11 days 00:00:00,264,20.81,143.32,983.4,63.8,16.689315841676436,141.97736292345715,107.2272289828988,102.15234206066684,117.04763401195795,16.689315841676436,0.0,0.0,1.5841719663586806,0.0,0.0,0.0,0.0
2026-09-28 06:00:00,EP152026(2),40,2026-10-09 12:00:00,11 days 06:00:00,270,20.38,141.76,972.4,82.3,28.4247023752793,208.80204212730004,180.64221494739343,164.15859132670258,184.39425662739205,28.4247023752793,11.253074936705843,8.714796654692355,13.102730440921407,28.4247023752793,4.0414240940284,2.9739116808377437,4.442339300218117
2026-09-28 06:00:00,EP152026(2),40,2026-10-09 18:00:00,11 days 12:00:00,276,20.46,140.71,981.6,63.4,3.676736495723169,140.91041378335325,122.4368164446512,95.33810800769126,134.34827659991066,3.676736495723169,0.4138233555057207,0.0,1.097140098975153,0.0,0.0,0.0,0.0
2026-09-28 06:00:00,EP152026(2),40,2026-10-10 00:00:00,11 days 18:00:00,282,20.49,139.11,988.5,52.5,20.62127225057772,168.49576890867849,144.88653442295055,120.28704332996992,156.03310494741646,20.62127225057772,0.0,0.0,2.548444323940222,0.0,0.0,0.0,0.0
2026-09-28 06:00:00,EP152026(2),40,2026-10-10 06:00:00,12 days 00:00:00,288,20.36,138.1,997.2,39.2,43.34170889012155,89.323095507357,74.2423932414523,61.140858361323545,90.26819440618162,0.0,0.0,0.0,0.0,0.0,0.0,0.0,0.0
2026-09-28 06:00:00,EP152026(2),40,2026-10-10 12:00:00,12 days 06:00:00,294,20.48,136.86,989.7,47.1,75.01416513956747,164.23281903656175,137.89488828385174,129.33454115551467,143.7683559528133,0.0,0.0,0.0,0.0,0.0,0.0,0.0,0.0
2026-09-28 06:00:00,EP152026(2),40,2026-10-10 18:00:00,12 days 12:00:00,300,20.29,135.97,990.5,45.5,43.034834307992455,64.60186442090081,42.00265508115338,37.6880371616287,60.57127473679779,0.0,0.0,0.0,0.0,0.0,0.0,0.0,0.0
2026-09-28 06:00:00,EP152026(2),40,2026-10-11 00:00:00,12 days 18:00:00,306,20.46,135.39,981.0,61.5,41.35220266269337,264.2025287102299,232.9827988663991,192.58831491387195,228.21532123123075,0.6526685753557899,0.0,0.0,41.35220266269337,0.0,0.0,0.0,0.0
2026-09-28 06:00:00,EP152026(2),40,2026-10-11 06:00:00,13 days 00:00:00,312,20.61,134.74,976.5,73.9,0.1331503752915352,156.19639893354173,120.68914422728986,88.31459671357705,137.6123424798746,69.4861671119616,55.880612217182176,42.604170554319815,58.20948040095962,31.81046950887904,26.80865999122884,20.3365160487349,27.441422830363475
2026-09-28 06:00:00,EP152026(2),40,2026-10-11 12:00:00,13 days 06:00:00,318,20.81,134.39,983.3,57.6,85.94582363582049,221.5991806261136,202.76180834731983,204.22232765424175,199.05111085923727,0.0,0.0,0.1173168060808791,85.94582363582049,0.0,0.0,0.0,0.0
2026-09-28 06:00:00,EP152026(2),40,2026-10-11 18:00:00,13 days 12:00:00,324,20.45,134.2,969.9,70.0,34.03944567865472,165.25679824633448,147.29352106026835,147.41898990144685,159.7154415576851,34.03944567865472,23.32289833079036,17.21594915359342,23.19501994129628,34.03944567865472,4.603344068568797,3.6189296855073705,5.292990444699231
2026-09-28 06:00:00,EP152026(2),40,2026-10-12 00:00:00,13 days 18:00:00,330,20.7,134.45,975.0,65.6,67.78545650935767,302.52703931636705,323.9041915373767,291.3087046796687,281.65302918412954,28.94524147116145,67.78545650935767,67.78545650935767,25.7947806363808,0.0,0.0,67.78545650935767,0.0
2026-09-28 06:00:00,EP152026(2),40,2026-10-12 06:00:00,14 days 00:00:00,336,20.2,135.18,985.7,52.7,39.0544877536646,101.3323363657442,108.04618787631188,109.30677663051564,90.4060107355944,0.0,39.0544877536646,0.8882518652608269,0.0,0.0,0.0,0.0,0.0
2026-09-28 06:00:00,EP152026(2),40,2026-10-12 12:00:00,14 days 06:00:00,342,20.23,136.34,985.0,49.3,99.55189521032617,185.45057829108416,181.9508748508921,174.53755161392556,155.5823392822773,0.0,0.0,0.0,0.0,0.0,0.0,0.0,0.0
2026-09-28 06:00:00,EP152026(2),40,2026-10-12 18:00:00,14 days 12:00:00,348,20.23,137.35,989.2,47.1,77.54441843690823,193.21995993325217,190.52603026732297,170.1109947808377,166.95838436921048,0.0,0.0,0.0,0.0,0.0,0.0,0.0,0.0
2026-09-28 06:00:00,EP152026(2),40,2026-10-13 00:00:00,14 days 18:00:00,354,19.96,138.39,982.4,58.0,49.391683067880365,221.3972446998101,222.41859716514463,206.36294163890256,195.34955297714592,3.1067506675717915,49.391683067880365,2.4507955015752296,1.851140026984858,0.0,0.0,0.0,0.0
2026-09-28 06:00:00,EP152026(2),40,2026-10-13 06:00:00,15 days 00:00:00,360,19.66,138.83,982.3,57.2,60.625027812298846,152.9048084826774,189.47397559495323,177.72517022748286,138.49800411610357,99.75512401932896,105.00108243031458,87.68944654650797,85.04873043400364,0.0,0.0,0.0,0.0
2026-09-28 06:00:00,EP172026,40,2026-09-28 06:00:00,0 days 00:00:00,0,23.2,-114.0,955.0,105.0,28.0,167.0,148.0,148.0,148.0,102.0,93.0,83.0,83.0,65.0,65.0,65.0,65.0
2026-09-28 06:00:00,EP172026,40,2026-09-28 12:00:00,0 days 06:00:00,6,24.03,-113.73,960.0,99.4,7.5888456672070035,174.8748180756702,198.6758075573448,132.73468188341317,131.6794417392505,91.34183894410964,89.74797121393897,65.59745350227512,69.3040422636193,45.86450295397638,43.540418600233735,35.73456920109133,38.93291002826707
2026-09-28 06:00:00,EP172026,40,2026-09-28 18:00:00,0 days 12:00:00,12,24.93,-113.23,963.4,92.2,34.21076617033231,152.68485254303704,168.17874092305,103.81108313691196,99.44368148577452,65.62392183506067,68.6059492675073,52.78766378600972,51.67094560357595,35.46876507723816,35.41113645710608,30.38631584202361,31.22867968249149
2026-09-28 06:00:00,EP172026,40,2026-09-29 00:00:00,0 days 18:00:00,18,25.6,-112.88,970.2,78.8,8.712139790235494,142.5768102830599,168.01989137894503,113.00707005612551,100.57451976364648,65.9189202519006,70.2327031357392,50.99629225589336,50.02731012835113,32.70750024329669,33.06908573752352,25.939078097351825,27.097925574593415
2026-09-28 06:00:00,EP172026,40,2026-09-29 06:00:00,1 days 00:00:00,24,26.47,-112.01,983.0,60.7,0.0,129.17046772705385,147.0617126465438,85.27319325962577,88.17460802399631,19.836816054486203,23.697075646862903,11.125066826174674,6.8160870547152514,0.0,0.0,0.0,0.0
2026-09-28 06:00:00,EP172026,40,2026-09-29 12:00:00,1 days 06:00:00,30,27.38,-110.93,987.8,59.4,24.815082747381908,121.645860259358,126.97977998267592,90.13332769375084,80.81997349292045,3.4951889007619164,24.815082747381908,1.7632299313141395,0.0,0.0,0.0,0.0,0.0
2026-09-28 06:00:00,EP182026,40,2026-09-28 06:00:00,0 days 00:00:00,0,13.2,-100.0,1001.0,41.0,93.0,222.0,185.0,148.0,222.0,0.0,0.0,0.0,0.0,0.0,0.0,0.0,0.0
2026-09-28 06:00:00,EP182026,40,2026-09-28 12:00:00,0 days 06:00:00,6,13.32,-100.76,991.4,56.1,19.828889276005995,69.74341060425337,50.22396708327402,35.23631666435381,57.359721355360506,19.828889276005995,1.2061110219471036,0.0050042902927796,1.5964898449100495,0.0,0.0,0.0,0.0
2026-09-28 06:00:00,EP182026,40,2026-09-28 18:00:00,0 days 12:00:00,12,13.62,-101.71,995.4,51.4,53.140781713044085,108.46843577888868,80.20704409233117,67.29686945803725,88.73186375727492,53.140781713044085,0.0,0.0,0.0,0.0,0.0,0.0,0.0
2026-09-28 06:00:00,EP182026,40,2026-09-29 00:00:00,0 days 18:00:00,18,14.16,-102.52,993.4,54.0,46.71320898116611,196.51555452535283,175.9201112234924,137.28173583513774,171.16616776881287,46.71320898116611,13.234474280016755,10.637153507908064,13.975352031582688,0.0,0.0,0.0,0.0
2026-09-28 06:00:00,EP182026,40,2026-09-29 06:00:00,1 days 00:00:00,24,14.38,-103.61,991.2,49.7,64.81915436736361,202.71851205577863,180.78283431437637,154.41367122209033,170.9199938121813,0.0,0.0,0.0,0.0,0.0,0.0,0.0,0.0
2026-09-28 06:00:00,EP182026,40,2026-09-29 12:00:00,1 days 06:00:00,30,14.86,-104.08,991.9,48.2,75.24116077047536,158.31010046511247,141.83295132156178,113.16172169381564,127.23287316089689,0.0,0.0,0.0,0.0,0.0,0.0,0.0,0.0
2026-09-28 06:00:00,EP182026,40,2026-09-29 18:00:00,1 days 12:00:00,36,15.68,-105.05,993.7,52.0,38.35464213982381,174.1087220173494,153.40095783506214,113.0799997814026,141.9742939257634,85.83689924480606,81.61590510741601,68.57417060334961,73.27246372925158,0.0,0.0,0.0,0.0
2026-09-28 06:00:00,EP182026,40,2026-09-30 00:00:00,1 days 18:00:00,42,16.75,-105.85,981.5,66.8,51.52449026208545,184.256618785504,163.0492168264144,119.15860458874788,159.09216117265413,90.52546081450646,76.54980385550263,52.89555067624551,76.71989314913661,51.52449026208545,35.51681737888818,25.13333420715168,34.42671087707179
2026-09-28 06:00:00,EP182026,40,2026-09-30 06:00:00,2 days 00:00:00,48,17.17,-106.58,976.3,78.6,28.568147368696717,193.73108659972516,155.54112198200232,112.69960664353988,153.08224650681336,80.52960348695683,67.11423594952294,46.02446574740444,65.95773820820136,36.31835489570861,30.29472540033709,22.94172847403027,29.806112544394907
2026-09-28 06:00:00,EP182026,40,2026-09-30 12:00:00,2 days 06:00:00,54,17.71,-107.0,976.3,77.4,34.0820399228931,188.71525710229756,176.41136651228885,130.35713183660346,152.30465909156487,92.57569953286064,77.16231586643221,57.13479987443941,76.85109036684707,43.46407021913598,36.568995724387776,27.491473556891638,35.91940864828484
2026-09-28 06:00:00,EP182026,40,2026-09-30 18:00:00,2 days 12:00:00,60,17.99,-107.17,984.1,79.0,6.300159226481604,199.00286632923783,200.4322836531989,145.13036978573749,163.8948253994128,100.54859732598952,92.01597543351612,75.92521050596599,83.56199972279535,49.44779344899427,46.12140950214749,39.45463840590345,43.078764320333306
2026-09-28 06:00:00,EP182026,40,2026-10-01 00:00:00,2 days 18:00:00,66,18.35,-108.08,974.2,79.6,59.78114524553834,190.1134300970816,170.22189609142052,155.2287301209314,178.44290911569595,89.50830219159252,80.5888984181841,68.99429450580473,77.79062851800211,59.78114524553834,43.710578288606506,36.863958673066016,41.800513342937535
2026-09-28 06:00:00,EP182026,40,2026-10-01 06:00:00,3 days 00:00:00,72,18.34,-108.07,960.7,106.4,62.8452502432142,310.10531739776644,306.5444165450798,269.27938973619507,288.94457682379,130.66330840979558,120.15442757517448,103.9570930303726,117.1045141403448,68.20662547811364,64.18319878254772,54.64720372717552,60.883010502549546
2026-09-28 06:00:00,EP182026,40,2026-10-01 12:00:00,3 days 06:00:00,78,18.83,-108.59,978.0,71.1,37.33732585071709,210.9070459617426,181.08038457605835,154.80721950128213,179.91670361086335,81.9960475582659,72.71800522972558,57.30293824817784,69.14282912385613,39.01591549736622,34.847729895621285,27.36102117082268,32.60612905650382
2026-09-28 06:00:00,EP182026,40,2026-10-01 18:00:00,3 days 12:00:00,84,19.02,-108.96,980.3,68.5,44.78918406102844,122.52149909001172,112.334979996147,108.14091897326534,107.59143435569833,57.09192260372242,52.49477292535676,41.34397920096285,50.18237395715733,44.78918406102844,24.20143728345533,19.155950021588865,22.56152660112048
2026-09-28 06:00:00,EP182026,40,2026-10-02 00:00:00,3 days 18:00:00,90,19.18,-109.0,984.8,63.4,63.24824216914726,148.4893462146976,134.99912558371886,118.39801828785356,129.2711671253805,76.10508989342827,68.83218038152435,54.61250899503001,66.70593921666381,0.0,0.0,0.0,0.0
2026-09-28 06:00:00,EP182026,40,2026-10-02 06:00:00,4 days 00:00:00,96,18.96,-109.47,985.9,62.7,42.94334738927698,199.72123058196692,176.21890583845553,171.60805000915573,207.8655656676171,112.21926070119808,103.1139908954096,88.35365771797257,99.18217179223052,0.0,0.0,0.0,0.0
2026-09-28 06:00:00,EP182026,40,2026-10-02 12:00:00,4 days 06:00:00,102,19.05,-109.78,987.3,55.4,99.96078822354684,282.926084063889,283.6717706092604,256.44767788307945,264.3033174744414,99.96078822354684,79.69707805817234,67.5347190526636,70.64255970903923,0.0,0.0,0.0,0.0
2026-09-28 06:00:00,EP182026,40,2026-10-02 18:00:00,4 days 12:00:00,108,19.12,-109.75,989.3,52.4,70.9356556510925,111.27771703540276,108.496726041866,82.04744119392976,91.71186622704585,70.9356556510925,3.4183984798548157,0.0,4.325390386784439,0.0,0.0,0.0,0.0
2026-09-28 06:00:00,EP182026,40,2026-10-03 00:00:00,4 days 18:00:00,114,19.11,-109.68,988.4,56.3,64.43192679177285,139.735250380826,147.24554236791116,114.41012023792386,115.39796623551894,3.114846288296807,64.43192679177285,1.6631743324516748,1.7700318703687017,0.0,0.0,0.0,0.0
2026-09-28 06:00:00,EP182026,40,2026-10-03 06:00:00,5 days 00:00:00,120,19.07,-109.82,984.4,57.4,57.03301463215166,213.33587625364495,207.6252990516109,185.36061323320385,202.2794497819664,107.79172244482288,101.7443896244422,86.84990782238094,92.68803020303432,0.0,0.0,0.0,0.0
2026-09-28 06:00:00,EP182026,40,2026-10-03 12:00:00,5 days 06:00:00,126,19.1,-109.91,982.2,65.6,40.34784242863399,187.2908118869383,170.40503106795893,139.87266375656574,157.45598145704966,81.95101098905877,71.30861175427009,51.952190523668285,67.54531562107191,40.34784242863399,32.04845362791208,24.56091425857,30.115818113158788
2026-09-28 06:00:00,EP182026,40,2026-10-03 18:00:00,5 days 12:00:00,132,19.19,-110.44,975.7,73.3,38.078889197222736,165.8335267284117,140.8853987229195,130.331177603195,145.37804539883598,62.47385633277432,58.88338991036329,48.088934469494006,54.39870687428606,38.078889197222736,28.627606859041578,23.5998065885254,25.983513064589214
2026-09-28 06:00:00,EP182026,40,2026-10-04 00:00:00,5 days 18:00:00,138,19.57,-110.84,972.8,88.7,18.849235772892317,167.5027949508168,134.23143381666262,126.94784540348644,153.4901049919058,79.38235058780327,65.3125903413735,54.423162680204456,70.52952193685138,38.968615247163626,33.331428598934394,26.114625207893923,33.030416315455554
2026-09-28 06:00:00,EP182026,40,2026-10-04 06:00:00,6 days 00:00:00,144,19.78,-111.36,968.1,90.3,27.510619230610672,147.92608131716827,129.8772797755552,124.20000050536208,149.3796650365597,79.69060744493478,70.94383932525916,60.47638476577619,72.26624622239632,40.44130884218478,37.28997534364281,31.440389488335985,35.76536761122271
2026-09-28 06:00:00,EP182026,40,2026-10-04 12:00:00,6 days 06:00:00,150,19.87,-111.77,962.9,91.9,35.09154552627901,145.30926227997313,136.00033710393433,134.10270082821353,151.29209991871005,76.24740264626955,67.94397047850097,58.33576090593991,71.39601687415671,39.68385554340615,35.76523590316666,27.91557243521906,34.18457992480999
2026-09-28 06:00:00,EP182026,40,2026-10-04 18:00:00,6 days 12:00:00,156,20.0,-112.27,957.2,95.8,21.779830455211187,158.15652593214207,126.58345318942855,121.92233123532009,151.6927429875529,81.2057085512109,65.23247002756162,56.80642229700668,79.05020551173183,42.97776802936365,36.64335884375994,30.72824236715565,37.53717078416438
2026-09-28 06:00:00,EP182026,40,2026-10-05 00:00:00,6 days 18:00:00,162,20.03,-112.93,949.7,107.2,30.173354500791284,168.20182767548303,138.6936299078243,120.1820691539687,159.81727497488876,85.96727054075347,69.92894326523131,54.42270333872338,74.12317849049465,44.7883317655989,37.48166728865552,31.25614006848724,39.1357033505126
2026-09-28 06:00:00,EP182026,40,2026-10-05 06:00:00,7 days 00:00:00,168,20.24,-113.57,963.6,96.5,28.83190752910872,191.4304685501395,161.45767166310998,148.53504482678068,171.0783366013152,89.32638037972265,79.34021860768246,66.43666683158864,80.24357268058475,47.70198108895869,42.28369033482994,35.4476390747771,42.3629397630383
2026-09-28 06:00:00,EP182026,40,2026-10-05 12:00:00,7 days 06:00:00,174,20.28,-114.35,976.4,82.1,1.7491753821993343,153.3200460662403,123.4894035022422,93.1246781452218,141.8003010932058,43.32820834588259,30.170878305502537,18.172815260891348,34.09397177172421,15.665553320075537,10.742540236096929,6.576681242206761,12.595578198722404
2026-09-28 06:00:00,EP182026,40,2026-10-05 18:00:00,7 days 12:00:00,180,20.21,-115.2,965.2,95.1,46.25976725340822,169.06759643670355,121.72881114822788,129.08855394670152,165.96193059665168,90.66694557093844,76.03840706871568,65.73743662683523,84.91751652847736,47.41543684335161,40.88585239182769,33.7366682559593,41.02959482511568
2026-09-28 06:00:00,EP182026,40,2026-10-06 00:00:00,7 days 18:00:00,186,20.33,-116.02,976.3,80.7,12.29612547117486,221.24859653258815,176.031113526825,150.84401155532046,209.53748951154628,125.1795749285944,107.65176441374642,88.1406260623623,107.11328427739072,64.24184121586919,57.07126608044549,48.22116255432663,56.82247256429517
2026-09-28 06:00:00,EP182026,40,2026-10-06 06:00:00,8 days 00:00:00,192,20.0,-116.73,975.2,83.3,33.32490715524091,200.61414853002495,153.04427593670334,133.72297483718103,199.24031036308588,110.58364643417008,92.69600547427036,75.02130322320863,98.15566143616888,55.19168713698582,47.85659828792996,40.20228162584863,47.78523339388085
2026-09-28 06:00:00,EP182026,40,2026-10-06 12:00:00,8 days 06:00:00,198,19.68,-117.58,966.9,92.4,39.43232707528735,205.20520947898757,177.35915610206544,148.2327141003983,210.220019503569,112.89337279019628,94.54229369856483,77.71054524548877,103.27502736655276,58.81326409545221,51.093036096382704,42.67523690509954,52.00113096467755
2026-09-28 06:00:00,EP182026,40,2026-10-06 18:00:00,8 days 12:00:00,204,19.77,-118.03,984.5,61.5,16.948169730562235,116.26807281216855,97.70790564302078,79.16319917087783,102.91805410236996,20.58609592282217,14.027860658927947,6.646001273906162,16.409520654007544,0.0,0.0,0.0,0.0
2026-09-28 06:00:00,EP182026,40,2026-10-07 00:00:00,8 days 18:00:00,210,19.98,-118.52,959.8,99.0,30.939882450816423,138.90393150846916,100.53321244230727,83.04985083862702,129.98216257485947,57.12333732489594,40.56789714721677,36.97102596226475,51.3226013444887,30.939882450816423,24.06535076037158,19.816568650902155,27.086066440139334
2026-09-28 06:00:00,EP182026,40,2026-10-07 06:00:00,9 days 00:00:00,216,19.92,-119.63,961.9,97.6,19.40854159469912,170.6505721302862,128.30981930997717,119.99324349658394,166.44753208350662,78.30194064257428,66.02394920459332,51.88325994137239,70.81785909341426,38.77662488922994,34.20171313840579,27.667650670714863,32.87466383500189
2026-09-28 06:00:00,EP182026,40,2026-10-07 12:00:00,9 days 06:00:00,222,20.1,-120.49,964.6,92.1,15.755575817918572,206.62648242113133,169.72564188559477,164.34030711996508,203.2232206464183,115.23050231080578,98.74353487003155,83.98672590578343,103.15041323324138,59.66208159524997,52.489839854111615,42.43021658411379,51.72537940332244
2026-09-28 06:00:00,EP182026,40,2026-10-07 18:00:00,9 days 12:00:00,228,19.82,-121.34,970.9,84.8,22.35633151326311,142.67888911424723,120.34589892690796,117.25432728045854,145.61182683359516,74.31262054367068,63.04318497564127,51.889589396220245,69.0565918578562,38.31453274816997,33.616342448430885,27.757701408964017,33.69482608944078
2026-09-28 06:00:00,EP182026,40,2026-10-08 00:00:00,9 days 18:00:00,234,19.95,-122.3,978.0,74.6,13.72518304972668,162.21786562146724,147.38197532010415,137.67824193330878,160.09230784672843,89.23995143603031,79.93567020856382,66.95762905821738,79.43991420441918,45.505890899078935,41.03628455230975,33.33838784987523,39.743209705796176
2026-09-28 06:00:00,EP182026,40,2026-10-08 06:00:00,10 days 00:00:00,240,20.39,-123.44,981.8,72.4,30.52118131203933,169.0798778263358,147.87584030363797,123.2215757646248,148.34735862672142,82.33446396483876,73.77818853892632,58.334682340404456,72.96215672981336,41.52444199188341,36.449792308065184,29.878693624061675,35.98182751326584
2026-09-28 06:00:00,EP182026,40,2026-10-08 12:00:00,10 days 06:00:00,246,20.52,-124.13,988.2,58.0,35.8678110964094,201.17754736704197,175.77391751726208,147.28471835642625,188.46339807346172,47.5601573858567,41.84829930047072,34.900390586176584,39.14421380355947,0.0,0.0,0.0,0.0
2026-09-28 06:00:00,EP182026,40,2026-10-08 18:00:00,10 days 12:00:00,252,20.83,-124.97,989.5,55.7,53.06904343935448,186.7126116564529,162.19342924734562,141.7222139713418,171.19655014509172,54.42771279272769,50.45266702463436,40.69004666383532,45.34035967236197,0.0,0.0,0.0,0.0
2026-09-28 06:00:00,EP182026,40,2026-10-09 00:00:00,10 days 18:00:00,258,21.28,-125.23,988.3,55.3,13.953171959484983,138.8481925338905,130.4618729177859,89.72189682758159,111.38902744881383,13.953171959484983,10.31455784812714,3.3453106752480077,7.692623281631485,0.0,0.0,0.0,0.0
2026-09-28 06:00:00,EP182026,40,2026-10-09 06:00:00,11 days 00:00:00,264,22.15,-125.63,993.4,55.2,32.507398961305064,216.3970865425344,202.6092045481041,158.05561065399564,188.54801753189088,68.80635094132006,64.46027091856459,53.57549047636853,57.406535613040845,0.0,0.0,0.0,0.0
2026-09-28 06:00:00,EP182026,40,2026-10-09 12:00:00,11 days 06:00:00,270,22.51,-125.68,985.9,51.6,62.61060284164496,226.8929023678849,205.36020786118945,160.38346781453328,188.70501742220347,121.7397205502528,116.8190612544788,97.85311084386622,100.82100326165164,0.0,0.0,0.0,0.0
2026-09-28 06:00:00,EP182026,40,2026-10-09 18:00:00,11 days 12:00:00,276,23.3,-125.7,995.4,50.8,40.17363055524471,176.24201933426363,170.51528050332954,121.21428264739268,128.5194935720973,52.44992651049514,49.77879892540108,38.73917392452872,41.51545445877069,0.0,0.0,0.0,0.0
2026-09-28 06:00:00,EP182026,40,2026-10-10 00:00:00,11 days 18:00:00,282,24.06,-125.5,990.8,48.0,35.959292253119685,197.75522671974988,207.72725330551972,153.78473481529727,151.82258416242553,0.0,0.0,0.0,0.0,0.0,0.0,0.0,0.0
2026-09-28 06:00:00,EP182026,40,2026-10-10 06:00:00,12 days 00:00:00,288,24.3,-125.57,996.3,42.2,60.23909955999784,160.14017069911978,145.56004886820588,112.08483225255708,123.44325276013753,0.0,0.0,0.0,0.0,0.0,0.0,0.0,0.0
2026-09-28 06:00:00,EP182026,40,2026-10-10 12:00:00,12 days 06:00:00,294,24.73,-125.58,986.9,46.8,55.085055651626135,201.6755794812372,185.79382740250787,149.0619850204015,170.05407462134318,0.0,0.0,0.0,0.0,0.0,0.0,0.0,0.0
2026-09-28 06:00:00,EP182026,40,2026-10-10 18:00:00,12 days 12:00:00,300,24.86,-125.48,998.2,38.9,92.23535486309152,92.23535486309152,82.80622650271184,70.10721751428275,71.4593681575594,0.0,0.0,0.0,0.0,0.0,0.0,0.0,0.0
2026-09-28 06:00:00,EP182026,40,2026-10-11 00:00:00,12 days 18:00:00,306,24.89,-125.5,999.7,31.9,80.90004177177269,0.0,0.0,0.0,0.0,0.0,0.0,0.0,0.0,0.0,0.0,0.0,0.0
2026-09-28 06:00:00,EP182026,40,2026-10-11 06:00:00,13 days 00:00:00,312,24.46,-126.05,998.6,33.8,51.63680553774,0.0,0.0,0.0,0.0,0.0,0.0,0.0,0.0,0.0,0.0,0.0,0.0
2026-09-28 06:00:00,EP182026,40,2026-10-11 12:00:00,13 days 06:00:00,318,24.16,-126.69,1004.4,27.3,153.8107820093892,0.0,0.0,0.0,0.0,0.0,0.0,0.0,0.0,0.0,0.0,0.0,0.0
2026-09-28 06:00:00,EP182026,40,2026-10-11 18:00:00,13 days 12:00:00,324,23.84,-127.23,1006.9,25.9,137.8227277900985,0.0,0.0,0.0,0.0,0.0,0.0,0.0,0.0,0.0,0.0,0.0,0.0
2026-09-28 06:00:00,EP182026,40,2026-10-12 00:00:00,13 days 18:00:00,330,23.57,-127.99,1007.1,24.2,121.7903031209225,0.0,0.0,0.0,0.0,0.0,0.0,0.0,0.0,0.0,0.0,0.0,0.0
2026-09-28 06:00:00,EP182026,40,2026-10-12 06:00:00,14 days 00:00:00,336,23.29,-128.67,1004.6,24.7,59.38981640866281,0.0,0.0,0.0,0.0,0.0,0.0,0.0,0.0,0.0,0.0,0.0,0.0
2026-09-28 06:00:00,EP182026,40,2026-10-12 12:00:00,14 days 06:00:00,342,23.11,-129.54,1004.5,27.3,122.8020279485588,0.0,0.0,0.0,0.0,0.0,0.0,0.0,0.0,0.0,0.0,0.0,0.0
2026-09-28 06:00:00,EP182026,40,2026-10-12 18:00:00,14 days 12:00:00,348,23.33,-130.61,1008.8,21.1,61.429565888323054,0.0,0.0,0.0,0.0,0.0,0.0,0.0,0.0,0.0,0.0,0.0,0.0
2026-09-28 06:00:00,EP912026(3),40,2026-09-28 06:00:00,0 days 00:00:00,0,12.7,-136.6,1005.0,29.0,93.0,0.0,0.0,0.0,0.0,0.0,0.0,0.0,0.0,0.0,0.0,0.0,0.0
2026-09-28 06:00:00,WP252026,40,2026-09-28 06:00:00,0 days 00:00:00,0,27.5,131.6,954.0,99.0,9.0,148.0,158.0,148.0,121.0,,,,,,,,
2026-09-28 06:00:00,WP252026,40,2026-09-28 12:00:00,0 days 06:00:00,6,27.22,132.45,979.4,68.2,0.0,81.76647014612088,112.23949223765538,108.72797410925207,63.818816406965325,20.83346342533367,29.58194487401796,21.669971870903588,17.500442068839057,9.603348453197126,9.43039041536866,7.412762881354928,6.751355395442635
2026-09-28 06:00:00,WP252026,40,2026-09-28 18:00:00,0 days 12:00:00,12,27.6,133.64,983.8,61.1,48.09010136936736,111.96968916338572,144.1315248271709,131.3943378326245,76.61776678467638,0.0,48.09010136936736,2.746901024973547,0.0,0.0,0.0,0.0,0.0
2026-09-28 06:00:00,WP252026,40,2026-09-29 00:00:00,0 days 18:00:00,18,28.01,134.15,986.5,57.4,27.99556635677007,125.9048485160811,148.05027591040044,106.08575492809156,95.78157785700417,0.0,27.99556635677007,0.6121993338866467,0.0,0.0,0.0,0.0,0.0
2026-09-28 06:00:00,WP252026,40,2026-09-29 06:00:00,1 days 00:00:00,24,28.87,134.88,998.5,36.8,49.05356930989489,137.3266123004271,131.72691583217616,97.64598713631602,109.38608719274497,0.0,0.0,0.0,0.0,0.0,0.0,0.0,0.0
2026-09-28 06:00:00,WP252026,40,2026-09-29 12:00:00,1 days 06:00:00,30,29.14,135.67,998.0,34.7,114.42254989066112,0.0,114.42254989066112,4.945240109327626,0.0,0.0,0.0,0.0,0.0,0.0,0.0,0.0,0.0
2026-09-28 06:00:00,WP252026,40,2026-09-29 18:00:00,1 days 12:00:00,36,29.66,136.55,995.9,35.2,50.63709316742643,50.63709316742643,15.610065740379014,11.71698127202501,10.250865289350202,0.0,0.0,0.0,0.0,0.0,0.0,0.0,0.0
2026-09-28 06:00:00,WP252026,40,2026-09-30 00:00:00,1 days 18:00:00,42,30.49,137.25,997.0,36.1,42.342744193026974,5.536053824533429,6.100249637977397,0.0,42.342744193026974,0.0,0.0,0.0,0.0,0.0,0.0,0.0,0.0
2026-09-28 06:00:00,WP252026,40,2026-09-30 06:00:00,2 days 00:00:00,48,30.78,137.64,1000.8,33.0,86.72488709772993,0.0,0.0,0.0,0.0,0.0,0.0,0.0,0.0,0.0,0.0,0.0,0.0
2026-09-28 06:00:00,WP252026,40,2026-09-30 12:00:00,2 days 06:00:00,54,31.49,138.22,1001.8,25.6,68.45780998053925,0.0,0.0,0.0,0.0,0.0,0.0,0.0,0.0,0.0,0.0,0.0,0.0
2026-09-28 06:00:00,WP252026,40,2026-09-30 18:00:00,2 days 12:00:00,60,32.4,138.73,997.7,37.3,89.98410169771874,89.98410169771874,0.0,0.0,0.0,0.0,0.0,0.0,0.0,0.0,0.0,0.0,0.0
2026-09-28 06:00:00,WP252026,40,2026-10-01 00:00:00,2 days 18:00:00,66,33.67,139.62,1002.0,32.4,127.53458558234324,0.0,0.0,0.0,0.0,0.0,0.0,0.0,0.0,0.0,0.0,0.0,0.0
2026-09-28 06:00:00,WP252026,40,2026-10-01 06:00:00,3 days 00:00:00,72,35.55,142.05,1007.6,27.7,119.1184101736217,0.0,0.0,0.0,0.0,0.0,0.0,0.0,0.0,0.0,0.0,0.0,0.0
2026-09-28 06:00:00,WP252026,40,2026-10-01 12:00:00,3 days 06:00:00,78,36.92,144.68,1006.1,25.1,137.67939990697244,0.0,0.0,0.0,0.0,0.0,0.0,0.0,0.0,0.0,0.0,0.0,0.0
2026-09-28 06:00:00,WP922026(4),40,2026-09-28 06:00:00,0 days 00:00:00,0,16.4,97.6,1001.0,29.0,64.0,0.0,0.0,0.0,0.0,0.0,0.0,0.0,0.0,0.0,0.0,0.0,0.0
2026-09-28 06:00:00,WP922026(4),40,2026-09-28 12:00:00,0 days 06:00:00,6,17.39,97.25,1004.6,14.7,74.1220766431974,0.0,0.0,0.0,0.0,0.0,0.0,0.0,0.0,0.0,0.0,0.0,0.0
2026-09-28 06:00:00,WP922026(4),40,2026-09-28 18:00:00,0 days 12:00:00,12,18.36,96.17,1003.4,27.8,70.39578332487145,0.0,0.0,0.0,0.0,0.0,0.0,0.0,0.0,0.0,0.0,0.0,0.0
2026-09-28 06:00:00,WP922026(4),40,2026-09-29 00:00:00,0 days 18:00:00,18,19.07,95.71,1002.5,21.6,64.53839435404572,0.0,0.0,0.0,0.0,0.0,0.0,0.0,0.0,0.0,0.0,0.0,0.0
2026-09-28 06:00:00,19,41,2026-10-07 18:00:00,9 days 12:00:00,228,13.4,113.89,1005.8,20.5,78.40488388534003,0.0,0.0,0.0,0.0,0.0,0.0,0.0,0.0,0.0,0.0,0.0,0.0
2026-09-28 06:00:00,19,41,2026-10-08 00:00:00,9 days 18:00:00,234,12.54,114.47,1007.8,18.1,52.63771654094997,0.0,0.0,0.0,0.0,0.0,0.0,0.0,0.0,0.0,0.0,0.0,0.0
2026-09-28 06:00:00,19,41,2026-10-08 06:00:00,10 days 00:00:00,240,12.4,114.26,1005.1,18.3,68.41972064947967,0.0,0.0,0.0,0.0,0.0,0.0,0.0,0.0,0.0,0.0,0.0,0.0
2026-09-28 06:00:00,19,41,2026-10-08 12:00:00,10 days 06:00:00,246,12.39,113.46,1003.4,24.1,135.90754566876603,0.0,0.0,0.0,0.0,0.0,0.0,0.0,0.0,0.0,0.0,0.0,0.0
2026-09-28 06:00:00,19,41,2026-10-08 18:00:00,10 days 12:00:00,252,11.99,112.89,1003.4,31.7,65.65827177834866,0.0,0.0,0.0,0.0,0.0,0.0,0.0,0.0,0.0,0.0,0.0,0.0
2026-09-28 06:00:00,19,41,2026-10-09 00:00:00,10 days 18:00:00,258,11.93,112.57,1003.0,25.7,118.49677849425484,0.0,0.0,0.0,0.0,0.0,0.0,0.0,0.0,0.0,0.0,0.0,0.0
2026-09-28 06:00:00,19,41,2026-10-09 06:00:00,11 days 00:00:00,264,12.19,112.42,1001.0,34.7,97.23060808630088,333.2282823759388,309.5341231504572,258.4689867109046,279.31083927816053,0.0,0.0,0.0,0.0,0.0,0.0,0.0,0.0
2026-09-28 06:00:00,19,41,2026-10-09 12:00:00,11 days 06:00:00,270,12.37,111.33,1002.8,23.2,116.43959459997362,0.0,0.0,0.0,0.0,0.0,0.0,0.0,0.0,0.0,0.0,0.0,0.0
2026-09-28 06:00:00,19,41,2026-10-09 18:00:00,11 days 12:00:00,276,12.46,110.59,1001.1,27.3,76.04123845827934,0.0,0.0,0.0,0.0,0.0,0.0,0.0,0.0,0.0,0.0,0.0,0.0
2026-09-28 06:00:00,19,41,2026-10-10 00:00:00,11 days 18:00:00,282,12.56,110.43,1001.2,28.4,81.46352800979206,0.0,0.0,0.0,0.0,0.0,0.0,0.0,0.0,0.0,0.0,0.0,0.0
2026-09-28 06:00:00,19,41,2026-10-10 06:00:00,12 days 00:00:00,288,13.3,109.76,1000.2,31.4,115.45261514488786,0.0,0.0,0.0,0.0,0.0,0.0,0.0,0.0,0.0,0.0,0.0,0.0
2026-09-28 06:00:00,19,41,2026-10-10 12:00:00,12 days 06:00:00,294,14.52,109.73,1001.5,27.4,87.51884888983085,0.0,0.0,0.0,0.0,0.0,0.0,0.0,0.0,0.0,0.0,0.0,0.0
2026-09-28 06:00:00,19,41,2026-10-10 18:00:00,12 days 12:00:00,300,15.37,109.47,1001.3,25.3,134.423767721895,0.0,0.0,0.0,0.0,0.0,0.0,0.0,0.0,0.0,0.0,0.0,0.0
2026-09-28 06:00:00,19,41,2026-10-11 00:00:00,12 days 18:00:00,306,16.08,108.69,1002.1,26.5,128.14264428580375,0.0,0.0,0.0,0.0,0.0,0.0,0.0,0.0,0.0,0.0,0.0,0.0
2026-09-28 06:00:00,19,41,2026-10-11 06:00:00,13 days 00:00:00,312,16.51,107.88,999.4,34.8,71.6960837234186,71.6960837234186,9.543478192948562,0.0871374236029458,10.506352769089512,0.0,0.0,0.0,0.0,0.0,0.0,0.0,0.0
2026-09-28 06:00:00,19,41,2026-10-11 12:00:00,13 days 06:00:00,318,16.42,107.32,1002.6,23.8,69.46448626904763,0.0,0.0,0.0,0.0,0.0,0.0,0.0,0.0,0.0,0.0,0.0,0.0
2026-09-28 06:00:00,19,41,2026-10-11 18:00:00,13 days 12:00:00,324,16.73,107.47,1002.0,26.2,70.7755765261582,0.0,0.0,0.0,0.0,0.0,0.0,0.0,0.0,0.0,0.0,0.0,0.0
2026-09-28 06:00:00,19,41,2026-10-12 00:00:00,13 days 18:00:00,330,16.64,107.52,1005.2,25.0,42.55603300963234,0.0,0.0,0.0,0.0,0.0,0.0,0.0,0.0,0.0,0.0,0.0,0.0
2026-09-28 06:00:00,26,41,2026-10-10 12:00:00,12 days 06:00:00,294,17.89,123.54,1010.3,16.2,61.68148154098684,0.0,0.0,0.0,0.0,0.0,0.0,0.0,0.0,0.0,0.0,0.0,0.0
2026-09-28 06:00:00,26,41,2026-10-10 18:00:00,12 days 12:00:00,300,19.06,123.74,1005.7,21.2,137.77061581310454,0.0,0.0,0.0,0.0,0.0,0.0,0.0,0.0,0.0,0.0,0.0,0.0
2026-09-28 06:00:00,26,41,2026-10-11 00:00:00,12 days 18:00:00,306,19.03,123.4,1007.8,22.8,142.03551841921853,0.0,0.0,0.0,0.0,0.0,0.0,0.0,0.0,0.0,0.0,0.0,0.0
2026-09-28 06:00:00,26,41,2026-10-11 06:00:00,13 days 00:00:00,312,19.22,123.32,1002.2,28.3,89.18074893340815,0.0,0.0,0.0,0.0,0.0,0.0,0.0,0.0,0.0,0.0,0.0,0.0
2026-09-28 06:00:00,26,41,2026-10-11 12:00:00,13 days 06:00:00,318,19.16,122.45,1000.6,31.8,112.1324596883511,0.0,0.0,0.0,0.0,0.0,0.0,0.0,0.0,0.0,0.0,0.0,0.0
2026-09-28 06:00:00,26,41,2026-10-11 18:00:00,13 days 12:00:00,324,19.23,121.88,1002.6,27.7,105.3348982870908,0.0,0.0,0.0,0.0,0.0,0.0,0.0,0.0,0.0,0.0,0.0,0.0
2026-09-28 06:00:00,26,41,2026-10-12 00:00:00,13 days 18:00:00,330,18.77,121.23,1001.5,24.9,72.41645505923938,0.0,0.0,0.0,0.0,0.0,0.0,0.0,0.0,0.0,0.0,0.0,0.0
2026-09-28 06:00:00,26,41,2026-10-12 06:00:00,14 days 00:00:00,336,19.04,120.46,1000.7,27.7,72.15102473227535,0.0,0.0,0.0,0.0,0.0,0.0,0.0,0.0,0.0,0.0,0.0,0.0
2026-09-28 06:00:00,26,41,2026-10-12 12:00:00,14 days 06:00:00,342,18.76,119.45,998.8,37.1,66.817220426315,244.70341397360212,206.1878096513282,161.77478944262617,203.23919454673748,0.0,0.0,0.0,0.0,0.0,0.0,0.0,0.0
2026-09-28 06:00:00,26,41,2026-10-12 18:00:00,14 days 12:00:00,348,18.56,119.21,1000.8,36.3,117.29350467731916,117.29350467731916,4.111061762709805,1.2260354239988858,6.874811038843318,0.0,0.0,0.0,0.0,0.0,0.0,0.0,0.0
2026-09-28 06:00:00,26,41,2026-10-13 00:00:00,14 days 18:00:00,354,18.94,119.28,990.3,41.3,83.95605547290363,183.87158571328015,173.45378057064966,147.23745953915855,150.5131789303312,0.0,0.0,0.0,0.0,0.0,0.0,0.0,0.0
2026-09-28 06:00:00,26,41,2026-10-13 06:00:00,15 days 00:00:00,360,19.56,119.41,997.3,40.6,78.84668447782116,197.54224312117103,175.77008730185906,127.44634274737872,158.59738884409603,0.0,0.0,0.0,0.0,0.0,0.0,0.0,0.0
2026-09-28 06:00:00,3,41,2026-09-29 00:00:00,0 days 18:00:00,18,15.09,154.75,1002.0,19.5,115.70784270669672,0.0,0.0,0.0,0.0,0.0,0.0,0.0,0.0,0.0,0.0,0.0,0.0
2026-09-28 06:00:00,3,41,2026-09-29 06:00:00,1 days 00:00:00,24,15.62,154.36,1007.8,16.2,69.25856467450504,0.0,0.0,0.0,0.0,0.0,0.0,0.0,0.0,0.0,0.0,0.0,0.0
2026-09-28 06:00:00,3,41,2026-09-29 12:00:00,1 days 06:00:00,30,15.73,154.25,1004.9,24.8,135.0937564904296,0.0,0.0,0.0,0.0,0.0,0.0,0.0,0.0,0.0,0.0,0.0,0.0
2026-09-28 06:00:00,3,41,2026-09-29 18:00:00,1 days 12:00:00,36,15.81,153.08,1005.7,20.1,78.83257520110718,0.0,0.0,0.0,0.0,0.0,0.0,0.0,0.0,0.0,0.0,0.0,0.0
2026-09-28 06:00:00,3,41,2026-09-30 00:00:00,1 days 18:00:00,42,16.9,152.69,1007.7,24.9,74.01792236259143,0.0,0.0,0.0,0.0,0.0,0.0,0.0,0.0,0.0,0.0,0.0,0.0
2026-09-28 06:00:00,3,41,2026-09-30 06:00:00,2 days 00:00:00,48,16.03,151.71,1001.1,27.3,80.79252687647929,0.0,0.0,0.0,0.0,0.0,0.0,0.0,0.0,0.0,0.0,0.0,0.0
2026-09-28 06:00:00,3,41,2026-09-30 12:00:00,2 days 06:00:00,54,17.14,150.84,1003.9,24.6,156.59961917288206,0.0,0.0,0.0,0.0,0.0,0.0,0.0,0.0,0.0,0.0,0.0,0.0
2026-09-28 06:00:00,3,41,2026-09-30 18:00:00,2 days 12:00:00,60,16.63,148.61,999.7,30.4,84.48846940296372,0.0,0.0,0.0,0.0,0.0,0.0,0.0,0.0,0.0,0.0,0.0,0.0
2026-09-28 06:00:00,3,41,2026-10-01 00:00:00,2 days 18:00:00,66,16.47,147.95,1005.3,23.3,144.13999998061544,0.0,0.0,0.0,0.0,0.0,0.0,0.0,0.0,0.0,0.0,0.0,0.0
2026-09-28 06:00:00,3,41,2026-10-01 06:00:00,3 days 00:00:00,72,16.68,146.52,997.0,34.3,59.69871205925716,184.13209070145024,171.65193923928473,152.1922257242423,162.62913491528062,0.0,0.0,0.0,0.0,0.0,0.0,0.0,0.0
2026-09-28 06:00:00,3,41,2026-10-01 12:00:00,3 days 06:00:00,78,16.98,146.02,998.7,36.7,109.96097525307415,9.085434612826036,2.3985868901637275,10.10816108993977,109.96097525307415,0.0,0.0,0.0,0.0,0.0,0.0,0.0,0.0
2026-09-28 06:00:00,3,41,2026-10-01 18:00:00,3 days 12:00:00,84,16.7,144.49,994.7,31.8,28.48172447983675,0.0,0.0,0.0,0.0,0.0,0.0,0.0,0.0,0.0,0.0,0.0,0.0
2026-09-28 06:00:00,3,41,2026-10-02 00:00:00,3 days 18:00:00,90,16.89,145.4,995.7,37.9,140.0652332193701,269.25756504994115,254.72584394446085,202.22595895747116,228.7044742487323,0.0,0.0,0.0,0.0,0.0,0.0,0.0,0.0
2026-09-28 06:00:00,3,41,2026-10-02 06:00:00,4 days 00:00:00,96,16.97,145.87,985.5,57.2,57.978416942221706,259.80191504568006,253.9698871286957,213.44952733703568,224.3797432224248,58.26022150610301,52.26078489814088,37.58507395853185,44.666211156071725,0.0,0.0,0.0,0.0
2026-09-28 06:00:00,3,41,2026-10-02 12:00:00,4 days 06:00:00,102,17.42,146.63,981.5,54.9,78.96150816865389,116.57612044165803,117.18422485326352,83.75448541280312,85.88061797142518,0.0,78.96150816865389,0.0,0.0,0.0,0.0,0.0,0.0
2026-09-28 06:00:00,3,41,2026-10-02 18:00:00,4 days 12:00:00,108,18.08,147.4,987.7,54.3,100.85899550640532,350.5315859035562,350.55988408663274,274.6956271980229,289.9083202640762,100.85899550640532,78.34180582228501,55.29441994752867,65.39760059732819,0.0,0.0,0.0,0.0
2026-09-28 06:00:00,3,41,2026-10-03 00:00:00,4 days 18:00:00,114,18.36,147.9,983.0,55.5,67.90627791395795,322.8445500212436,319.56232543276576,264.1206760273409,266.7604748224972,67.90627791395795,62.36713703543317,44.11471625824875,48.75276456367078,0.0,0.0,0.0,0.0
2026-09-28 06:00:00,3,41,2026-10-03 06:00:00,5 days 00:00:00,120,19.27,148.93,980.0,65.0,69.61608255132094,325.40024917653375,346.25972521597964,306.2223515059861,277.34006760356124,197.51382012987187,205.7291796102818,174.30466645460845,170.13613057690026,82.32683729471303,81.10202304942842,67.4636838863328,69.46667492739493
2026-09-28 06:00:00,3,41,2026-10-03 12:00:00,5 days 06:00:00,126,20.31,150.05,972.9,69.8,32.06530774367606,326.8578460555588,357.64180809178765,311.9870841456189,271.0022529465531,196.8416658451258,211.5247588616789,183.6505876336492,170.7082828524185,91.97406609830183,94.10104894543002,80.55343578102416,79.96601873290449
2026-09-28 06:00:00,3,41,2026-10-03 18:00:00,5 days 12:00:00,132,21.35,150.6,973.3,56.6,125.456570675365,516.7338068503949,520.969928161312,427.7441807358314,433.41971988216176,150.69811940991525,144.2506378836012,107.67719161335488,116.4093351824856,0.0,0.0,0.0,0.0
2026-09-28 06:00:00,3,41,2026-10-04 00:00:00,5 days 18:00:00,138,22.17,151.02,963.5,84.8,37.99788546400653,322.1558866702176,324.2219623427705,269.8915542533028,261.1987918623224,219.84303479178888,226.3916238933257,194.9311910005692,193.1962243187478,119.89458120834934,116.81619257946404,98.69064793362092,101.404638504109
2026-09-28 06:00:00,3,41,2026-10-04 06:00:00,6 days 00:00:00,144,23.04,151.2,966.1,70.2,100.97430254381835,173.96620251472913,165.3638967760013,128.62088331053408,125.28798254114731,3.122209875382743,100.97430254381835,1.2582601335958907,100.97430254381835,0.2446012852099026,0.0,0.1047077770006155,100.97430254381835
2026-09-28 06:00:00,3,41,2026-10-04 12:00:00,6 days 06:00:00,150,23.8,151.55,966.5,70.6,45.3442441340278,378.0803172907521,390.4648484311021,324.7605051371207,315.1641316556526,147.38899648139096,147.63473101270074,119.7409066999906,122.83264812314536,45.3442441340278,41.76268916405248,33.6682709900351,35.714960320171684
2026-09-28 06:00:00,3,41,2026-10-04 18:00:00,6 days 12:00:00,156,24.52,151.73,963.3,70.8,104.23209882161376,435.4487456238651,433.1711777156404,339.7909748169329,356.49946206491586,124.61030636980314,112.32690105125354,78.25197248347479,92.8769283631414,104.23209882161376,7.046305250888539,3.579779220026897,5.761810709799876
2026-09-28 06:00:00,3,41,2026-10-05 00:00:00,6 days 18:00:00,162,24.85,151.79,955.2,81.9,39.703373632973566,340.99754535731904,347.65323072626893,284.49828082201054,268.57974038152963,170.77447033775016,171.40293946046037,145.35417539873222,148.2794253183734,75.27787928956656,71.95090867171999,59.58133843586614,63.57069206349797
2026-09-28 06:00:00,3,41,2026-10-05 06:00:00,7 days 00:00:00,168,25.89,151.47,958.6,81.3,25.4646582293054,396.19410799505295,395.7740081807822,315.2748551567553,330.97862059215583,244.77184706198028,245.3473146192914,210.90139462564088,214.0020789153621,137.2019619250598,136.92755300091477,117.37723564146276,119.49360803505309
2026-09-28 06:00:00,3,41,2026-10-05 12:00:00,7 days 06:00:00,174,26.53,151.5,945.6,98.1,53.9256203293876,364.5297364412261,362.8329355221808,288.4210497290624,290.57430164141863,125.93925803939317,122.50782843912236,94.9272387394843,103.82708441847232,53.9256203293876,46.94135146284767,38.84946445091392,41.24773489812304
2026-09-28 06:00:00,3,41,2026-10-05 18:00:00,7 days 12:00:00,180,27.22,151.12,963.2,75.7,40.91124298820421,451.8796936411472,426.83525305858257,340.0549718293705,378.1170663013745,148.35646191295928,129.09497375655906,93.46372398747737,114.63496451364608,40.91124298820421,24.587127061693707,16.548892529946443,22.81554807898246
2026-09-28 06:00:00,3,41,2026-10-06 00:00:00,7 days 18:00:00,186,28.45,150.44,948.3,91.8,97.00020055005902,444.12737679940346,400.7045684150438,335.1768197763888,359.72272498666405,245.07412457954547,229.33675048218052,186.9841486212653,209.92428589082263,116.72249408685909,108.17928570539291,89.91397404372604,99.33181808999744
2026-09-28 06:00:00,3,41,2026-10-06 06:00:00,8 days 00:00:00,192,29.3,150.34,958.1,87.9,69.311273407795,369.2011350829832,371.6839463512151,309.949778806071,321.1559353955879,257.28875088492407,256.00327097450054,217.60877770066145,224.79601299538933,139.6151758522161,136.0956773449136,114.95698158086152,119.06198899475596
2026-09-28 06:00:00,3,41,2026-10-06 12:00:00,8 days 06:00:00,198,30.65,150.29,923.7,113.9,28.730114761679538,305.7713335146825,308.124657809592,243.0838783832293,245.9128340185679,78.34593419207543,72.21028910244954,48.20677796052232,57.05885320367643,28.730114761679538,17.3288731565887,12.09420266995846,16.011033334847905
2026-09-28 06:00:00,3,41,2026-10-06 18:00:00,8 days 12:00:00,204,32.6,150.48,964.6,72.9,71.57556206483164,389.9575414845273,414.34682476753454,312.92292371044925,303.7273713326853,88.60978509745502,89.36299074401728,57.98609754639069,59.71430617235488,0.0,71.57556206483164,0.0,0.0
2026-09-28 06:00:00,3,41,2026-10-07 00:00:00,8 days 18:00:00,210,35.33,151.56,971.6,64.6,22.903241689225723,155.42750781462263,185.7990674113796,113.65159927529947,94.6353455190255,13.703252441264508,25.495378870498385,8.571765207086688,1.4693232930511346,0.0,22.903241689225723,0.0,0.0
2026-09-28 06:00:00,3,41,2026-10-07 06:00:00,9 days 00:00:00,216,38.45,153.35,970.7,56.8,124.1351110730568,224.51287939839608,246.79077017761472,178.7445734472974,147.15639477693458,20.62399683427525,124.1351110730568,17.468745800967483,6.819658413439139,0.0,0.0,0.0,0.0
2026-09-28 06:00:00,3,41,2026-10-07 12:00:00,9 days 06:00:00,222,41.83,156.53,979.4,51.9,96.37316591356654,41.69995028757046,96.37316591356654,53.35579101715447,5.450663729470946,4.125167133927789,96.37316591356654,8.902312380931527,0.0,0.0,0.0,0.0,0.0
2026-09-28 06:00:00,3,41,2026-10-07 18:00:00,9 days 12:00:00,228,44.53,161.25,965.5,46.5,56.98187657610279,214.94557866055385,278.4082932236588,211.2063850752852,161.2280029440264,0.0,0.0,0.0,0.0,0.0,0.0,0.0,0.0
2026-09-28 06:00:00,3,41,2026-10-08 00:00:00,9 days 18:00:00,234,46.86,162.82,970.3,48.8,84.82601831211491,24.92718765814569,84.82601831211491,23.268297489068523,15.4047685073889,0.0,0.0,0.0,0.0,0.0,0.0,0.0,0.0
2026-09-28 06:00:00,3,41,2026-10-08 06:00:00,10 days 00:00:00,240,49.57,163.72,966.1,49.2,123.36030615105514,0.0,123.36030615105514,12.391999684803546,1.521949340571549,0.0,0.0,0.0,0.0,0.0,0.0,0.0,0.0
2026-09-28 06:00:00,AL062026,41,2026-09-28 06:00:00,0 days 00:00:00,0,28.3,-43.8,1012.0,25.0,56.0,0.0,0.0,0.0,0.0,0.0,0.0,0.0,0.0,0.0,0.0,0.0,0.0
2026-09-28 06:00:00,AL062026,41,2026-09-28 12:00:00,0 days 06:00:00,6,27.88,-44.43,1008.0,29.3,56.90744147326495,0.0,0.0,0.0,0.0,0.0,0.0,0.0,0.0,0.0,0.0,0.0,0.0
2026-09-28 06:00:00,AL062026,41,2026-09-28 18:00:00,0 days 12:00:00,12,26.22,-44.51,1013.6,27.1,108.01180696107,0.0,0.0,0.0,0.0,0.0,0.0,0.0,0.0,0.0,0.0,0.0,0.0
2026-09-28 06:00:00,AL062026,41,2026-09-29 00:00:00,0 days 18:00:00,18,26.0,-45.53,1011.9,28.1,106.01729219220802,0.0,0.0,0.0,0.0,0.0,0.0,0.0,0.0,0.0,0.0,0.0,0.0
2026-09-28 06:00:00,AL912026(2),41,2026-09-28 06:00:00,0 days 00:00:00,0,36.3,-53.1,1013.0,29.0,148.0,0.0,0.0,0.0,0.0,0.0,0.0,0.0,0.0,0.0,0.0,0.0,0.0
2026-09-28 06:00:00,AL912026(2),41,2026-09-28 12:00:00,0 days 06:00:00,6,37.21,-50.43,1008.5,39.6,34.46328904920546,7.26315747018765,34.46328904920546,0.0,3.6941801698459775,0.0,0.0,0.0,0.0,0.0,0.0,0.0,0.0
2026-09-28 06:00:00,AL912026(2),41,2026-09-28 18:00:00,0 days 12:00:00,12,36.66,-49.12,1004.7,38.5,73.50183981009604,73.50183981009604,9.866314170572473,1.4551990888380857,3.185733005218438,0.0,0.0,0.0,0.0,0.0,0.0,0.0,0.0
2026-09-28 06:00:00,AL912026(2),41,2026-09-29 00:00:00,0 days 18:00:00,18,36.32,-47.7,1000.8,42.0,30.58443539074156,30.58443539074156,0.0,0.0,0.3442391654115937,0.0,0.0,0.0,0.0,0.0,0.0,0.0,0.0
2026-09-28 06:00:00,AL912026(2),41,2026-09-29 06:00:00,1 days 00:00:00,24,35.64,-46.43,1002.1,43.0,24.5524111823253,17.705963979216456,25.379531587679917,22.180199130300863,16.368539203591283,0.0,0.0,0.0,0.0,0.0,0.0,0.0,0.0
2026-09-28 06:00:00,AL912026(2),41,2026-09-29 12:00:00,1 days 06:00:00,30,34.59,-45.21,1000.5,40.2,48.60071109129024,9.592247419519254,4.25650508924366,48.60071109129024,3.7600060085592304,0.0,0.0,0.0,0.0,0.0,0.0,0.0,0.0
2026-09-28 06:00:00,EP152026(2),41,2026-09-28 06:00:00,0 days 00:00:00,0,16.4,-160.8,929.0,134.0,28.0,241.0,185.0,148.0,204.0,93.0,74.0,74.0,93.0,56.0,46.0,37.0,46.0
2026-09-28 06:00:00,EP152026(2),41,2026-09-28 12:00:00,0 days 06:00:00,6,16.76,-161.74,941.5,126.1,24.22191529497664,235.9909767997209,179.3318674637486,133.4950957490465,216.24497777971132,115.66582730137856,87.35731345562914,64.8721482326301,100.7113811429558,75.00071703821568,62.08162527424169,48.98331336727702,64.70243273451834
2026-09-28 06:00:00,EP152026(2),41,2026-09-28 18:00:00,0 days 12:00:00,12,17.41,-162.56,941.2,125.5,1.2480123345243257,248.587320897406,206.5875378521543,139.84854536663258,206.72973999478015,107.5799904730561,82.1620308089049,58.24722470141667,91.32444571780952,66.4641940729276,55.04660152699429,41.83761947417797,55.9493989284769
2026-09-28 06:00:00,EP152026(2),41,2026-09-29 00:00:00,0 days 18:00:00,18,18.08,-163.39,943.4,122.9,17.685448539266346,230.29722457274448,181.99906390981985,109.85708833404836,178.3699091937492,70.5141458586429,47.663101198309135,25.696322000944875,51.597189130489085,34.65533075521198,26.52910218211025,19.16265608557151,30.15157244869297
2026-09-28 06:00:00,EP152026(2),41,2026-09-29 06:00:00,1 days 00:00:00,24,19.18,-163.75,953.2,100.1,40.31447413704488,264.51981378090386,229.50088446786063,144.99713559450714,205.28757398754212,79.64166718169761,59.02925076846361,34.2271683353726,58.51508345640868,40.31447413704488,23.485133410071786,15.42981088402465,23.17952764389404
2026-09-28 06:00:00,EP152026(2),41,2026-09-29 12:00:00,1 days 06:00:00,30,20.22,-163.86,956.0,103.2,25.45215227696925,189.4143256886288,162.26540953332955,86.77486351356433,142.4754787125977,88.68251305335804,75.1128474172723,50.06606033607418,72.44338019307469,56.64809931516632,48.01500742429201,36.99228768320804,46.12394650631351
2026-09-28 06:00:00,EP152026(2),41,2026-09-29 18:00:00,1 days 12:00:00,36,21.42,-163.44,961.3,99.6,0.2859941456723511,198.9115740622134,178.20520468723527,97.96675620616904,142.40772805891078,68.15522591846496,57.78039732283433,34.70616078216606,50.33121295833067,36.62584316968348,31.46490066808678,23.403415363826017,29.17622659399556
2026-09-28 06:00:00,EP152026(2),41,2026-09-30 00:00:00,1 days 18:00:00,42,22.33,-163.54,976.4,69.6,26.396512228144204,356.72258240122943,350.7092570115803,253.17138805343467,280.5528278075843,126.2398449460988,123.5569253841033,86.2739836913703,94.4243920160999,40.798837252101976,43.37001553736852,35.63415118183755,35.16253094812667
2026-09-28 06:00:00,EP152026(2),41,2026-09-30 06:00:00,2 days 00:00:00,48,23.19,-163.52,981.0,62.4,57.406859762618986,310.94343927370005,292.7681433343112,247.7344909855267,276.36012059418425,90.52556996038405,78.71800886486595,56.041554570956365,70.96917233887257,0.0,0.0,0.0,0.0
2026-09-28 06:00:00,EP152026(2),41,2026-09-30 12:00:00,2 days 06:00:00,54,23.26,-163.61,981.3,58.1,98.68865870775608,204.8660974498398,175.344157703993,135.5434767863253,157.90007756750492,98.68865870775608,10.481634350428436,5.089651226419335,12.852219717742289,0.0,0.0,0.0,0.0
2026-09-28 06:00:00,EP152026(2),41,2026-09-30 18:00:00,2 days 12:00:00,60,23.1,-163.76,981.7,60.3,53.47826601031022,353.7275960055267,319.33510979954826,285.57735538298766,320.60129647930444,78.07583542791144,67.26253809250761,49.96170660229848,63.99888780090828,0.0,0.0,0.0,0.0
2026-09-28 06:00:00,EP152026(2),41,2026-10-01 00:00:00,2 days 18:00:00,66,23.06,-163.98,989.2,58.0,131.92314821407132,337.84757575530136,298.4236329372345,247.5493801354197,283.5583806330212,131.92314821407132,46.11022905437865,32.7311751711255,43.88470474313722,0.0,0.0,0.0,0.0
2026-09-28 06:00:00,EP152026(2),41,2026-10-01 06:00:00,3 days 00:00:00,72,23.8,-164.45,986.4,56.4,56.28754248915788,336.4817597059201,309.6682277829105,259.15379494559687,302.98378365558034,94.62474483697258,76.21597378951161,55.13228286050558,76.58083132436818,0.0,0.0,0.0,0.0
2026-09-28 06:00:00,EP152026(2),41,2026-10-01 12:00:00,3 days 06:00:00,78,23.44,-165.15,985.3,58.0,103.34862394658784,116.52984249204098,96.15172660382495,82.77798685273342,103.34862394658784,0.5547654007104086,0.0,0.0,103.34862394658784,0.0,0.0,0.0,0.0
2026-09-28 06:00:00,EP152026(2),41,2026-10-01 18:00:00,3 days 12:00:00,84,23.42,-165.35,984.1,60.9,54.36406046636466,271.22417922027125,237.7828723660814,187.3206899935872,226.20091755972132,54.36406046636466,37.16134454575291,23.24227394537175,37.12937405518721,0.0,0.0,0.0,0.0
2026-09-28 06:00:00,EP152026(2),41,2026-10-02 00:00:00,3 days 18:00:00,90,23.79,-165.76,983.5,56.1,64.77375779155749,203.39739749418223,171.60004992268978,125.73449039350852,166.03773216899657,64.77375779155749,17.866171243428376,8.285527175746884,16.989991389413333,0.0,0.0,0.0,0.0
2026-09-28 06:00:00,EP152026(2),41,2026-10-02 06:00:00,4 days 00:00:00,96,24.27,-165.94,980.3,62.3,62.29303350330176,232.73361775962428,187.31517125874188,153.86729143755426,187.74449656168656,121.77680983559289,105.4105253837387,82.03883931748811,101.15118528657396,0.0,0.0,0.0,0.0
2026-09-28 06:00:00,EP152026(2),41,2026-10-02 12:00:00,4 days 06:00:00,102,24.6,-166.29,977.3,66.5,62.94505176544713,179.92079982998882,146.53583379560695,98.0731802550046,133.76412883166017,62.94505176544713,6.120933241911553,0.5240810346843334,6.970065470852616,62.94505176544713,0.4434609923683035,0.0538689784076287,0.5221755153790093
2026-09-28 06:00:00,EP152026(2),41,2026-10-02 18:00:00,4 days 12:00:00,108,24.55,-166.29,983.2,52.9,73.0869606480791,150.3796219159357,127.5002557195909,103.77809213740744,126.70673951924314,73.0869606480791,2.378048224788941,0.0,3.097655866650873,0.0,0.0,0.0,0.0
2026-09-28 06:00:00,EP152026(2),41,2026-10-03 00:00:00,4 days 18:00:00,114,24.66,-166.87,986.1,56.7,80.84541826519308,103.2262224045329,82.40395673404447,57.73598749736959,76.57875694107491,80.84541826519308,0.0,0.0,0.0,0.0,0.0,0.0,0.0
2026-09-28 06:00:00,EP152026(2),41,2026-10-03 06:00:00,5 days 00:00:00,120,24.81,-167.45,989.7,54.7,78.1049739238897,124.36953721650023,101.60298221247103,76.50707442978637,98.70199161861456,78.1049739238897,0.0,0.0,0.0,0.0,0.0,0.0,0.0
2026-09-28 06:00:00,EP152026(2),41,2026-10-03 12:00:00,5 days 06:00:00,126,24.65,-168.68,988.0,52.6,52.15843464180779,173.5058444498561,141.92956955698992,99.68122463080934,139.38188456351287,52.15843464180779,4.454463524922286,0.0,6.812179106512411,0.0,0.0,0.0,0.0
2026-09-28 06:00:00,EP152026(2),41,2026-10-03 18:00:00,5 days 12:00:00,132,24.72,-169.83,988.7,52.2,44.75127697920179,197.14783104498025,162.76950285017654,109.55371466478395,156.90767548143052,44.75127697920179,18.71739327211648,9.322564836147084,20.188924587633675,0.0,0.0,0.0,0.0
2026-09-28 06:00:00,EP152026(2),41,2026-10-04 00:00:00,5 days 18:00:00,138,24.66,-171.37,984.9,63.2,55.860993142126816,276.605985625076,232.28439085311675,177.03533045571083,236.9334099463099,62.55921849851046,41.40501093904554,24.9598248865156,47.10466005144794,0.0,0.0,0.0,0.0
2026-09-28 06:00:00,EP152026(2),41,2026-10-04 06:00:00,6 days 00:00:00,144,24.99,-172.61,988.9,61.5,63.36455632731287,226.6279093039464,194.34902069065728,143.91640450001668,188.84796675262248,63.36455632731287,21.91426336826653,12.426234747041857,24.967250663956328,0.0,0.0,0.0,0.0
2026-09-28 06:00:00,EP152026(2),41,2026-10-04 12:00:00,6 days 06:00:00,150,25.45,-174.34,982.7,66.7,41.94942938924648,325.0995515351807,280.69053841629375,221.36070348058752,284.46401059238576,92.94105199194344,70.45243856413674,46.380680064980496,71.74605441541595,41.94942938924648,5.545462042507337,1.9400959360751535,7.091202156028178
2026-09-28 06:00:00,EP152026(2),41,2026-10-04 18:00:00,6 days 12:00:00,156,25.86,-175.78,978.7,68.6,34.860363534907066,258.15945567771894,200.53478237010492,147.98824195611326,211.0566400539697,126.9329876460897,102.76145311190533,72.74388177357875,100.75337194616108,49.013605947479405,40.5227020393079,30.83932296327064,41.05104376198976
2026-09-28 06:00:00,EP152026(2),41,2026-10-05 00:00:00,6 days 18:00:00,162,26.56,-176.86,973.1,77.2,54.423020968447645,274.45497241865723,226.42576064317475,164.29591530696143,220.7732846009958,137.9778715877469,116.67358927241868,89.36271682917163,115.60132544841372,57.70589264425041,49.0838522413369,38.74431334120754,49.21735791463857
2026-09-28 06:00:00,EP152026(2),41,2026-10-05 06:00:00,7 days 00:00:00,168,27.04,-177.47,976.8,73.2,32.3748521460762,304.3376959706783,284.046423819954,204.99014941015812,241.523586404833,84.1794115197593,72.18541895534229,47.59678348527251,61.19609267299072,32.3748521460762,12.247207743872664,8.341161890476078,11.493451388432058
2026-09-28 06:00:00,EP152026(2),41,2026-10-05 12:00:00,7 days 06:00:00,174,27.69,-178.24,966.8,72.7,16.67287641128176,210.9789528588969,193.01245106917935,149.91907493272154,177.38817209566537,85.23773904018246,72.08798757537231,49.97970688643865,67.2334715457734,32.04081150895382,27.0705101911258,20.1862780255442,26.317418239831877
2026-09-28 06:00:00,EP152026(2),41,2026-10-05 18:00:00,7 days 12:00:00,180,28.16,-178.54,981.9,64.8,19.51047468881727,236.41525696958712,235.2573937933583,171.7360444476235,192.191267309302,41.30984562904874,32.30225037598028,15.4496325015197,25.651327046071025,19.51047468881727,0.0,0.0,0.0
2026-09-28 06:00:00,EP152026(2),41,2026-10-06 00:00:00,7 days 18:00:00,186,28.54,-178.48,989.8,58.1,98.7714239792896,279.241387284556,268.0958940292411,207.08872201927915,220.13817271739595,98.7714239792896,28.96171245348073,18.489217285772867,23.86125721117886,0.0,0.0,0.0,0.0
2026-09-28 06:00:00,EP152026(2),41,2026-10-06 06:00:00,8 days 00:00:00,192,28.57,-178.3,996.0,45.4,118.3723110575714,145.72259919623875,137.27081828144003,115.7593548909013,125.9455012882141,0.0,0.0,0.0,0.0,0.0,0.0,0.0,0.0
2026-09-28 06:00:00,EP152026(2),41,2026-10-06 12:00:00,8 days 06:00:00,198,28.46,-177.97,1001.0,34.1,120.72248523405251,120.72248523405251,0.0,0.0,2.2008174844586863,0.0,0.0,0.0,0.0,0.0,0.0,0.0,0.0
2026-09-28 06:00:00,EP152026(2),41,2026-10-06 18:00:00,8 days 12:00:00,204,27.84,-177.4,994.9,42.9,125.223472082025,125.223472082025,17.879936242655738,8.511980660107515,15.523814214727734,0.0,0.0,0.0,0.0,0.0,0.0,0.0,0.0
2026-09-28 06:00:00,EP152026(2),41,2026-10-07 00:00:00,8 days 18:00:00,210,26.29,-176.56,990.1,48.3,69.44677110948834,259.2123020403386,253.96810277138437,213.3376087780796,219.82136567344423,0.0,0.0,0.0,0.0,0.0,0.0,0.0,0.0
2026-09-28 06:00:00,EP152026(2),41,2026-10-07 06:00:00,9 days 00:00:00,216,25.28,-176.03,994.2,47.4,100.14065631219964,32.260324734243866,14.883558547805883,9.778313700656732,100.14065631219964,0.0,0.0,0.0,0.0,0.0,0.0,0.0,0.0
2026-09-28 06:00:00,EP152026(2),41,2026-10-07 12:00:00,9 days 06:00:00,222,24.27,-175.41,993.4,51.1,97.47064928907209,154.58555873447634,127.76989979328052,84.07143055959013,112.96927966767343,97.47064928907209,5.1991687432421845,0.0,3.256049533354245,0.0,0.0,0.0,0.0
2026-09-28 06:00:00,EP172026,41,2026-09-28 06:00:00,0 days 00:00:00,0,23.2,-114.0,955.0,105.0,28.0,167.0,148.0,148.0,148.0,102.0,93.0,83.0,83.0,65.0,65.0,65.0,65.0
2026-09-28 06:00:00,EP172026,41,2026-09-28 12:00:00,0 days 06:00:00,6,23.85,-113.77,965.2,98.0,27.18557119927418,177.6458654287351,210.4015560557372,118.3736420315676,115.87746910247598,81.1737318370122,80.87483839416535,52.64259305122128,56.471890519098906,41.58431679427621,38.242735447950494,27.974313055546617,32.80966843655219
2026-09-28 06:00:00,EP172026,41,2026-09-28 18:00:00,0 days 12:00:00,12,24.69,-113.48,972.6,80.9,47.16642228830326,150.52940410184317,181.03081248401136,113.4764417082393,86.22697294913219,79.15075067617094,84.5942466651326,64.34514906882296,62.82129015163986,50.699065274740775,48.69357150380503,38.38226094428494,41.43772636509521
2026-09-28 06:00:00,EP172026,41,2026-09-29 00:00:00,0 days 18:00:00,18,25.35,-112.78,968.9,78.2,44.15450383672652,167.91046162973075,195.01670516237,150.2860225890983,130.86963290672492,37.88134742104308,44.15450383672652,27.7010761941496,24.356500379003904,4.429849955450354,44.15450383672652,3.915291106166082,2.47816789591082
2026-09-28 06:00:00,EP172026,41,2026-09-29 06:00:00,1 days 00:00:00,24,26.1,-112.26,990.9,51.4,26.00662057572936,162.88163868653228,163.7236796144707,112.3402334604619,125.7243802596074,41.2161987012022,38.19395826282912,24.09536252137209,26.224882355621663,0.0,0.0,0.0,0.0
2026-09-28 06:00:00,EP172026,41,2026-09-29 12:00:00,1 days 06:00:00,30,26.58,-111.52,989.3,59.0,39.05684709419016,80.22400806313931,87.49012549588102,31.87140476070926,36.47082102643866,0.0,39.05684709419016,0.0,0.0,0.0,0.0,0.0,0.0
2026-09-28 06:00:00,EP172026,41,2026-09-29 18:00:00,1 days 12:00:00,36,28.76,-110.51,988.4,42.4,45.89500037124706,89.40591498009456,106.65838477555572,58.41132314375227,69.58568573037655,0.0,0.0,0.0,0.0,0.0,0.0,0.0,0.0
2026-09-28 06:00:00,EP182026,41,2026-09-28 06:00:00,0 days 00:00:00,0,13.2,-100.0,1001.0,41.0,93.0,222.0,185.0,148.0,222.0,0.0,0.0,0.0,0.0,0.0,0.0,0.0,0.0
2026-09-28 06:00:00,EP182026,41,2026-09-28 12:00:00,0 days 06:00:00,6,13.15,-100.71,994.9,45.5,40.844408932892094,164.4110828845108,137.06917322452256,94.57790280216524,130.8471017546681,0.0,0.0,0.0,0.0,0.0,0.0,0.0,0.0
2026-09-28 06:00:00,EP182026,41,2026-09-28 18:00:00,0 days 12:00:00,12,13.21,-101.91,985.6,63.5,42.34680802923542,219.0962410275813,184.0381832489076,146.33701106687323,190.93664452901885,96.00964674785564,79.03429718575464,57.86836230405776,78.44538081392139,0.0,0.0,0.0,0.0
2026-09-28 06:00:00,EP182026,41,2026-09-29 00:00:00,0 days 18:00:00,18,13.73,-102.72,989.0,60.2,22.3811871994574,201.4017512487949,165.271407177182,131.40490359727298,162.9671591522537,44.37875813553282,31.8341043539882,19.046854783828223,32.133466618241776,0.0,0.0,0.0,0.0
2026-09-28 06:00:00,EP182026,41,2026-09-29 06:00:00,1 days 00:00:00,24,14.32,-103.95,993.2,53.1,45.586586866380365,179.04608925027773,139.2740807205866,102.35097290921576,141.37664047135297,45.586586866380365,22.32808072369162,11.394134922128233,21.75657753428468,0.0,0.0,0.0,0.0
2026-09-28 06:00:00,EP182026,41,2026-09-29 12:00:00,1 days 06:00:00,30,14.89,-104.84,989.3,55.3,41.90271498841179,190.12732587078236,163.07091075456515,115.615057026429,155.86221512957377,41.90271498841179,27.719964779111464,15.0380438764212,27.54787411738232,0.0,0.0,0.0,0.0
2026-09-28 06:00:00,EP182026,41,2026-09-29 18:00:00,1 days 12:00:00,36,15.49,-105.93,990.4,58.7,25.88826096533808,200.7269132785833,163.98514170365246,119.42196971300604,159.75146402422882,51.513814009324975,37.88753396468094,22.917558702489732,38.20493351165389,0.0,0.0,0.0,0.0
2026-09-28 06:00:00,EP182026,41,2026-09-30 00:00:00,1 days 18:00:00,42,16.32,-106.58,987.3,67.9,19.254062252771917,282.5353018111052,248.61036275192663,185.1631623988536,231.14647668336303,73.81881887104736,55.80839423071858,34.039156989237014,52.32677161986851,19.254062252771917,2.849591495410944,0.3346036701589611,4.043987543138186
2026-09-28 06:00:00,EP182026,41,2026-09-30 06:00:00,2 days 00:00:00,48,17.07,-107.23,983.0,72.1,31.703121199120588,205.6227368070564,171.39567682196702,115.00096532285228,152.93942036335395,32.95443192510942,21.327614719903785,8.59536576840406,20.300948478348324,31.703121199120588,0.0,0.0,0.0
2026-09-28 06:00:00,EP182026,41,2026-09-30 12:00:00,2 days 06:00:00,54,18.04,-107.89,982.7,66.8,23.475999500603876,167.93121197946033,141.5545684886826,100.8759681600733,134.01452527253846,92.37028852212764,74.5954798803416,56.39440859041305,73.35176092301046,35.33931548126433,31.01683043800712,22.92357490594757,29.800670909803166
2026-09-28 06:00:00,EP182026,41,2026-09-30 18:00:00,2 days 12:00:00,60,18.68,-108.36,979.2,72.1,17.41656498209104,145.5827998133194,120.90592847613205,110.987829247301,134.45781483670072,82.49996240509734,68.29541992177374,55.67560590091161,70.71521390353998,36.74389884060516,31.71559974277198,25.34191936289635,31.683293046442373
2026-09-28 06:00:00,EP182026,41,2026-10-01 00:00:00,2 days 18:00:00,66,19.25,-108.31,987.3,64.0,43.09004833513621,207.11094405006747,196.23611975744325,154.51212668743094,164.4984409170348,50.17185902844378,44.894233595211446,28.72190886092388,34.94556989811172,0.0,0.0,0.0,0.0
2026-09-28 06:00:00,EP182026,41,2026-10-01 06:00:00,3 days 00:00:00,72,19.5,-108.88,978.1,72.6,30.41146307842331,150.38276763850473,116.65447031663189,101.86558383339838,134.91372907150455,88.16834526604569,71.9619941217486,55.95976551631541,73.02456549181537,43.7360162893464,37.30466451532126,29.496698591207043,37.10703432726693
2026-09-28 06:00:00,EP182026,41,2026-10-01 12:00:00,3 days 06:00:00,78,19.69,-108.88,982.2,65.1,18.151314059359635,156.00682112958648,164.79837690456822,138.76870268245798,134.52943129914786,72.19317950328009,68.22416710766274,51.83083086536448,59.44647675714835,25.66273373330272,23.459758533738807,17.79978895686522,22.207376572714395
2026-09-28 06:00:00,EP182026,41,2026-10-01 18:00:00,3 days 12:00:00,84,19.5,-109.4,974.2,79.3,30.903845720419035,87.71251285505261,74.72987505723,87.51633768918188,96.90598348926213,69.57783460712903,60.25783861372332,49.76209583246944,62.36801211967647,42.60072052359304,35.54884775287388,29.526603948228388,36.836222981458455
2026-09-28 06:00:00,EP182026,41,2026-10-02 00:00:00,3 days 18:00:00,90,19.89,-109.3,988.3,58.2,37.662125107008784,140.39511331890887,126.66509576942757,121.99675391962468,134.05275661264028,38.47896750043576,33.293427155069345,23.57526681914233,32.13288108150567,0.0,0.0,0.0,0.0
2026-09-28 06:00:00,EP182026,41,2026-10-02 06:00:00,4 days 00:00:00,96,20.05,-109.23,985.6,57.8,51.18754216972398,152.11408290584285,146.7274935899885,118.0062452983311,123.35560419300548,51.18754216972398,11.85681777277735,6.4589769748575705,8.29063539164736,0.0,0.0,0.0,0.0
2026-09-28 06:00:00,EP182026,41,2026-10-02 12:00:00,4 days 06:00:00,102,20.33,-109.55,988.0,52.2,42.73282811554431,150.6247917670608,138.25615297115087,100.4558538167455,116.86522439761204,42.73282811554431,12.132205577480594,4.605153110474154,9.611720294249965,0.0,0.0,0.0,0.0
2026-09-28 06:00:00,EP182026,41,2026-10-02 18:00:00,4 days 12:00:00,108,20.35,-110.07,994.0,47.2,41.50037298846219,152.43068343710377,138.72929566086046,114.2029448057775,135.64461472572265,0.0,0.0,0.0,0.0,0.0,0.0,0.0,0.0
2026-09-28 06:00:00,EP182026,41,2026-10-03 00:00:00,4 days 18:00:00,114,20.6,-110.49,993.6,44.7,94.74797198647946,166.66999602456332,146.30106104171296,112.8314491467298,132.90424276974088,0.0,0.0,0.0,0.0,0.0,0.0,0.0,0.0
2026-09-28 06:00:00,EP182026,41,2026-10-03 06:00:00,5 days 00:00:00,120,20.52,-110.76,991.3,51.2,69.67795222824316,141.52123010261857,125.75353071304562,101.17879265070589,114.09836255948176,69.67795222824316,14.503100911112597,9.308580804571193,11.9498722239814,0.0,0.0,0.0,0.0
2026-09-28 06:00:00,EP182026,41,2026-10-03 12:00:00,5 days 06:00:00,126,20.58,-111.33,990.9,57.5,29.31347739502163,141.53416354390754,119.20319557100102,101.07420902938432,132.195935212526,52.70265758785839,41.54162515138628,29.20187009641039,41.49398020072426,0.0,0.0,0.0,0.0
2026-09-28 06:00:00,EP182026,41,2026-10-03 18:00:00,5 days 12:00:00,132,20.62,-111.79,995.4,45.2,23.343701875755578,143.5093485604658,133.01472465693982,107.02999326944249,136.87422788947808,0.0,0.0,0.0,0.0,0.0,0.0,0.0,0.0
2026-09-28 06:00:00,EP182026,41,2026-10-04 00:00:00,5 days 18:00:00,138,20.81,-111.75,993.2,46.7,63.95938218615358,106.9426409255362,98.99698361845752,72.35343172273645,80.81914887898839,0.0,0.0,0.0,0.0,0.0,0.0,0.0,0.0
2026-09-28 06:00:00,EP182026,41,2026-10-04 06:00:00,6 days 00:00:00,144,21.21,-112.15,998.2,42.8,35.90769666498244,36.66899976819127,23.46620812295862,11.809887098943731,17.95154639675488,0.0,0.0,0.0,0.0,0.0,0.0,0.0,0.0
2026-09-28 06:00:00,EP182026,41,2026-10-04 12:00:00,6 days 06:00:00,150,21.48,-112.58,997.6,43.1,40.49035254490555,40.49035254490555,24.246451328088213,9.000222726959864,20.215836405795883,0.0,0.0,0.0,0.0,0.0,0.0,0.0,0.0
2026-09-28 06:00:00,EP182026,41,2026-10-04 18:00:00,6 days 12:00:00,156,21.8,-113.03,1000.5,38.3,58.7672432284555,58.7672432284555,10.211998142902388,0.3187997188139206,6.033815668047097,0.0,0.0,0.0,0.0,0.0,0.0,0.0,0.0
2026-09-28 06:00:00,EP182026,41,2026-10-05 00:00:00,6 days 18:00:00,162,22.33,-113.51,998.7,38.9,58.74227829540729,90.006464995036,71.79815133726977,50.48677622775512,64.68501973598828,0.0,0.0,0.0,0.0,0.0,0.0,0.0,0.0
2026-09-28 06:00:00,EP182026,41,2026-10-05 06:00:00,7 days 00:00:00,168,22.67,-114.11,1004.9,27.6,44.840229091734784,0.0,0.0,0.0,0.0,0.0,0.0,0.0,0.0,0.0,0.0,0.0,0.0
2026-09-28 06:00:00,EP182026,41,2026-10-05 12:00:00,7 days 06:00:00,174,22.78,-114.68,1001.3,31.5,49.96036286712148,0.0,0.0,0.0,0.0,0.0,0.0,0.0,0.0,0.0,0.0,0.0,0.0
2026-09-28 06:00:00,EP182026,41,2026-10-05 18:00:00,7 days 12:00:00,180,23.0,-115.18,1002.5,28.9,67.00519522740036,0.0,0.0,0.0,0.0,0.0,0.0,0.0,0.0,0.0,0.0,0.0,0.0
2026-09-28 06:00:00,EP182026,41,2026-10-06 00:00:00,7 days 18:00:00,186,22.99,-115.79,1004.8,27.2,69.12588704134606,0.0,0.0,0.0,0.0,0.0,0.0,0.0,0.0,0.0,0.0,0.0,0.0
2026-09-28 06:00:00,EP182026,41,2026-10-06 06:00:00,8 days 00:00:00,192,22.87,-116.64,1005.9,25.6,95.34845051627872,0.0,0.0,0.0,0.0,0.0,0.0,0.0,0.0,0.0,0.0,0.0,0.0
2026-09-28 06:00:00,EP182026,41,2026-10-06 12:00:00,8 days 06:00:00,198,22.62,-117.33,1005.1,23.6,98.64130787199495,0.0,0.0,0.0,0.0,0.0,0.0,0.0,0.0,0.0,0.0,0.0,0.0
2026-09-28 06:00:00,EP182026,41,2026-10-06 18:00:00,8 days 12:00:00,204,22.69,-117.91,1003.3,25.6,114.83273967328968,0.0,0.0,0.0,0.0,0.0,0.0,0.0,0.0,0.0,0.0,0.0,0.0
2026-09-28 06:00:00,EP182026,41,2026-10-07 00:00:00,8 days 18:00:00,210,22.47,-118.31,1004.0,26.0,69.09945795139024,0.0,0.0,0.0,0.0,0.0,0.0,0.0,0.0,0.0,0.0,0.0,0.0
2026-09-28 06:00:00,EP182026,41,2026-10-07 06:00:00,9 days 00:00:00,216,22.99,-118.89,1004.4,22.2,92.5574921906932,0.0,0.0,0.0,0.0,0.0,0.0,0.0,0.0,0.0,0.0,0.0,0.0
2026-09-28 06:00:00,EP182026,41,2026-10-07 12:00:00,9 days 06:00:00,222,23.28,-119.84,1007.5,23.0,114.1752535879801,0.0,0.0,0.0,0.0,0.0,0.0,0.0,0.0,0.0,0.0,0.0,0.0
2026-09-28 06:00:00,EP182026,41,2026-10-07 18:00:00,9 days 12:00:00,228,23.54,-120.72,1006.0,21.3,84.61744827326044,0.0,0.0,0.0,0.0,0.0,0.0,0.0,0.0,0.0,0.0,0.0,0.0
2026-09-28 06:00:00,EP182026,41,2026-10-08 00:00:00,9 days 18:00:00,234,23.85,-121.41,1006.8,21.1,60.97557722035467,0.0,0.0,0.0,0.0,0.0,0.0,0.0,0.0,0.0,0.0,0.0,0.0
2026-09-28 06:00:00,EP182026,41,2026-10-08 06:00:00,10 days 00:00:00,240,24.32,-121.96,1007.9,22.6,47.94797128430198,0.0,0.0,0.0,0.0,0.0,0.0,0.0,0.0,0.0,0.0,0.0,0.0
2026-09-28 06:00:00,EP182026,41,2026-10-08 12:00:00,10 days 06:00:00,246,24.34,-122.68,1010.0,18.9,131.8768939194954,0.0,0.0,0.0,0.0,0.0,0.0,0.0,0.0,0.0,0.0,0.0,0.0
2026-09-28 06:00:00,EP182026,41,2026-10-08 18:00:00,10 days 12:00:00,252,24.46,-123.63,1008.7,27.2,59.38814530215405,0.0,0.0,0.0,0.0,0.0,0.0,0.0,0.0,0.0,0.0,0.0,0.0
2026-09-28 06:00:00,EP182026,41,2026-10-09 00:00:00,10 days 18:00:00,258,24.82,-124.69,1011.9,14.9,106.8785906694286,0.0,0.0,0.0,0.0,0.0,0.0,0.0,0.0,0.0,0.0,0.0,0.0
2026-09-28 06:00:00,EP912026(3),41,2026-09-28 06:00:00,0 days 00:00:00,0,12.7,-136.6,1005.0,29.0,93.0,0.0,0.0,0.0,0.0,0.0,0.0,0.0,0.0,0.0,0.0,0.0,0.0
2026-09-28 06:00:00,WP252026,41,2026-09-28 06:00:00,0 days 00:00:00,0,27.5,131.6,954.0,99.0,9.0,148.0,158.0,148.0,121.0,,,,,,,,
2026-09-28 06:00:00,WP252026,41,2026-09-28 12:00:00,0 days 06:00:00,6,27.55,132.38,978.0,75.1,16.98037344860714,153.27868035818946,162.77754913937844,143.13954438151606,109.94695240493556,59.973453835660095,68.40923237868327,50.45425498947805,46.70216810524904,28.648179831516018,27.45316109976297,22.0758991950521,22.73953757746997
2026-09-28 06:00:00,WP252026,41,2026-09-28 18:00:00,0 days 12:00:00,12,27.77,133.27,992.9,60.0,65.72741572421143,144.47330273964224,168.56918099890245,128.99393439538244,98.45656229244888,16.001724632021162,65.72741572421143,10.94038217326086,7.329673559604874,0.0,0.0,0.0,0.0
2026-09-28 06:00:00,WP252026,41,2026-09-29 00:00:00,0 days 18:00:00,18,28.35,134.12,991.3,50.5,18.75353408589064,133.32990113509226,134.5332635064809,108.88985145088702,96.10535334918217,16.253712315964627,18.75353408589064,10.890663532356571,8.401815121636316,0.0,0.0,0.0,0.0
2026-09-28 06:00:00,WP252026,41,2026-09-29 06:00:00,1 days 00:00:00,24,29.02,134.62,995.4,40.6,54.37240920003234,129.9467799669024,128.3057770882392,93.39592528322738,87.6881754045259,0.0,0.0,0.0,0.0,0.0,0.0,0.0,0.0
2026-09-28 06:00:00,WP252026,41,2026-09-29 12:00:00,1 days 06:00:00,30,29.51,135.6,999.4,38.8,119.1792846806747,119.1792846806747,23.209063067995384,13.444345325715998,13.367357135467731,0.0,0.0,0.0,0.0,0.0,0.0,0.0,0.0
2026-09-28 06:00:00,WP252026,41,2026-09-29 18:00:00,1 days 12:00:00,36,30.29,136.56,994.8,37.2,45.77944264938375,35.13229475057246,45.77944264938375,32.361800892541034,21.064373860577835,0.0,0.0,0.0,0.0,0.0,0.0,0.0,0.0
2026-09-28 06:00:00,WP252026,41,2026-09-30 00:00:00,1 days 18:00:00,42,30.77,137.79,998.0,43.9,31.533615170234263,41.42698809336072,52.937472506313206,37.76543351533843,25.800736337009216,0.0,0.0,0.0,0.0,0.0,0.0,0.0,0.0
2026-09-28 06:00:00,WP252026,41,2026-09-30 06:00:00,2 days 00:00:00,48,31.72,138.94,994.0,40.0,40.31788694177459,99.26267030880877,117.85506177532623,79.36948850486965,73.01351799045051,0.0,0.0,0.0,0.0,0.0,0.0,0.0,0.0
2026-09-28 06:00:00,WP252026,41,2026-09-30 12:00:00,2 days 06:00:00,54,32.49,140.38,994.5,30.9,96.54876511440416,0.0,0.0,0.0,0.0,0.0,0.0,0.0,0.0,0.0,0.0,0.0,0.0
2026-09-28 06:00:00,WP252026,41,2026-09-30 18:00:00,2 days 12:00:00,60,33.76,141.74,991.2,39.2,39.97340088335709,183.4806067139544,188.9008047673428,134.91683635624582,130.29155723136083,0.0,0.0,0.0,0.0,0.0,0.0,0.0,0.0
2026-09-28 06:00:00,WP252026,41,2026-10-01 00:00:00,2 days 18:00:00,66,34.79,142.96,992.8,46.7,84.53409339859161,84.53409339859161,42.4120209000364,20.640162793718986,18.99017570526144,0.0,0.0,0.0,0.0,0.0,0.0,0.0,0.0
2026-09-28 06:00:00,WP252026,41,2026-10-01 06:00:00,3 days 00:00:00,72,35.49,144.76,994.9,47.1,43.699118893195646,2.597253262787703,43.699118893195646,17.496356808109255,2.1423844941895,0.0,0.0,0.0,0.0,0.0,0.0,0.0,0.0
2026-09-28 06:00:00,WP252026,41,2026-10-01 12:00:00,3 days 06:00:00,78,36.8,146.98,1001.2,30.8,129.92726635027927,0.0,0.0,0.0,0.0,0.0,0.0,0.0,0.0,0.0,0.0,0.0,0.0
2026-09-28 06:00:00,WP252026,41,2026-10-01 18:00:00,3 days 12:00:00,84,38.58,151.1,996.6,33.9,52.99271804940042,0.0,0.0,0.0,0.0,0.0,0.0,0.0,0.0,0.0,0.0,0.0,0.0
2026-09-28 06:00:00,WP252026,41,2026-10-02 00:00:00,3 days 18:00:00,90,40.34,156.38,990.4,39.2,142.6315142412214,1.3409055643071497,14.577147922778067,142.6315142412214,1.5901015444372888,0.0,0.0,0.0,0.0,0.0,0.0,0.0,0.0
2026-09-28 06:00:00,WP252026,41,2026-10-02 06:00:00,4 days 00:00:00,96,42.84,160.8,992.2,31.5,141.65943674692076,0.0,0.0,0.0,0.0,0.0,0.0,0.0,0.0,0.0,0.0,0.0,0.0
2026-09-28 06:00:00,WP922026(4),41,2026-09-28 06:00:00,0 days 00:00:00,0,16.4,97.6,1001.0,29.0,64.0,0.0,0.0,0.0,0.0,0.0,0.0,0.0,0.0,0.0,0.0,0.0,0.0
2026-09-28 06:00:00,WP922026(4),41,2026-09-28 12:00:00,0 days 06:00:00,6,17.17,97.08,1004.1,29.8,64.01047588722227,0.0,0.0,0.0,0.0,0.0,0.0,0.0,0.0,0.0,0.0,0.0,0.0
2026-09-28 06:00:00,WP922026(4),41,2026-09-28 18:00:00,0 days 12:00:00,12,18.44,97.11,1007.5,20.4,82.48213116957861,0.0,0.0,0.0,0.0,0.0,0.0,0.0,0.0,0.0,0.0,0.0,0.0
2026-09-28 06:00:00,1,42,2026-09-28 12:00:00,0 days 06:00:00,6,15.29,155.97,1008.4,23.3,79.02495393142954,0.0,0.0,0.0,0.0,0.0,0.0,0.0,0.0,0.0,0.0,0.0,0.0
2026-09-28 06:00:00,1,42,2026-09-28 18:00:00,0 days 12:00:00,12,15.64,154.66,1006.6,24.5,69.02642025309952,0.0,0.0,0.0,0.0,0.0,0.0,0.0,0.0,0.0,0.0,0.0,0.0
2026-09-28 06:00:00,1,42,2026-09-29 00:00:00,0 days 18:00:00,18,15.86,153.38,1006.0,21.5,73.378318039399,0.0,0.0,0.0,0.0,0.0,0.0,0.0,0.0,0.0,0.0,0.0,0.0
2026-09-28 06:00:00,1,42,2026-09-29 06:00:00,1 days 00:00:00,24,15.34,152.67,1006.9,18.1,83.7994316227885,0.0,0.0,0.0,0.0,0.0,0.0,0.0,0.0,0.0,0.0,0.0,0.0
2026-09-28 06:00:00,1,42,2026-09-29 12:00:00,1 days 06:00:00,30,15.25,151.99,1006.6,22.1,76.55059500915692,0.0,0.0,0.0,0.0,0.0,0.0,0.0,0.0,0.0,0.0,0.0,0.0
2026-09-28 06:00:00,1,42,2026-09-29 18:00:00,1 days 12:00:00,36,15.45,152.05,1005.5,25.7,60.413885382485205,0.0,0.0,0.0,0.0,0.0,0.0,0.0,0.0,0.0,0.0,0.0,0.0
2026-09-28 06:00:00,1,42,2026-09-30 00:00:00,1 days 18:00:00,42,15.74,151.59,1000.0,30.2,86.86387407978964,0.0,0.0,0.0,0.0,0.0,0.0,0.0,0.0,0.0,0.0,0.0,0.0
2026-09-28 06:00:00,1,42,2026-09-30 06:00:00,2 days 00:00:00,48,15.97,150.74,1000.1,32.9,72.77950383809798,0.0,0.0,0.0,0.0,0.0,0.0,0.0,0.0,0.0,0.0,0.0,0.0
2026-09-28 06:00:00,1,42,2026-09-30 12:00:00,2 days 06:00:00,54,16.47,149.35,998.7,35.3,74.64959301599784,74.64959301599784,6.391840467333003,4.401402841101117,9.798984552474202,0.0,0.0,0.0,0.0,0.0,0.0,0.0,0.0
2026-09-28 06:00:00,1,42,2026-09-30 18:00:00,2 days 12:00:00,60,16.51,148.24,994.2,43.6,81.08278990965536,81.08278990965536,27.1340032356428,25.797893391115213,38.52161327517191,0.0,0.0,0.0,0.0,0.0,0.0,0.0,0.0
2026-09-28 06:00:00,1,42,2026-10-01 00:00:00,2 days 18:00:00,66,16.68,146.98,991.7,43.9,56.52737534504362,92.63976839722318,77.11862892048589,63.560552503132186,77.30978360225134,0.0,0.0,0.0,0.0,0.0,0.0,0.0,0.0
2026-09-28 06:00:00,1,42,2026-10-01 06:00:00,3 days 00:00:00,72,16.71,146.08,977.6,71.2,24.263532827388172,125.0351925570943,96.7417431213046,78.36436270820025,108.7509712761764,55.32791877725922,44.25614481530855,34.68570361179153,47.23998948719459,24.263532827388172,9.146520045316224,7.237845789859165,9.100809220962928
2026-09-28 06:00:00,1,42,2026-10-01 12:00:00,3 days 06:00:00,78,16.9,145.33,977.6,69.9,14.324750772275657,181.2222577694788,149.39240655790582,127.01935419143784,152.72388416007988,72.0823562707438,62.70472771154774,46.83400415948465,61.219609871829554,14.324750772275657,3.6505344034103775,2.3988574099586475,3.429023856206891
2026-09-28 06:00:00,1,42,2026-10-01 18:00:00,3 days 12:00:00,84,17.05,144.89,976.3,77.9,39.55737599669588,242.01993086587183,204.70023547199355,173.34013677994534,211.2837375797102,149.4231265300798,134.12333684119633,111.0707033680013,130.49358793450074,74.57483094560996,69.54469015809937,57.91508768275667,65.84876271927605
2026-09-28 06:00:00,1,42,2026-10-02 00:00:00,3 days 18:00:00,90,17.16,144.34,941.4,117.0,8.19797978531846,215.4720420441073,210.7203378727202,176.0068155485766,177.5133882913442,120.68573654180244,108.18049493647796,92.14783825443624,107.91462025461414,67.23911611563845,61.66581373473674,52.0453095823295,58.927161693680304
2026-09-28 06:00:00,1,42,2026-10-02 06:00:00,4 days 00:00:00,96,17.45,144.15,915.2,145.2,13.487886690375548,256.3934526207676,241.2898504907065,214.40784862650057,229.8862641402845,124.06447130967686,113.7781166119726,98.6335952598256,110.9363478415206,72.45841826872169,67.39381171479938,58.86878924051406,64.65325200363071
2026-09-28 06:00:00,1,42,2026-10-02 12:00:00,4 days 06:00:00,102,17.74,144.18,923.2,137.5,11.834243714542708,287.10925348725505,289.461613058028,244.20789563055223,249.8918104552431,147.535617301387,144.09482772872525,133.13109778873013,133.943791202968,93.205279930693,88.87526187739377,77.88137454745856,82.10570334419754
2026-09-28 06:00:00,1,42,2026-10-02 18:00:00,4 days 12:00:00,108,18.23,144.31,919.1,136.2,0.7590527119534158,198.10423909855524,225.6358816520033,197.9384524376293,151.52899052919446,68.11120073869482,77.90594030985363,65.93373903162944,59.04247197868827,17.37742413362923,19.962466478215667,18.745767346816223,15.805339968441816
2026-09-28 06:00:00,1,42,2026-10-03 00:00:00,4 days 18:00:00,114,18.66,144.36,923.6,129.8,5.247541612251304,286.2395431265029,295.7934946401828,255.289448257014,242.5815795278093,106.30094387035176,110.63408078784045,94.90861810969852,90.29900739684275,46.78479452979547,47.36274203426267,40.79912354547357,40.19199705367271
2026-09-28 06:00:00,1,42,2026-10-03 06:00:00,5 days 00:00:00,120,19.16,144.63,902.7,151.0,12.416876965915868,329.93352895429507,349.11061329266386,302.14822916009393,294.3957936849462,162.83478130059856,166.428445930601,146.89611067153356,142.4401714143404,93.9388275876413,93.5992757468332,79.36240113766911,83.52870076269429
2026-09-28 06:00:00,1,42,2026-10-03 12:00:00,5 days 06:00:00,126,19.49,144.92,900.2,156.5,35.379774090200186,383.64561894460815,402.3210441453147,342.87160691452624,335.1120696277827,173.9933535742754,174.32600519659331,154.95789030917712,149.12928762287163,95.69266729174106,95.2905451511956,82.77512254479046,84.00982183081796
2026-09-28 06:00:00,1,42,2026-10-03 18:00:00,5 days 12:00:00,132,20.18,145.09,902.8,149.0,13.930165305519663,423.8262269839984,427.0261980006426,363.7901464385504,365.8363239816245,218.45783474106705,227.33526252873665,198.2650712425841,195.81156676133764,124.51690638357412,125.7237267016002,107.61651233913268,111.88595471446968
2026-09-28 06:00:00,1,42,2026-10-04 00:00:00,5 days 18:00:00,138,20.52,144.84,920.7,125.6,4.94747083451426,370.8374143258045,345.52298626853405,290.6981813053687,308.30317382863507,177.94722940382806,162.980198438424,131.60399798565732,148.91470227542231,88.88018955648919,83.80941053208916,69.28841076303459,76.81335201059467
2026-09-28 06:00:00,1,42,2026-10-04 06:00:00,6 days 00:00:00,144,21.17,144.61,908.7,132.5,6.700882695965422,364.8187661153306,352.78904454192445,273.77624798072367,310.15814554633226,114.66724282603438,102.57651857805702,74.50189990009939,92.33474044835248,38.898447095336266,33.848071858732794,26.408307796021457,31.892076311150223
2026-09-28 06:00:00,1,42,2026-10-04 12:00:00,6 days 06:00:00,150,22.09,144.69,912.1,133.9,22.47716747483924,450.740817306678,454.9640947205279,378.2583064411085,385.32589695108913,239.5837648780248,238.60099136247015,203.82545088846985,208.9151105556903,133.0515816304084,130.9942034582425,110.5786322825873,116.1771751625592
2026-09-28 06:00:00,1,42,2026-10-04 18:00:00,6 days 12:00:00,156,22.95,144.23,920.6,132.2,6.758931845201591,406.0864906928433,410.2610400613006,320.3262635585237,330.5872487135304,202.94283155544775,200.1194116130364,163.41217429293405,170.25631944187387,108.81060076312828,106.78087996281305,89.13811718062718,92.5553811447433
2026-09-28 06:00:00,1,42,2026-10-05 00:00:00,6 days 18:00:00,162,24.09,144.27,924.7,113.4,23.563107629061328,391.1193461870124,400.830040062645,318.6104290196533,306.6888829237532,179.0823497475386,180.3490642836936,144.14946404669286,148.59308234619974,87.95807594621672,87.9033373763855,72.27632029276505,74.90537345869544
2026-09-28 06:00:00,1,42,2026-10-05 06:00:00,7 days 00:00:00,168,25.28,144.27,918.1,123.0,17.377668089526026,353.19155915239025,362.6193160159783,288.2536025159497,305.58216111631737,159.23457845183896,155.20076204991938,122.57657906046684,133.839089301934,57.858597939248654,55.51789784046039,44.32939723058257,49.08709596074709
2026-09-28 06:00:00,1,42,2026-10-05 12:00:00,7 days 06:00:00,174,26.2,144.27,937.6,111.9,0.1186457743574038,390.8143596026384,411.6188743253374,347.0820537315991,318.23904595831783,218.27634479916856,219.97200970601068,186.5329171235684,186.7478048175779,128.9671961760659,127.92827210006298,107.6349787877864,111.1603167368978
2026-09-28 06:00:00,1,42,2026-10-05 18:00:00,7 days 12:00:00,180,27.6,144.46,928.1,117.3,0.0165453706045219,477.6873686973586,492.3775245316537,394.661544603002,400.7115586731852,209.1877741466656,213.5609947891922,179.28157215854355,179.77470137853933,111.76849043279418,113.7715364114717,94.22743565344304,97.8854124391276
2026-09-28 06:00:00,1,42,2026-10-06 00:00:00,7 days 18:00:00,186,28.75,144.9,916.7,126.1,23.23817053729424,445.0571216973216,462.7958513743346,376.7801187831717,377.8507796230921,269.12612967628604,275.30716497848425,233.631355577676,235.22890668750705,147.66723615293768,147.87427345813535,124.03917908975296,129.6261596418815
2026-09-28 06:00:00,1,42,2026-10-06 06:00:00,8 days 00:00:00,192,30.41,145.29,934.0,98.4,48.37858369671719,469.5133273092919,499.65381985460425,409.99397787977045,389.38331038129536,237.73843265264853,252.12314444225828,208.5521549393799,203.5459352264379,116.9113700686474,121.5619053840519,100.31752321832938,102.54936286891224
2026-09-28 06:00:00,1,42,2026-10-06 12:00:00,8 days 06:00:00,198,32.35,146.71,950.6,92.8,57.23131009431483,468.1923694231451,528.0600857342761,433.2806756143072,407.3046347305064,255.5277933170053,282.0940246524103,251.45210829961343,229.02126226458284,148.74231339134613,157.48459579171043,134.24244185359845,133.08886952454228
2026-09-28 06:00:00,1,42,2026-10-06 18:00:00,8 days 12:00:00,204,35.08,148.57,955.4,85.9,53.74382647337953,352.6875958362805,397.8413155801491,300.45007884600034,272.8239674263613,145.7085912332651,152.70167295351132,114.91428987854052,115.83572543979238,33.42817704295651,53.74382647337953,28.151813574397305,27.622089556408092
2026-09-28 06:00:00,1,42,2026-10-07 00:00:00,8 days 18:00:00,210,37.95,150.71,963.5,73.6,36.50447175670719,306.1312462752202,363.0589260775155,255.96989657379956,234.87910402944132,126.31948555651329,143.1209638507833,109.3383094229165,99.30715423381744,33.27229627205556,39.81062083318768,29.703741050108373,27.2632891428378
2026-09-28 06:00:00,1,42,2026-10-07 06:00:00,9 days 00:00:00,216,42.48,152.03,971.1,53.3,104.38668774093384,95.28050110693208,152.6507902386237,84.76029629258613,66.73706057542398,17.531141335442783,104.38668774093384,14.438964081418751,7.032938456279236,0.0,0.0,0.0,0.0
2026-09-28 06:00:00,1,42,2026-10-07 12:00:00,9 days 06:00:00,222,46.58,152.85,980.5,41.4,232.449446252207,0.0,232.449446252207,16.788390007611877,0.0,0.0,0.0,0.0,0.0,0.0,0.0,0.0,0.0
2026-09-28 06:00:00,1,42,2026-10-07 18:00:00,9 days 12:00:00,228,50.79,153.41,969.5,53.5,66.00501351922568,3.936306346399112,66.00501351922568,7.28623030041468,0.0,3.936306346399112,66.00501351922568,3.6065490998418888,0.0,0.0,0.0,0.0,0.0
2026-09-28 06:00:00,1,42,2026-10-08 00:00:00,9 days 18:00:00,234,54.79,152.32,975.3,35.4,164.98691441488535,164.98691441488535,0.0,0.0,0.0,0.0,0.0,0.0,0.0,0.0,0.0,0.0,0.0
2026-09-28 06:00:00,1,42,2026-10-08 06:00:00,10 days 00:00:00,240,56.75,153.24,969.6,32.1,204.39192314473596,0.0,0.0,0.0,0.0,0.0,0.0,0.0,0.0,0.0,0.0,0.0,0.0
2026-09-28 06:00:00,1,42,2026-10-08 12:00:00,10 days 06:00:00,246,57.34,151.2,973.0,34.6,85.44321555715713,0.0,0.0,85.44321555715713,3.2887692459636497,0.0,0.0,0.0,0.0,0.0,0.0,0.0,0.0
2026-09-28 06:00:00,1,42,2026-10-08 18:00:00,10 days 12:00:00,252,56.37,150.63,975.7,44.5,74.20272769708271,0.0,0.0,74.20272769708271,0.0,0.0,0.0,0.0,0.0,0.0,0.0,0.0,0.0
2026-09-28 06:00:00,1,42,2026-10-09 00:00:00,10 days 18:00:00,258,55.52,151.56,976.7,43.5,74.8541030428629,0.0,0.0,5.949148108446678,74.8541030428629,0.0,0.0,0.0,0.0,0.0,0.0,0.0,0.0
2026-09-28 06:00:00,1,42,2026-10-09 06:00:00,11 days 00:00:00,264,54.94,153.26,977.3,35.4,118.2688736319572,0.0,0.0,118.2688736319572,4.179652055957693,0.0,0.0,0.0,0.0,0.0,0.0,0.0,0.0
2026-09-28 06:00:00,1,42,2026-10-09 12:00:00,11 days 06:00:00,270,54.06,154.17,982.4,41.3,51.41049160546402,0.0,4.437549911866199,51.41049160546402,5.823708239775613,0.0,0.0,0.0,0.0,0.0,0.0,0.0,0.0
2026-09-28 06:00:00,15,42,2026-10-05 00:00:00,6 days 18:00:00,162,10.26,162.82,1008.4,16.3,138.43308667487622,0.0,0.0,0.0,0.0,0.0,0.0,0.0,0.0,0.0,0.0,0.0,0.0
2026-09-28 06:00:00,15,42,2026-10-05 06:00:00,7 days 00:00:00,168,9.87,163.1,1006.2,20.6,113.9730480388106,0.0,0.0,0.0,0.0,0.0,0.0,0.0,0.0,0.0,0.0,0.0,0.0
2026-09-28 06:00:00,15,42,2026-10-05 12:00:00,7 days 06:00:00,174,9.54,162.61,1003.9,20.3,54.469912690232455,0.0,0.0,0.0,0.0,0.0,0.0,0.0,0.0,0.0,0.0,0.0,0.0
2026-09-28 06:00:00,15,42,2026-10-05 18:00:00,7 days 12:00:00,180,9.81,162.54,1005.0,31.9,105.44934996809287,0.0,0.0,0.0,0.0,0.0,0.0,0.0,0.0,0.0,0.0,0.0,0.0
2026-09-28 06:00:00,15,42,2026-10-06 00:00:00,7 days 18:00:00,186,9.88,162.29,1004.6,25.2,92.64560768951532,0.0,0.0,0.0,0.0,0.0,0.0,0.0,0.0,0.0,0.0,0.0,0.0
2026-09-28 06:00:00,15,42,2026-10-06 06:00:00,8 days 00:00:00,192,10.19,162.6,995.8,44.5,35.93264806922389,67.76085210672409,61.28483290187933,38.22425636600872,50.613125133738095,0.0,0.0,0.0,0.0,0.0,0.0,0.0,0.0
2026-09-28 06:00:00,15,42,2026-10-06 12:00:00,8 days 06:00:00,198,10.69,162.27,999.9,38.6,39.78472866355177,39.78472866355177,0.0,0.0,2.582898399765148,0.0,0.0,0.0,0.0,0.0,0.0,0.0,0.0
2026-09-28 06:00:00,15,42,2026-10-06 18:00:00,8 days 12:00:00,204,11.43,161.56,1004.6,35.2,84.63475817896777,84.63475817896777,0.0,0.0,3.49024883680025,0.0,0.0,0.0,0.0,0.0,0.0,0.0,0.0
2026-09-28 06:00:00,15,42,2026-10-07 00:00:00,8 days 18:00:00,210,12.48,160.76,995.7,48.3,44.8662547122222,64.95376595125771,43.7945931711796,31.035729222001198,57.031326746710505,0.0,0.0,0.0,0.0,0.0,0.0,0.0,0.0
2026-09-28 06:00:00,15,42,2026-10-07 06:00:00,9 days 00:00:00,216,13.35,159.43,1001.5,32.2,63.58242118718333,0.0,0.0,0.0,0.0,0.0,0.0,0.0,0.0,0.0,0.0,0.0,0.0
2026-09-28 06:00:00,15,42,2026-10-07 12:00:00,9 days 06:00:00,222,13.88,158.1,997.9,38.1,83.6944004905676,83.6944004905676,2.6507156572993864,0.0,13.016202505769606,0.0,0.0,0.0,0.0,0.0,0.0,0.0,0.0
2026-09-28 06:00:00,15,42,2026-10-07 18:00:00,9 days 12:00:00,228,14.94,155.96,987.1,56.7,14.422222416784225,91.10472512667783,77.02297909626961,56.97301035015539,88.80247184748126,14.422222416784225,0.0,0.0,0.4247907561262058,0.0,0.0,0.0,0.0
2026-09-28 06:00:00,15,42,2026-10-08 00:00:00,9 days 18:00:00,234,15.49,153.69,988.4,55.8,31.88680841587403,76.8411792401146,75.18107510345936,60.21060240608307,75.44203989748698,31.88680841587403,3.725359577007765,2.2516477786909848,4.085758114901409,0.0,0.0,0.0,0.0
2026-09-28 06:00:00,15,42,2026-10-08 06:00:00,10 days 00:00:00,240,15.87,151.91,984.2,70.1,32.3514248919561,140.24810427716977,116.42382206845792,106.7258881744322,131.600790940958,63.62256651421818,52.13667543034148,41.21926246203318,54.58288470566772,32.3514248919561,7.368333259110256,6.114710815095705,7.773719246966776
2026-09-28 06:00:00,15,42,2026-10-08 12:00:00,10 days 06:00:00,246,16.01,150.15,988.7,55.5,27.453686730985496,198.26258811863855,153.49802295499174,132.81292455330112,174.0479500867668,66.06721265270353,56.64656299655493,39.487899301712375,55.19878146344871,0.0,0.0,0.0,0.0
2026-09-28 06:00:00,15,42,2026-10-08 18:00:00,10 days 12:00:00,252,16.6,148.71,981.0,71.2,55.89744952492183,222.23284178152872,200.579608384188,181.41428173633784,202.455927947435,69.33193561908459,60.83281512631629,50.498918459096224,59.54007520812548,0.3996553630386299,0.0,0.2215895339032549,55.89744952492183
2026-09-28 06:00:00,15,42,2026-10-09 00:00:00,10 days 18:00:00,258,17.4,147.24,954.4,103.3,28.6768548135677,246.21270663680548,238.33832329844944,213.7536041162673,244.1018063758019,124.06258197582852,125.64124123721264,114.40298273702037,111.152285069588,52.52025327697615,53.63836264992175,46.89115556989455,48.42622060230313
2026-09-28 06:00:00,15,42,2026-10-09 06:00:00,11 days 00:00:00,264,17.99,145.48,977.3,62.9,95.02404119102036,168.46958616455703,140.06811979517815,121.38542905260174,154.2451208088756,95.02404119102036,48.221241769791945,35.29399441410792,50.78795266335936,0.0,0.0,0.0,0.0
2026-09-28 06:00:00,15,42,2026-10-09 12:00:00,11 days 06:00:00,270,18.03,143.63,974.3,79.1,26.81209879261817,194.03438023785452,177.85802899980845,171.5834661204173,189.46416097136412,92.18994513319949,81.98947731327107,69.77090334749101,81.8479333482566,37.274592992442855,34.51423046017854,29.33416150849679,32.992969124639586
2026-09-28 06:00:00,15,42,2026-10-09 18:00:00,11 days 12:00:00,276,18.31,142.48,972.6,83.5,7.269102288398031,250.6145160766889,212.00505187463023,179.95780113832723,202.0057267248737,108.4155031428071,95.1819511742678,77.06812780545505,89.59140528505316,34.616417875659835,31.907967695744237,26.870626545681,29.570569581855267
2026-09-28 06:00:00,15,42,2026-10-10 00:00:00,11 days 18:00:00,282,18.37,141.23,931.8,136.5,18.071097072372236,359.56823791674344,310.0474557683143,274.3660335427963,343.58077692804886,174.50941501680788,153.86796211815974,131.82256882179786,155.84167214491913,87.45465204949303,79.4030756335051,67.19521448350159,78.23939367483742
2026-09-28 06:00:00,15,42,2026-10-10 06:00:00,12 days 00:00:00,288,18.58,140.47,917.4,141.8,24.290056246670176,283.5680749357469,228.4476930912951,221.90961519193343,248.0350971891816,145.28525592742136,124.6317467843878,113.90145371852594,131.45418345620288,89.75143465478354,80.91032027998912,71.03283773304719,80.32699885971721
2026-09-28 06:00:00,15,42,2026-10-10 12:00:00,12 days 06:00:00,294,19.4,139.82,926.1,130.2,3.247783535557188,309.7569001472345,317.03413366861,260.9557478587109,279.44091614770514,141.29795977461066,142.76820267217104,123.54396815469228,120.9634889445781,64.76940372132779,65.14172367503747,56.75264092048658,60.329965419729646
2026-09-28 06:00:00,15,42,2026-10-10 18:00:00,12 days 12:00:00,300,19.39,139.35,944.4,114.1,32.0723851127876,279.6325720235279,263.30784463409395,221.88016527906203,251.59709957747103,142.64479717284576,141.33673530399207,126.8247473746322,133.0428742797214,78.48642935605153,77.79359560971895,67.76074737082936,70.7764535978879
2026-09-28 06:00:00,15,42,2026-10-11 00:00:00,12 days 18:00:00,306,20.07,139.23,958.9,96.0,43.63951282895002,312.0388420013832,299.3671890483718,258.63128200405714,273.85421520404,166.12097838063656,158.20736241283657,137.191686062871,147.58399637988867,84.57692852973456,81.99051905915587,69.38176925656398,74.37190069241954
2026-09-28 06:00:00,15,42,2026-10-11 06:00:00,13 days 00:00:00,312,20.99,139.01,948.2,109.8,13.588868679603497,312.2796578170876,309.62224544961543,226.18518786145944,248.43566209290023,153.6827395935911,142.52555984195408,110.77176586191614,128.05369858539837,71.92851981480818,67.35075792123956,54.61544019811892,61.60154196437365
2026-09-28 06:00:00,15,42,2026-10-11 12:00:00,13 days 06:00:00,318,22.04,139.15,950.9,109.2,24.7844650118475,253.04326520437988,293.1320528350014,211.84901619686255,189.4172875101032,29.7005955313067,29.08858272252389,9.23934047370595,14.825934913057822,24.7844650118475,1.468391682831649,0.0,0.0
2026-09-28 06:00:00,15,42,2026-10-11 18:00:00,13 days 12:00:00,324,23.24,139.28,947.0,105.0,19.04305163815233,370.5805030934488,393.8773161061744,287.62058230280803,293.2369697421852,162.75186076552183,164.11454645512077,129.82109196714288,133.58652959329436,80.77645880222877,82.11629466816369,65.84529559399107,69.2522626743188
2026-09-28 06:00:00,15,42,2026-10-12 00:00:00,13 days 18:00:00,330,24.5,140.0,951.9,103.7,9.812831762091063,388.66291266621175,441.28493623430927,377.9500733636663,322.66327053196505,199.9394219952473,223.0953629218833,194.4496322423977,175.80872531636533,111.86402917585433,119.2364651855903,101.91543270336967,99.158925665101
2026-09-28 06:00:00,15,42,2026-10-12 06:00:00,14 days 00:00:00,336,25.74,140.68,932.4,114.5,43.3262885734696,359.3363164347701,411.17876261833976,341.7847664815821,314.7310703999568,194.5668653384992,210.2483314246138,180.66594256618805,172.2296934900922,93.67547788498752,98.07334214261697,81.36635290563478,84.76780101456436
2026-09-28 06:00:00,15,42,2026-10-12 12:00:00,14 days 06:00:00,342,27.58,142.39,950.6,97.5,26.69274283968917,335.21093244680003,379.53324657078775,293.6337807489106,266.536126469932,145.906418399619,153.39407521885664,125.16223035578597,123.64190170603244,63.63885830079277,65.32897932981099,54.112020389507535,55.48251205318183
2026-09-28 06:00:00,15,42,2026-10-12 18:00:00,14 days 12:00:00,348,30.08,143.83,964.2,78.1,55.3365204413086,357.98564178429126,422.0082953875736,333.0955093192693,304.8546611911439,218.2489354109897,233.2223054648541,198.41622841303584,187.54786723398848,108.57943172308796,113.66422557145518,94.09672173906756,94.95028179736124
2026-09-28 06:00:00,15,42,2026-10-13 00:00:00,14 days 18:00:00,354,32.96,145.98,959.6,75.1,39.6109503876263,359.0088638573934,407.4862562745102,296.7248109423217,280.2661806522601,152.16723472963758,159.18180123104185,123.29849387748412,118.5276018249558,37.7338079793492,42.27974969681691,33.25193645278483,29.738150921134547
2026-09-28 06:00:00,15,42,2026-10-13 06:00:00,15 days 00:00:00,360,35.57,148.13,967.5,66.5,92.42793513712434,500.5398830617946,573.0901943746085,479.9952388774866,437.2431427507322,277.7407917064877,311.4499424924652,276.2998299368178,246.2688791918233,118.49298178330343,129.5683229344845,109.20043150086428,105.42390660820644
2026-09-28 06:00:00,17,42,2026-10-06 00:00:00,7 days 18:00:00,186,11.97,-92.98,1003.1,25.6,116.13553934816392,0.0,0.0,0.0,0.0,0.0,0.0,0.0,0.0,0.0,0.0,0.0,0.0
2026-09-28 06:00:00,17,42,2026-10-06 06:00:00,8 days 00:00:00,192,11.71,-93.98,1001.8,38.5,63.67133485119186,74.83124031140125,62.133882636219816,49.0020437281981,60.469403461034375,0.0,0.0,0.0,0.0,0.0,0.0,0.0,0.0
2026-09-28 06:00:00,17,42,2026-10-06 12:00:00,8 days 06:00:00,198,12.07,-94.11,1003.0,33.5,63.76170883129302,0.0,0.0,0.0,0.0,0.0,0.0,0.0,0.0,0.0,0.0,0.0,0.0
2026-09-28 06:00:00,17,42,2026-10-06 18:00:00,8 days 12:00:00,204,12.29,-94.77,1002.2,39.7,88.58356383828891,88.58356383828891,66.35676789058547,43.52184498250229,64.69340324961843,0.0,0.0,0.0,0.0,0.0,0.0,0.0,0.0
2026-09-28 06:00:00,17,42,2026-10-07 00:00:00,8 days 18:00:00,210,12.68,-95.63,1002.1,41.1,65.05492195390951,99.6916639710847,94.43792030353951,75.32743252122759,82.7280778899117,0.0,0.0,0.0,0.0,0.0,0.0,0.0,0.0
2026-09-28 06:00:00,17,42,2026-10-07 06:00:00,9 days 00:00:00,216,12.35,-96.38,1001.5,37.1,83.37520964721,83.37520964721,0.3620135437802751,0.8264045419839015,0.0,0.0,0.0,0.0,0.0,0.0,0.0,0.0,0.0
2026-09-28 06:00:00,17,42,2026-10-07 12:00:00,9 days 06:00:00,222,12.62,-96.95,1002.2,41.7,107.93552572905112,137.2456696650033,124.69827213990638,97.57737164045685,106.02458598845024,0.0,0.0,0.0,0.0,0.0,0.0,0.0,0.0
2026-09-28 06:00:00,17,42,2026-10-07 18:00:00,9 days 12:00:00,228,12.86,-97.39,999.9,41.1,65.86490690099494,196.1397279515112,181.537550069546,153.59046128345017,164.58117197942337,0.0,0.0,0.0,0.0,0.0,0.0,0.0,0.0
2026-09-28 06:00:00,17,42,2026-10-08 00:00:00,9 days 18:00:00,234,13.19,-98.07,996.6,45.4,93.42297122891372,134.56043576986843,121.47188842218148,100.75623009615128,110.87372563589142,0.0,0.0,0.0,0.0,0.0,0.0,0.0,0.0
2026-09-28 06:00:00,17,42,2026-10-08 06:00:00,10 days 00:00:00,240,13.37,-99.06,988.0,59.4,37.73353538036804,141.17181510814726,114.511862218827,92.76669771888191,119.81197674448822,55.68408594178902,45.574526354406544,30.420221268364912,44.52351139975349,0.0,0.0,0.0,0.0
2026-09-28 06:00:00,17,42,2026-10-08 12:00:00,10 days 06:00:00,246,13.69,-99.85,995.0,48.4,43.72035229145936,50.96761903973416,47.22180218376804,35.260491128070214,38.61603611490159,0.0,0.0,0.0,0.0,0.0,0.0,0.0,0.0
2026-09-28 06:00:00,17,42,2026-10-08 18:00:00,10 days 12:00:00,252,14.0,-100.69,994.0,60.7,44.49738680263373,104.53521874509924,74.49167456045465,45.46581205455082,79.50213062370632,44.49738680263373,10.348214326938532,3.833728026068753,11.641943893223214,0.0,0.0,0.0,0.0
2026-09-28 06:00:00,17,42,2026-10-09 00:00:00,10 days 18:00:00,258,14.27,-101.5,973.9,89.2,41.12355949513178,172.5893677096826,173.2839952512537,144.94970935058217,162.63335345854455,53.2787911445337,44.6409276230365,31.55880659654148,43.62839294525657,41.12355949513178,0.0,0.0,0.2509599153446833
2026-09-28 06:00:00,17,42,2026-10-09 06:00:00,11 days 00:00:00,264,14.83,-102.34,978.1,74.6,31.42905455312887,231.3343377350436,189.66951549269024,132.20481439002302,178.89373378911029,90.24838372247086,74.20456029424145,52.67081033884543,74.03767043380861,31.42905455312887,21.43531690912824,16.103844673025677,21.63107699724762
2026-09-28 06:00:00,17,42,2026-10-09 12:00:00,11 days 06:00:00,270,15.31,-103.12,964.6,94.9,30.28864831522293,235.51066862754288,195.2171829272017,150.05233369472705,179.3446558041835,85.39725033780564,68.56856185520078,52.57569626248628,70.13827161825995,37.45101111667515,32.71383937347959,26.475232909959416,32.775699937594176
2026-09-28 06:00:00,17,42,2026-10-09 18:00:00,11 days 12:00:00,276,15.55,-103.81,976.0,76.0,69.70532199441999,243.2991086034565,197.05691424442185,159.4039760671477,194.35648617391095,114.25648408201312,94.44277945166016,70.3056982805158,95.98144077135362,69.70532199441999,33.85838521568246,27.277989247958374,33.86707236021353
2026-09-28 06:00:00,17,42,2026-10-10 00:00:00,11 days 18:00:00,282,16.13,-104.63,943.3,113.1,31.876284577706183,311.7999208648167,273.5619743881154,204.07085703913037,254.8607859430788,46.282677111059385,30.863292884868955,19.33067142846585,33.80967041805776,31.876284577706183,1.162580625772589,0.6472177617363529,4.564802113695748
2026-09-28 06:00:00,17,42,2026-10-10 06:00:00,12 days 00:00:00,288,16.35,-105.37,957.1,105.2,45.59664640175141,203.37813720294665,187.1342797800113,151.26194232393632,165.0000413952829,45.59664640175141,0.0,0.0,45.59664640175141,0.0,0.0,0.0,45.59664640175141
2026-09-28 06:00:00,17,42,2026-10-10 12:00:00,12 days 06:00:00,294,16.62,-105.8,946.1,109.7,34.48201004148427,215.32249762367576,211.9667706854534,189.273679119784,207.0858440565005,103.4720342896046,94.6358566634524,82.86214493907022,87.95756784742079,55.44168650685313,53.47276832420162,47.04853433619009,50.96772830895401
2026-09-28 06:00:00,17,42,2026-10-10 18:00:00,12 days 12:00:00,300,17.03,-106.41,969.2,92.7,16.196265515973494,247.3641733993378,222.05941941246007,178.35205126540998,221.36639870015227,80.4749901407503,73.39176800507687,57.07581052700252,71.40870318881173,22.27686659576989,20.718689681690485,16.358822112105322,19.90320113750634
2026-09-28 06:00:00,17,42,2026-10-11 00:00:00,12 days 18:00:00,306,16.98,-106.96,961.1,98.0,26.039432116584187,263.0791065209921,218.44274004390533,177.15346725460876,234.28872658724737,100.30758563784408,80.28983681189811,62.126809342907954,84.2605171182317,46.58046419442166,39.46770117522421,31.506562581979683,39.24795992013637
2026-09-28 06:00:00,17,42,2026-10-11 06:00:00,13 days 00:00:00,312,17.24,-107.44,941.0,108.1,46.14367272554898,256.0951598798066,207.61345514583175,177.7405514785235,228.57422403807905,135.25636219635385,111.10265365050076,82.97570627878551,118.63682574871676,61.76586257896325,49.94638791237109,39.86904326581809,52.72240345001509
2026-09-28 06:00:00,17,42,2026-10-11 12:00:00,13 days 06:00:00,318,17.66,-107.98,948.3,118.6,28.47151544126256,242.56321880886176,194.65906295040023,167.42655489684304,212.71001643672884,106.3784284188659,84.13777813684035,65.25510434346153,93.08564750365726,49.22753826391936,40.81795546609102,32.762776498298,42.07281586289895
2026-09-28 06:00:00,17,42,2026-10-11 18:00:00,13 days 12:00:00,324,17.83,-108.84,951.5,110.9,10.675576769522577,272.9556082438819,236.6116789558212,174.50145176961223,224.6281620722048,72.89570728715314,56.25179398394396,39.29389107176327,59.84051870878671,27.761119241820985,21.97817903606352,16.90453046542412,22.62359392667648
2026-09-28 06:00:00,17,42,2026-10-12 00:00:00,13 days 18:00:00,330,17.95,-109.96,950.5,106.7,31.958651682743195,272.4289926058459,218.76937721264773,165.27147755070467,234.48454660183387,130.8296333144801,100.66094536256796,75.39075566661141,110.2265059711894,66.20327749177183,55.056153777002514,42.02918803350193,56.304176208105545
2026-09-28 06:00:00,17,42,2026-10-12 06:00:00,14 days 00:00:00,336,18.19,-111.2,952.9,105.7,23.00640677046988,178.67095838603984,123.24641072195357,127.5415979057086,171.52915243449888,95.3317482449695,74.55190724259552,65.05396206207845,86.78296854364595,46.561161878344336,38.99519245688623,34.67945582862714,40.73508319653331
2026-09-28 06:00:00,17,42,2026-10-12 12:00:00,14 days 06:00:00,342,18.32,-112.44,944.8,116.9,36.15415142357908,228.1385846134789,176.47831969557802,141.43854454284195,199.0363000173168,115.96272875271109,89.26089284788533,72.18089939828383,104.4158151945213,69.15743490926563,58.130776904581126,47.52896605669752,60.28232438406417
2026-09-28 06:00:00,17,42,2026-10-12 18:00:00,14 days 12:00:00,348,18.68,-113.64,953.6,107.3,23.42160826403687,212.08717666269635,173.5778593698449,141.27900933303107,185.17795911900924,98.41668728092966,77.80462555834032,62.096894442897046,85.77875414758644,52.87429532064074,43.996504454675055,35.9846985977736,45.11786556024366
2026-09-28 06:00:00,17,42,2026-10-13 00:00:00,14 days 18:00:00,354,19.03,-114.88,948.0,114.2,29.29343847859211,216.21639821383764,155.77722687379406,136.9571043333073,182.4546248571528,101.61910703323856,80.18847658086855,59.732586510567984,87.36919974486594,53.47761787500774,42.71623728560628,34.786153175042216,44.78741141061704
2026-09-28 06:00:00,17,42,2026-10-13 06:00:00,15 days 00:00:00,360,18.92,-116.01,959.3,105.8,24.587264394087207,221.64859397457408,174.64446303391398,119.70038091716404,198.3420957825336,79.8212635005002,55.549627591023366,43.2650568320132,69.27212843085735,41.31032742793721,33.20122515894809,26.149080750495344,36.12003788883276
2026-09-28 06:00:00,3,42,2026-09-29 18:00:00,1 days 12:00:00,36,34.26,-43.93,1006.0,36.3,85.25987370268558,118.27000309844608,119.03685222142845,99.66805385032076,98.91315423253349,0.0,0.0,0.0,0.0,0.0,0.0,0.0,0.0
2026-09-28 06:00:00,3,42,2026-09-30 00:00:00,1 days 18:00:00,42,33.83,-42.91,1003.2,35.3,139.8062373960799,139.8062373960799,107.5887305268987,79.77776619453738,91.94998381756774,0.0,0.0,0.0,0.0,0.0,0.0,0.0,0.0
2026-09-28 06:00:00,3,42,2026-09-30 06:00:00,2 days 00:00:00,48,33.52,-42.39,1001.0,42.4,74.86483716883788,154.36809771368237,148.73603022327916,123.70697891754708,132.0831424028804,0.0,0.0,0.0,0.0,0.0,0.0,0.0,0.0
2026-09-28 06:00:00,3,42,2026-09-30 12:00:00,2 days 06:00:00,54,33.44,-41.54,1004.0,38.8,96.1978460254732,96.1978460254732,50.82868934464997,33.18994744925443,38.96509754730789,0.0,0.0,0.0,0.0,0.0,0.0,0.0,0.0
2026-09-28 06:00:00,3,42,2026-09-30 18:00:00,2 days 12:00:00,60,33.59,-40.93,1005.3,39.8,127.9087537172848,127.9087537172848,0.7558111793656508,0.0,0.0,0.0,0.0,0.0,0.0,0.0,0.0,0.0,0.0
2026-09-28 06:00:00,3,42,2026-10-01 00:00:00,2 days 18:00:00,66,34.12,-40.43,1003.3,36.0,80.6334171426592,0.0,0.720345528383632,80.6334171426592,0.0,0.0,0.0,0.0,0.0,0.0,0.0,0.0,0.0
2026-09-28 06:00:00,3,42,2026-10-01 06:00:00,3 days 00:00:00,72,34.62,-39.75,1006.9,27.8,115.44836309942605,0.0,0.0,0.0,0.0,0.0,0.0,0.0,0.0,0.0,0.0,0.0,0.0
2026-09-28 06:00:00,3,42,2026-10-01 12:00:00,3 days 06:00:00,78,35.13,-38.53,1007.2,28.8,110.3980542643062,0.0,0.0,0.0,0.0,0.0,0.0,0.0,0.0,0.0,0.0,0.0,0.0
2026-09-28 06:00:00,3,42,2026-10-01 18:00:00,3 days 12:00:00,84,35.38,-37.29,1009.0,30.0,63.10762268656804,0.0,0.0,0.0,0.0,0.0,0.0,0.0,0.0,0.0,0.0,0.0,0.0
2026-09-28 06:00:00,3,42,2026-10-02 00:00:00,3 days 18:00:00,90,36.19,-36.22,1007.5,29.2,89.04030318567533,0.0,0.0,0.0,0.0,0.0,0.0,0.0,0.0,0.0,0.0,0.0,0.0
2026-09-28 06:00:00,3,42,2026-10-02 06:00:00,4 days 00:00:00,96,36.21,-34.37,1012.9,20.6,51.7409356638512,0.0,0.0,0.0,0.0,0.0,0.0,0.0,0.0,0.0,0.0,0.0,0.0
2026-09-28 06:00:00,3,42,2026-10-02 12:00:00,4 days 06:00:00,102,37.43,-32.34,1010.0,35.6,59.83611857667052,0.0,59.83611857667052,0.0,0.0,0.0,0.0,0.0,0.0,0.0,0.0,0.0,0.0
2026-09-28 06:00:00,3,42,2026-10-02 18:00:00,4 days 12:00:00,108,37.57,-30.44,1007.6,30.3,89.73944485409754,0.0,0.0,0.0,0.0,0.0,0.0,0.0,0.0,0.0,0.0,0.0,0.0
2026-09-28 06:00:00,3,42,2026-10-03 00:00:00,4 days 18:00:00,114,38.15,-28.26,1014.5,27.9,70.69023303441239,0.0,0.0,0.0,0.0,0.0,0.0,0.0,0.0,0.0,0.0,0.0,0.0
2026-09-28 06:00:00,AL062026,42,2026-09-28 06:00:00,0 days 00:00:00,0,28.3,-43.8,1012.0,25.0,56.0,0.0,0.0,0.0,0.0,0.0,0.0,0.0,0.0,0.0,0.0,0.0,0.0
2026-09-28 06:00:00,AL062026,42,2026-09-28 12:00:00,0 days 06:00:00,6,27.39,-44.41,1008.7,22.8,56.28695447679365,0.0,0.0,0.0,0.0,0.0,0.0,0.0,0.0,0.0,0.0,0.0,0.0
2026-09-28 06:00:00,AL062026,42,2026-09-28 18:00:00,0 days 12:00:00,12,27.02,-44.84,1011.2,25.3,41.20355282668609,0.0,0.0,0.0,0.0,0.0,0.0,0.0,0.0,0.0,0.0,0.0,0.0
2026-09-28 06:00:00,AL062026,42,2026-09-29 00:00:00,0 days 18:00:00,18,26.08,-45.18,1007.9,31.8,38.19597736728876,0.0,0.0,0.0,0.0,0.0,0.0,0.0,0.0,0.0,0.0,0.0,0.0
2026-09-28 06:00:00,AL062026,42,2026-09-29 06:00:00,1 days 00:00:00,24,25.29,-45.85,1007.4,30.1,106.14300953680534,0.0,0.0,0.0,0.0,0.0,0.0,0.0,0.0,0.0,0.0,0.0,0.0
2026-09-28 06:00:00,AL912026(2),42,2026-09-28 06:00:00,0 days 00:00:00,0,36.3,-53.1,1013.0,29.0,148.0,0.0,0.0,0.0,0.0,0.0,0.0,0.0,0.0,0.0,0.0,0.0,0.0
2026-09-28 06:00:00,AL912026(2),42,2026-09-28 12:00:00,0 days 06:00:00,6,36.86,-51.44,1006.6,36.6,46.29360093941429,3.0335731333406386,46.29360093941429,0.0,0.0,0.0,0.0,0.0,0.0,0.0,0.0,0.0,0.0
2026-09-28 06:00:00,AL912026(2),42,2026-09-28 18:00:00,0 days 12:00:00,12,37.08,-49.54,1003.6,35.3,64.49405618939514,0.0,0.0,0.0,64.49405618939514,0.0,0.0,0.0,0.0,0.0,0.0,0.0,0.0
2026-09-28 06:00:00,AL912026(2),42,2026-09-29 00:00:00,0 days 18:00:00,18,36.1,-47.49,1010.4,33.5,89.2515917376137,0.0,0.0,0.0,0.0,0.0,0.0,0.0,0.0,0.0,0.0,0.0,0.0
2026-09-28 06:00:00,AL912026(2),42,2026-09-29 06:00:00,1 days 00:00:00,24,35.07,-46.14,1005.3,35.9,119.67853157967886,0.0,119.67853157967886,3.1104923770120223,0.0,0.0,0.0,0.0,0.0,0.0,0.0,0.0,0.0
2026-09-28 06:00:00,EP152026(2),42,2026-09-28 06:00:00,0 days 00:00:00,0,16.4,-160.8,929.0,134.0,28.0,241.0,185.0,148.0,204.0,93.0,74.0,74.0,93.0,56.0,46.0,37.0,46.0
2026-09-28 06:00:00,EP152026(2),42,2026-09-28 12:00:00,0 days 06:00:00,6,16.81,-161.77,951.5,111.7,23.562465297398347,208.31118652801916,155.23349191543767,114.0203496359093,176.9850690768045,95.58534424417287,72.72476609429495,51.99898627286064,80.48445051562081,48.15960875335222,38.38142490671605,31.13658530430067,40.91778849234849
2026-09-28 06:00:00,EP152026(2),42,2026-09-28 18:00:00,0 days 12:00:00,12,17.34,-162.22,948.8,115.2,12.38163634440624,231.50753078973423,192.14722447175507,123.68467400110748,204.6463134568079,94.41761912294656,71.24994949698184,50.4069847353535,79.74145683753217,47.56743542947711,39.58746781440387,30.70825690613196,41.44896936502468
2026-09-28 06:00:00,EP152026(2),42,2026-09-29 00:00:00,0 days 18:00:00,18,18.34,-162.97,953.7,109.9,17.518851892096244,223.9841047454295,210.52912981475885,143.76331681150748,189.8584771487912,67.70983963132258,53.81275179764541,36.78181304232511,48.715250283839566,28.54129122031337,23.947609892653777,17.79836371377712,23.534165097775585
2026-09-28 06:00:00,EP152026(2),42,2026-09-29 06:00:00,1 days 00:00:00,24,19.22,-163.4,954.9,112.1,14.158937159618162,191.79362366534264,173.4537862086755,91.52008153344042,140.24020559870158,66.0913469862563,57.12164632447004,36.45777963326775,50.553955493805816,30.86537137318284,26.933264281889365,20.305876594229456,24.11236504852297
2026-09-28 06:00:00,EP152026(2),42,2026-09-29 12:00:00,1 days 06:00:00,30,20.27,-163.59,967.7,88.7,30.10009126949851,243.84454865818827,223.77959494490457,155.68441232755086,202.36083467377975,129.32635542681209,118.91047548137958,97.13588328299646,110.30285730735156,72.12681641268368,68.43242189190022,55.57146081577981,61.82075178239589
2026-09-28 06:00:00,EP152026(2),42,2026-09-29 18:00:00,1 days 12:00:00,36,21.05,-163.37,976.9,81.7,22.405914030865524,219.2909850157556,221.7768126951715,158.00178027363015,187.92581429090887,119.16616086755285,116.05503801916652,92.5733668779055,99.17684891831684,55.913118799491215,55.91614306344912,44.939661095403096,48.5574000204784
2026-09-28 06:00:00,EP152026(2),42,2026-09-30 00:00:00,1 days 18:00:00,42,22.7,-163.38,969.2,78.3,47.07325624503328,238.8196157135933,193.46131973423337,149.12950942031495,200.7976331066733,115.70960651003372,102.41921845687584,83.76989115087747,97.331052843102,47.07325624503328,40.62387315642424,33.57658521784836,36.38676542259603
2026-09-28 06:00:00,EP152026(2),42,2026-09-30 06:00:00,2 days 00:00:00,48,23.23,-163.17,988.0,60.7,47.35521663791015,206.24744966616177,188.76795081707803,133.23513255632986,159.91655629566745,85.79209526479877,79.92525963321708,55.06187748701137,66.50586842149437,0.0,0.0,0.0,0.0
2026-09-28 06:00:00,EP152026(2),42,2026-09-30 12:00:00,2 days 06:00:00,54,23.23,-163.16,978.2,65.0,73.61915524437879,192.10778360151804,184.96018007173768,155.99606327422748,157.42750322517645,85.1907033884398,76.96480234466777,58.07011425364132,69.2337601608578,73.61915524437879,4.0023379922134055,2.244296183545206,3.366087840702183
2026-09-28 06:00:00,EP152026(2),42,2026-09-30 18:00:00,2 days 12:00:00,60,23.25,-163.35,985.2,54.0,54.29320171120246,235.3294806794358,212.86739924408823,193.4894803059973,212.74806974646003,84.13129654692659,76.56705726253364,60.06587481879069,71.31417838928488,0.0,0.0,0.0,0.0
2026-09-28 06:00:00,EP152026(2),42,2026-10-01 00:00:00,2 days 18:00:00,66,23.22,-163.32,992.8,36.6,58.731766947808346,58.731766947808346,12.731712017627633,13.531375009147006,22.23563347096731,0.0,0.0,0.0,0.0,0.0,0.0,0.0,0.0
2026-09-28 06:00:00,EP152026(2),42,2026-10-01 06:00:00,3 days 00:00:00,72,23.23,-163.7,996.8,43.7,107.56049297984578,129.33859024539674,113.51775310124106,95.11741061232658,118.36245021031272,0.0,0.0,0.0,0.0,0.0,0.0,0.0,0.0
2026-09-28 06:00:00,EP152026(2),42,2026-10-01 12:00:00,3 days 06:00:00,78,23.08,-164.2,986.3,56.2,41.66868658937841,133.63010489568995,129.21486087538216,111.90723836617327,137.7770122637074,41.66868658937841,7.785669006523674,4.174263319296776,9.692245317698829,0.0,0.0,0.0,0.0
2026-09-28 06:00:00,EP152026(2),42,2026-10-01 18:00:00,3 days 12:00:00,84,23.0,-164.32,991.7,54.1,40.899162176812425,173.77331110462228,176.16465586318952,145.61605526463745,145.24649323717784,8.521313920653174,40.899162176812425,4.564368250301657,6.025434860560223,0.0,0.0,0.0,0.0
2026-09-28 06:00:00,EP152026(2),42,2026-10-02 00:00:00,3 days 18:00:00,90,23.59,-164.5,990.0,43.9,67.45737029806916,77.5766149433046,74.90965197653651,51.66497174822489,60.184084935455445,0.0,0.0,0.0,0.0,0.0,0.0,0.0,0.0
2026-09-28 06:00:00,EP152026(2),42,2026-10-02 06:00:00,4 days 00:00:00,96,24.06,-164.94,992.6,47.6,84.15587391647665,214.4144629200124,191.16219392985485,145.9099681438297,175.4638206456762,0.0,0.0,0.0,0.0,0.0,0.0,0.0,0.0
2026-09-28 06:00:00,EP152026(2),42,2026-10-02 12:00:00,4 days 06:00:00,102,24.29,-165.34,996.3,44.4,71.4988700091505,174.78909556787607,166.07000304911458,140.80605830232145,160.3385268761872,0.0,0.0,0.0,0.0,0.0,0.0,0.0,0.0
2026-09-28 06:00:00,EP152026(2),42,2026-10-02 18:00:00,4 days 12:00:00,108,23.91,-165.66,990.8,50.0,71.54178050327596,113.26890237914208,99.70310828205598,85.87500379519216,103.7879750165637,71.54178050327596,10.418913640006124,5.944346622506137,10.082087736536977,0.0,0.0,0.0,0.0
2026-09-28 06:00:00,EP152026(2),42,2026-10-03 00:00:00,4 days 18:00:00,114,24.22,-165.43,999.5,38.3,81.01397218401294,81.01397218401294,2.1584244928854304,0.6850434122280138,8.88402700919413,0.0,0.0,0.0,0.0,0.0,0.0,0.0,0.0
2026-09-28 06:00:00,EP152026(2),42,2026-10-03 06:00:00,5 days 00:00:00,120,24.31,-166.37,1000.0,40.5,67.87988088384353,67.87988088384353,19.720851769146638,9.4084539276925,30.088570398027656,0.0,0.0,0.0,0.0,0.0,0.0,0.0,0.0
2026-09-28 06:00:00,EP152026(2),42,2026-10-03 12:00:00,5 days 06:00:00,126,24.0,-167.48,1002.8,34.1,68.63319953783753,38.50624131663749,22.26220389059476,19.68780661065214,68.63319953783753,0.0,0.0,0.0,0.0,0.0,0.0,0.0,0.0
2026-09-28 06:00:00,EP152026(2),42,2026-10-03 18:00:00,5 days 12:00:00,132,24.17,-168.55,1002.1,44.4,102.46192534524296,221.1770315766134,190.4678111740988,157.79506908670106,182.98334792243705,0.0,0.0,0.0,0.0,0.0,0.0,0.0,0.0
2026-09-28 06:00:00,EP152026(2),42,2026-10-04 00:00:00,5 days 18:00:00,138,24.34,-169.93,1000.2,42.0,116.00011415764176,116.00011415764176,43.38903463726374,28.08077255067684,51.69386839408181,0.0,0.0,0.0,0.0,0.0,0.0,0.0,0.0
2026-09-28 06:00:00,EP152026(2),42,2026-10-04 06:00:00,6 days 00:00:00,144,24.19,-170.99,990.2,55.4,49.44729154311521,103.38816082363908,78.62273191734458,52.50340929888348,86.34935816160801,0.4661603696137568,0.0,0.0,49.44729154311521,0.0,0.0,0.0,0.0
2026-09-28 06:00:00,EP152026(2),42,2026-10-04 12:00:00,6 days 06:00:00,150,24.6,-172.32,994.3,51.6,49.64003761018728,158.00091245927538,129.7434511504176,91.377953567646,123.68062681105366,49.64003761018728,0.0,0.0,0.2006082697881748,0.0,0.0,0.0,0.0
2026-09-28 06:00:00,EP152026(2),42,2026-10-04 18:00:00,6 days 12:00:00,156,25.05,-173.27,996.6,49.3,71.26228824283402,184.59141187228028,155.0840556322695,117.7713088504622,153.56508839639378,0.0,0.0,0.0,0.0,0.0,0.0,0.0,0.0
2026-09-28 06:00:00,EP152026(2),42,2026-10-05 00:00:00,6 days 18:00:00,162,25.61,-174.36,990.8,59.4,25.946073669880207,129.53683147203265,102.38035226861756,41.54458463815172,97.72934059564432,25.946073669880207,0.3594876882866629,0.0,2.964146444386415,0.0,0.0,0.0,0.0
2026-09-28 06:00:00,EP152026(2),42,2026-10-05 06:00:00,7 days 00:00:00,168,26.15,-175.18,986.7,66.5,45.28587710766104,135.5250265481869,110.99071348645413,67.46602617456273,99.2385959974647,45.28587710766104,18.51280420964077,7.152502196895515,16.032802421173237,45.28587710766104,0.1725498585504148,0.0,0.021471837553169
2026-09-28 06:00:00,EP152026(2),42,2026-10-05 12:00:00,7 days 06:00:00,174,26.46,-175.78,988.7,60.7,26.316914460232724,214.17775115100733,148.67771838441965,95.51068826960936,178.05028699352627,76.89897159742806,60.17365910804681,38.26528041446449,64.67092120354312,0.0,0.0,0.0,0.0
2026-09-28 06:00:00,EP152026(2),42,2026-10-05 18:00:00,7 days 12:00:00,180,26.81,-176.64,987.5,64.6,21.837652499529103,156.48234734786277,128.66421978146056,77.0561327959726,121.15659662626533,27.36907036041611,18.760419023769856,6.348817642247459,18.326392222010764,21.837652499529103,0.0,0.0,0.3518304407460637
2026-09-28 06:00:00,EP152026(2),42,2026-10-06 00:00:00,7 days 18:00:00,186,27.2,-177.1,972.1,85.5,17.12684716161946,239.10843685707096,191.6104515861425,138.33770262198226,189.5491876385553,119.14268349082695,98.25191978378524,74.42501352894766,101.61064159263796,58.44396367856157,50.97512521895405,40.08265028998336,49.63288453924058
2026-09-28 06:00:00,EP152026(2),42,2026-10-06 06:00:00,8 days 00:00:00,192,27.55,-177.47,980.5,76.9,22.95569148991277,137.20365838589134,108.53148782288618,82.75099202749048,129.19599732192864,90.5101107237752,78.32883163296475,56.56576520943158,77.07169749468632,43.76664902712825,38.51717886002474,29.665720514012524,37.28324716530747
2026-09-28 06:00:00,EP152026(2),42,2026-10-06 12:00:00,8 days 06:00:00,198,27.41,-177.88,989.1,60.4,22.59158772877908,227.5132124841943,189.1253708413842,164.54504733459007,216.4394797772415,75.8875893538242,64.45058269738682,47.98275258396666,63.64692044675587,0.0,0.0,0.0,0.0
2026-09-28 06:00:00,EP152026(2),42,2026-10-06 18:00:00,8 days 12:00:00,204,27.02,-177.9,981.7,67.5,50.62798483121829,186.4742635074604,186.39617535433507,186.32386206667945,179.03003387997592,71.86097186940371,73.22630719748337,62.36207711895063,63.19856966420191,15.48505802533904,50.62798483121829,15.061293254948616,13.34349020198341
2026-09-28 06:00:00,EP152026(2),42,2026-10-07 00:00:00,8 days 18:00:00,210,26.75,-177.53,991.3,69.3,25.679633641247698,89.97794727404384,94.16049846324404,97.93940418636456,93.29600688353504,29.63078315222629,24.03053564149088,16.64298627452734,22.93807983027866,25.679633641247698,0.0,0.0,0.0
2026-09-28 06:00:00,EP152026(2),42,2026-10-07 06:00:00,9 days 00:00:00,216,26.34,-177.45,990.2,61.5,34.17598997112364,140.59748493910018,153.50330242736015,137.2304355169975,125.10264752830768,34.17598997112364,25.999784997290035,20.354255126226874,21.74875679256158,0.0,0.0,0.0,0.0
2026-09-28 06:00:00,EP152026(2),42,2026-10-07 12:00:00,9 days 06:00:00,222,25.83,-177.13,991.8,52.4,88.29925786110977,187.06728270926243,186.35786190415055,165.56232880947698,158.88425982328545,88.29925786110977,8.800348099063873,4.580628984801381,5.407661929869651,0.0,0.0,0.0,0.0
2026-09-28 06:00:00,EP152026(2),42,2026-10-07 18:00:00,9 days 12:00:00,228,25.46,-175.66,996.7,37.6,44.140645020794565,106.7819723417096,118.17577472249847,97.83757530800725,94.82329577522916,0.0,0.0,0.0,0.0,0.0,0.0,0.0,0.0
2026-09-28 06:00:00,EP152026(2),42,2026-10-08 00:00:00,9 days 18:00:00,234,25.92,-173.62,991.5,53.1,77.89150176610747,104.51374926787338,118.38032100048164,98.00820610278512,80.00805536153158,9.876555929209273,77.89150176610747,5.758769686620248,6.362628178830706,0.0,0.0,0.0,0.0
2026-09-28 06:00:00,EP152026(2),42,2026-10-08 06:00:00,10 days 00:00:00,240,27.24,-170.95,982.2,55.5,72.93504899686185,99.82835330207628,102.14137877330867,67.10155600097167,84.61979429161455,72.93504899686185,10.15571623182371,8.471083920167644,7.59707024306145,0.0,0.0,0.0,0.0
2026-09-28 06:00:00,EP152026(2),42,2026-10-08 12:00:00,10 days 06:00:00,246,29.74,-170.19,980.3,55.4,56.09200018094823,82.71997503501044,77.54994217028488,63.14173856091399,71.88726375946922,56.09200018094823,0.0,0.0,0.0,0.0,0.0,0.0,0.0
2026-09-28 06:00:00,EP152026(2),42,2026-10-08 18:00:00,10 days 12:00:00,252,32.33,-171.89,956.9,81.2,91.37596955427408,254.6957172149315,223.57094173876536,194.32955361082568,240.7590330147468,91.37596955427408,62.13295221311948,59.7824350176228,64.61700848687823,91.37596955427408,14.481495450252632,14.60421571273174,12.885546695013195
2026-09-28 06:00:00,EP152026(2),42,2026-10-09 00:00:00,10 days 18:00:00,258,32.04,-174.3,960.0,69.6,79.71210724011829,397.3474546194959,365.2970399132311,316.9859087277644,362.3308311623474,139.37934260900647,136.5216382415208,112.66694309313374,117.3050918726884,23.890243901643917,79.71210724011829,21.78775502557264,22.197683383262543
2026-09-28 06:00:00,EP152026(2),42,2026-10-09 06:00:00,11 days 00:00:00,264,32.51,-175.82,959.6,75.1,116.86240890226615,492.96203087285073,414.00390185442967,388.1377323352439,457.9599888804008,267.5721230515581,250.7006500941665,201.0876873419701,233.1243930021068,116.86240890226615,84.79315189026602,68.63660311821171,79.72239951533274
2026-09-28 06:00:00,EP152026(2),42,2026-10-09 12:00:00,11 days 06:00:00,270,32.67,-177.92,958.0,73.3,64.32442271474522,516.362105207452,467.3967733698604,417.38788784112114,472.4212417500544,216.37619272740343,208.1401967070891,172.391129414557,189.1045523370039,62.6922918552785,64.32442271474522,51.43842612514561,56.6664020948927
2026-09-28 06:00:00,EP152026(2),42,2026-10-09 18:00:00,11 days 12:00:00,276,33.4,-179.6,966.5,56.2,148.7652000556059,637.8490886811701,582.1865223102566,503.01931212060543,567.9221604493438,266.30981314539173,260.8094548559189,212.78090906249852,229.47502808355225,0.0,0.0,0.0,0.0
2026-09-28 06:00:00,EP152026(2),42,2026-10-10 00:00:00,11 days 18:00:00,282,34.67,-179.73,967.7,61.5,83.31074167239245,405.7807676521832,361.6915013368916,294.1863156037491,359.9205780886707,189.1337277903945,172.62056595742422,137.55244474442657,162.7615792777705,0.0,0.0,0.0,0.0
2026-09-28 06:00:00,EP152026(2),42,2026-10-10 06:00:00,12 days 00:00:00,288,34.98,179.54,983.0,52.7,147.53097576363928,524.1042174020608,500.0986975517176,403.9106306578167,433.3134410317996,170.14694424579602,166.21830773335466,130.64283463705453,138.80153681611773,0.0,0.0,0.0,0.0
2026-09-28 06:00:00,EP152026(2),42,2026-10-10 12:00:00,12 days 06:00:00,294,36.72,180.0,986.2,50.0,77.14837310969546,373.78595413871074,381.86977896146334,295.2908073611221,302.4189888866273,0.0,0.0,0.0,0.0,0.0,0.0,0.0,0.0
2026-09-28 06:00:00,EP152026(2),42,2026-10-10 18:00:00,12 days 12:00:00,300,39.07,-179.11,981.4,46.2,214.94731880728227,105.79848618870662,214.94731880728227,110.64483573929364,78.58584592688914,0.0,0.0,0.0,0.0,0.0,0.0,0.0,0.0
2026-09-28 06:00:00,EP152026(2),42,2026-10-11 00:00:00,12 days 18:00:00,306,41.06,-179.28,977.8,55.4,138.90650156052072,437.1583897031141,455.43856386673065,357.4559249980108,349.2188951163971,107.29349274416548,138.90650156052072,82.84168386857654,85.00973033998723,0.0,0.0,0.0,0.0
2026-09-28 06:00:00,EP152026(2),42,2026-10-11 06:00:00,13 days 00:00:00,312,42.74,-178.19,984.0,41.4,169.57681434468049,169.57681434468049,60.97088713121,13.408365414283477,33.10720585350791,0.0,0.0,0.0,0.0,0.0,0.0,0.0,0.0
2026-09-28 06:00:00,EP152026(2),42,2026-10-11 12:00:00,13 days 06:00:00,318,44.79,-176.29,984.4,47.5,99.452095799127,0.0,99.452095799127,2.4727844965648917,0.0,0.0,0.0,0.0,0.0,0.0,0.0,0.0,0.0
2026-09-28 06:00:00,EP152026(2),42,2026-10-11 18:00:00,13 days 12:00:00,324,47.29,-173.61,994.3,40.3,147.8539270363107,0.0,147.8539270363107,13.710667320946742,0.0,0.0,0.0,0.0,0.0,0.0,0.0,0.0,0.0
2026-09-28 06:00:00,EP152026(2),42,2026-10-12 00:00:00,13 days 18:00:00,330,49.61,-171.47,997.6,37.8,48.68901969515258,4.540266035231541,26.98811121829609,48.68901969515258,5.402095490222736,0.0,0.0,0.0,0.0,0.0,0.0,0.0,0.0
2026-09-28 06:00:00,EP152026(2),42,2026-10-12 06:00:00,14 days 00:00:00,336,52.28,-166.05,998.8,37.7,159.63394000394797,0.0,159.63394000394797,6.695626487829035,0.0,0.0,0.0,0.0,0.0,0.0,0.0,0.0,0.0
2026-09-28 06:00:00,EP172026,42,2026-09-28 06:00:00,0 days 00:00:00,0,23.2,-114.0,955.0,105.0,28.0,167.0,148.0,148.0,148.0,102.0,93.0,83.0,83.0,65.0,65.0,65.0,65.0
2026-09-28 06:00:00,EP172026,42,2026-09-28 12:00:00,0 days 06:00:00,6,23.89,-113.65,971.6,76.6,15.994778630221852,163.86580547396787,187.5522410505956,129.0860176898047,117.84452023340395,72.8753411261782,73.56726994001848,55.060285816109705,55.341995943242765,32.269074346899714,30.450763038802076,23.49624482859593,27.300027606162327
2026-09-28 06:00:00,EP172026,42,2026-09-28 18:00:00,0 days 12:00:00,12,24.77,-113.47,985.5,63.0,12.013890915919546,181.74851441297835,190.98922493330303,131.0313355127131,116.56717736243117,60.41397709382844,59.96992315603904,41.2733605373557,44.928997385334384,0.0,0.0,0.0,0.0
2026-09-28 06:00:00,EP172026,42,2026-09-29 00:00:00,0 days 18:00:00,18,25.36,-112.87,980.4,71.2,14.390417611423572,148.0288347997032,165.79995329307758,107.36439079082628,100.77620573503144,65.64691557984531,64.1950731985014,47.06024618664344,47.76016015359801,24.74958631608632,24.7081597342692,18.270677804889036,19.74420589681546
2026-09-28 06:00:00,EP172026,42,2026-09-29 06:00:00,1 days 00:00:00,24,26.06,-112.13,981.4,57.5,31.47170151859393,81.7709020286361,77.7084266522952,53.32765035416048,55.50838663641889,10.500757155018306,31.47170151859393,8.396082908386873,6.6509448903346,0.0,0.0,0.0,0.0
2026-09-28 06:00:00,EP172026,42,2026-09-29 12:00:00,1 days 06:00:00,30,27.32,-110.98,992.3,61.8,12.597728722188435,140.1220508466722,164.5102632549856,102.44406208666123,111.55137615236504,28.394300542746063,27.09034104973682,12.173815343648329,16.296192526616636,0.0,0.0,0.0,0.0
2026-09-28 06:00:00,EP172026,42,2026-09-29 18:00:00,1 days 12:00:00,36,28.98,-108.37,988.7,50.9,20.558840570343847,31.0243112877396,22.50600328908301,2.7620907645072283,19.23002250102332,20.558840570343847,4.555810826245555,2.7620907645072283,5.743856507834566,0.0,0.0,0.0,0.0
2026-09-28 06:00:00,EP182026,42,2026-09-28 06:00:00,0 days 00:00:00,0,13.2,-100.0,1001.0,41.0,93.0,222.0,185.0,148.0,222.0,0.0,0.0,0.0,0.0,0.0,0.0,0.0,0.0
2026-09-28 06:00:00,EP182026,42,2026-09-28 12:00:00,0 days 06:00:00,6,13.24,-100.33,990.7,58.4,33.406149197573455,187.35322203010588,161.29690287822697,129.12291680012075,155.18980619127095,54.49374693771482,46.38251672295895,32.17402523364086,41.32482551216465,0.0,0.0,0.0,0.0
2026-09-28 06:00:00,EP182026,42,2026-09-28 18:00:00,0 days 12:00:00,12,13.55,-101.04,992.2,53.8,69.1040281151934,234.26843852423752,211.63676775092392,174.43352764820725,207.7182621030282,69.1040281151934,0.0,0.0,0.0,0.0,0.0,0.0,0.0
2026-09-28 06:00:00,EP182026,42,2026-09-29 00:00:00,0 days 18:00:00,18,14.35,-102.52,992.3,53.7,30.342905650820256,204.5195342641709,157.6844825248281,117.107485833803,170.3179391109177,68.16195616664957,57.11523749840838,38.50853265074166,54.73830180945286,0.0,0.0,0.0,0.0
2026-09-28 06:00:00,EP182026,42,2026-09-29 06:00:00,1 days 00:00:00,24,14.74,-103.27,992.9,55.5,63.42107847822106,195.6286881126636,166.31234335350536,109.28689232397645,152.73133558424445,63.42107847822106,7.668270390133509,1.349952639302146,8.127263047443124,0.0,0.0,0.0,0.0
2026-09-28 06:00:00,EP182026,42,2026-09-29 12:00:00,1 days 06:00:00,30,15.39,-103.9,984.1,68.3,36.10876173884881,177.50077002999228,151.7727638708782,106.975192760125,150.22737815831397,50.04578516703781,41.1592463077981,25.962851365522383,39.05104471666928,36.10876173884881,1.5323382954292073,0.2814055950920724,2.285336760600525
2026-09-28 06:00:00,EP182026,42,2026-09-29 18:00:00,1 days 12:00:00,36,15.91,-105.24,960.9,99.6,30.07145771038236,230.7782585577901,189.201736254542,146.32896536218595,201.33206433715876,99.60485428451337,85.5652463858813,69.26795348380162,86.42455696856945,47.72550882954364,44.01255546437703,35.96279151155235,43.11697290841022
2026-09-28 06:00:00,EP182026,42,2026-09-30 00:00:00,1 days 18:00:00,42,16.62,-106.03,959.9,100.0,10.92854070652859,253.1446240961344,208.45870184395025,142.6128853937917,214.0476310516748,115.21249190985858,93.45784619622714,68.91566730644189,93.41676863945423,55.89600124516397,48.11799011159068,37.2149953774366,46.9653747060288
2026-09-28 06:00:00,EP182026,42,2026-09-30 06:00:00,2 days 00:00:00,48,17.57,-106.65,935.5,132.2,34.38860563445127,305.99457630908563,281.11635893584616,199.1298444404592,251.612464373176,125.55912563707253,109.08241851044065,85.71817144924172,108.9633569426272,72.7188850459189,64.575487389911,52.40809649505418,63.21901298054864
2026-09-28 06:00:00,EP182026,42,2026-09-30 12:00:00,2 days 06:00:00,54,18.31,-107.19,928.5,135.2,36.863269417294646,265.2195628037333,233.77868267746535,155.63957347321875,213.0347667876581,114.4722366920536,96.96283790160852,73.33590346968012,96.71904380393114,63.97532505808793,55.22313282950589,43.80887843165256,54.15726281960098
2026-09-28 06:00:00,EP182026,42,2026-09-30 18:00:00,2 days 12:00:00,60,19.06,-107.21,937.4,116.8,27.15517556043873,222.46253970095952,204.16837412551652,136.64134088121654,179.52431524481605,80.2494434525754,61.60086513076702,39.210561435821184,63.6879191171608,33.730995644255295,24.794986233123623,17.035099223616783,26.061803402551792
2026-09-28 06:00:00,EP182026,42,2026-10-01 00:00:00,2 days 18:00:00,66,19.24,-107.11,950.8,107.3,55.877593313872126,199.7061503944817,231.33196894810797,157.6819273991914,149.78632681327895,93.88187205471831,88.9736146836359,64.48723445441004,72.272585277124,55.877593313872126,41.54351107057624,32.26612041493698,36.68178093835837
2026-09-28 06:00:00,EP182026,42,2026-10-01 06:00:00,3 days 00:00:00,72,19.77,-107.54,952.2,108.0,41.38513626541086,261.78910090943714,226.36871198099917,183.84106685654552,212.2128375109367,122.00405299699032,107.3345947190875,84.7140606254022,105.99041321868222,52.06909099132788,44.89482530415333,36.49219396418698,42.43428494809412
2026-09-28 06:00:00,EP182026,42,2026-10-01 12:00:00,3 days 06:00:00,78,19.8,-107.74,952.7,93.1,82.17467120973186,207.7155763994756,176.40407622413198,152.96788028969934,165.03129382843153,82.17467120973186,67.5679885365829,53.474754079162686,65.75567068829788,82.17467120973186,24.953267612865773,21.68565418923597,24.42076614251539
2026-09-28 06:00:00,EP182026,42,2026-10-01 18:00:00,3 days 12:00:00,84,19.97,-108.21,960.7,89.5,23.5285249684568,217.23989564010952,187.3191095311542,189.27222392625288,217.89824327418617,126.3689570669058,118.1241902121448,117.07892724214494,126.1754566750227,81.00713066143625,79.10278647201125,71.77315648953108,74.00577284457903
2026-09-28 06:00:00,EP182026,42,2026-10-02 00:00:00,3 days 18:00:00,90,19.71,-108.53,966.0,86.8,19.012043271103156,167.1987757039661,155.16450639586128,132.08012121872002,150.66897929568256,87.83632169845646,70.80982578423686,62.95857786691175,77.02582009943217,34.82917172262984,31.40632143695609,25.531181922602187,30.419106759694102
2026-09-28 06:00:00,EP182026,42,2026-10-02 06:00:00,4 days 00:00:00,96,19.69,-108.94,974.6,73.0,4.327754336041082,234.37787888905444,205.58065324777937,193.5928771011293,228.62040928167295,154.9384803533005,144.90001452092952,124.9625374707608,142.3808358055901,64.55009246458673,61.65370911566579,53.82987711625408,57.57006318261179
2026-09-28 06:00:00,EP182026,42,2026-10-02 12:00:00,4 days 06:00:00,102,19.8,-109.25,964.7,80.0,61.94334326522383,138.9871944955508,114.89534419786916,139.52028522639958,164.59147667883136,67.05695729270815,63.87558642845104,60.85739552750151,65.12731943868707,61.94334326522383,29.13650271451851,27.45004703162313,28.03890284218447
2026-09-28 06:00:00,EP182026,42,2026-10-02 18:00:00,4 days 12:00:00,108,19.53,-109.58,969.3,82.2,21.48937361361781,197.50845064029343,173.2883618876947,176.49644818865193,193.9026644791046,78.5835892416147,69.17501458858078,61.14706646339605,73.20368253421455,24.46489240786056,22.799096316175977,19.48454219319492,22.262515427335124
2026-09-28 06:00:00,EP182026,42,2026-10-03 00:00:00,4 days 18:00:00,114,19.83,-109.93,968.4,85.6,27.409033070360888,145.0756498607807,118.80755103858152,113.7431800014956,134.58132913374402,64.33682171702617,54.956985054515926,49.0312692221061,59.258970636517525,36.86179333569561,34.15621910246949,29.084939795289603,32.82176104926435
2026-09-28 06:00:00,EP182026,42,2026-10-03 06:00:00,5 days 00:00:00,120,19.52,-110.48,966.5,89.6,2.580305688565097,196.5477321680059,159.93592654581505,156.522751712431,191.51624176612637,107.47088846757144,94.91129646486728,83.83181030284348,102.04505295631492,64.2715794437917,60.0709609129752,49.77629273608682,58.14363629187261
2026-09-28 06:00:00,EP182026,42,2026-10-03 12:00:00,5 days 06:00:00,126,19.78,-110.86,955.0,103.0,27.39636350221383,106.45752091986088,71.44860944669836,77.52501173032839,117.05444867802584,52.04074438953906,42.364278050881154,43.35719323140718,53.90157086778093,33.29157000935888,30.2703539220506,26.80291429641302,31.07081680294676
2026-09-28 06:00:00,EP182026,42,2026-10-03 18:00:00,5 days 12:00:00,132,19.74,-110.98,960.8,97.8,26.42945652901274,160.6214737647244,140.57159819852637,139.55099034132448,139.2616265669272,85.146487082356,78.61673733102302,65.22710373850111,76.22623823939477,41.138124076048925,38.26443400029077,32.173475412077835,36.014809493467055
2026-09-28 06:00:00,EP182026,42,2026-10-04 00:00:00,5 days 18:00:00,138,19.47,-111.03,960.2,91.2,19.58550671204064,114.16788870149158,104.67813041325137,116.05875729071496,113.48508522263212,24.459053209442036,25.06209465476524,24.203219295622745,22.36697163346315,19.58550671204064,6.196941783612392,6.358012524827883,5.537839672049619
2026-09-28 06:00:00,EP182026,42,2026-10-04 06:00:00,6 days 00:00:00,144,19.83,-111.23,946.5,112.7,24.260794519295985,161.2045966970427,162.76146381122044,149.6263647545857,138.1452861326834,78.921870229109,75.6033904166992,70.16651406449876,73.33118287054162,49.3252664254502,46.179794083960985,39.922557887865366,43.04455202806378
2026-09-28 06:00:00,EP182026,42,2026-10-04 12:00:00,6 days 06:00:00,150,19.93,-111.69,959.8,96.9,12.409215037680696,165.18198315234446,144.5904346299261,128.53554984306297,155.69424875177532,56.52857207208392,46.479568378515,36.88692474502084,52.07700020094515,26.112310148390407,22.858827161458706,18.634654984463133,22.20242441347896
2026-09-28 06:00:00,EP182026,42,2026-10-04 18:00:00,6 days 12:00:00,156,19.98,-111.99,967.3,92.8,20.464472261809373,162.33563818349495,163.15288156506602,143.46539777888006,156.8109315959924,89.78175745171717,83.69142652482978,69.83939156247516,78.34347775139341,46.540186055462726,42.76197906518913,35.738184445908615,41.00245191618784
2026-09-28 06:00:00,EP182026,42,2026-10-05 00:00:00,6 days 18:00:00,162,19.92,-112.54,962.8,92.3,4.355463914514242,184.5863380243291,150.6685653649144,136.40605029357397,171.0493167364081,89.02310310159226,72.2864815125869,62.68498655462744,81.43007593095311,51.44309451359138,45.78873237520735,37.367175276406456,45.70628334426858
2026-09-28 06:00:00,EP182026,42,2026-10-05 06:00:00,7 days 00:00:00,168,19.9,-112.82,963.6,89.2,20.09987957073668,170.07024793270796,138.50657233626816,146.48356517772646,164.93083735962352,98.19179279834648,88.93664010909463,77.26984205561946,90.72282109679485,44.89798692334056,41.75394644302167,36.117747580869775,40.48530531245673
2026-09-28 06:00:00,EP182026,42,2026-10-05 12:00:00,7 days 06:00:00,174,19.63,-113.53,980.8,71.3,8.486234588116275,156.85244179297473,128.12366271805885,127.37530802464856,152.1999824113604,71.98531390567143,61.80184424304187,52.87292460117164,66.72482065273411,27.449970691030707,25.424830993957045,21.70312191675823,24.58671629686288
2026-09-28 06:00:00,EP182026,42,2026-10-05 18:00:00,7 days 12:00:00,180,19.76,-113.96,982.1,73.3,25.82893729073632,101.07484672377149,73.18542110334494,77.13023132723663,106.88030086589652,44.377129092071726,35.066149508495215,29.86491764485183,41.94112444574944,25.82893729073632,17.18360340138625,14.004002847815483,18.19861227617716
2026-09-28 06:00:00,EP182026,42,2026-10-06 00:00:00,7 days 18:00:00,186,19.42,-114.74,975.8,83.6,41.87972976589381,146.88798531922498,103.3660632859186,103.92089572830996,131.2722394418575,73.45472060375556,57.56077294124373,48.42189069429682,67.52694919801951,41.87972976589381,28.91354234148224,24.552259623755205,30.4692814463684
2026-09-28 06:00:00,EP182026,42,2026-10-06 06:00:00,8 days 00:00:00,192,19.12,-115.26,973.4,81.8,20.80551357241426,154.49029595532346,123.17976733112192,120.37200936236856,157.24234782088598,52.07433913062162,41.40536824993215,40.14186710862995,49.683799514181615,20.80551357241426,14.162816001455106,13.427104423008046,14.78978800744979
2026-09-28 06:00:00,EP182026,42,2026-10-06 12:00:00,8 days 06:00:00,198,19.0,-116.17,966.7,92.6,0.0,163.81044039048413,124.770123425658,103.61526076725552,147.00191581094057,41.5173292238853,27.20602322819977,22.5572056534672,36.92748364126779,18.84974428370581,14.24433356969027,12.592938597438692,16.913030382403033
2026-09-28 06:00:00,EP182026,42,2026-10-06 18:00:00,8 days 12:00:00,204,19.03,-116.81,966.2,93.8,4.073344779818473,149.8668214813282,111.01089791258472,93.57613796733764,129.86750881905002,43.76631053173766,31.575486516134387,25.10517259600411,39.47349119493085,16.801043336256768,12.381732277339797,10.968661045668416,14.297112391925271
2026-09-28 06:00:00,EP182026,42,2026-10-07 00:00:00,8 days 18:00:00,210,18.95,-117.24,945.4,116.0,12.498580752745792,163.70119724863474,127.46022355867608,91.22190232428784,147.3267250000465,58.96828249088129,45.30067794039084,40.45750965253284,55.905326049641566,29.312913516674527,25.188975735410025,23.339880275867312,26.60527272370676
2026-09-28 06:00:00,EP182026,42,2026-10-07 06:00:00,9 days 00:00:00,216,19.03,-118.06,931.8,135.3,7.371114030588821,192.9594558506512,132.3498508108092,122.98512736442036,182.0066020165292,86.50411222176342,63.98887260930266,52.4940119360923,82.52119832069936,52.262946753881096,41.57315653732838,33.64951673256291,45.92288502804362
2026-09-28 06:00:00,EP182026,42,2026-10-07 12:00:00,9 days 06:00:00,222,19.05,-118.62,957.4,100.9,20.860476778386925,192.90314308223023,148.4015295960602,124.83749396840189,166.1182757699271,69.90830965461842,54.1322562000128,45.50298200873482,61.6438305354564,37.93703714969541,31.69254795499171,26.482992781601,32.780989453148464
2026-09-28 06:00:00,EP182026,42,2026-10-07 18:00:00,9 days 12:00:00,228,19.14,-119.33,967.5,90.0,39.28563661498672,147.31983542794646,112.62100328992511,98.1711575336141,152.94265794767657,71.03967955188978,53.40910941163726,45.40850803929658,68.23123273858886,39.28563661498672,30.51616186453687,25.566291944918863,33.19426820278704
2026-09-28 06:00:00,EP182026,42,2026-10-08 00:00:00,9 days 18:00:00,234,19.32,-120.19,958.0,106.7,23.89768696736215,124.06594906476896,87.41207775928419,77.01477965676297,127.97889291157568,65.87305808595825,47.75453495884405,35.94752284919281,61.15753517666194,35.391010402068034,27.039793996444764,21.368418297103997,29.82977258848924
2026-09-28 06:00:00,EP182026,42,2026-10-08 06:00:00,10 days 00:00:00,240,19.38,-121.4,955.4,103.2,26.26409378029432,137.95016484006285,88.46498912869055,88.02970387702925,136.6567739593205,84.76071452394997,65.36336667850397,57.30887231345403,81.37230665785961,44.66968732699509,36.3030751353181,32.00067664887644,39.28316837829463
2026-09-28 06:00:00,EP182026,42,2026-10-08 12:00:00,10 days 06:00:00,246,19.43,-122.16,969.7,86.7,21.788722213321144,175.59264304017833,143.69337463754363,130.6892191356794,162.73688842047116,85.23571757757584,72.8306377621075,59.83716687677483,75.73816720422181,43.96569997741413,39.1988457753854,33.32713593587755,38.60573807476534
2026-09-28 06:00:00,EP182026,42,2026-10-08 18:00:00,10 days 12:00:00,252,19.26,-123.56,964.5,96.3,5.523187224810869,125.60862885568548,102.5369490254004,88.26460775533855,117.92324486550422,45.65925117353029,37.08794906426294,31.885006763815653,44.60099558680827,31.650703725991008,27.314733164024943,22.67347169184768,28.02255233795357
2026-09-28 06:00:00,EP182026,42,2026-10-09 00:00:00,10 days 18:00:00,258,19.16,-124.48,972.2,83.6,22.185395520239776,129.0282498612333,123.0469192937845,109.72268103716416,109.44223882921648,36.97919825925424,26.960957618125647,22.17601223836069,31.00807412964693,2.726698134446713,0.4568467480232965,0.5114729138009053,22.185395520239776
2026-09-28 06:00:00,EP182026,42,2026-10-09 06:00:00,11 days 00:00:00,264,18.78,-125.71,957.8,97.0,39.25637472740493,117.37494738201636,98.13376767153213,99.6927141004574,116.89840639262644,51.970424617173,44.7692514166407,38.7770223108694,49.23185133842649,39.25637472740493,27.75415186242812,23.28679568434832,27.25442823626237
2026-09-28 06:00:00,EP182026,42,2026-10-09 12:00:00,11 days 06:00:00,270,18.39,-126.58,983.0,68.4,10.950723650293613,135.9768457142562,99.48559164558272,79.55630071409499,112.1941094351083,59.071978083294034,47.71818045743293,35.12634197585647,51.176064898605176,14.336973038155952,11.155968669193072,8.647032280113159,12.665662562318303
2026-09-28 06:00:00,EP182026,42,2026-10-09 18:00:00,11 days 12:00:00,276,17.75,-127.65,996.0,52.8,37.057396648048325,166.49222968310846,126.8747836902736,97.85413890105808,146.0644965564867,67.87060967315011,56.1798673976827,40.27227122236607,55.56154892030315,0.0,0.0,0.0,0.0
2026-09-28 06:00:00,EP182026,42,2026-10-10 00:00:00,11 days 18:00:00,282,17.3,-128.53,994.8,44.8,32.69124413273033,108.20835134603745,88.40824526263964,69.0913770838078,92.66294539743092,0.0,0.0,0.0,0.0,0.0,0.0,0.0,0.0
2026-09-28 06:00:00,EP182026,42,2026-10-10 06:00:00,12 days 00:00:00,288,16.88,-129.5,994.1,47.2,55.41215259036963,65.33401143145005,48.41554083260966,40.883507489561225,64.61024563526755,0.0,0.0,0.0,0.0,0.0,0.0,0.0,0.0
2026-09-28 06:00:00,EP182026,42,2026-10-10 12:00:00,12 days 06:00:00,294,16.86,-129.69,995.3,41.9,33.04000074438751,0.0,6.069730569292176,33.04000074438751,0.0,0.0,0.0,0.0,0.0,0.0,0.0,0.0,0.0
2026-09-28 06:00:00,EP182026,42,2026-10-10 18:00:00,12 days 12:00:00,300,16.99,-130.11,1001.6,32.6,106.16549641435662,0.0,0.0,0.0,0.0,0.0,0.0,0.0,0.0,0.0,0.0,0.0,0.0
2026-09-28 06:00:00,EP182026,42,2026-10-11 00:00:00,12 days 18:00:00,306,16.97,-130.38,1002.3,31.9,106.34842145838206,0.0,0.0,0.0,0.0,0.0,0.0,0.0,0.0,0.0,0.0,0.0,0.0
2026-09-28 06:00:00,EP182026,42,2026-10-11 06:00:00,13 days 00:00:00,312,16.52,-130.27,1002.0,32.7,85.85615627734407,0.0,0.0,0.0,0.0,0.0,0.0,0.0,0.0,0.0,0.0,0.0,0.0
2026-09-28 06:00:00,EP182026,42,2026-10-11 12:00:00,13 days 06:00:00,318,16.81,-130.64,1002.6,35.8,84.37769173872799,1.262754825945171,0.0,0.0,84.37769173872799,0.0,0.0,0.0,0.0,0.0,0.0,0.0,0.0
2026-09-28 06:00:00,EP182026,42,2026-10-11 18:00:00,13 days 12:00:00,324,16.62,-130.94,1002.4,26.7,115.31141923373448,0.0,0.0,0.0,0.0,0.0,0.0,0.0,0.0,0.0,0.0,0.0,0.0
2026-09-28 06:00:00,EP182026,42,2026-10-12 00:00:00,13 days 18:00:00,330,16.62,-131.39,1002.8,26.7,41.1559557950108,0.0,0.0,0.0,0.0,0.0,0.0,0.0,0.0,0.0,0.0,0.0,0.0
2026-09-28 06:00:00,EP182026,42,2026-10-12 06:00:00,14 days 00:00:00,336,15.82,-132.26,1006.8,28.3,96.9664665596362,0.0,0.0,0.0,0.0,0.0,0.0,0.0,0.0,0.0,0.0,0.0,0.0
2026-09-28 06:00:00,EP182026,42,2026-10-12 12:00:00,14 days 06:00:00,342,15.45,-133.3,1004.8,25.8,94.81275125976612,0.0,0.0,0.0,0.0,0.0,0.0,0.0,0.0,0.0,0.0,0.0,0.0
2026-09-28 06:00:00,EP182026,42,2026-10-12 18:00:00,14 days 12:00:00,348,15.36,-134.33,1009.1,20.1,108.85724774038148,0.0,0.0,0.0,0.0,0.0,0.0,0.0,0.0,0.0,0.0,0.0,0.0
2026-09-28 06:00:00,EP182026,42,2026-10-13 00:00:00,14 days 18:00:00,354,14.93,-135.76,1007.6,25.8,78.69866699408105,0.0,0.0,0.0,0.0,0.0,0.0,0.0,0.0,0.0,0.0,0.0,0.0
2026-09-28 06:00:00,EP912026(3),42,2026-09-28 06:00:00,0 days 00:00:00,0,12.7,-136.6,1005.0,29.0,93.0,0.0,0.0,0.0,0.0,0.0,0.0,0.0,0.0,0.0,0.0,0.0,0.0
2026-09-28 06:00:00,EP912026(3),42,2026-09-28 12:00:00,0 days 06:00:00,6,13.88,-136.68,1001.7,31.3,69.32028400574717,0.0,0.0,0.0,0.0,0.0,0.0,0.0,0.0,0.0,0.0,0.0,0.0
2026-09-28 06:00:00,EP912026(3),42,2026-09-28 18:00:00,0 days 12:00:00,12,14.17,-136.2,1004.2,35.6,43.09105267825712,43.09105267825712,21.27319569603727,10.416190878543295,20.201776396100964,0.0,0.0,0.0,0.0,0.0,0.0,0.0,0.0
2026-09-28 06:00:00,EP912026(3),42,2026-09-29 00:00:00,0 days 18:00:00,18,15.0,-135.44,1004.4,30.8,38.04589756537571,0.0,0.0,0.0,0.0,0.0,0.0,0.0,0.0,0.0,0.0,0.0,0.0
2026-09-28 06:00:00,WP252026,42,2026-09-28 06:00:00,0 days 00:00:00,0,27.5,131.6,954.0,99.0,9.0,148.0,158.0,148.0,121.0,,,,,,,,
2026-09-28 06:00:00,WP252026,42,2026-09-28 12:00:00,0 days 06:00:00,6,27.48,132.33,985.2,59.8,2.456195435187322,68.98297494897261,103.97318320525574,97.57322229273991,65.2005242015258,22.31917630250107,19.528173191232742,11.57709254831526,10.410395447756668,0.0,0.0,0.0,0.0
2026-09-28 06:00:00,WP252026,42,2026-09-28 18:00:00,0 days 12:00:00,12,27.8,133.34,989.0,51.6,22.86836299164958,146.14078074343973,145.92966319669156,118.15913239391496,113.2551165467407,22.86836299164958,0.0,0.0,0.0,0.0,0.0,0.0,0.0
2026-09-28 06:00:00,WP252026,42,2026-09-29 00:00:00,0 days 18:00:00,18,28.46,134.04,997.9,37.7,77.97590455223695,168.68328399916803,173.44253759879967,156.90230632365595,142.61548441858915,0.0,0.0,0.0,0.0,0.0,0.0,0.0,0.0
2026-09-28 06:00:00,WP252026,42,2026-09-29 06:00:00,1 days 00:00:00,24,29.29,134.96,997.7,39.6,118.19966948622924,1.4266064081309793,118.19966948622924,0.0,0.0,0.0,0.0,0.0,0.0,0.0,0.0,0.0,0.0
2026-09-28 06:00:00,WP252026,42,2026-09-29 12:00:00,1 days 06:00:00,30,30.05,136.12,1002.2,32.0,57.7234902701889,0.0,0.0,0.0,0.0,0.0,0.0,0.0,0.0,0.0,0.0,0.0,0.0
2026-09-28 06:00:00,WP252026,42,2026-09-29 18:00:00,1 days 12:00:00,36,30.65,137.36,1000.2,35.2,59.38761578141101,0.0,59.38761578141101,0.1534604468594054,0.0,0.0,0.0,0.0,0.0,0.0,0.0,0.0,0.0
2026-09-28 06:00:00,WP252026,42,2026-09-30 00:00:00,1 days 18:00:00,42,31.48,138.56,1000.6,30.1,109.2011258053226,0.0,0.0,0.0,0.0,0.0,0.0,0.0,0.0,0.0,0.0,0.0,0.0
2026-09-28 06:00:00,WP252026,42,2026-09-30 06:00:00,2 days 00:00:00,48,32.77,140.36,1000.6,31.4,72.85949018835117,0.0,0.0,0.0,0.0,0.0,0.0,0.0,0.0,0.0,0.0,0.0,0.0
2026-09-28 06:00:00,WP252026,42,2026-09-30 12:00:00,2 days 06:00:00,54,33.63,141.97,995.9,38.3,79.0656865293831,0.0,79.0656865293831,0.4507429001126724,0.0,0.0,0.0,0.0,0.0,0.0,0.0,0.0,0.0
2026-09-28 06:00:00,WP252026,42,2026-09-30 18:00:00,2 days 12:00:00,60,34.24,143.48,991.5,38.2,129.69212233402095,7.795541513068581,129.69212233402095,9.689954189752694,0.0,0.0,0.0,0.0,0.0,0.0,0.0,0.0,0.0
2026-09-28 06:00:00,WP922026(4),42,2026-09-28 06:00:00,0 days 00:00:00,0,16.4,97.6,1001.0,29.0,64.0,0.0,0.0,0.0,0.0,0.0,0.0,0.0,0.0,0.0,0.0,0.0,0.0
2026-09-28 06:00:00,WP922026(4),42,2026-09-28 12:00:00,0 days 06:00:00,6,17.18,97.01,1006.0,18.0,63.65225941105765,0.0,0.0,0.0,0.0,0.0,0.0,0.0,0.0,0.0,0.0,0.0,0.0
2026-09-28 06:00:00,13,43,2026-10-02 18:00:00,4 days 12:00:00,108,16.18,140.46,1001.0,21.6,142.3014128682894,0.0,0.0,0.0,0.0,0.0,0.0,0.0,0.0,0.0,0.0,0.0,0.0
2026-09-28 06:00:00,13,43,2026-10-03 00:00:00,4 days 18:00:00,114,15.86,139.2,1004.6,27.1,70.99105414823919,0.0,0.0,0.0,0.0,0.0,0.0,0.0,0.0,0.0,0.0,0.0,0.0
2026-09-28 06:00:00,13,43,2026-10-03 06:00:00,5 days 00:00:00,120,15.98,139.36,999.6,29.6,58.35409752264087,0.0,0.0,0.0,0.0,0.0,0.0,0.0,0.0,0.0,0.0,0.0,0.0
2026-09-28 06:00:00,13,43,2026-10-03 12:00:00,5 days 06:00:00,126,16.07,139.1,1000.4,28.6,80.88392998675573,0.0,0.0,0.0,0.0,0.0,0.0,0.0,0.0,0.0,0.0,0.0,0.0
2026-09-28 06:00:00,13,43,2026-10-03 18:00:00,5 days 12:00:00,132,16.34,139.29,998.7,29.2,104.14995899574248,0.0,0.0,0.0,0.0,0.0,0.0,0.0,0.0,0.0,0.0,0.0,0.0
2026-09-28 06:00:00,13,43,2026-10-04 00:00:00,5 days 18:00:00,138,16.47,139.29,997.0,30.8,74.64167353805573,0.0,0.0,0.0,0.0,0.0,0.0,0.0,0.0,0.0,0.0,0.0,0.0
2026-09-28 06:00:00,13,43,2026-10-04 06:00:00,6 days 00:00:00,144,16.8,139.33,1000.8,26.9,127.95586118426678,0.0,0.0,0.0,0.0,0.0,0.0,0.0,0.0,0.0,0.0,0.0,0.0
2026-09-28 06:00:00,13,43,2026-10-04 12:00:00,6 days 06:00:00,150,16.35,139.78,996.9,31.1,70.26239721689561,0.0,0.0,0.0,0.0,0.0,0.0,0.0,0.0,0.0,0.0,0.0,0.0
2026-09-28 06:00:00,13,43,2026-10-04 18:00:00,6 days 12:00:00,156,16.11,139.77,1000.7,25.9,149.06650791597977,0.0,0.0,0.0,0.0,0.0,0.0,0.0,0.0,0.0,0.0,0.0,0.0
2026-09-28 06:00:00,13,43,2026-10-05 00:00:00,6 days 18:00:00,162,16.07,139.89,996.9,29.1,114.45934090514136,0.0,0.0,0.0,0.0,0.0,0.0,0.0,0.0,0.0,0.0,0.0,0.0
2026-09-28 06:00:00,13,43,2026-10-05 06:00:00,7 days 00:00:00,168,15.7,139.89,993.5,37.9,75.92429312139332,0.0,12.846839482027658,75.92429312139332,6.182562776946224,0.0,0.0,0.0,0.0,0.0,0.0,0.0,0.0
2026-09-28 06:00:00,13,43,2026-10-05 12:00:00,7 days 06:00:00,174,15.36,140.06,994.8,35.5,82.6145399715991,8.294197795779088,10.80823152287222,6.303101789052928,82.6145399715991,0.0,0.0,0.0,0.0,0.0,0.0,0.0,0.0
2026-09-28 06:00:00,13,43,2026-10-05 18:00:00,7 days 12:00:00,180,15.35,140.24,992.7,47.9,134.85972713156983,341.39305622219365,314.3755754853355,274.08761661788026,304.5151089058978,0.0,0.0,0.0,0.0,0.0,0.0,0.0,0.0
2026-09-28 06:00:00,13,43,2026-10-06 00:00:00,7 days 18:00:00,186,15.88,140.38,987.6,54.6,49.05356289077682,199.77165339574896,213.01904344568763,177.1936846243931,169.6896283071627,49.05356289077682,5.518516344804037,2.474730041153023,3.873032858507565,0.0,0.0,0.0,0.0
2026-09-28 06:00:00,13,43,2026-10-06 06:00:00,8 days 00:00:00,192,16.45,140.83,987.9,53.7,85.28427273661433,212.127930487454,220.34977018487848,185.60906188548688,174.89625098028966,1.5538867698841905,85.28427273661433,0.9977668416206544,0.5701298444753675,0.0,0.0,0.0,0.0
2026-09-28 06:00:00,13,43,2026-10-06 12:00:00,8 days 06:00:00,198,17.1,140.71,985.5,55.9,103.7394084542672,324.10019232309367,298.83391582777267,235.40601817666675,270.6904687409224,103.7394084542672,90.88252768956782,69.29501888092835,72.95018618219592,0.0,0.0,0.0,0.0
2026-09-28 06:00:00,13,43,2026-10-06 18:00:00,8 days 12:00:00,204,17.66,140.42,991.3,51.1,74.2131284327355,269.7149990230047,235.3507089807023,184.8400698754034,218.1754307210278,74.2131284327355,13.613311391192228,6.803421329994027,14.064194668406827,0.0,0.0,0.0,0.0
2026-09-28 06:00:00,13,43,2026-10-07 00:00:00,8 days 18:00:00,210,18.19,139.69,988.3,57.5,50.80895709243472,187.47140403163007,175.32558400272242,139.9816432000889,142.70231530532632,50.80895709243472,2.9392479052446627,0.0,1.9558540882862852,0.0,0.0,0.0,0.0
2026-09-28 06:00:00,13,43,2026-10-07 06:00:00,9 days 00:00:00,216,19.09,138.88,977.9,63.5,29.548188032512662,142.28365133394232,145.99008815179008,125.39886382825854,122.5404733970371,29.548188032512662,10.456072300195594,5.31691890503045,11.118878991584983,0.0,0.0,0.0,0.0
2026-09-28 06:00:00,13,43,2026-10-07 12:00:00,9 days 06:00:00,222,19.64,138.58,980.6,65.9,61.78424924053459,296.89523544848294,266.99540897471365,240.266565851093,258.57737680634455,61.78424924053459,16.66707604642228,13.354595757410664,61.78424924053459,0.0,0.0,0.0,61.78424924053459
2026-09-28 06:00:00,13,43,2026-10-07 18:00:00,9 days 12:00:00,228,19.95,137.51,971.8,77.9,26.80822968878897,259.1283627731282,229.17672450903865,180.8346264377033,215.9213313343389,138.44794151367387,119.3445868584672,96.65407634523037,116.04802748657768,62.12202457488661,56.75703880516608,47.7590189232958,53.919187286257966
2026-09-28 06:00:00,13,43,2026-10-08 00:00:00,9 days 18:00:00,234,20.48,137.02,954.8,100.0,41.946092657900905,375.4343452969524,353.9164675512169,296.86322276062214,314.3941810552336,41.946092657900905,5.373477064190145,0.0,8.597785198369792,41.946092657900905,0.162438857006236,0.0,0.0
2026-09-28 06:00:00,13,43,2026-10-08 06:00:00,10 days 00:00:00,240,20.89,136.37,933.0,127.8,17.562439224373332,338.44208549134,332.06840172833114,287.70192631038447,304.1493175778572,73.86148481444923,64.45475133798416,45.72724360313235,59.72835082480003,17.562439224373332,14.427112457455136,9.610472084312368,14.915494876475126
2026-09-28 06:00:00,13,43,2026-10-08 12:00:00,10 days 06:00:00,246,21.24,135.72,923.9,136.0,35.32781011615762,376.5708603985479,326.12532631029285,286.76032135845526,321.7407801533516,35.32781011615762,0.0,0.0,35.32781011615762,35.32781011615762,0.0,0.0,0.3831036104797949
2026-09-28 06:00:00,13,43,2026-10-08 18:00:00,10 days 12:00:00,252,21.39,135.25,929.0,124.9,39.77072084674205,391.6074494825606,341.73849870003863,312.16856104696075,361.99802064655273,212.91986771514584,191.4181683773213,158.63870885498312,187.22184970429737,114.65378825417238,106.75537902293163,88.62797455514806,100.9740556494484
2026-09-28 06:00:00,13,43,2026-10-09 00:00:00,10 days 18:00:00,258,21.8,134.48,932.7,132.7,0.0,310.1950571719017,247.2166422166736,241.3803621167615,302.9267726471878,191.87851704723312,162.2454510950923,137.15033915081528,173.07453044937233,100.88556942146948,90.53794051428956,74.37835572058219,89.89672698294987
2026-09-28 06:00:00,13,43,2026-10-09 06:00:00,11 days 00:00:00,264,21.7,134.04,939.8,108.0,31.551909368058148,232.08663197278904,200.6678880107256,196.25121550975385,203.7003467417985,31.551909368058148,31.551909368058148,0.0,6.417513250476887,3.3145318032323914,31.551909368058148,0.0,2.96402855551133
2026-09-28 06:00:00,13,43,2026-10-09 12:00:00,11 days 06:00:00,270,21.9,133.6,918.5,134.7,23.490141831577944,424.1142046882908,389.7211142858753,371.29848870878,392.96739183887007,79.29866254624417,72.97534336074176,59.60573278392423,77.18472556906943,47.05727033646474,44.90403558886112,35.16534477049052,43.094228398680855
2026-09-28 06:00:00,13,43,2026-10-09 18:00:00,11 days 12:00:00,276,21.82,132.91,930.2,115.7,45.25988187979213,369.5889542214459,315.5738649971212,309.2679688877892,346.117502345157,216.40918771810937,194.6267212242127,173.54874342992846,194.46674440324955,121.70691614774188,113.58632376328228,96.69890718258335,109.71639332779552
2026-09-28 06:00:00,13,43,2026-10-10 00:00:00,11 days 18:00:00,282,22.19,132.57,927.1,125.6,35.258095145376274,401.8394142842616,350.29428881986144,324.9915371951033,369.9083792574124,165.40333646761343,149.45434469340196,124.4103260981457,146.0925685736754,72.40988570194492,63.71451497357974,53.13582969180088,64.32619306842332
2026-09-28 06:00:00,13,43,2026-10-10 06:00:00,12 days 00:00:00,288,22.19,132.38,930.0,121.8,22.4472269288267,292.03562918910006,297.3540714515729,291.85073902391184,264.1980090085264,75.7108243429387,75.50614907624504,64.15942946339203,71.9937511998713,41.04496710603089,39.53387861591063,30.47872655908195,36.739603408598015
2026-09-28 06:00:00,13,43,2026-10-10 12:00:00,12 days 06:00:00,294,22.3,132.3,944.7,117.3,19.25862132514152,339.9464003053922,330.40478028383814,310.8465316453562,322.4223588338109,68.05276007914426,63.13912730428751,55.51542713768515,53.47844095504945,19.25862132514152,5.515049091417811,4.55178298945938,5.584409558397759
2026-09-28 06:00:00,13,43,2026-10-10 18:00:00,12 days 12:00:00,300,22.5,132.36,940.1,108.7,56.0541931243136,383.286869738854,401.8726499371669,366.6299760263122,316.0927068739172,45.231344940659575,57.55424853604718,56.0541931243136,42.44201292135014,2.5543080154697098,4.342642173098778,56.0541931243136,1.2791521042074123
2026-09-28 06:00:00,13,43,2026-10-11 00:00:00,12 days 18:00:00,306,22.49,132.53,948.7,101.2,35.52448544491171,371.890250345384,417.37916164154353,389.8859798405849,348.0310664046592,77.36276849408902,96.20435110667944,82.90014190335702,62.8691165674897,0.0,1.0916797222224228,35.52448544491171,0.0
2026-09-28 06:00:00,13,43,2026-10-11 06:00:00,13 days 00:00:00,312,22.38,133.04,948.1,104.5,46.28900191892788,253.3079287336618,326.46035529488006,301.07089450834985,228.66622156097205,113.57365656151458,140.6114616094111,122.37417814278577,98.16795931625911,38.42255444984999,46.28900191892788,39.42274625804839,33.33308458214978
2026-09-28 06:00:00,13,43,2026-10-11 12:00:00,13 days 06:00:00,318,22.33,133.52,947.3,108.6,11.823021955510228,263.77139962657554,302.3726970368781,315.3098305553725,271.8026879577227,131.29846050134114,148.41501030014345,131.14573017851197,105.80252771010451,46.72971222089311,46.54592511464867,43.87587178756461,40.94419693951887
2026-09-28 06:00:00,13,43,2026-10-11 18:00:00,13 days 12:00:00,324,22.23,134.13,947.6,99.0,53.33481011806968,207.9579712927436,284.1759540439075,272.59272566913546,205.1386641369271,131.39346662607926,153.2250347237333,137.6627485428377,117.59467315081886,73.47775192164572,75.51023962434326,68.25682314778767,65.20611317582494
2026-09-28 06:00:00,13,43,2026-10-12 00:00:00,13 days 18:00:00,330,22.37,134.92,964.6,82.5,33.662276239790174,311.1501445654276,366.5695018228548,329.7617571715805,287.79842529262487,174.0969740912667,193.2038582927596,177.6732399424293,158.7362158066735,98.88815193428697,100.4514983373241,88.73119687749102,87.19545316904066
2026-09-28 06:00:00,13,43,2026-10-12 06:00:00,14 days 00:00:00,336,22.71,135.66,936.7,113.9,43.420623428909366,376.1584643395975,424.2227342246065,384.6973165917437,334.7506753180078,126.32315081609228,148.69325381247955,124.03420136296344,106.19397223061114,40.45259843951371,43.420623428909366,36.74150824047014,34.98265036168562
2026-09-28 06:00:00,13,43,2026-10-12 12:00:00,14 days 06:00:00,342,22.63,136.12,951.9,97.4,75.22119849796391,384.30170752171625,462.8274887517417,456.9170600357493,376.89529638086407,242.9957248070862,274.393780388691,253.5945917753077,225.56863138250569,147.4907099011366,153.84222321468042,134.5877916844624,130.99360494973712
2026-09-28 06:00:00,13,43,2026-10-12 18:00:00,14 days 12:00:00,348,23.06,136.69,953.3,93.7,55.71041431892654,356.4389010152568,403.382845292353,343.7140014667974,310.83289884296937,191.21058219711304,213.39825818629836,187.20534019187636,166.65147526696538,108.43818415282556,111.192806915249,95.5843034162514,93.18672050369383
2026-09-28 06:00:00,13,43,2026-10-13 00:00:00,14 days 18:00:00,354,23.74,137.63,951.6,88.5,90.3030831776506,357.4884070998446,394.3994837045036,322.90677258059645,287.69974029375294,175.6397909602356,200.03206894392883,168.20806977892016,156.8079522302122,109.25372657716326,110.44706192573231,90.59100536053496,93.8456957259466
2026-09-28 06:00:00,13,43,2026-10-13 06:00:00,15 days 00:00:00,360,24.55,137.85,951.6,82.8,88.2039179354313,449.3716579384012,485.4754316732459,398.3841381941994,393.22085322895344,247.7118052642344,255.8685273642425,207.77031052138423,217.11850972108255,119.71510573991196,125.44234937480776,102.9107641294314,104.7568405624176
2026-09-28 06:00:00,18,43,2026-10-06 18:00:00,8 days 12:00:00,204,20.64,-94.98,1007.2,33.6,76.95933882555707,0.0,0.0,0.0,0.0,0.0,0.0,0.0,0.0,0.0,0.0,0.0,0.0
2026-09-28 06:00:00,18,43,2026-10-07 00:00:00,8 days 18:00:00,210,20.9,-94.99,1005.3,33.4,85.00830536603476,0.0,0.0,0.0,0.0,0.0,0.0,0.0,0.0,0.0,0.0,0.0,0.0
2026-09-28 06:00:00,18,43,2026-10-07 06:00:00,9 days 00:00:00,216,21.2,-94.55,1001.7,38.2,86.91654766574871,86.91654766574871,55.75441958120385,29.27198913453204,47.69058334881201,0.0,0.0,0.0,0.0,0.0,0.0,0.0,0.0
2026-09-28 06:00:00,18,43,2026-10-07 12:00:00,9 days 06:00:00,222,22.22,-94.4,1002.5,36.0,114.55772773978651,5.447805145764505,114.55772773978651,0.0,0.0,0.0,0.0,0.0,0.0,0.0,0.0,0.0,0.0
2026-09-28 06:00:00,18,43,2026-10-07 18:00:00,9 days 12:00:00,228,22.57,-94.08,998.3,45.5,81.29023768162224,84.29258637679025,69.05905180915755,28.5568637947548,47.6057625832512,0.0,0.0,0.0,0.0,0.0,0.0,0.0,0.0
2026-09-28 06:00:00,18,43,2026-10-08 00:00:00,9 days 18:00:00,234,23.64,-93.57,991.5,54.2,84.29337671351868,174.61908795337467,148.88999156661657,89.20809215607915,115.06427756958306,84.29337671351868,33.314322990329515,20.683148449163923,26.68649061760283,0.0,0.0,0.0,0.0
2026-09-28 06:00:00,18,43,2026-10-08 06:00:00,10 days 00:00:00,240,24.28,-93.27,985.6,66.4,17.008203607897233,191.99213167614636,184.0560581087299,133.90968111285807,153.19156510662415,95.9033468492271,85.6638839880848,58.26666514112772,73.1360875335578,19.439106977285466,17.66431888920605,12.881246370272011,15.666201078381995
2026-09-28 06:00:00,18,43,2026-10-08 12:00:00,10 days 06:00:00,246,24.94,-92.75,981.6,71.4,39.37881580448922,229.9665459220941,230.48691375680684,126.35762505662196,166.22166595295124,89.90326690300914,81.38193930483948,61.58962763901486,70.50053538150524,25.18072075854326,39.37881580448922,21.340365951896697,19.4396985263905
2026-09-28 06:00:00,18,43,2026-10-08 18:00:00,10 days 12:00:00,252,25.64,-92.12,970.7,79.7,20.15181356771268,199.3739662038663,189.63381435234987,117.50650463524904,145.78266611690924,90.02253250287913,78.1457346685853,54.28770087100605,67.04791423323138,22.442536817428504,19.831308712104917,15.026689369141993,18.003504216324487
2026-09-28 06:00:00,18,43,2026-10-09 00:00:00,10 days 18:00:00,258,26.49,-91.88,963.8,85.0,27.74552689061926,236.1714518926825,244.7765646857053,169.18936249679314,163.84852535217118,125.51545593267062,127.84167126203394,96.77648259451216,103.54320487040688,75.61597730634686,72.85220786897504,58.425575401715285,64.59487390209378
2026-09-28 06:00:00,18,43,2026-10-09 06:00:00,11 days 00:00:00,264,27.14,-91.2,966.0,79.8,19.22978371469748,248.49582129548867,250.0071350593892,169.68118990641165,193.08064377038977,118.01892971808036,108.62612550061266,76.57268733728313,90.82063207279792,44.8921364297791,40.92925008744808,32.009538156762645,36.16245740824584
2026-09-28 06:00:00,18,43,2026-10-09 12:00:00,11 days 06:00:00,270,28.21,-90.39,965.1,99.7,31.307857475666044,184.0096200122358,215.5256575916551,151.71580325441226,118.65678312874137,34.94550357175187,38.53322967942978,21.59153897358905,20.37723820646848,0.1161320949659254,31.307857475666044,0.0,0.0
2026-09-28 06:00:00,18,43,2026-10-09 18:00:00,11 days 12:00:00,276,29.49,-89.99,965.7,71.2,90.94532551718645,328.0041619928305,323.88750816858584,191.6373988634106,222.56913227727145,172.0429659841791,166.21381705179738,127.98394233004242,140.7357573003835,64.00659286424448,90.94532551718645,50.73847083143548,55.75922412653578
2026-09-28 06:00:00,18,43,2026-10-10 00:00:00,11 days 18:00:00,282,31.2,-89.56,978.9,57.2,51.57411826581517,59.48190746144107,63.85724257292571,40.45366124433113,27.842445364258296,0.0,51.57411826581517,0.0,0.0,0.0,0.0,0.0,0.0
2026-09-28 06:00:00,18,43,2026-10-10 06:00:00,12 days 00:00:00,288,32.71,-89.62,997.5,30.1,68.38878908730436,0.0,0.0,0.0,0.0,0.0,0.0,0.0,0.0,0.0,0.0,0.0,0.0
2026-09-28 06:00:00,18,43,2026-10-10 12:00:00,12 days 06:00:00,294,34.59,-89.66,999.5,22.3,90.53588340656565,0.0,0.0,0.0,0.0,0.0,0.0,0.0,0.0,0.0,0.0,0.0,0.0
2026-09-28 06:00:00,18,43,2026-10-10 18:00:00,12 days 12:00:00,300,36.18,-89.01,995.0,26.6,141.11251534960363,0.0,0.0,0.0,0.0,0.0,0.0,0.0,0.0,0.0,0.0,0.0,0.0
2026-09-28 06:00:00,18,43,2026-10-11 00:00:00,12 days 18:00:00,306,38.1,-88.16,995.9,28.2,157.92117282397885,0.0,0.0,0.0,0.0,0.0,0.0,0.0,0.0,0.0,0.0,0.0,0.0
2026-09-28 06:00:00,18,43,2026-10-11 06:00:00,13 days 00:00:00,312,40.01,-87.2,1000.0,21.1,113.03894464007156,0.0,0.0,0.0,0.0,0.0,0.0,0.0,0.0,0.0,0.0,0.0,0.0
2026-09-28 06:00:00,18,43,2026-10-11 12:00:00,13 days 06:00:00,318,42.17,-84.35,996.6,22.9,121.079641021601,0.0,0.0,0.0,0.0,0.0,0.0,0.0,0.0,0.0,0.0,0.0,0.0
2026-09-28 06:00:00,18,43,2026-10-11 18:00:00,13 days 12:00:00,324,44.67,-81.89,999.5,29.8,195.03485942102785,0.0,0.0,0.0,0.0,0.0,0.0,0.0,0.0,0.0,0.0,0.0,0.0
2026-09-28 06:00:00,18,43,2026-10-12 00:00:00,13 days 18:00:00,330,47.51,-77.12,988.2,29.4,119.55718981477156,0.0,0.0,0.0,0.0,0.0,0.0,0.0,0.0,0.0,0.0,0.0,0.0
2026-09-28 06:00:00,21,43,2026-10-07 18:00:00,9 days 12:00:00,228,14.56,-103.17,1006.0,32.1,85.06682232161313,0.0,0.0,0.0,0.0,0.0,0.0,0.0,0.0,0.0,0.0,0.0,0.0
2026-09-28 06:00:00,21,43,2026-10-08 00:00:00,9 days 18:00:00,234,13.06,-103.55,1010.0,24.3,125.66375969786988,0.0,0.0,0.0,0.0,0.0,0.0,0.0,0.0,0.0,0.0,0.0,0.0
2026-09-28 06:00:00,21,43,2026-10-08 06:00:00,10 days 00:00:00,240,13.69,-102.98,1004.5,31.9,66.97461821876374,0.0,0.0,0.0,0.0,0.0,0.0,0.0,0.0,0.0,0.0,0.0,0.0
2026-09-28 06:00:00,21,43,2026-10-08 12:00:00,10 days 06:00:00,246,14.95,-103.19,1005.1,27.9,153.65578097313187,0.0,0.0,0.0,0.0,0.0,0.0,0.0,0.0,0.0,0.0,0.0,0.0
2026-09-28 06:00:00,21,43,2026-10-08 18:00:00,10 days 12:00:00,252,14.93,-103.31,999.5,29.3,87.00429094544455,0.0,0.0,0.0,0.0,0.0,0.0,0.0,0.0,0.0,0.0,0.0,0.0
2026-09-28 06:00:00,21,43,2026-10-09 00:00:00,10 days 18:00:00,258,15.48,-103.16,1002.1,32.4,88.8675487397994,0.0,0.0,0.0,0.0,0.0,0.0,0.0,0.0,0.0,0.0,0.0,0.0
2026-09-28 06:00:00,21,43,2026-10-09 06:00:00,11 days 00:00:00,264,15.66,-103.28,1001.7,33.0,58.00228958944166,0.0,0.0,0.0,0.0,0.0,0.0,0.0,0.0,0.0,0.0,0.0,0.0
2026-09-28 06:00:00,21,43,2026-10-09 12:00:00,11 days 06:00:00,270,16.3,-103.3,999.6,45.4,50.7799988029326,125.5403429796171,120.7506574533798,83.10845179148862,92.21898246611497,0.0,0.0,0.0,0.0,0.0,0.0,0.0,0.0
2026-09-28 06:00:00,21,43,2026-10-09 18:00:00,11 days 12:00:00,276,16.91,-103.4,993.8,50.4,50.52113740225259,119.71987074671564,105.10233970253353,77.36643637962385,92.02470360818828,50.52113740225259,21.334792192539584,12.43678339727346,17.775195200383376,0.0,0.0,0.0,0.0
2026-09-28 06:00:00,21,43,2026-10-10 00:00:00,11 days 18:00:00,282,17.83,-103.54,990.6,65.0,18.49287827490209,87.71648425240087,75.20791111487378,46.78637219967296,57.49845747559839,18.49287827490209,18.49287827490209,0.0,3.2849708669215687,18.49287827490209,0.0,0.0,0.0
2026-09-28 06:00:00,21,43,2026-10-10 06:00:00,12 days 00:00:00,288,19.16,-104.55,995.2,46.8,34.001776205816384,74.38860157349153,68.00369919848654,37.65534245797887,60.45660748174527,0.0,0.0,0.0,0.0,0.0,0.0,0.0,0.0
2026-09-28 06:00:00,21,43,2026-10-10 12:00:00,12 days 06:00:00,294,20.68,-105.23,994.6,49.3,25.69569830716484,148.9002177679023,139.5732297257165,101.57096516310212,122.31345014214664,0.0,0.0,0.0,0.0,0.0,0.0,0.0,0.0
2026-09-28 06:00:00,21,43,2026-10-10 18:00:00,12 days 12:00:00,300,21.69,-105.1,1002.4,31.7,62.14039891628036,0.0,0.0,0.0,0.0,0.0,0.0,0.0,0.0,0.0,0.0,0.0,0.0
2026-09-28 06:00:00,8,43,2026-10-01 06:00:00,3 days 00:00:00,72,17.66,151.65,1005.3,22.5,143.2324726749085,0.0,0.0,0.0,0.0,0.0,0.0,0.0,0.0,0.0,0.0,0.0,0.0
2026-09-28 06:00:00,8,43,2026-10-01 12:00:00,3 days 06:00:00,78,17.52,150.44,1006.5,19.0,101.89662430285614,0.0,0.0,0.0,0.0,0.0,0.0,0.0,0.0,0.0,0.0,0.0,0.0
2026-09-28 06:00:00,8,43,2026-10-01 18:00:00,3 days 12:00:00,84,17.65,150.5,1003.7,17.0,105.24717048425556,0.0,0.0,0.0,0.0,0.0,0.0,0.0,0.0,0.0,0.0,0.0,0.0
2026-09-28 06:00:00,8,43,2026-10-02 00:00:00,3 days 18:00:00,90,17.4,150.12,996.3,34.8,98.90143343035156,98.90143343035156,39.710452202866776,27.961219499385532,33.49643362967234,0.0,0.0,0.0,0.0,0.0,0.0,0.0,0.0
2026-09-28 06:00:00,8,43,2026-10-02 06:00:00,4 days 00:00:00,96,18.0,150.43,998.2,29.2,94.75379865939288,0.0,0.0,0.0,0.0,0.0,0.0,0.0,0.0,0.0,0.0,0.0,0.0
2026-09-28 06:00:00,8,43,2026-10-02 12:00:00,4 days 06:00:00,102,17.82,150.83,995.1,29.1,104.10664249956588,0.0,0.0,0.0,0.0,0.0,0.0,0.0,0.0,0.0,0.0,0.0,0.0
2026-09-28 06:00:00,8,43,2026-10-02 18:00:00,4 days 12:00:00,108,18.47,152.5,991.2,41.5,149.18209803958075,223.56721049195687,235.96680293792727,171.94202341284432,177.62426252838728,0.0,0.0,0.0,0.0,0.0,0.0,0.0,0.0
2026-09-28 06:00:00,8,43,2026-10-03 00:00:00,4 days 18:00:00,114,19.94,153.37,992.1,44.4,100.99673759986062,223.90018664156872,214.74651727740644,155.0557831903264,173.29941566034876,0.0,0.0,0.0,0.0,0.0,0.0,0.0,0.0
2026-09-28 06:00:00,8,43,2026-10-03 06:00:00,5 days 00:00:00,120,21.23,154.15,989.7,42.9,51.52535382740189,51.52535382740189,27.27862728417074,17.248769258220477,5.040333701309919,0.0,0.0,0.0,0.0,0.0,0.0,0.0,0.0
2026-09-28 06:00:00,8,43,2026-10-03 12:00:00,5 days 06:00:00,126,22.62,154.0,984.3,54.7,139.9786513292117,454.2479017768661,423.7826077039646,322.8278976169055,363.9909221914111,139.9786513292117,112.44391142466291,85.10258844585684,87.57034463972741,0.0,0.0,0.0,0.0
2026-09-28 06:00:00,8,43,2026-10-03 18:00:00,5 days 12:00:00,132,23.67,153.87,989.5,45.0,111.99502253016048,127.60835660614153,114.51482149101815,81.83856104948433,88.23294766697154,0.0,0.0,0.0,0.0,0.0,0.0,0.0,0.0
2026-09-28 06:00:00,8,43,2026-10-04 00:00:00,5 days 18:00:00,138,24.13,153.46,988.9,44.2,134.43029085789007,326.08012516163126,305.8182283526137,231.93438660186604,267.7557480342004,0.0,0.0,0.0,0.0,0.0,0.0,0.0,0.0
2026-09-28 06:00:00,8,43,2026-10-04 06:00:00,6 days 00:00:00,144,24.38,153.69,984.5,45.4,204.9732585458845,481.67565672990753,495.7515486078402,410.8640821528438,423.8856446725608,0.0,0.0,0.0,0.0,0.0,0.0,0.0,0.0
2026-09-28 06:00:00,8,43,2026-10-04 12:00:00,6 days 06:00:00,150,24.35,154.1,979.3,52.9,141.603838087956,375.9443801096686,376.6470012914997,301.36318574535824,322.504203904361,141.603838087956,0.501391115045049,0.0,0.0,0.0,0.0,0.0,0.0
2026-09-28 06:00:00,8,43,2026-10-04 18:00:00,6 days 12:00:00,156,24.96,153.73,982.1,50.6,135.32138839251718,424.0778278401299,419.8407414958864,357.0539735195376,362.73239565356414,51.40994826711042,135.32138839251718,40.17253068566026,40.19290781892898,0.0,0.0,0.0,0.0
2026-09-28 06:00:00,8,43,2026-10-05 00:00:00,6 days 18:00:00,162,25.49,153.56,978.7,58.1,66.84200807120774,494.2772557393031,458.5902366871522,368.9652823192598,428.94348876335096,225.82563134365017,209.0226131929735,163.6582818857804,175.2204357822937,0.0,0.0,0.0,0.0
2026-09-28 06:00:00,8,43,2026-10-05 06:00:00,7 days 00:00:00,168,25.98,153.19,965.1,74.3,61.38501194405979,337.1312403629888,323.7941611009785,260.42478709929736,280.6468419987213,160.0562935303604,149.00318369742135,120.54793567141384,135.4677417891645,61.38501194405979,42.4932034226257,34.501782096858165,39.68317603251094
2026-09-28 06:00:00,8,43,2026-10-05 12:00:00,7 days 06:00:00,174,25.84,152.27,972.3,65.0,48.626617831055015,276.0931674844288,247.72193078938653,229.8568898990599,247.36290800071092,108.63099322051846,97.05065912378176,78.1821690383697,84.93710962670536,2.900080908368496,2.024166446977772,0.8110006660693783,48.626617831055015
2026-09-28 06:00:00,8,43,2026-10-05 18:00:00,7 days 12:00:00,180,26.39,151.33,963.4,77.6,63.43779405861005,442.1267216024789,394.0119584409258,340.0595080333551,400.048411317257,244.7029571003659,229.87923209819564,195.8747117779203,210.9247308245176,93.09133171314352,86.66716561677003,73.51465118513988,80.93757755078786
2026-09-28 06:00:00,8,43,2026-10-06 00:00:00,7 days 18:00:00,186,27.12,150.79,957.4,82.4,5.984755208948723,315.7224315132718,294.5414646038123,255.3649966942528,275.4910408782825,147.53221535749253,138.51054234138525,108.51940739787972,119.09726843198636,35.06464010884903,31.245883910929813,25.04683447468756,29.27307900181472
2026-09-28 06:00:00,8,43,2026-10-06 06:00:00,8 days 00:00:00,192,28.56,149.73,963.8,83.4,28.54481384002611,237.3707980706472,219.3343115539485,168.68627709709608,184.01940422571624,135.14235167021548,124.90146627715173,98.65622737640672,110.35086415357466,60.3291575248025,55.57703627558004,45.77955447945675,50.89390271348657
2026-09-28 06:00:00,8,43,2026-10-06 12:00:00,8 days 06:00:00,198,30.02,149.0,964.8,75.9,66.33848149701541,394.3919032269077,342.26776268193817,298.3345448994993,311.7443451518004,188.96753494202977,179.88056173816315,146.3169856454764,155.4020378470873,60.8416984533818,66.33848149701541,50.5263330397176,54.57619919408985
2026-09-28 06:00:00,8,43,2026-10-06 18:00:00,8 days 12:00:00,204,31.65,148.99,968.4,74.2,19.52111153999981,356.62133591816126,328.0928235483063,249.65477467413604,269.0347189345854,174.94834822453032,176.44045498944507,134.43881479992802,143.08340559806788,58.038367712864925,54.069039591517154,44.08447702440812,48.39325592450757
2026-09-28 06:00:00,8,43,2026-10-07 00:00:00,8 days 18:00:00,210,33.93,149.18,966.9,76.5,35.84485804021378,204.36577669117307,235.9450662313082,186.25584792611343,149.2628338597431,84.95650228181387,87.7979563288007,62.54755388450986,64.57958205311398,35.84485804021378,18.403559778852586,12.66444683483364,15.59060742338654
2026-09-28 06:00:00,8,43,2026-10-07 06:00:00,9 days 00:00:00,216,36.42,150.58,973.1,67.0,42.68097243761798,206.00027520256785,268.48811169709865,205.2449204995022,141.1161528420736,72.89077258641734,78.84709904876377,52.190248278897,48.653527302909765,0.0,42.68097243761798,0.0,0.0
2026-09-28 06:00:00,8,43,2026-10-07 12:00:00,9 days 06:00:00,222,39.36,152.78,979.2,62.1,83.10674434892466,375.0584364773622,430.2635818945333,331.10068060418536,282.1410507481762,104.72035951058614,118.30968216463242,92.38205401427112,78.75842799122378,0.0,0.0,0.0,0.0
2026-09-28 06:00:00,8,43,2026-10-07 18:00:00,9 days 12:00:00,228,42.7,156.49,988.2,46.8,54.594793443260855,26.24514951947932,83.20016956161041,49.76977502429405,9.87964613563982,0.0,0.0,0.0,0.0,0.0,0.0,0.0,0.0
2026-09-28 06:00:00,8,43,2026-10-08 00:00:00,9 days 18:00:00,234,44.86,162.09,987.7,49.8,81.4619022896881,150.23241377465445,213.9054085762106,177.8884578143127,123.2609131617994,0.0,0.0,0.0,0.0,0.0,0.0,0.0,0.0
2026-09-28 06:00:00,8,43,2026-10-08 06:00:00,10 days 00:00:00,240,47.18,167.98,987.8,48.2,130.11509313848353,301.46092324376343,344.4379322042672,287.5551770556005,243.48742612186985,0.0,0.0,0.0,0.0,0.0,0.0,0.0,0.0
2026-09-28 06:00:00,8,43,2026-10-08 12:00:00,10 days 06:00:00,246,50.83,175.92,977.2,43.2,182.10289297746883,26.649794246370572,182.10289297746883,33.505763375397564,10.281131135603845,0.0,0.0,0.0,0.0,0.0,0.0,0.0,0.0
2026-09-28 06:00:00,AL062026,43,2026-09-28 06:00:00,0 days 00:00:00,0,28.3,-43.8,1012.0,25.0,56.0,0.0,0.0,0.0,0.0,0.0,0.0,0.0,0.0,0.0,0.0,0.0,0.0
2026-09-28 06:00:00,AL062026,43,2026-09-28 12:00:00,0 days 06:00:00,6,27.61,-44.28,1014.1,34.8,72.24026040311128,0.0,4.615373964881314,0.0,72.24026040311128,0.0,0.0,0.0,0.0,0.0,0.0,0.0,0.0
2026-09-28 06:00:00,AL062026,43,2026-09-28 18:00:00,0 days 12:00:00,12,27.17,-44.98,1009.9,28.5,76.97296938814002,0.0,0.0,0.0,0.0,0.0,0.0,0.0,0.0,0.0,0.0,0.0,0.0
2026-09-28 06:00:00,AL062026,43,2026-09-29 00:00:00,0 days 18:00:00,18,26.27,-45.33,1013.0,25.7,68.51966591882237,0.0,0.0,0.0,0.0,0.0,0.0,0.0,0.0,0.0,0.0,0.0,0.0
2026-09-28 06:00:00,AL912026(2),43,2026-09-28 06:00:00,0 days 00:00:00,0,36.3,-53.1,1013.0,29.0,148.0,0.0,0.0,0.0,0.0,0.0,0.0,0.0,0.0,0.0,0.0,0.0,0.0
2026-09-28 06:00:00,AL912026(2),43,2026-09-28 12:00:00,0 days 06:00:00,6,36.39,-50.95,1006.0,37.9,80.80340333918889,32.28015810695564,80.80340333918889,7.447284238992211,16.29567032017087,0.0,0.0,0.0,0.0,0.0,0.0,0.0,0.0
2026-09-28 06:00:00,AL912026(2),43,2026-09-28 18:00:00,0 days 12:00:00,12,36.28,-49.16,1001.5,36.9,38.56086411762664,22.744076597374672,38.56086411762664,13.663760065336929,14.236148453161604,0.0,0.0,0.0,0.0,0.0,0.0,0.0,0.0
2026-09-28 06:00:00,AL912026(2),43,2026-09-29 00:00:00,0 days 18:00:00,18,35.87,-47.55,1007.1,34.3,62.75439875000359,5.429273493200896,62.75439875000359,0.0,8.263655407622167,0.0,0.0,0.0,0.0,0.0,0.0,0.0,0.0
2026-09-28 06:00:00,AL912026(2),43,2026-09-29 06:00:00,1 days 00:00:00,24,35.06,-46.4,1006.2,33.8,142.57785821603878,0.0,0.0,0.0,0.0,0.0,0.0,0.0,0.0,0.0,0.0,0.0,0.0
2026-09-28 06:00:00,AL912026(2),43,2026-09-29 12:00:00,1 days 06:00:00,30,34.38,-44.9,1004.6,37.4,67.09412894032039,9.78681771356844,67.09412894032039,7.933162825434238,6.1162552370058165,0.0,0.0,0.0,0.0,0.0,0.0,0.0,0.0
2026-09-28 06:00:00,AL912026(2),43,2026-09-29 18:00:00,1 days 12:00:00,36,33.47,-43.84,1006.9,31.4,133.01098686723725,0.0,0.0,0.0,0.0,0.0,0.0,0.0,0.0,0.0,0.0,0.0,0.0
2026-09-28 06:00:00,AL912026(2),43,2026-09-30 00:00:00,1 days 18:00:00,42,32.89,-43.94,1007.1,29.8,62.437773033714606,0.0,0.0,0.0,0.0,0.0,0.0,0.0,0.0,0.0,0.0,0.0,0.0
2026-09-28 06:00:00,AL912026(2),43,2026-09-30 06:00:00,2 days 00:00:00,48,32.84,-43.29,1006.1,31.3,84.8954134606607,0.0,0.0,0.0,0.0,0.0,0.0,0.0,0.0,0.0,0.0,0.0,0.0
2026-09-28 06:00:00,AL912026(2),43,2026-09-30 12:00:00,2 days 06:00:00,54,32.64,-42.97,1008.9,30.5,65.58843614874405,0.0,0.0,0.0,0.0,0.0,0.0,0.0,0.0,0.0,0.0,0.0,0.0
2026-09-28 06:00:00,AL912026(2),43,2026-09-30 18:00:00,2 days 12:00:00,60,32.97,-42.42,1007.8,28.5,62.28386554938713,0.0,0.0,0.0,0.0,0.0,0.0,0.0,0.0,0.0,0.0,0.0,0.0
2026-09-28 06:00:00,AL912026(2),43,2026-10-01 00:00:00,2 days 18:00:00,66,33.24,-41.96,1010.4,25.5,65.39477352252715,0.0,0.0,0.0,0.0,0.0,0.0,0.0,0.0,0.0,0.0,0.0,0.0
2026-09-28 06:00:00,AL912026(2),43,2026-10-01 06:00:00,3 days 00:00:00,72,33.68,-41.45,1007.0,32.9,74.91593272231,0.0,0.0,0.0,0.0,0.0,0.0,0.0,0.0,0.0,0.0,0.0,0.0
2026-09-28 06:00:00,EP152026(2),43,2026-09-28 06:00:00,0 days 00:00:00,0,16.4,-160.8,929.0,134.0,28.0,241.0,185.0,148.0,204.0,93.0,74.0,74.0,93.0,56.0,46.0,37.0,46.0
2026-09-28 06:00:00,EP152026(2),43,2026-09-28 12:00:00,0 days 06:00:00,6,16.75,-161.96,934.2,132.1,10.43463902309678,196.7417834795845,133.3770768835575,97.60154088955716,177.8388198448854,73.1354174432174,53.07358963266516,40.60760900412225,65.04937119490782,58.5946323533432,47.88697107883076,40.60760900412225,51.720478542422256
2026-09-28 06:00:00,EP152026(2),43,2026-09-28 18:00:00,0 days 12:00:00,12,17.32,-162.77,947.9,122.3,28.63033414983713,196.88169432663204,153.57287721285476,120.2265871951185,159.5230697046258,77.80379881954235,56.157463720232485,35.364735040177294,65.49804842785544,46.63453689004348,38.76926427858927,26.95487129677138,39.5546345200756
2026-09-28 06:00:00,EP152026(2),43,2026-09-29 00:00:00,0 days 18:00:00,18,18.5,-163.46,955.3,100.0,19.58260103041772,178.7783901551778,138.00915968012748,102.95147841238688,158.51175259563055,93.03603620680956,67.52217423221711,47.60293213703396,76.59571219136743,62.86284350615098,53.30565493547702,41.59921584647641,54.87576846896733
2026-09-28 06:00:00,EP152026(2),43,2026-09-29 06:00:00,1 days 00:00:00,24,19.4,-163.92,958.8,106.8,4.038824131075671,228.47112691872096,206.34133981071864,143.79739608633827,197.72907085710904,114.7287770747862,97.46475738786285,68.1975837261325,91.7382116208646,65.35999771148181,58.28697593602647,47.351889933705024,57.7860266622356
2026-09-28 06:00:00,EP152026(2),43,2026-09-29 12:00:00,1 days 06:00:00,30,20.34,-164.22,963.0,92.2,4.8565296223042935,173.01369266445903,150.80561259529475,94.40298524589318,130.4065293873172,73.07500175560676,54.869446051845614,31.717212868053277,55.5885667793429,35.02132617820867,29.391142667561905,20.786520802927967,30.446407710045023
2026-09-28 06:00:00,EP152026(2),43,2026-09-29 18:00:00,1 days 12:00:00,36,21.5,-164.33,976.1,74.5,46.253385674393314,258.94478555587625,221.1845454253421,130.9962786190547,209.58928541533487,156.68045383543472,124.85867026198412,89.208489979805,122.71547286197324,58.1196409690138,50.09147508521863,38.983477446766585,50.900760271167314
2026-09-28 06:00:00,EP152026(2),43,2026-09-30 00:00:00,1 days 18:00:00,42,22.03,-164.24,980.1,73.0,27.25929040778905,198.6768748168948,182.43202328617923,127.79311868611984,158.98594438631096,27.25929040778905,27.25929040778905,0.923119090921198,12.991552761810013,0.8125405149746032,27.25929040778905,0.0,0.0501927521184994
2026-09-28 06:00:00,EP152026(2),43,2026-09-30 06:00:00,2 days 00:00:00,48,22.88,-164.47,979.5,68.7,13.794555590781757,181.05541349437328,179.97642210324946,136.43646513154476,151.47213100743647,59.49560798013752,54.21978190843021,36.03977920528376,44.311089996458016,13.794555590781757,1.2867434748637097,0.6896087496050232,1.3882583833240625
2026-09-28 06:00:00,EP152026(2),43,2026-09-30 12:00:00,2 days 06:00:00,54,23.01,-164.55,986.0,58.7,74.63650609530679,178.6742702633389,165.8059830851523,127.38552685848202,152.14914728597347,0.6129955592181315,0.0,0.0,74.63650609530679,0.0,0.0,0.0,0.0
2026-09-28 06:00:00,EP152026(2),43,2026-09-30 18:00:00,2 days 12:00:00,60,22.93,-164.89,997.6,47.9,83.49072427867364,293.43822665602846,268.5454001626396,216.45318262492964,243.19349997077347,0.0,0.0,0.0,0.0,0.0,0.0,0.0,0.0
2026-09-28 06:00:00,EP152026(2),43,2026-10-01 00:00:00,2 days 18:00:00,66,22.95,-165.39,992.5,49.9,34.09065278480682,34.09065278480682,21.178609770272544,16.44707623167966,26.63460247170053,0.0,0.0,0.0,0.0,0.0,0.0,0.0,0.0
2026-09-28 06:00:00,EP152026(2),43,2026-10-01 06:00:00,3 days 00:00:00,72,23.33,-166.37,985.4,49.4,96.4496265633784,203.41991816358407,158.30456357302342,118.908478864166,173.81706228550797,0.0,0.0,0.0,0.0,0.0,0.0,0.0,0.0
2026-09-28 06:00:00,EP152026(2),43,2026-10-01 12:00:00,3 days 06:00:00,78,23.32,-167.01,989.2,54.8,78.0548686748823,259.2610765351413,220.9358651672482,191.1780542733748,231.4185517651011,78.0548686748823,21.7796331198324,13.07398862393238,28.014458197008445,0.0,0.0,0.0,0.0
2026-09-28 06:00:00,EP152026(2),43,2026-10-01 18:00:00,3 days 12:00:00,84,23.05,-167.5,986.1,58.6,39.78009406961653,296.53344506191377,242.16198379408135,201.86214370451245,280.7428966045527,133.5375314628401,116.2340313655661,88.19759088926054,111.27318547724866,0.0,0.0,0.0,0.0
2026-09-28 06:00:00,EP152026(2),43,2026-10-02 00:00:00,3 days 18:00:00,90,23.17,-168.0,985.6,57.2,66.49371423999088,186.75192713303304,162.05236350008084,132.86605425908425,169.54463886761346,66.49371423999088,17.206333972131763,8.9030162667588,18.95278050311216,0.0,0.0,0.0,0.0
2026-09-28 06:00:00,EP152026(2),43,2026-10-02 06:00:00,4 days 00:00:00,96,23.44,-168.43,979.6,68.0,34.4355780548409,271.9575527557569,248.85623557071125,210.1463032301786,243.58054097734052,38.453418512909465,28.28741469564384,16.62728622450143,29.344573367337837,34.4355780548409,0.0,0.0,0.0
2026-09-28 06:00:00,EP152026(2),43,2026-10-02 12:00:00,4 days 06:00:00,102,23.7,-168.34,984.1,61.8,57.33021421664984,304.0778589195852,259.2764934785583,200.0358608441178,270.4022729992097,150.52702830926643,137.94989333673453,104.74546191091488,125.0403594810841,0.0,0.0,0.0,0.0
2026-09-28 06:00:00,EP152026(2),43,2026-10-02 18:00:00,4 days 12:00:00,108,23.75,-168.96,977.2,68.1,47.90715141110837,244.99444728985537,196.73187922511184,161.90126856963667,223.3695103306614,115.3034930207451,100.58834417029198,83.08747785180299,100.8306933334778,47.90715141110837,32.517693229542665,25.782999479579104,30.67715011891489
2026-09-28 06:00:00,EP152026(2),43,2026-10-03 00:00:00,4 days 18:00:00,114,23.68,-169.34,981.1,61.4,22.826083672250647,278.1171193126047,229.6347954667525,196.8169008894677,258.20016516700537,86.61105092521223,69.2082509458846,50.201693947221926,68.97638542391255,0.0,0.0,0.0,0.0
2026-09-28 06:00:00,EP152026(2),43,2026-10-03 06:00:00,5 days 00:00:00,120,23.7,-170.16,979.8,70.2,54.370822542174686,212.36502834599267,165.94937830693598,120.77313530158338,156.50212652472325,6.053253875146115,0.0,0.0,54.370822542174686,0.0,0.0,0.0,54.370822542174686
2026-09-28 06:00:00,EP152026(2),43,2026-10-03 12:00:00,5 days 06:00:00,126,23.4,-171.61,980.7,66.6,50.53094703046766,242.8898667611772,191.23074826285824,156.37042723377834,221.3008875904737,91.63626225567292,70.92159644723208,51.131081516750925,75.18771103141509,50.53094703046766,1.009088258438998,0.0,2.914924006736947
2026-09-28 06:00:00,EP152026(2),43,2026-10-03 18:00:00,5 days 12:00:00,132,23.23,-173.05,979.5,67.4,51.08354692531656,238.38888086158437,185.09778563662573,138.71930768880986,202.37992717118857,99.52912689644374,77.88434696880718,57.773998308513015,78.95862674143319,51.08354692531656,16.593450729907627,12.292228311816352,17.55438892522409
2026-09-28 06:00:00,EP152026(2),43,2026-10-04 00:00:00,5 days 18:00:00,138,23.36,-174.42,983.5,62.2,29.922748804132905,185.50721518427548,152.44674857142363,107.83511912382818,152.35886230603614,50.38605073374478,31.25432468125377,17.333571973818454,36.31498791441549,0.0,0.0,0.0,0.0
2026-09-28 06:00:00,EP152026(2),43,2026-10-04 06:00:00,6 days 00:00:00,144,23.73,-175.93,983.6,65.2,46.12615013887552,232.10514217575144,177.53404241026524,121.79596847849994,190.1617822066256,104.07319768154538,74.45645479476056,47.14778108402465,75.1622956024085,46.12615013887552,0.0,0.0,1.6310013850793477
2026-09-28 06:00:00,EP152026(2),43,2026-10-04 12:00:00,6 days 06:00:00,150,24.29,-177.69,981.2,70.3,42.96827414002419,262.9292615347947,234.69524013362013,182.33357326109984,218.2160725808476,42.96827414002419,16.704807642684028,6.861752028245399,18.013058763029143,42.96827414002419,0.0,0.0,1.170632347061889
2026-09-28 06:00:00,EP152026(2),43,2026-10-04 18:00:00,6 days 12:00:00,156,25.37,-179.4,974.7,76.0,43.92779943498539,243.8253573179033,202.61340037417463,123.0602222936818,184.49532727199653,129.29815641698988,104.61240149956524,75.53327556757488,101.59922695620747,50.439089655621466,44.3086345521894,34.38950275117755,43.05038325497645
2026-09-28 06:00:00,EP152026(2),43,2026-10-05 00:00:00,6 days 18:00:00,162,26.19,178.97,985.4,65.8,44.603975275904446,282.81121169807864,226.42701931828125,166.91219915204917,231.778526272869,131.75856063880892,100.38600731618848,68.74283309752727,100.50585748573371,44.603975275904446,26.75430894503127,18.558012705529634,26.817659282862223
2026-09-28 06:00:00,EP152026(2),43,2026-10-05 06:00:00,7 days 00:00:00,168,26.86,177.87,983.7,74.3,44.59425769242277,205.94326699559463,164.5450381150666,120.39925870966955,174.46717200461237,78.77830099684144,52.99639658263922,34.470418360710816,60.57007374806829,44.59425769242277,16.399261601926852,12.20633200127057,18.019233178327724
2026-09-28 06:00:00,EP152026(2),43,2026-10-05 12:00:00,7 days 06:00:00,174,27.74,176.78,977.9,76.6,22.02719805901448,216.38942640583096,169.5632692389057,108.63221628544866,172.85465035252608,75.1728667870593,52.50114917986251,27.70739180102735,52.034676777666846,22.02719805901448,5.943055372631589,2.9803678491537866,9.15006759591259
2026-09-28 06:00:00,EP152026(2),43,2026-10-05 18:00:00,7 days 12:00:00,180,28.48,175.84,975.5,80.3,24.841309014459995,177.72988728397365,140.7342769165242,80.11847290119869,127.82253010121872,58.863491888155096,39.52409635616327,19.639307555028125,42.14957705459358,24.841309014459995,12.207894792534802,6.5711330279597,13.054389382361478
2026-09-28 06:00:00,EP152026(2),43,2026-10-06 00:00:00,7 days 18:00:00,186,29.01,175.21,982.4,64.2,23.308218555825817,206.7912284160564,161.14951692213805,122.85439388159242,176.87944890994913,44.14553557772968,28.465504438765684,15.625110213307044,28.62073448087675,23.308218555825817,0.0,0.0,0.3674092020881447
2026-09-28 06:00:00,EP152026(2),43,2026-10-06 06:00:00,8 days 00:00:00,192,29.38,174.82,984.4,64.9,27.26858182163392,205.09917287084585,186.6226389921064,148.9019823343686,175.11503490591235,55.18002327137072,43.26756644290714,26.32490562865944,40.069794154018,27.26858182163392,0.0,0.0,0.0
2026-09-28 06:00:00,EP152026(2),43,2026-10-06 12:00:00,8 days 06:00:00,198,28.7,174.41,990.2,57.3,46.64687236396303,340.6631502734341,309.0936022977804,270.0553165553485,340.968513486429,136.8898311868919,119.46235050604996,98.29684407745678,107.5758139021979,0.0,0.0,0.0,0.0
2026-09-28 06:00:00,EP152026(2),43,2026-10-06 18:00:00,8 days 12:00:00,204,27.85,173.74,994.2,50.0,52.74874458486647,263.68203896265186,244.54057663550336,205.1590963556955,232.95728226546635,52.74874458486647,28.3498344304312,20.224008724620266,26.30811244223696,0.0,0.0,0.0,0.0
2026-09-28 06:00:00,EP152026(2),43,2026-10-07 00:00:00,8 days 18:00:00,210,27.21,172.74,999.2,35.8,77.69589661440222,77.69589661440222,26.668707468695253,28.02257771173558,39.97378356804866,0.0,0.0,0.0,0.0,0.0,0.0,0.0,0.0
2026-09-28 06:00:00,EP152026(2),43,2026-10-07 06:00:00,9 days 00:00:00,216,26.46,171.2,1003.3,34.1,65.97485650470995,65.97485650470995,3.3273488307962538,0.0,19.67144736308307,0.0,0.0,0.0,0.0,0.0,0.0,0.0,0.0
2026-09-28 06:00:00,EP152026(2),43,2026-10-07 12:00:00,9 days 06:00:00,222,25.92,169.91,999.7,34.8,127.45756813611696,4.24982250209365,127.45756813611696,0.1975272089928808,0.0,0.0,0.0,0.0,0.0,0.0,0.0,0.0,0.0
2026-09-28 06:00:00,EP172026,43,2026-09-28 06:00:00,0 days 00:00:00,0,23.2,-114.0,955.0,105.0,28.0,167.0,148.0,148.0,148.0,102.0,93.0,83.0,83.0,65.0,65.0,65.0,65.0
2026-09-28 06:00:00,EP172026,43,2026-09-28 12:00:00,0 days 06:00:00,6,24.28,-113.88,962.2,88.4,5.083840884353998,175.67567037149746,184.76931878304464,113.1222207249914,124.90163227192768,84.1855711879259,75.08215090677925,46.88524226853531,63.79528309769357,40.73585626640066,36.638024026985725,27.5785912666372,33.93975051493459
2026-09-28 06:00:00,EP172026,43,2026-09-28 18:00:00,0 days 12:00:00,12,24.98,-113.38,957.6,95.2,0.0,137.54516815061464,176.48307628097976,139.349713187256,96.4601639491111,0.3443033183841457,5.047295582316117,0.0,0.0,0.0,0.0,0.0,0.0
2026-09-28 06:00:00,EP172026,43,2026-09-29 00:00:00,0 days 18:00:00,18,25.83,-113.01,957.6,92.6,0.0,60.71663047280995,107.82731875878562,80.5763660534933,32.93063362130944,0.0,7.481092941148301,0.0,0.0,0.0,0.0,0.0,0.0
2026-09-28 06:00:00,EP172026,43,2026-09-29 06:00:00,1 days 00:00:00,24,26.44,-111.77,973.3,71.0,36.45958629266977,157.1445997688097,170.82612222696184,122.98325617003104,121.48429387952577,36.45958629266977,45.69765245312337,27.66749152531804,27.39671527868171,36.45958629266977,8.839379039542564,6.253206609574018,6.142572152251681
2026-09-28 06:00:00,EP172026,43,2026-09-29 12:00:00,1 days 06:00:00,30,27.68,-110.87,986.6,58.8,4.604863558164016,70.91555561728785,105.2587391509156,79.70083078568055,53.74033331828784,4.473326443384557,5.315067757505736,0.7172141795478963,1.8162163820777888,0.0,0.0,0.0,0.0
2026-09-28 06:00:00,EP172026,43,2026-09-29 18:00:00,1 days 12:00:00,36,29.31,-109.3,1002.7,21.2,103.02321418158948,0.0,0.0,0.0,0.0,0.0,0.0,0.0,0.0,0.0,0.0,0.0,0.0
2026-09-28 06:00:00,EP182026,43,2026-09-28 06:00:00,0 days 00:00:00,0,13.2,-100.0,1001.0,41.0,93.0,222.0,185.0,148.0,222.0,0.0,0.0,0.0,0.0,0.0,0.0,0.0,0.0
2026-09-28 06:00:00,EP182026,43,2026-09-28 12:00:00,0 days 06:00:00,6,13.46,-100.77,993.1,54.8,45.95195380549304,206.9318185769837,168.59167898030506,113.39679231763326,169.5723979511478,72.2651222269303,50.00395216904899,32.013843433446176,48.03306670478861,0.0,0.0,0.0,0.0
2026-09-28 06:00:00,EP182026,43,2026-09-28 18:00:00,0 days 12:00:00,12,13.66,-101.52,983.7,61.6,70.25736885607193,191.208662215854,157.82950254987372,133.17936171053952,157.15167659897816,0.8900692453851207,0.0,0.0,70.25736885607193,0.0,0.0,0.0,0.0
2026-09-28 06:00:00,EP182026,43,2026-09-29 00:00:00,0 days 18:00:00,18,14.04,-102.63,986.2,65.3,28.83284264284072,120.45171886828928,105.53793963836335,88.3713126060718,102.10537606775358,28.83284264284072,1.904196604625097,0.0,6.19164292187102,28.83284264284072,0.0,0.0,0.0
2026-09-28 06:00:00,EP182026,43,2026-09-29 06:00:00,1 days 00:00:00,24,14.15,-103.69,983.7,74.9,52.52609718647008,217.65104936045807,177.6032322306112,113.91767109509678,175.84724822155982,56.47167837000528,41.04489207360285,26.350262064519228,38.58425411636525,52.52609718647008,0.0,0.0,0.6966802851734952
2026-09-28 06:00:00,EP182026,43,2026-09-29 12:00:00,1 days 06:00:00,30,15.0,-104.68,984.8,65.2,9.671991588728147,128.4421383660728,117.5947931688109,92.0657592997802,114.1438834303964,9.671991588728147,2.770133781796053,0.0,5.706544967218735,9.671991588728147,0.0,0.0,0.0
2026-09-28 06:00:00,EP182026,43,2026-09-29 18:00:00,1 days 12:00:00,36,15.21,-105.67,985.0,65.7,31.551409946166984,168.15097662421795,144.88729064878223,86.64675959204862,136.14989894216058,37.59555106335756,23.76621187760968,10.280971720264496,23.525113576141575,31.551409946166984,0.0,0.0,0.0
2026-09-28 06:00:00,EP182026,43,2026-09-30 00:00:00,1 days 18:00:00,42,16.34,-106.51,983.2,72.5,15.79055037219166,167.9018875207371,140.15973303318106,99.69255496307164,129.32918421110082,15.79055037219166,6.646473642188067,1.3853614715479343,6.874051487394297,15.79055037219166,0.0,0.0,0.0
2026-09-28 06:00:00,EP182026,43,2026-09-30 06:00:00,2 days 00:00:00,48,16.84,-106.99,972.6,81.9,18.806694273623293,206.18528001720432,192.01542769655944,127.6058264737079,169.27943309645863,86.50245470905611,71.97321489821714,50.39293901387411,71.54255835807871,41.12109552019398,36.70813737208861,28.40801473906652,33.81507290432266
2026-09-28 06:00:00,EP182026,43,2026-09-30 12:00:00,2 days 06:00:00,54,17.75,-107.4,976.9,73.2,17.956667477102428,175.02751372466264,159.8903845030327,114.29249701689788,131.09577617719833,76.69689974458015,59.423261431028095,38.042970090737526,57.21716137043177,18.27371819662551,14.67713919185735,9.610976587787604,13.50015495262494
2026-09-28 06:00:00,EP182026,43,2026-09-30 18:00:00,2 days 12:00:00,60,18.23,-107.98,961.3,102.2,35.9380515664751,231.76845928038904,215.2764889991244,152.6240713012904,168.81100678968386,110.46531753321008,104.25318885829071,75.61095633519486,90.92700541238672,61.80202228278389,58.622503527788965,46.22650222964866,51.833533428355466
2026-09-28 06:00:00,EP182026,43,2026-10-01 00:00:00,2 days 18:00:00,66,18.91,-108.31,962.6,100.0,29.60335606945144,133.7854950423442,124.18230642890092,102.73081766834258,98.14901787327224,59.93359476655998,50.06496981381001,33.8186975028009,46.84610466535592,35.884454286811646,30.46044142614063,24.0622968967739,29.64525948793644
2026-09-28 06:00:00,EP182026,43,2026-10-01 06:00:00,3 days 00:00:00,72,19.41,-108.54,947.1,120.5,0.0,164.39210134323272,148.4114551852877,125.14964299332972,146.9500517905322,68.60000803190553,56.36506478196725,42.90255249591394,59.18156941000591,50.25461022217047,45.00885400194292,36.32420125236828,43.93324044809527
2026-09-28 06:00:00,EP182026,43,2026-10-01 12:00:00,3 days 06:00:00,78,19.66,-109.29,951.7,108.4,17.985734799776598,184.4187007799972,153.07464108019292,122.79853376558684,168.51616125087165,107.50538901986418,90.2494159756081,68.41573878523062,95.48356380488111,60.7349233742096,53.24183548613023,43.84537912682393,52.84104852862673
2026-09-28 06:00:00,EP182026,43,2026-10-01 18:00:00,3 days 12:00:00,84,19.79,-109.46,945.6,108.6,38.02997984977961,177.14991751767283,171.78231490082194,140.49606052013368,156.000860818811,84.2790058953584,72.16223234511266,52.390049964396496,70.25722284494113,58.91933402129381,50.00313530124565,40.28277913544309,48.48486099427627
2026-09-28 06:00:00,EP182026,43,2026-10-02 00:00:00,3 days 18:00:00,90,19.89,-109.89,953.9,103.9,55.25082522437526,198.5658367456191,184.5334912916577,158.72162901674483,179.8201411870914,97.02112820808804,85.12783636568798,71.99170235498892,89.00994739266366,68.91460943675747,61.73683506686294,51.96033297348024,60.39474818300914
2026-09-28 06:00:00,EP182026,43,2026-10-02 06:00:00,4 days 00:00:00,96,19.82,-110.22,959.2,100.9,20.05248521071558,242.25645351419664,195.3521795953229,194.78265571750688,232.45678825662543,140.47779859374285,121.57049964774907,100.57134379829223,127.1356884768198,93.27702894739436,81.52403189100144,67.77103595723068,81.78497566946324
2026-09-28 06:00:00,EP182026,43,2026-10-02 12:00:00,4 days 06:00:00,102,20.08,-110.48,957.2,93.5,48.45554630120768,194.8602976913346,156.66858649905794,145.76508077042672,188.903657957409,106.60790763786758,91.74022850585789,77.92665623349114,104.68439934631476,77.6324611283178,69.34073745604212,57.284285721736296,68.22183720422811
2026-09-28 06:00:00,EP182026,43,2026-10-02 18:00:00,4 days 12:00:00,108,20.26,-111.25,957.0,97.2,43.56770382453038,156.49347587155694,132.1820627590855,126.24019649047284,156.7924142766617,84.86421406966724,64.12304393257796,47.58079609770755,75.11268282800154,53.59896202789116,47.84127803210532,37.85165644120696,46.65092874489119
2026-09-28 06:00:00,EP182026,43,2026-10-03 00:00:00,4 days 18:00:00,114,20.62,-112.02,952.9,106.2,22.67666873345783,244.12199268983392,197.00509003175887,154.22573535276098,230.34748094076636,130.96127313733933,100.80228153767342,78.82899572585316,109.24685856376212,72.27997537348301,62.0841553072374,50.87392993085267,63.56245695199914
2026-09-28 06:00:00,EP182026,43,2026-10-03 06:00:00,5 days 00:00:00,120,20.56,-112.91,968.5,91.3,32.87728966777277,199.1247250929568,145.10027362021003,115.91037587601738,167.00166880491616,104.50673016864592,82.08554158983276,63.510096856993215,92.2952609669287,59.90080737314503,51.09635770331772,42.43636115770703,53.55948557494678
2026-09-28 06:00:00,EP182026,43,2026-10-03 12:00:00,5 days 06:00:00,126,20.9,-113.74,975.7,76.1,34.658236901273774,135.80135866968317,114.80217628168528,102.96231338528578,133.36701859841116,62.57311963538943,50.91080394851613,44.83241612139981,57.58061127123064,39.78562864342068,34.47668693124237,29.601137829431966,34.27982896843932
2026-09-28 06:00:00,EP182026,43,2026-10-03 18:00:00,5 days 12:00:00,132,20.81,-114.52,977.3,69.0,26.662552007437316,155.28976706901074,128.35433667256407,112.51115175362165,137.23848813106008,71.62403958673704,60.04692700836517,47.474269119778384,64.62183478186012,29.6799950608537,25.301639714786987,19.92501291254964,24.368693685767973
2026-09-28 06:00:00,EP182026,43,2026-10-04 00:00:00,5 days 18:00:00,138,21.3,-115.26,981.9,70.0,14.436879682483186,119.9874357445492,94.52910072018648,79.0318440024771,102.65492748771702,67.78943948725204,52.17145517981774,35.31980347013443,56.12437750990554,30.77404486547396,25.363714827266044,20.077435304449764,25.84002197758612
2026-09-28 06:00:00,EP182026,43,2026-10-04 06:00:00,6 days 00:00:00,144,21.45,-116.21,987.9,64.0,38.86423534861808,115.16294148567522,96.25933957058098,83.83051272410867,117.99397586170112,39.88379667327628,25.846525782558288,18.01687811159465,34.74730133330331,0.0,0.0,0.0,0.0
2026-09-28 06:00:00,EP182026,43,2026-10-04 12:00:00,6 days 06:00:00,150,21.58,-117.16,973.4,79.5,8.367847248097995,151.46601971339294,117.9475483243302,104.83087369860448,149.57272093710444,86.36618247164054,65.36508176286374,50.45207747761633,72.76474461787082,45.25837446932965,38.19694999549068,30.77069622239236,38.76687026294816
2026-09-28 06:00:00,EP182026,43,2026-10-04 18:00:00,6 days 12:00:00,156,21.68,-117.86,986.0,67.3,46.62912979678032,131.1152944127762,113.13116922380772,100.924333561717,132.76144124220446,51.84287924587678,36.19296360298023,23.81112350420416,43.63473453868904,46.62912979678032,2.095342346171147,0.7070727031076358,3.293854213989677
2026-09-28 06:00:00,EP182026,43,2026-10-05 00:00:00,6 days 18:00:00,162,21.58,-118.63,975.2,74.9,23.95492714887104,185.03581773908732,145.11665761846575,133.72004884866016,181.8095803115641,89.94233459028044,70.4562167102778,55.63123671655156,78.98034181558397,50.82944830510091,42.13475881565497,36.53591797821681,44.29433136577461
2026-09-28 06:00:00,EP182026,43,2026-10-05 06:00:00,7 days 00:00:00,168,21.78,-119.23,977.3,67.6,21.18207983025289,124.71209142982808,118.65280175648834,114.52056121427302,131.89103122642783,67.02637049403296,59.259502026644725,52.05634462445927,62.62573806007271,41.78469393985012,37.19318539266547,31.68093741489082,35.74233125798689
2026-09-28 06:00:00,EP182026,43,2026-10-05 12:00:00,7 days 06:00:00,174,21.77,-119.65,981.5,68.6,3.4755289021290814,104.3536380156619,81.5254365567238,81.09185294434367,109.62561993665538,49.28738826521492,36.75510311488162,28.635682755863428,49.3000025225217,27.538499031129987,23.378935990324223,17.680197932851158,22.68727461082344
2026-09-28 06:00:00,EP182026,43,2026-10-05 18:00:00,7 days 12:00:00,180,21.51,-120.39,975.8,82.7,34.26756693202097,105.85428822033464,74.69590790023233,94.12881735112752,124.90620488221646,64.60067253796998,46.93707172264018,40.15810082022273,62.52438442302707,49.08903177740328,41.03112117696023,34.598665481590416,42.44835688041138
2026-09-28 06:00:00,EP182026,43,2026-10-06 00:00:00,7 days 18:00:00,186,21.83,-121.08,978.2,71.2,5.559501127246662,137.55770507213217,98.94248226191016,87.80779906105258,135.88700942421042,70.61183859247438,50.49672753693744,34.97708823346672,59.83648083250429,37.98568712953747,30.46498970688013,24.660711107102703,32.81484753925131
2026-09-28 06:00:00,EP182026,43,2026-10-06 06:00:00,8 days 00:00:00,192,21.82,-121.79,995.5,53.0,40.156278529157184,139.69619548146576,104.65356211508076,89.02859327020967,139.86976300031796,53.04508339828533,36.68139187597316,27.65496808128925,43.052554380818535,0.0,0.0,0.0,0.0
2026-09-28 06:00:00,EP182026,43,2026-10-06 12:00:00,8 days 06:00:00,198,21.94,-122.29,991.5,59.9,22.05136396567064,87.29822112733278,69.12848427047226,84.58416504293602,104.53324382516676,32.859009382561084,21.48315489524828,11.706428767870854,31.49452311858833,0.0,0.0,0.0,0.0
2026-09-28 06:00:00,EP182026,43,2026-10-06 18:00:00,8 days 12:00:00,204,21.92,-122.79,994.1,49.6,23.13624507226197,108.28411164238447,81.57294350458454,83.18168918369449,110.3192806738007,0.0,0.0,0.0,0.0,0.0,0.0,0.0,0.0
2026-09-28 06:00:00,EP182026,43,2026-10-07 00:00:00,8 days 18:00:00,210,22.41,-123.47,1000.8,39.8,43.177427799963205,43.177427799963205,22.22642373568314,31.939418409198574,31.491016812764137,0.0,0.0,0.0,0.0,0.0,0.0,0.0,0.0
2026-09-28 06:00:00,EP182026,43,2026-10-07 06:00:00,9 days 00:00:00,216,22.75,-124.13,998.5,41.0,51.12454834944917,51.61677102449147,46.35241709244076,37.95829318553599,48.712960870884665,0.0,0.0,0.0,0.0,0.0,0.0,0.0,0.0
2026-09-28 06:00:00,EP182026,43,2026-10-07 12:00:00,9 days 06:00:00,222,23.14,-124.68,995.1,46.4,76.59080979641485,162.09466628286043,141.5163057677844,92.0576077778631,123.555642993922,0.0,0.0,0.0,0.0,0.0,0.0,0.0,0.0
2026-09-28 06:00:00,EP182026,43,2026-10-07 18:00:00,9 days 12:00:00,228,23.37,-125.67,1002.2,35.9,71.50649661021036,113.88034915286828,87.21738263610037,55.85284178495291,92.40166533024868,0.0,0.0,0.0,0.0,0.0,0.0,0.0,0.0
2026-09-28 06:00:00,EP182026,43,2026-10-08 00:00:00,9 days 18:00:00,234,23.73,-126.42,1002.2,32.7,53.64094513480818,0.0,0.0,0.0,0.0,0.0,0.0,0.0,0.0,0.0,0.0,0.0,0.0
2026-09-28 06:00:00,EP182026,43,2026-10-08 06:00:00,10 days 00:00:00,240,23.97,-127.02,1003.6,32.1,47.49904841290234,0.0,0.0,0.0,0.0,0.0,0.0,0.0,0.0,0.0,0.0,0.0,0.0
2026-09-28 06:00:00,EP182026,43,2026-10-08 12:00:00,10 days 06:00:00,246,24.22,-127.44,1007.0,28.2,104.89591320557577,0.0,0.0,0.0,0.0,0.0,0.0,0.0,0.0,0.0,0.0,0.0,0.0
2026-09-28 06:00:00,EP182026,43,2026-10-08 18:00:00,10 days 12:00:00,252,24.59,-127.65,1004.4,29.7,82.07124311662992,0.0,0.0,0.0,0.0,0.0,0.0,0.0,0.0,0.0,0.0,0.0,0.0
2026-09-28 06:00:00,EP182026,43,2026-10-09 00:00:00,10 days 18:00:00,258,24.67,-127.54,1005.4,26.1,82.27385866167577,0.0,0.0,0.0,0.0,0.0,0.0,0.0,0.0,0.0,0.0,0.0,0.0
2026-09-28 06:00:00,EP182026,43,2026-10-09 06:00:00,11 days 00:00:00,264,24.51,-127.63,1005.7,27.2,49.83142666660348,0.0,0.0,0.0,0.0,0.0,0.0,0.0,0.0,0.0,0.0,0.0,0.0
2026-09-28 06:00:00,EP182026,43,2026-10-09 12:00:00,11 days 06:00:00,270,24.41,-127.02,1008.9,23.7,87.4022648381242,0.0,0.0,0.0,0.0,0.0,0.0,0.0,0.0,0.0,0.0,0.0,0.0
2026-09-28 06:00:00,EP182026,43,2026-10-09 18:00:00,11 days 12:00:00,276,24.26,-127.02,1005.8,19.7,146.01952175175842,0.0,0.0,0.0,0.0,0.0,0.0,0.0,0.0,0.0,0.0,0.0,0.0
2026-09-28 06:00:00,EP182026,43,2026-10-10 00:00:00,11 days 18:00:00,282,23.87,-126.65,1012.2,19.5,89.70817894727116,0.0,0.0,0.0,0.0,0.0,0.0,0.0,0.0,0.0,0.0,0.0,0.0
2026-09-28 06:00:00,EP182026,43,2026-10-10 06:00:00,12 days 00:00:00,288,22.74,-126.61,1009.9,21.1,58.19012518390119,0.0,0.0,0.0,0.0,0.0,0.0,0.0,0.0,0.0,0.0,0.0,0.0
2026-09-28 06:00:00,EP182026,43,2026-10-10 12:00:00,12 days 06:00:00,294,22.4,-126.39,1010.4,21.3,76.47260028459266,0.0,0.0,0.0,0.0,0.0,0.0,0.0,0.0,0.0,0.0,0.0,0.0
2026-09-28 06:00:00,EP912026(3),43,2026-09-28 06:00:00,0 days 00:00:00,0,12.7,-136.6,1005.0,29.0,93.0,0.0,0.0,0.0,0.0,0.0,0.0,0.0,0.0,0.0,0.0,0.0,0.0
2026-09-28 06:00:00,WP252026,43,2026-09-28 06:00:00,0 days 00:00:00,0,27.5,131.6,954.0,99.0,9.0,148.0,158.0,148.0,121.0,,,,,,,,
2026-09-28 06:00:00,WP252026,43,2026-09-28 12:00:00,0 days 06:00:00,6,27.52,132.32,985.3,56.5,57.14494762196125,137.04363386250253,172.55087705515308,147.34535842217215,123.2858981798678,48.24686464162245,57.14494762196125,47.645058136592496,38.41629915322211,0.0,0.0,0.0,0.0
2026-09-28 06:00:00,WP252026,43,2026-09-28 18:00:00,0 days 12:00:00,12,27.96,132.71,999.4,45.0,36.883556248500064,128.21396396797564,141.14893535742405,109.67901699555728,104.81613429401958,0.0,0.0,0.0,0.0,0.0,0.0,0.0,0.0
2026-09-28 06:00:00,WP252026,43,2026-09-29 00:00:00,0 days 18:00:00,18,28.16,133.54,997.6,36.0,59.389125734521656,59.389125734521656,0.0,0.0,0.0,0.0,0.0,0.0,0.0,0.0,0.0,0.0,0.0
2026-09-28 06:00:00,WP252026,43,2026-09-29 06:00:00,1 days 00:00:00,24,28.68,134.39,999.2,37.2,78.96535930145893,10.62847429357947,78.96535930145893,0.0,0.0,0.0,0.0,0.0,0.0,0.0,0.0,0.0,0.0
2026-09-28 06:00:00,WP252026,43,2026-09-29 12:00:00,1 days 06:00:00,30,28.92,135.09,999.9,36.5,50.54770863082595,6.149074773684816,50.54770863082595,0.0,1.8652556316314133,0.0,0.0,0.0,0.0,0.0,0.0,0.0,0.0
2026-09-28 06:00:00,WP252026,43,2026-09-29 18:00:00,1 days 12:00:00,36,29.36,135.81,999.8,28.5,102.6971413652271,0.0,0.0,0.0,0.0,0.0,0.0,0.0,0.0,0.0,0.0,0.0,0.0
2026-09-28 06:00:00,WP252026,43,2026-09-30 00:00:00,1 days 18:00:00,42,29.67,136.45,1003.2,31.1,84.24103911395585,0.0,0.0,0.0,0.0,0.0,0.0,0.0,0.0,0.0,0.0,0.0,0.0
2026-09-28 06:00:00,WP252026,43,2026-09-30 06:00:00,2 days 00:00:00,48,30.05,137.35,1000.0,36.3,89.42270551730049,88.18440626143186,93.78602737454683,59.996390688756186,66.9300139474613,0.0,0.0,0.0,0.0,0.0,0.0,0.0,0.0
2026-09-28 06:00:00,WP252026,43,2026-09-30 12:00:00,2 days 06:00:00,54,31.01,137.78,1002.0,34.7,51.99985876963899,51.99985876963899,0.0,0.0,0.0,0.0,0.0,0.0,0.0,0.0,0.0,0.0,0.0
2026-09-28 06:00:00,WP252026,43,2026-09-30 18:00:00,2 days 12:00:00,60,32.18,138.51,999.8,34.1,84.71502578020618,6.428747128721895,84.71502578020618,0.0,0.3975516252435511,0.0,0.0,0.0,0.0,0.0,0.0,0.0,0.0
2026-09-28 06:00:00,WP252026,43,2026-10-01 00:00:00,2 days 18:00:00,66,33.39,139.37,996.1,33.2,63.51949125151451,0.0,0.0,0.0,0.0,0.0,0.0,0.0,0.0,0.0,0.0,0.0,0.0
2026-09-28 06:00:00,WP252026,43,2026-10-01 06:00:00,3 days 00:00:00,72,33.69,140.84,1003.7,29.6,103.99245667499048,0.0,0.0,0.0,0.0,0.0,0.0,0.0,0.0,0.0,0.0,0.0,0.0
2026-09-28 06:00:00,WP252026,43,2026-10-01 12:00:00,3 days 06:00:00,78,35.96,143.29,993.5,38.2,56.36435660944335,56.36435660944335,0.0,0.0,0.0,0.0,0.0,0.0,0.0,0.0,0.0,0.0,0.0
2026-09-28 06:00:00,WP922026(4),43,2026-09-28 06:00:00,0 days 00:00:00,0,16.4,97.6,1001.0,29.0,64.0,0.0,0.0,0.0,0.0,0.0,0.0,0.0,0.0,0.0,0.0,0.0,0.0
2026-09-28 06:00:00,WP922026(4),43,2026-09-28 12:00:00,0 days 06:00:00,6,17.07,97.29,1003.3,28.7,83.23616738496668,0.0,0.0,0.0,0.0,0.0,0.0,0.0,0.0,0.0,0.0,0.0,0.0
2026-09-28 06:00:00,WP922026(4),43,2026-09-28 18:00:00,0 days 12:00:00,12,18.66,96.77,999.9,29.1,75.84336007098021,0.0,0.0,0.0,0.0,0.0,0.0,0.0,0.0,0.0,0.0,0.0,0.0
2026-09-28 06:00:00,1,44,2026-09-28 12:00:00,0 days 06:00:00,6,14.86,154.92,1009.2,20.7,66.83415192910354,0.0,0.0,0.0,0.0,0.0,0.0,0.0,0.0,0.0,0.0,0.0,0.0
2026-09-28 06:00:00,1,44,2026-09-28 18:00:00,0 days 12:00:00,12,16.07,156.62,1008.3,22.1,72.41264299017666,0.0,0.0,0.0,0.0,0.0,0.0,0.0,0.0,0.0,0.0,0.0,0.0
2026-09-28 06:00:00,1,44,2026-09-29 00:00:00,0 days 18:00:00,18,15.62,156.19,1007.0,18.0,109.11123818176458,0.0,0.0,0.0,0.0,0.0,0.0,0.0,0.0,0.0,0.0,0.0,0.0
2026-09-28 06:00:00,1,44,2026-09-29 06:00:00,1 days 00:00:00,24,16.0,153.83,1009.0,18.6,132.8032479245244,0.0,0.0,0.0,0.0,0.0,0.0,0.0,0.0,0.0,0.0,0.0,0.0
2026-09-28 06:00:00,1,44,2026-09-29 12:00:00,1 days 06:00:00,30,16.03,153.81,1006.0,19.1,97.0319176977606,0.0,0.0,0.0,0.0,0.0,0.0,0.0,0.0,0.0,0.0,0.0,0.0
2026-09-28 06:00:00,1,44,2026-09-29 18:00:00,1 days 12:00:00,36,16.12,152.24,1004.0,28.3,70.94019136298255,0.0,0.0,0.0,0.0,0.0,0.0,0.0,0.0,0.0,0.0,0.0,0.0
2026-09-28 06:00:00,1,44,2026-09-30 00:00:00,1 days 18:00:00,42,16.44,151.91,1001.3,29.6,96.33844126470864,0.0,0.0,0.0,0.0,0.0,0.0,0.0,0.0,0.0,0.0,0.0,0.0
2026-09-28 06:00:00,1,44,2026-09-30 06:00:00,2 days 00:00:00,48,16.42,151.32,1001.4,25.7,126.09346324516228,0.0,0.0,0.0,0.0,0.0,0.0,0.0,0.0,0.0,0.0,0.0,0.0
2026-09-28 06:00:00,1,44,2026-09-30 12:00:00,2 days 06:00:00,54,16.81,150.1,999.3,28.0,109.15429071633632,0.0,0.0,0.0,0.0,0.0,0.0,0.0,0.0,0.0,0.0,0.0,0.0
2026-09-28 06:00:00,1,44,2026-09-30 18:00:00,2 days 12:00:00,60,16.86,149.25,998.2,33.3,68.72514979084548,0.0,0.0,0.0,0.0,0.0,0.0,0.0,0.0,0.0,0.0,0.0,0.0
2026-09-28 06:00:00,1,44,2026-10-01 00:00:00,2 days 18:00:00,66,17.28,147.88,1002.9,28.9,88.22673218562122,0.0,0.0,0.0,0.0,0.0,0.0,0.0,0.0,0.0,0.0,0.0,0.0
2026-09-28 06:00:00,1,44,2026-10-01 06:00:00,3 days 00:00:00,72,17.06,146.42,995.1,44.4,74.46619318768911,176.54225190848842,157.09586387910383,141.53603295044513,160.7096116793875,0.0,0.0,0.0,0.0,0.0,0.0,0.0,0.0
2026-09-28 06:00:00,1,44,2026-10-01 12:00:00,3 days 06:00:00,78,17.41,145.89,1001.2,35.2,114.48239995104768,114.48239995104768,25.364229808887103,25.49678157845504,32.84614968769449,0.0,0.0,0.0,0.0,0.0,0.0,0.0,0.0
2026-09-28 06:00:00,1,44,2026-10-01 18:00:00,3 days 12:00:00,84,17.14,145.09,991.4,45.3,74.28816071034271,74.28816071034271,31.00172307344164,26.304278420317644,32.58132039552038,0.0,0.0,0.0,0.0,0.0,0.0,0.0,0.0
2026-09-28 06:00:00,1,44,2026-10-02 00:00:00,3 days 18:00:00,90,17.57,144.51,992.1,47.1,70.7607585234486,197.63670611778304,174.46566158266785,142.92012839490133,165.9683426311795,0.0,0.0,0.0,0.0,0.0,0.0,0.0,0.0
2026-09-28 06:00:00,1,44,2026-10-02 06:00:00,4 days 00:00:00,96,17.7,144.26,980.0,64.1,73.44242929917185,204.50684409179627,188.07658859207743,155.33745606864895,177.7308060766967,0.6331636645012395,73.44242929917185,73.44242929917185,0.848887533588087,0.0,0.1146156810869687,73.44242929917185,0.0
2026-09-28 06:00:00,1,44,2026-10-02 12:00:00,4 days 06:00:00,102,18.17,143.73,973.3,73.8,49.86279935554724,299.8740829573498,262.5935319764205,220.76109511835503,253.4860190473672,66.16058322509943,54.67394351615713,40.645415071503095,54.5538178129312,49.86279935554724,25.567000764647688,19.09903616022291,24.407318415042518
2026-09-28 06:00:00,1,44,2026-10-02 18:00:00,4 days 12:00:00,108,18.44,143.41,979.3,63.4,45.8428126451883,216.3748083055004,179.90880154355403,150.77785067124887,189.6155528296772,88.55267272655547,75.22628259244127,55.80982525360899,73.0254507474236,0.0,0.0,0.0,0.0
2026-09-28 06:00:00,1,44,2026-10-03 00:00:00,4 days 18:00:00,114,18.4,143.32,972.4,71.5,50.68709075580073,207.0568202927108,202.1270904847649,169.49520321445215,180.98149315742347,109.179967789989,103.61539509262792,87.27051539578919,93.80396250865988,56.26788724104392,53.36303534515534,44.199310725742734,48.261355151274536
2026-09-28 06:00:00,1,44,2026-10-03 06:00:00,5 days 00:00:00,120,18.64,143.46,973.2,67.1,77.38766670267395,252.5127410084654,239.43161160098333,203.21481172662936,222.27778391441515,77.38766670267395,61.77320658714429,50.5386884476828,55.18139770864042,77.38766670267395,29.908744512788804,24.191678759253328,26.184634516483165
2026-09-28 06:00:00,1,44,2026-10-03 12:00:00,5 days 06:00:00,126,18.91,143.61,962.7,84.9,38.31126641471754,332.9218341493024,337.3068560097904,293.0371736684607,283.8140824697481,195.3634867873312,190.7355351312728,164.55576124937517,172.19137795528627,104.29272779101925,101.53156467089204,85.95120376068746,91.1197678266834
2026-09-28 06:00:00,1,44,2026-10-03 18:00:00,5 days 12:00:00,132,19.24,143.91,953.5,99.9,41.4063253295003,302.01706895361787,305.5739296755195,262.591562181807,250.14361399456263,170.50244036739923,164.43417300434925,139.4439496113041,147.59284428919457,91.0859588425439,87.73397678721689,73.41379188581203,79.52381211665545
2026-09-28 06:00:00,1,44,2026-10-04 00:00:00,5 days 18:00:00,138,19.53,143.46,940.0,100.4,50.17089611336251,338.84328321182795,341.8375630255064,311.4065184581308,306.2386038675316,0.6219473622914018,50.17089611336251,1.6752072292726572,50.17089611336251,0.0,50.17089611336251,0.0,0.0
2026-09-28 06:00:00,1,44,2026-10-04 06:00:00,6 days 00:00:00,144,19.91,143.29,943.3,104.5,62.30331522695917,409.3075524940044,385.89707958008114,355.2588038104826,368.36493565671634,191.37075953569928,181.8876472958122,159.57564821052966,170.96245886503803,105.41748698763972,100.51361750524929,84.64775160320679,92.42360014421035
2026-09-28 06:00:00,1,44,2026-10-04 12:00:00,6 days 06:00:00,150,20.12,143.37,943.3,99.6,61.38298761895359,348.4491722662209,348.6181998873833,312.1899041958575,304.9845947777096,140.16228457799292,136.55341280104244,116.08505931285846,124.69328905044664,76.72593330400389,73.88393362156116,61.67698502415798,66.43023329264474
2026-09-28 06:00:00,1,44,2026-10-04 18:00:00,6 days 12:00:00,156,20.68,143.2,935.3,113.5,52.68703846536528,323.1218187924824,311.0649059199732,279.4045500107913,282.1425914540032,183.0402566570283,173.70791691744216,150.5763473040306,164.85692110990294,101.94750367469078,97.3059405150184,81.39095472997815,88.68294156558159
2026-09-28 06:00:00,1,44,2026-10-05 00:00:00,6 days 18:00:00,162,20.91,142.98,928.9,118.3,48.44659745382216,365.3907176855057,360.1823842165395,327.9991073592703,335.43475577769914,0.0,48.44659745382216,0.0,48.44659745382216,0.0,48.44659745382216,0.0,0.0
2026-09-28 06:00:00,1,44,2026-10-05 06:00:00,7 days 00:00:00,168,21.55,142.76,927.1,118.9,32.12498237462448,315.81422888885334,316.60680965471914,289.4414140520263,283.3376861742358,139.10775782607465,134.36028131696034,117.01839692357976,125.8079591887484,77.95755657021303,74.58555631495568,62.99813467548216,68.32333413803305
2026-09-28 06:00:00,1,44,2026-10-05 12:00:00,7 days 06:00:00,174,22.27,142.67,940.5,104.4,18.44989673516296,232.21721544661477,235.51883029065613,212.19787905958705,199.02319844423647,94.514235221316,91.4675464565397,72.55147903129993,81.29468354376196,49.571149382453896,46.60404065489764,37.59829447612428,41.81851136993117
2026-09-28 06:00:00,1,44,2026-10-05 18:00:00,7 days 12:00:00,180,22.95,142.4,943.1,105.4,32.924669683216294,364.77263021713486,354.9188348461536,288.22674452137613,306.13450389775323,154.36202425307846,147.35419180373356,116.55583567225816,129.10195814243053,79.8215995693303,75.47772367610322,61.70201885095214,68.3230362568986
2026-09-28 06:00:00,1,44,2026-10-06 00:00:00,7 days 18:00:00,186,24.15,142.05,944.8,101.1,29.36081933268865,286.3117911707284,278.8946095703142,211.80181918306445,225.56909077428557,155.1331425012176,144.51585367558764,117.29144817518116,131.73538488803248,82.76782606294346,76.9608473172312,62.49414870008128,69.12188577110086
2026-09-28 06:00:00,1,44,2026-10-06 06:00:00,8 days 00:00:00,192,25.4,141.65,935.0,114.0,0.0,292.5154168310755,298.1854185670354,261.6619175477449,257.8209604057716,124.68163326404124,121.87078022526951,100.31897242382728,112.17896162472664,69.3507711269018,65.11978740932847,53.44724818142845,59.61752571651289
2026-09-28 06:00:00,1,44,2026-10-06 12:00:00,8 days 06:00:00,198,26.0,141.73,935.8,114.8,19.77870291776289,209.5051806750119,207.21884646824088,175.57256928280177,173.9531599779694,105.93575400405234,101.3543778650831,81.10413234567903,88.6442572223294,57.56050940435411,53.871279805801805,44.28273822067084,48.01449578766957
2026-09-28 06:00:00,1,44,2026-10-06 18:00:00,8 days 12:00:00,204,27.58,141.41,942.3,107.9,8.803815123286288,345.4735804318933,359.6500902487349,307.1346092483327,297.24791448018755,203.0643295597716,198.64712219250248,168.76832212867964,178.58052652427278,111.89222855758422,107.37271419901742,89.94342050143656,96.88256953749612
2026-09-28 06:00:00,1,44,2026-10-07 00:00:00,8 days 18:00:00,210,28.94,141.67,940.1,102.1,58.605378079385446,365.9356672963168,395.9268330582588,338.20135899634374,313.5946927628561,0.9640230925412142,58.605378079385446,0.2193164728598562,0.4436970458236797,0.9640230925412142,58.605378079385446,0.156908664663423,0.4436970458236797
2026-09-28 06:00:00,1,44,2026-10-07 06:00:00,9 days 00:00:00,216,30.7,141.81,935.6,113.6,16.227842685750588,235.25672219251712,282.65423488821,225.2029598373093,197.90722634258088,126.54045936796624,135.1668865577953,113.74862563631974,111.10275009399922,73.01694600620844,73.0870012221472,60.84941261835646,62.68970815626982
2026-09-28 06:00:00,1,44,2026-10-07 12:00:00,9 days 06:00:00,222,32.88,142.32,958.3,84.8,3.252963233166156,148.5133814188389,176.95538587487442,117.52689091593652,94.52014824437704,50.59555460813135,58.17048098673456,38.67968785882036,39.47550471968668,25.97799497913502,25.654469976241728,18.41324758588359,20.098100212695527
2026-09-28 06:00:00,1,44,2026-10-07 18:00:00,9 days 12:00:00,228,35.47,143.85,957.0,83.1,7.474358453769526,274.37135819378136,289.60874316474565,213.0895297205393,209.67062558783076,149.0644087311248,151.51414836026152,121.84959196840556,125.86052392626766,82.3342238790683,78.6780896579885,66.83214516647183,71.40163883639457
2026-09-28 06:00:00,1,44,2026-10-08 00:00:00,9 days 18:00:00,234,39.07,145.49,958.9,73.8,50.08908939659671,218.0716094417841,231.82974996546173,171.08234142575418,170.22090978463552,50.08908939659671,50.08908939659671,0.0,0.0,50.08908939659671,0.0,0.0,0.0
2026-09-28 06:00:00,1,44,2026-10-08 06:00:00,10 days 00:00:00,240,41.97,148.63,968.9,59.5,112.52275241436132,387.29652645501096,412.2868310117456,334.7973873349781,315.77005579200386,77.0247853103829,112.52275241436132,68.44924125757143,64.78470039290187,0.0,0.0,0.0,0.0
2026-09-28 06:00:00,1,44,2026-10-08 12:00:00,10 days 06:00:00,246,44.5,152.87,974.7,50.2,78.23161221303536,440.8236887317301,474.514622902007,390.4110350486062,376.11703811274833,172.0949377318717,177.3575773597995,147.7450814811707,146.81103079971456,0.0,0.0,0.0,0.0
2026-09-28 06:00:00,1,44,2026-10-08 18:00:00,10 days 12:00:00,252,46.2,158.67,983.7,42.2,77.8603119039048,0.0,77.8603119039048,0.0,0.0,0.0,0.0,0.0,0.0,0.0,0.0,0.0,0.0
2026-09-28 06:00:00,1,44,2026-10-09 00:00:00,10 days 18:00:00,258,48.04,164.44,988.4,41.0,188.9723535027606,0.0,188.9723535027606,0.0,0.0,0.0,0.0,0.0,0.0,0.0,0.0,0.0,0.0
2026-09-28 06:00:00,1,44,2026-10-09 06:00:00,11 days 00:00:00,264,48.75,171.42,986.5,36.3,241.1968537831294,241.1968537831294,0.0,0.0,0.0,0.0,0.0,0.0,0.0,0.0,0.0,0.0,0.0
2026-09-28 06:00:00,1,44,2026-10-09 12:00:00,11 days 06:00:00,270,49.26,176.59,987.6,35.5,275.2297699299847,275.2297699299847,158.06209029604898,131.30948475613525,145.48399045772058,0.0,0.0,0.0,0.0,0.0,0.0,0.0,0.0
2026-09-28 06:00:00,1,44,2026-10-09 18:00:00,11 days 12:00:00,276,50.11,-177.1,984.3,34.3,127.68660273394956,127.68660273394956,0.0,0.0,0.0,0.0,0.0,0.0,0.0,0.0,0.0,0.0,0.0
2026-09-28 06:00:00,1,44,2026-10-10 00:00:00,11 days 18:00:00,282,51.27,-173.0,978.9,28.2,90.92500598528414,0.0,0.0,0.0,0.0,0.0,0.0,0.0,0.0,0.0,0.0,0.0,0.0
2026-09-28 06:00:00,15,44,2026-10-03 00:00:00,4 days 18:00:00,114,14.75,159.8,1006.3,18.4,107.60401087668772,0.0,0.0,0.0,0.0,0.0,0.0,0.0,0.0,0.0,0.0,0.0,0.0
2026-09-28 06:00:00,15,44,2026-10-03 06:00:00,5 days 00:00:00,120,14.91,159.97,1005.1,27.1,85.59746906860087,0.0,0.0,0.0,0.0,0.0,0.0,0.0,0.0,0.0,0.0,0.0,0.0
2026-09-28 06:00:00,15,44,2026-10-03 12:00:00,5 days 06:00:00,126,14.61,160.15,1002.7,20.9,94.44380012544832,0.0,0.0,0.0,0.0,0.0,0.0,0.0,0.0,0.0,0.0,0.0,0.0
2026-09-28 06:00:00,15,44,2026-10-03 18:00:00,5 days 12:00:00,132,14.79,160.06,998.9,30.6,91.78811186056136,0.0,0.0,0.0,0.0,0.0,0.0,0.0,0.0,0.0,0.0,0.0,0.0
2026-09-28 06:00:00,15,44,2026-10-04 00:00:00,5 days 18:00:00,138,14.87,160.27,1002.3,24.5,130.96497051203855,0.0,0.0,0.0,0.0,0.0,0.0,0.0,0.0,0.0,0.0,0.0,0.0
2026-09-28 06:00:00,15,44,2026-10-04 06:00:00,6 days 00:00:00,144,14.83,159.95,999.9,33.2,103.51381414301164,0.0,0.0,0.0,0.0,0.0,0.0,0.0,0.0,0.0,0.0,0.0,0.0
2026-09-28 06:00:00,15,44,2026-10-04 12:00:00,6 days 06:00:00,150,14.28,159.9,993.6,46.3,72.617484417674,72.617484417674,55.22496456329739,48.42199103708877,59.40476663030916,0.0,0.0,0.0,0.0,0.0,0.0,0.0,0.0
2026-09-28 06:00:00,15,44,2026-10-04 18:00:00,6 days 12:00:00,156,13.84,160.18,988.9,49.7,83.2345308470642,102.65261053086628,96.2888857742781,80.65673391133389,88.92192718620367,0.0,0.0,0.0,0.0,0.0,0.0,0.0,0.0
2026-09-28 06:00:00,15,44,2026-10-05 00:00:00,6 days 18:00:00,162,13.4,160.08,982.3,62.3,68.99225033622076,173.0696230917739,166.69441362191478,154.97583286760235,158.1593947710584,0.0,0.0,68.99225033622076,0.0,0.0,0.0,0.0,0.0
2026-09-28 06:00:00,15,44,2026-10-05 06:00:00,7 days 00:00:00,168,13.07,160.28,973.0,76.1,42.41540987068456,188.18867267300467,185.6255930684044,171.47597027472955,170.3006501855766,63.934189230755656,59.73169344668209,52.31507795433311,54.7495406058505,42.41540987068456,0.0,0.0,0.0
2026-09-28 06:00:00,15,44,2026-10-05 12:00:00,7 days 06:00:00,174,12.7,160.05,975.6,71.2,49.92397849505892,241.3189417529613,234.0961152855291,230.3077225478246,232.2125219289924,62.82058987985158,61.43330352814064,54.712750191021485,55.89633502501693,0.0,0.0,49.92397849505892,0.0
2026-09-28 06:00:00,15,44,2026-10-05 18:00:00,7 days 12:00:00,180,12.4,160.11,980.9,63.6,41.69946975750854,175.56815536310248,169.84671851648082,162.3644328388083,165.97626635783013,41.69946975750854,15.049769675355355,9.577552128191366,13.92035261703682,0.0,0.0,0.0,0.0
2026-09-28 06:00:00,15,44,2026-10-06 00:00:00,7 days 18:00:00,186,12.51,159.62,983.6,63.2,23.017278530236265,126.47451745629812,103.18800405316468,93.65693706666232,110.83622572181817,56.247223488639975,46.41884324736336,30.85514519285979,46.93261423528673,0.0,0.0,0.0,0.0
2026-09-28 06:00:00,15,44,2026-10-06 06:00:00,8 days 00:00:00,192,12.48,159.34,974.0,78.0,9.937604971698534,122.01320062066884,110.80424053364732,89.89480010939496,101.93415054783463,1.8141480223279984,0.0,0.0,9.937604971698534,0.3090672561709553,0.0,0.0,9.937604971698534
2026-09-28 06:00:00,15,44,2026-10-06 12:00:00,8 days 06:00:00,198,12.57,158.74,963.3,91.3,37.8335647849579,206.76760086293035,169.97551211057572,162.52309367117505,190.78289249080512,37.8335647849579,4.007612272056635,0.3831080079847133,11.809512776789049,37.8335647849579,1.4614240067721689,0.3831080079847133,4.743252849694908
2026-09-28 06:00:00,15,44,2026-10-06 18:00:00,8 days 12:00:00,204,12.84,157.9,969.9,89.1,31.59809882316917,205.28673429102412,179.37410648312084,159.18608517983694,199.564860685641,116.73325322316984,100.20510647386732,83.65234508329043,104.43840304168918,62.05061416005511,54.84920731834649,46.29480594485166,55.144053368203885
2026-09-28 06:00:00,15,44,2026-10-07 00:00:00,8 days 18:00:00,210,13.34,157.43,959.0,96.1,16.24954626623073,170.5297067554284,132.60667954959752,131.65135019772006,147.8002809493679,16.24954626623073,2.02927619123496,0.8547705463571866,16.24954626623073,16.24954626623073,2.02927619123496,0.8547705463571866,3.8450434815335655
2026-09-28 06:00:00,15,44,2026-10-07 06:00:00,9 days 00:00:00,216,13.72,156.92,942.1,110.5,27.731554287708395,148.6744301662732,144.60707784383263,115.6459785724254,136.65775877372153,73.80891259384012,62.770446386548656,53.20223259613879,68.05775956042332,39.491764150981794,35.3759860043039,28.462623362117213,36.21907903078226
2026-09-28 06:00:00,15,44,2026-10-07 12:00:00,9 days 06:00:00,222,14.19,155.77,981.7,65.6,46.826856821165165,173.966525385531,146.0615317633128,112.86964476448338,142.71066665756007,2.1438334930144265,46.826856821165165,0.0,46.826856821165165,0.0843027136810405,46.826856821165165,0.0,0.0
2026-09-28 06:00:00,15,44,2026-10-07 18:00:00,9 days 12:00:00,228,14.94,155.62,961.0,93.7,12.56993127909675,223.8340806937492,207.5841903028711,184.49347813141893,202.84581492175653,119.3188180995062,108.04643360404803,89.27751772545764,103.75722665943655,62.26758667670703,57.304256140213,46.90316738819541,54.47272326444161
2026-09-28 06:00:00,15,44,2026-10-08 00:00:00,9 days 18:00:00,234,16.02,154.43,941.8,119.0,0.4759475834391793,192.6533460032292,164.7014471428202,143.48875917164656,178.69315103745475,16.872319434944114,7.451067965621954,5.54768418717901,15.328517279955772,7.340038354650202,5.5325493510282815,3.968021093728039,6.848057309506993
2026-09-28 06:00:00,15,44,2026-10-08 06:00:00,10 days 00:00:00,240,15.98,154.3,948.1,109.7,0.0,177.49835707701362,156.23708677840995,127.04868585263596,139.9634910163709,57.52263319083961,49.98308728626324,37.24811823803157,47.4535791831771,29.295459935684985,25.558316625022027,20.1609315157854,24.17895143144225
2026-09-28 06:00:00,15,44,2026-10-08 12:00:00,10 days 06:00:00,246,16.67,153.23,949.0,113.0,21.15869267008836,152.2305995114035,146.7446591709785,135.9226169954149,163.446860720607,74.60315930877749,69.17105249066792,60.012060882110575,71.98971398447074,43.075223647903655,39.2873504368684,34.14839670056585,39.39664811147566
2026-09-28 06:00:00,15,44,2026-10-08 18:00:00,10 days 12:00:00,252,17.2,152.85,936.5,122.5,15.553333218081567,207.27542836433892,180.64905253801865,150.67549770525926,171.11332711447494,18.68108194222257,6.074242129519588,3.487378713241082,15.277404464728718,15.553333218081567,4.691429601442477,2.3773474848257994,7.630301924779258
2026-09-28 06:00:00,15,44,2026-10-09 00:00:00,10 days 18:00:00,258,17.69,151.93,937.8,113.2,4.405055608589471,163.42911694592328,143.41819135360822,140.34446647061267,165.28281439796658,79.96146835991439,67.79681037957889,58.9114834991079,78.67706264369852,46.12489416249153,40.288400238533725,33.030828586346495,40.73597149953092
2026-09-28 06:00:00,15,44,2026-10-09 06:00:00,11 days 00:00:00,264,18.08,151.32,931.2,122.4,6.632691265170912,271.0105991653864,228.9692695466929,217.15084672398908,255.14681981641635,108.26349851625857,97.25074864052522,84.27878282612116,99.1157301374445,60.30919097945343,54.759023614785306,47.16503758497837,54.26911998505997
2026-09-28 06:00:00,15,44,2026-10-09 12:00:00,11 days 06:00:00,270,18.0,150.93,937.2,120.2,40.55266281887911,313.3098806340946,289.75252828830986,281.0547419207619,298.18440058921857,0.6191143980739162,0.0,0.0,40.55266281887911,0.6191143980739162,0.0,0.0,40.55266281887911
2026-09-28 06:00:00,15,44,2026-10-09 18:00:00,11 days 12:00:00,276,18.19,150.43,936.9,111.0,16.284523236896668,226.19721805914625,214.1513321594894,208.3095230310791,202.01940338162143,104.23768555886156,96.43557432640549,85.54654777696287,95.09048199110428,59.33691195442058,55.99727143561469,47.27095731859514,52.62173870890639
2026-09-28 06:00:00,15,44,2026-10-10 00:00:00,11 days 18:00:00,282,18.58,150.06,936.5,120.9,1.0236755143921243,264.48314905621146,234.38136341804076,203.8007594432162,229.9536167817589,125.27433139385644,110.58688563906308,95.23221634122832,114.6380048698773,69.85432201824972,62.45391493659833,52.41434396255723,60.66520618086536
2026-09-28 06:00:00,15,44,2026-10-10 06:00:00,12 days 00:00:00,288,18.97,150.04,947.7,101.5,36.76719094289365,269.44599356271283,286.28330207822364,222.203339456275,220.1619071672303,112.18148143832605,108.68217027932953,81.62684366225403,93.84068974123784,61.36985254349111,58.26775273941439,48.31508446490125,52.39415947526277
2026-09-28 06:00:00,15,44,2026-10-10 12:00:00,12 days 06:00:00,294,19.74,149.85,939.0,111.6,20.55990584897569,338.8938739827641,320.582750952486,250.7187081799584,267.4587686656328,190.94483830541697,180.22521972553875,144.94695242397427,163.54403050311598,104.92606549459862,98.13811085915675,83.11600999473595,93.5894108522146
2026-09-28 06:00:00,15,44,2026-10-10 18:00:00,12 days 12:00:00,300,20.21,149.69,943.9,109.9,23.45267272792785,291.625040267818,274.8513895170581,191.1334739162736,226.13816470182948,134.65135303924237,117.66320788535612,87.2573660514789,107.24786132012134,68.04800668634871,61.62919776996361,51.15332425334452,58.71940231438255
2026-09-28 06:00:00,15,44,2026-10-11 00:00:00,12 days 18:00:00,306,21.01,148.94,937.1,102.9,46.46727420538886,419.8319406606058,388.8543582780465,332.9386835722805,358.48185433853723,46.46727420538886,0.0011092232819187,0.0,5.383207101261277,46.46727420538886,0.0011092232819187,0.0,1.9087082694846436
2026-09-28 06:00:00,15,44,2026-10-11 06:00:00,13 days 00:00:00,312,22.01,148.73,925.8,120.5,33.54805989779618,424.6516050095965,425.15096455603896,362.5713101122815,365.3431276364733,33.54805989779618,5.423296740819435,0.0,0.629556591265497,33.54805989779618,0.9605493170563628,0.0,0.629556591265497
2026-09-28 06:00:00,15,44,2026-10-11 12:00:00,13 days 06:00:00,318,23.14,148.22,930.2,113.4,61.30616892537947,423.46784391787327,413.7035697965949,348.2690060941158,357.70193660670867,61.30616892537947,4.641518965514389,0.0,1.4163377939315485,61.30616892537947,0.3275480521827504,0.0,0.5001279095058083
2026-09-28 06:00:00,15,44,2026-10-11 18:00:00,13 days 12:00:00,324,24.29,148.14,943.6,94.2,31.598767974625048,327.64631938977993,348.40510883820974,259.7868508025257,256.1681523863471,56.43436066790444,58.79972465451084,42.430232386222,45.6824721942654,31.598767974625048,28.5954797890242,22.75433114476596,25.774821368762005
2026-09-28 06:00:00,15,44,2026-10-12 00:00:00,13 days 18:00:00,330,24.92,147.72,959.0,87.4,49.364350700602245,313.7063819507857,303.0092315057518,251.6742275996221,260.829722757564,49.364350700602245,5.909358814255825,1.7839080716087778,5.166895652771359,49.364350700602245,0.3075836747789253,0.0,1.397330008310831
2026-09-28 06:00:00,15,44,2026-10-12 06:00:00,14 days 00:00:00,336,26.38,147.54,959.9,81.9,54.37602491509932,327.0274168441124,330.52477601474084,260.41935079398854,270.8880437379144,115.44715603861096,111.09838507354664,86.35066699457434,97.55190575207644,60.15613654355013,56.41281426983181,45.32178218879466,50.22217953494942
2026-09-28 06:00:00,15,44,2026-10-12 12:00:00,14 days 06:00:00,342,28.06,147.77,956.1,91.7,3.955433623586941,249.16965520380015,269.53863182611894,203.85579101689743,205.1157958910826,127.27881601687795,126.91852533084057,100.78669271931903,106.52543368596956,68.65480464811162,65.61843977776437,54.58270877697748,59.19276495187478
2026-09-28 06:00:00,15,44,2026-10-12 18:00:00,14 days 12:00:00,348,29.4,148.62,952.0,86.0,37.06478027837831,366.5500911965193,404.6629445600194,330.2547068493395,292.47303886189553,4.07665100283825,37.06478027837831,0.9991784976210552,0.0,0.7511033031591723,37.06478027837831,0.0135342786142447,0.0
2026-09-28 06:00:00,15,44,2026-10-13 00:00:00,14 days 18:00:00,354,31.04,150.34,957.1,84.9,45.24145664138739,309.4411456655415,353.96885227677774,275.49252712066027,234.47714651517697,3.254743287905025,45.24145664138739,4.023388142745086,0.0,0.0,45.24145664138739,0.7341691498778202,0.0
2026-09-28 06:00:00,15,44,2026-10-13 06:00:00,15 days 00:00:00,360,33.49,152.41,965.2,77.6,50.34222705962081,359.9497373184858,417.7483835212692,337.85526753378235,296.0502819565502,207.40276381112483,224.62130895676117,186.7656526790082,176.11577931478155,111.11229142374664,114.7208377129543,96.7405451265617,97.37939165190954
2026-09-28 06:00:00,AL062026,44,2026-09-28 06:00:00,0 days 00:00:00,0,28.3,-43.8,1012.0,25.0,56.0,0.0,0.0,0.0,0.0,0.0,0.0,0.0,0.0,0.0,0.0,0.0,0.0
2026-09-28 06:00:00,AL062026,44,2026-09-28 12:00:00,0 days 06:00:00,6,27.75,-44.4,1013.3,19.4,54.36671946006746,0.0,0.0,0.0,0.0,0.0,0.0,0.0,0.0,0.0,0.0,0.0,0.0
2026-09-28 06:00:00,AL062026,44,2026-09-28 18:00:00,0 days 12:00:00,12,26.93,-45.04,1009.4,22.1,43.277802173497385,0.0,0.0,0.0,0.0,0.0,0.0,0.0,0.0,0.0,0.0,0.0,0.0
2026-09-28 06:00:00,AL912026(2),44,2026-09-28 06:00:00,0 days 00:00:00,0,36.3,-53.1,1013.0,29.0,148.0,0.0,0.0,0.0,0.0,0.0,0.0,0.0,0.0,0.0,0.0,0.0,0.0
2026-09-28 06:00:00,AL912026(2),44,2026-09-28 12:00:00,0 days 06:00:00,6,36.55,-51.1,1000.5,49.8,41.18335262909272,20.42399478257775,41.18335262909272,11.21910971629694,7.3062589322991585,0.0,0.0,0.0,0.0,0.0,0.0,0.0,0.0
2026-09-28 06:00:00,AL912026(2),44,2026-09-28 18:00:00,0 days 12:00:00,12,36.23,-48.42,1001.9,39.3,61.66280164038861,5.331670048888952,61.66280164038861,1.7824040276539677,4.044043519518112,0.0,0.0,0.0,0.0,0.0,0.0,0.0,0.0
2026-09-28 06:00:00,AL912026(2),44,2026-09-29 00:00:00,0 days 18:00:00,18,35.88,-47.8,1004.0,40.1,114.9304246914721,0.0,114.9304246914721,0.0,0.0,0.0,0.0,0.0,0.0,0.0,0.0,0.0,0.0
2026-09-28 06:00:00,AL912026(2),44,2026-09-29 06:00:00,1 days 00:00:00,24,34.94,-46.74,1005.2,32.3,133.64703807249057,0.0,0.0,0.0,0.0,0.0,0.0,0.0,0.0,0.0,0.0,0.0,0.0
2026-09-28 06:00:00,AL912026(2),44,2026-09-29 12:00:00,1 days 06:00:00,30,34.53,-45.8,1002.7,39.4,155.61576323404097,0.0,10.745600528803038,155.61576323404097,0.7192046820387077,0.0,0.0,0.0,0.0,0.0,0.0,0.0,0.0
2026-09-28 06:00:00,AL912026(2),44,2026-09-29 18:00:00,1 days 12:00:00,36,33.28,-44.68,1004.8,38.8,71.03501528231845,71.03501528231845,1.6656703509468116,0.0,2.0829181956273146,0.0,0.0,0.0,0.0,0.0,0.0,0.0,0.0
2026-09-28 06:00:00,AL912026(2),44,2026-09-30 00:00:00,1 days 18:00:00,42,33.02,-44.31,1005.1,34.6,115.75517784772762,0.877220362805474,0.0,0.0,115.75517784772762,0.0,0.0,0.0,0.0,0.0,0.0,0.0,0.0
2026-09-28 06:00:00,EP152026(2),44,2026-09-28 06:00:00,0 days 00:00:00,0,16.4,-160.8,929.0,134.0,28.0,241.0,185.0,148.0,204.0,93.0,74.0,74.0,93.0,56.0,46.0,37.0,46.0
2026-09-28 06:00:00,EP152026(2),44,2026-09-28 12:00:00,0 days 06:00:00,6,16.78,-161.82,942.9,120.6,17.558518846058913,181.08641698580487,137.80007188677644,110.2468168252349,173.95430242692862,93.51943734398286,71.78819871142949,59.2018042929916,85.04666196914579,50.08892534666996,41.2856508826446,35.04635736802496,44.72647580637006
2026-09-28 06:00:00,EP152026(2),44,2026-09-28 18:00:00,0 days 12:00:00,12,16.92,-162.51,953.5,109.3,10.510422403868503,175.37560949969048,153.80621857297183,98.15786276965645,136.53888006889483,79.77479961655388,63.021794389396746,42.55406538413797,64.22160809546074,37.45318659303669,31.63074402167213,23.110226120483084,32.00931029659158
2026-09-28 06:00:00,EP152026(2),44,2026-09-29 00:00:00,0 days 18:00:00,18,18.27,-163.38,942.0,108.1,3.844285248956382,167.323524470365,167.24642620465423,104.91848976896138,132.30157209008587,71.96209988048977,63.77501124437786,46.68718605973739,59.06061043948199,39.2695745509804,35.25896867679952,28.096835286968577,33.74107390241491
2026-09-28 06:00:00,EP152026(2),44,2026-09-29 06:00:00,1 days 00:00:00,24,19.08,-163.91,950.2,106.0,38.13310636532932,236.71102278626245,227.45168330594495,163.0585720707071,191.265312190342,39.73270655974699,29.29724178835048,14.113017527926685,30.441094700629105,38.13310636532932,15.32521081594232,10.780496871334174,15.625786648298108
2026-09-28 06:00:00,EP152026(2),44,2026-09-29 12:00:00,1 days 06:00:00,30,20.38,-164.23,951.6,100.7,6.938497991223045,199.40526903126155,188.21380644620476,142.70855952674137,164.7900546638148,107.24188949082269,101.4814582867172,82.34077649325901,93.94812671779532,58.495771593081386,55.86676749838604,45.87173305110942,51.100961414157496
2026-09-28 06:00:00,EP152026(2),44,2026-09-29 18:00:00,1 days 12:00:00,36,21.47,-164.1,970.7,82.5,20.970472521708608,178.5761376868697,158.65526788162836,88.82831956195807,131.6108257966236,70.65416158470259,55.588927213231486,33.38216469950095,53.91269262732711,32.09658011236034,26.304566520739712,19.238365314755008,26.24987424738461
2026-09-28 06:00:00,EP152026(2),44,2026-09-30 00:00:00,1 days 18:00:00,42,22.41,-164.05,974.3,75.2,30.31696300488278,185.04321027565797,171.23741661380615,112.7281150980169,140.1933086892115,92.0806328405485,84.62034475101558,62.55786150263148,75.77268616567761,48.89651471212834,44.17944583588364,37.06018389816799,43.55202498405077
2026-09-28 06:00:00,EP152026(2),44,2026-09-30 06:00:00,2 days 00:00:00,48,23.0,-164.14,983.6,59.4,83.22750980955323,340.71646629091447,345.67498710288646,288.38255572376784,293.23226027799547,83.22750980955323,62.72250570959199,48.9972381091149,53.3070452856559,0.0,0.0,0.0,0.0
2026-09-28 06:00:00,EP152026(2),44,2026-09-30 12:00:00,2 days 06:00:00,54,23.02,-163.97,987.2,56.5,104.70357049747122,163.29582867910403,155.76294677901478,143.1825237152084,144.75456768601816,104.70357049747122,45.57545168838766,39.00846041378918,41.7974087257366,0.0,0.0,0.0,0.0
2026-09-28 06:00:00,EP152026(2),44,2026-09-30 18:00:00,2 days 12:00:00,60,23.37,-164.09,988.4,47.7,74.94550146699359,103.14888740287503,87.45317876554648,66.59081282997133,81.91235239559938,0.0,0.0,0.0,0.0,0.0,0.0,0.0,0.0
2026-09-28 06:00:00,EP152026(2),44,2026-10-01 00:00:00,2 days 18:00:00,66,23.05,-164.0,989.0,48.2,56.65236420408468,56.65236420408468,7.750038922201213,0.682289123147541,15.513462196441736,0.0,0.0,0.0,0.0,0.0,0.0,0.0,0.0
2026-09-28 06:00:00,EP152026(2),44,2026-10-01 06:00:00,3 days 00:00:00,72,23.69,-164.41,990.7,45.1,88.80663327873411,210.89963680519108,188.23313300817037,151.72563221147365,176.4436730437805,0.0,0.0,0.0,0.0,0.0,0.0,0.0,0.0
2026-09-28 06:00:00,EP152026(2),44,2026-10-01 12:00:00,3 days 06:00:00,78,23.61,-165.32,986.3,59.0,100.67704831297708,196.1323080207313,157.26827302806834,135.8730690510061,164.79688768174358,100.67704831297708,0.0,0.0,1.0779648177875485,0.0,0.0,0.0,0.0
2026-09-28 06:00:00,EP152026(2),44,2026-10-01 18:00:00,3 days 12:00:00,84,23.67,-166.29,984.7,55.0,101.01053018026153,196.65181806403507,173.28948157645664,151.02682368338924,168.22328619458767,101.01053018026153,0.0,0.0,0.0,0.0,0.0,0.0,0.0
2026-09-28 06:00:00,EP152026(2),44,2026-10-02 00:00:00,3 days 18:00:00,90,24.01,-166.88,983.9,56.3,62.66115767662628,187.45454426505395,158.04372717211336,133.75478422904274,161.43798930098853,0.7567308853908941,0.0,0.0,62.66115767662628,0.0,0.0,0.0,0.0
2026-09-28 06:00:00,EP152026(2),44,2026-10-02 06:00:00,4 days 00:00:00,96,23.98,-167.3,983.9,56.6,94.22729343579502,215.42810130402663,194.48004775276823,164.02936336125646,186.30419774116515,94.22729343579502,26.94963392379304,20.858968778535832,25.96507474727997,0.0,0.0,0.0,0.0
2026-09-28 06:00:00,EP152026(2),44,2026-10-02 12:00:00,4 days 06:00:00,102,24.06,-167.97,980.2,63.0,51.29914821313221,186.13974289899767,153.93335534853986,126.87412371788751,153.06245943750724,51.29914821313221,3.547414532936126,2.077126931207438,3.2555652905689314,0.0,0.0,0.0,0.0
2026-09-28 06:00:00,EP152026(2),44,2026-10-02 18:00:00,4 days 12:00:00,108,24.02,-168.5,984.0,56.8,52.62257467327204,139.2519234798472,115.03174799718916,96.02794213546032,122.97868570195598,52.62257467327204,0.3483545682072773,0.0,1.3689481534331025,0.0,0.0,0.0,0.0
2026-09-28 06:00:00,EP152026(2),44,2026-10-03 00:00:00,4 days 18:00:00,114,23.81,-168.73,988.1,48.5,87.8981739547088,87.8981739547088,1.3576400324705808,4.831163942285489,4.678892032546067,0.0,0.0,0.0,0.0,0.0,0.0,0.0,0.0
2026-09-28 06:00:00,EP152026(2),44,2026-10-03 06:00:00,5 days 00:00:00,120,23.89,-169.58,985.9,55.4,88.16655247484783,213.68296537322905,178.91644080550776,160.11533233260093,188.03277898440143,1.2271037666014095,0.0,0.0,88.16655247484783,0.0,0.0,0.0,0.0
2026-09-28 06:00:00,EP152026(2),44,2026-10-03 12:00:00,5 days 06:00:00,126,23.7,-170.78,988.6,50.3,65.6382746308025,211.075199272998,173.48405730299885,147.32856744241303,188.12812535509488,0.1166295907195262,0.0,0.0,65.6382746308025,0.0,0.0,0.0,0.0
2026-09-28 06:00:00,EP152026(2),44,2026-10-03 18:00:00,5 days 12:00:00,132,23.68,-172.58,990.4,55.1,84.96819828339645,180.2907460900384,147.3354713950353,121.168175897394,162.5234481329963,3.339732571470403,1.3986538386931002,0.4376245752645129,84.96819828339645,0.0,0.0,0.0,0.0
2026-09-28 06:00:00,EP152026(2),44,2026-10-04 00:00:00,5 days 18:00:00,138,23.71,-174.34,991.9,55.7,71.27861441751179,184.9751956185128,155.85404953885163,126.05809897230132,158.7608142552973,0.6740213992771515,0.0,0.0,71.27861441751179,0.0,0.0,0.0,0.0
2026-09-28 06:00:00,EP152026(2),44,2026-10-04 06:00:00,6 days 00:00:00,144,23.82,-175.77,990.6,55.1,66.75603977676323,249.4808333709267,223.70418769251023,185.86798018825425,223.11582725331027,66.75603977676323,17.604204706241376,15.24960691775066,18.551453036532862,0.0,0.0,0.0,0.0
2026-09-28 06:00:00,EP152026(2),44,2026-10-04 12:00:00,6 days 06:00:00,150,24.21,-177.59,989.9,57.3,68.59620367458896,132.81153755106646,101.68241643686883,83.0157727733327,110.94824166226672,0.6137602661224371,0.0,0.0,68.59620367458896,0.0,0.0,0.0,0.0
2026-09-28 06:00:00,EP152026(2),44,2026-10-04 18:00:00,6 days 12:00:00,156,24.66,-178.8,990.9,54.5,78.01998408201496,128.9653589454175,95.90915030278532,72.176571042912,97.5213128930474,78.01998408201496,0.0,0.0,0.2024329349598987,0.0,0.0,0.0,0.0
2026-09-28 06:00:00,EP152026(2),44,2026-10-05 00:00:00,6 days 18:00:00,162,25.34,179.72,990.3,56.8,68.24562363694733,68.24562363694733,68.24562363694733,0.0,12.001324984375447,0.0,68.24562363694733,0.0,0.0,0.0,0.0,0.0,0.0
2026-09-28 06:00:00,EP152026(2),44,2026-10-05 06:00:00,7 days 00:00:00,168,26.0,178.59,989.8,52.0,74.39434316002846,253.881128997928,225.4540841433189,183.0637247276341,209.73112000863975,74.39434316002846,0.0,0.0,0.0,0.0,0.0,0.0,0.0
2026-09-28 06:00:00,EP152026(2),44,2026-10-05 12:00:00,7 days 06:00:00,174,26.32,177.43,982.7,63.6,58.11685299803808,191.7732334950749,161.11105668568004,127.83377811998513,165.93576723379965,58.11685299803808,10.28476506927663,7.374600609791008,12.312598996285246,0.0,0.0,0.0,0.0
2026-09-28 06:00:00,EP152026(2),44,2026-10-05 18:00:00,7 days 12:00:00,180,26.39,176.56,981.4,62.0,39.16261383382661,138.69887325729542,101.34641876310155,79.18842221146522,115.7691827262031,39.16261383382661,2.901191834607938,1.9092293685611303,4.606185854746499,0.0,0.0,0.0,0.0
2026-09-28 06:00:00,EP152026(2),44,2026-10-06 00:00:00,7 days 18:00:00,186,26.53,175.28,982.6,64.5,38.6500990523703,187.73618917007968,155.2409363244355,118.8381761102834,165.94279741004797,38.6500990523703,24.21547470051606,17.57891812926904,23.752097072704068,38.6500990523703,0.0,0.0,0.350847996299033
2026-09-28 06:00:00,EP152026(2),44,2026-10-06 06:00:00,8 days 00:00:00,192,26.28,173.91,981.3,70.5,48.3955953100928,277.708465020927,236.41324156607243,198.07799813713612,252.5356298431961,48.3955953100928,2.64857418307254,0.0,7.802253295346852,48.3955953100928,0.0,0.0,0.8902669268209893
2026-09-28 06:00:00,EP152026(2),44,2026-10-06 12:00:00,8 days 06:00:00,198,26.08,171.72,982.6,69.5,47.30955321008619,95.81933248384594,50.9543929501136,44.14227067106465,83.21728988804436,47.30955321008619,0.0,0.0,1.529246779913378,47.30955321008619,0.0,0.0,0.3391437178180014
2026-09-28 06:00:00,EP152026(2),44,2026-10-06 18:00:00,8 days 12:00:00,204,25.79,169.11,987.8,59.7,35.75746359428217,177.0295404709345,141.00793752573435,107.9390769854284,161.4996810813846,35.75746359428217,14.325557220541114,7.509250634514538,17.27118718780734,0.0,0.0,0.0,0.0
2026-09-28 06:00:00,EP152026(2),44,2026-10-07 00:00:00,8 days 18:00:00,210,25.58,166.53,986.4,69.6,75.53115732696409,75.53115732696409,11.53582117297778,6.861498366464042,75.53115732696409,75.53115732696409,0.0,0.0,75.53115732696409,0.4857837919344647,0.0,0.0,75.53115732696409
2026-09-28 06:00:00,EP152026(2),44,2026-10-07 06:00:00,9 days 00:00:00,216,25.84,164.44,984.1,69.1,47.633184105769885,205.26400740103668,165.72920414283368,114.54841304764722,162.04716321136615,47.633184105769885,6.816350860507226,0.0,6.534311383474552,47.633184105769885,0.0,0.0,0.6312032300694492
2026-09-28 06:00:00,EP152026(2),44,2026-10-07 12:00:00,9 days 06:00:00,222,26.25,162.13,981.4,67.3,34.09127534929598,76.39806435957838,41.75721226253376,15.61519171276906,62.924504974977054,34.09127534929598,0.0,0.0,34.09127534929598,0.8742212905279724,0.0,0.0,34.09127534929598
2026-09-28 06:00:00,EP152026(2),44,2026-10-07 18:00:00,9 days 12:00:00,228,26.66,159.87,983.8,66.7,21.61944432492376,137.85516470021582,104.5583161652212,66.8585409218353,114.61524725839132,48.58357099368863,32.75123662963696,16.673072674297327,37.51511455620397,21.61944432492376,13.958339134569826,8.506292980292832,16.47501124698715
2026-09-28 06:00:00,EP152026(2),44,2026-10-08 00:00:00,9 days 18:00:00,234,27.69,157.57,977.1,76.4,42.67188111866494,181.25439741264395,164.02840216064493,109.35532209254788,146.32684546836592,42.67188111866494,5.885695758680022,0.0,3.152729542867519,42.67188111866494,1.1631449307924293,0.0,2.0810419232973416
2026-09-28 06:00:00,EP152026(2),44,2026-10-08 06:00:00,10 days 00:00:00,240,29.3,155.55,957.8,97.9,0.9801826707823692,126.73480503339738,104.63075201913443,97.01316922170668,111.80794034926588,24.24556483751172,18.243458824758008,14.97026841604614,22.5981737624046,12.550657602567597,9.91735663944162,7.913470627430314,10.610048485664253
2026-09-28 06:00:00,EP152026(2),44,2026-10-08 12:00:00,10 days 06:00:00,246,30.49,154.51,967.2,87.3,0.0,66.25305911766404,65.84294328688273,28.16181271713633,27.735717810022663,9.600071884201164,5.588149548049529,0.0,4.749922661862804,3.4955559785628223,0.4738482582305767,0.0,1.6357745060358289
2026-09-28 06:00:00,EP152026(2),44,2026-10-08 18:00:00,10 days 12:00:00,252,31.99,154.37,966.4,87.4,15.560390964551797,150.56826760267455,161.0488276417522,102.6227245158166,100.39542009885032,15.560390964551797,15.560390964551797,0.0,0.0,15.560390964551797,0.0,0.0,0.0
2026-09-28 06:00:00,EP152026(2),44,2026-10-09 00:00:00,10 days 18:00:00,258,34.08,154.69,972.7,80.6,21.068135974676125,84.67092441914008,108.53909560864668,78.02172467732976,58.45222723668769,31.086258577419017,33.686517888930155,23.83659326127662,24.29343316858717,21.068135974676125,15.06321945192292,11.835767198896365,12.703497930570675
2026-09-28 06:00:00,EP152026(2),44,2026-10-09 06:00:00,11 days 00:00:00,264,35.58,156.05,981.7,63.7,44.26869938317428,234.44452396439232,271.1037709405066,205.1574180802535,190.6998146716953,0.0,44.26869938317428,1.5468370188567429,0.0,0.0,0.0,0.0,0.0
2026-09-28 06:00:00,EP152026(2),44,2026-10-09 12:00:00,11 days 06:00:00,270,36.96,159.17,982.6,62.3,56.75242043490467,75.44674731596247,92.43630836272976,75.38275587951125,55.02122680153141,0.0,56.75242043490467,1.3454597889142788,0.0,0.0,0.0,0.0,0.0
2026-09-28 06:00:00,EP152026(2),44,2026-10-09 18:00:00,11 days 12:00:00,276,37.98,162.97,989.7,53.1,20.38898352228956,155.85353186635996,174.1756984069908,133.45448764123265,119.85925395083584,0.0,20.38898352228956,1.1311657523010616,0.0,0.0,0.0,0.0,0.0
2026-09-28 06:00:00,EP152026(2),44,2026-10-10 00:00:00,11 days 18:00:00,282,38.74,166.19,995.7,49.5,71.67649047125467,226.56440950306944,235.03629368277944,191.30437597458376,201.85115282404016,0.0,0.0,0.0,0.0,0.0,0.0,0.0,0.0
2026-09-28 06:00:00,EP152026(2),44,2026-10-10 06:00:00,12 days 00:00:00,288,38.43,169.75,989.6,48.2,73.13261189215646,248.63796694351163,259.3487122452449,224.324784320881,229.6913518151405,0.0,0.0,0.0,0.0,0.0,0.0,0.0,0.0
2026-09-28 06:00:00,EP152026(2),44,2026-10-10 12:00:00,12 days 06:00:00,294,38.82,172.3,996.7,37.8,118.79810047729184,128.21085683468698,112.38605207569324,89.57212584328602,102.54908433232892,0.0,0.0,0.0,0.0,0.0,0.0,0.0,0.0
2026-09-28 06:00:00,EP152026(2),44,2026-10-10 18:00:00,12 days 12:00:00,300,38.8,174.86,1002.2,32.5,120.85785068458704,0.0,0.0,0.0,0.0,0.0,0.0,0.0,0.0,0.0,0.0,0.0,0.0
2026-09-28 06:00:00,EP152026(2),44,2026-10-11 00:00:00,12 days 18:00:00,306,38.82,177.42,991.8,40.3,86.87611603561052,6.451086962159927,32.00308886690581,86.87611603561052,24.39555245538355,0.0,0.0,0.0,0.0,0.0,0.0,0.0,0.0
2026-09-28 06:00:00,EP152026(2),44,2026-10-11 06:00:00,13 days 00:00:00,312,37.78,179.2,1005.4,21.9,129.63887162570484,0.0,0.0,0.0,0.0,0.0,0.0,0.0,0.0,0.0,0.0,0.0,0.0
2026-09-28 06:00:00,EP172026,44,2026-09-28 06:00:00,0 days 00:00:00,0,23.2,-114.0,955.0,105.0,28.0,167.0,148.0,148.0,148.0,102.0,93.0,83.0,83.0,65.0,65.0,65.0,65.0
2026-09-28 06:00:00,EP172026,44,2026-09-28 12:00:00,0 days 06:00:00,6,23.94,-113.71,962.0,94.6,6.4928637194492325,166.9973330273424,187.36155675478648,115.74491152663272,118.49471217185302,84.81271306242311,85.0003517767889,61.443999791243336,66.2255040208005,44.540409346663125,42.06119871935327,34.31871998982215,37.1035814752496
2026-09-28 06:00:00,EP172026,44,2026-09-28 18:00:00,0 days 12:00:00,12,25.11,-113.41,964.1,91.4,57.45124814712278,213.47420668183003,224.57269511955909,151.76888507342412,158.08339592647198,109.9907586844941,116.30165430063607,89.4233252990642,92.93978252359824,58.16040099370096,57.10164338849455,47.522893997112114,50.72384693615207
2026-09-28 06:00:00,EP172026,44,2026-09-29 00:00:00,0 days 18:00:00,18,25.65,-112.55,969.7,77.7,9.048440076747111,129.39204655603692,156.7532847644793,96.64501056190522,93.16779056903567,64.8745944677288,66.90954225393511,49.71281999769457,48.01709325169418,32.59495852907844,31.99856181073824,25.84370979354213,27.9128069799404
2026-09-28 06:00:00,EP172026,44,2026-09-29 06:00:00,1 days 00:00:00,24,26.19,-111.9,984.5,64.6,63.72288360374217,139.4007783440096,126.34075166918572,77.9022715474606,107.42493241895522,63.72288360374217,23.264756062045716,11.479582482907158,17.64040553861536,63.72288360374217,5.467823684869591,2.728110729486076,4.230170201710257
2026-09-28 06:00:00,EP172026,44,2026-09-29 12:00:00,1 days 06:00:00,30,27.32,-110.7,988.9,50.3,32.02887927219763,70.31055568665283,70.29120688461944,49.187926195891805,41.5813629939222,0.0,32.02887927219763,0.0,0.0,0.0,0.0,0.0,0.0
2026-09-28 06:00:00,EP182026,44,2026-09-28 06:00:00,0 days 00:00:00,0,13.2,-100.0,1001.0,41.0,93.0,222.0,185.0,148.0,222.0,0.0,0.0,0.0,0.0,0.0,0.0,0.0,0.0
2026-09-28 06:00:00,EP182026,44,2026-09-28 12:00:00,0 days 06:00:00,6,13.33,-100.97,994.9,52.3,65.03184976456558,188.5098237207713,167.04002362974774,134.63156337021042,156.38170226569065,65.03184976456558,0.0,0.6138704466243441,0.669439231167293,0.0,0.0,0.0,0.0
2026-09-28 06:00:00,EP182026,44,2026-09-28 18:00:00,0 days 12:00:00,12,13.54,-101.54,993.7,49.2,62.448567106025976,156.9699802982245,137.38389336342794,102.87555367104788,131.99144435715556,0.0,0.0,0.0,0.0,0.0,0.0,0.0,0.0
2026-09-28 06:00:00,EP182026,44,2026-09-29 00:00:00,0 days 18:00:00,18,13.97,-102.47,989.5,56.4,67.2493416439649,124.43636306634556,97.30089933203624,76.57145489626845,93.60230995345118,67.2493416439649,0.0,0.0,0.0322410547712261,0.0,0.0,0.0,0.0
2026-09-28 06:00:00,EP182026,44,2026-09-29 06:00:00,1 days 00:00:00,24,14.81,-103.17,997.3,41.6,172.00042146757767,274.50776436809497,252.71500106813687,217.880347610616,239.6862608738124,0.0,0.0,0.0,0.0,0.0,0.0,0.0,0.0
2026-09-28 06:00:00,EP182026,44,2026-09-29 12:00:00,1 days 06:00:00,30,15.15,-103.98,994.2,45.9,80.77125821542884,131.85625809942488,100.55914039876912,82.46934392208071,98.36450935750656,0.0,0.0,0.0,0.0,0.0,0.0,0.0,0.0
2026-09-28 06:00:00,EP182026,44,2026-09-29 18:00:00,1 days 12:00:00,36,15.68,-105.02,992.9,55.4,34.22463265164642,139.2887523539131,125.03907888849956,100.11142403022448,121.50710834461908,74.93723457113629,71.31722635113984,61.34301536743372,63.67261430529943,0.0,0.0,0.0,0.0
2026-09-28 06:00:00,EP182026,44,2026-09-30 00:00:00,1 days 18:00:00,42,16.39,-105.57,984.9,61.4,45.57892294859743,213.1512118531402,197.6724091810468,165.2391486872456,182.20600367640375,90.26832822663144,86.42584890456322,72.2218917748412,75.69045807241709,0.0,0.0,0.0,0.0
2026-09-28 06:00:00,EP182026,44,2026-09-30 06:00:00,2 days 00:00:00,48,16.91,-106.15,985.3,63.8,52.22197518201581,263.186988272449,241.3792955229709,184.67044893051525,209.8436641065205,72.4154005579237,63.83525965408802,48.15523007224634,57.45548839023171,0.0,0.0,0.0,0.0
2026-09-28 06:00:00,EP182026,44,2026-09-30 12:00:00,2 days 06:00:00,54,17.59,-106.57,982.9,66.1,41.78831726155877,221.05927196856535,194.30658340184803,149.7309664686209,175.42588334091528,114.9383508472475,103.4021861375278,80.55612925957364,95.0795225885524,55.95988287543912,50.552973865909806,39.97230766107118,46.75974327034024
2026-09-28 06:00:00,EP182026,44,2026-09-30 18:00:00,2 days 12:00:00,60,18.18,-106.89,982.2,71.1,39.15499198399221,196.07832440557215,188.1756988429768,135.01202148311256,159.24917146010694,104.74904700476804,92.9960527187244,70.49202381280827,86.5648877662793,50.479158362927535,45.48190430453127,35.757983463545315,42.582800063636114
2026-09-28 06:00:00,EP182026,44,2026-10-01 00:00:00,2 days 18:00:00,66,18.82,-107.22,981.0,66.7,45.585260567708815,202.9149150446929,189.20348234792928,149.9643127752955,159.58281718467455,102.59890511300456,90.44130503205214,66.4608808712972,82.814594441662,47.959435580927575,42.7582305810019,33.07669530875724,40.196253678397
2026-09-28 06:00:00,EP182026,44,2026-10-01 06:00:00,3 days 00:00:00,72,19.11,-107.65,979.4,78.1,28.36298007919463,161.29590240962432,133.52671475622685,109.07423704381372,143.37561702114158,67.90360507711495,56.71667740258958,40.68672997211024,57.81637846131161,29.5002163688114,25.154006033438723,19.226892813957395,24.43771625400896
2026-09-28 06:00:00,EP182026,44,2026-10-01 12:00:00,3 days 06:00:00,78,19.45,-107.77,968.4,79.8,41.20230909141248,130.06358669224022,145.57564120272363,120.96921488478266,96.30774864944938,61.44136929739459,58.7736872281734,42.73124387277971,48.4180937079157,41.20230909141248,26.31567979493248,19.839938287801967,23.109947660311008
2026-09-28 06:00:00,EP182026,44,2026-10-01 18:00:00,3 days 12:00:00,84,19.5,-107.81,981.1,69.6,63.808438342293606,93.64638428010848,119.20508127629782,100.0994522010437,83.53616395858504,32.937041399540846,63.808438342293606,29.19414018349624,23.24198874664995,1.4255630915007058,63.808438342293606,2.676465577729105,0.8624793896082343
2026-09-28 06:00:00,EP182026,44,2026-10-02 00:00:00,3 days 18:00:00,90,19.85,-107.83,986.7,62.3,14.357777136315306,134.48395372096377,138.74182885801713,81.50833388623099,90.17280280094096,59.61854655209879,54.56890835028835,35.52778884490763,42.767866337324406,0.0,0.0,0.0,0.0
2026-09-28 06:00:00,EP182026,44,2026-10-02 06:00:00,4 days 00:00:00,96,19.93,-108.26,983.9,63.5,41.310734081324455,129.513048944664,118.99448144229898,96.90018316777874,117.68206477926898,69.7453622535192,62.3197481666212,46.86249156299228,54.91291458355964,0.0,0.0,0.0,0.0
2026-09-28 06:00:00,EP182026,44,2026-10-02 12:00:00,4 days 06:00:00,102,20.16,-108.28,979.3,60.6,37.02011983678187,97.82284951814566,81.41251917477328,60.87261309339844,73.85965608269856,37.02011983678187,5.039097793604482,1.229927380178391,5.437770084816137,0.0,0.0,0.0,0.0
2026-09-28 06:00:00,EP182026,44,2026-10-02 18:00:00,4 days 12:00:00,108,19.95,-108.25,974.6,70.5,21.59886036535416,108.71361887248696,113.90413476564704,113.0041175902698,107.26957694273275,21.59886036535416,21.59886036535416,1.9843711937505888,0.753444533213063,21.59886036535416,0.0,0.0,0.0
2026-09-28 06:00:00,EP182026,44,2026-10-03 00:00:00,4 days 18:00:00,114,20.18,-108.26,971.7,75.6,32.45379949411057,94.71207303060294,106.58005279935792,101.83102303097009,88.64611828305067,47.18047887591311,49.185400663439566,37.9251989870277,39.83760758199455,32.45379949411057,20.706239801975443,16.189777119852124,17.47854651829745
2026-09-28 06:00:00,EP182026,44,2026-10-03 06:00:00,5 days 00:00:00,120,20.08,-108.22,973.9,70.9,41.40461024648511,130.48267640237245,137.91366395904816,148.36890663531983,128.60398706696694,77.83392666071134,79.13799230279726,71.91157947202151,68.97663002572352,42.38516245705297,41.89819224797537,36.88793134276029,37.59926504322157
2026-09-28 06:00:00,EP182026,44,2026-10-03 12:00:00,5 days 06:00:00,126,20.47,-108.51,970.0,79.7,28.80954643312366,147.5324232856789,140.0855092260159,105.84822127329932,122.45239996700953,62.32390064487116,54.30844142168159,39.008152111176415,51.93431559672435,28.80954643312366,24.606217722363045,18.697671608871225,23.278214869899124
2026-09-28 06:00:00,EP182026,44,2026-10-03 18:00:00,5 days 12:00:00,132,20.54,-108.64,952.9,107.2,51.876323030480776,158.4919295582106,130.86277000182332,110.94110129912036,144.05371520051,82.40941909476263,69.82373303683025,61.023797542374,77.03613841685942,51.876323030480776,40.97260832167409,34.514847818068155,40.53892064957218
2026-09-28 06:00:00,EP182026,44,2026-10-04 00:00:00,5 days 18:00:00,138,20.83,-108.8,958.1,102.8,23.326760071136505,145.56293493628118,149.45842413627514,141.58939981269802,134.7735707743206,59.70360561373759,53.22132767503326,44.898495222425005,53.990840766141645,31.586083337732667,27.532092757424834,23.049893350496788,26.803942442808523
2026-09-28 06:00:00,EP182026,44,2026-10-04 06:00:00,6 days 00:00:00,144,21.01,-109.18,953.1,102.8,18.61696178112496,165.49873911434094,148.86726943434184,106.5548343397849,123.05280755782935,47.858736798587366,35.06326981322033,29.098800306171785,41.48685279413865,25.267448195993573,21.7137184113432,17.525794106581092,21.98076440344103
2026-09-28 06:00:00,EP182026,44,2026-10-04 12:00:00,6 days 06:00:00,150,21.36,-109.55,949.0,105.4,25.06995324068599,151.97865245475992,142.8274113472495,126.71438690054391,135.01840717341955,60.4224278407285,49.08786515659628,41.839341087030576,59.78722910649168,34.63760001428919,30.12457583549208,23.828881157771605,30.152657638228284
2026-09-28 06:00:00,EP182026,44,2026-10-04 18:00:00,6 days 12:00:00,156,21.65,-109.96,961.8,95.4,34.80739052295251,165.5331367122855,134.78966532479762,104.10786224608444,144.671948287048,78.21243913221846,62.59058323264975,50.56766218158593,68.43141340779357,38.94980383826915,33.41789365848166,27.694949011201142,33.49282270382613
2026-09-28 06:00:00,EP182026,44,2026-10-05 00:00:00,6 days 18:00:00,162,21.77,-110.79,954.0,111.4,0.0,104.05273403213224,86.08873735166142,89.81529890047284,125.6866751302716,3.176644966512073,0.0,0.0,6.235999987680883,0.0,0.0,0.0,0.8557089737134576
2026-09-28 06:00:00,EP182026,44,2026-10-05 06:00:00,7 days 00:00:00,168,21.81,-111.78,957.2,103.1,4.506846789910869,125.55565580835837,103.00211271735084,108.12063963861824,139.0480970782574,68.69744866963356,56.53486800857879,50.45334678838259,67.39960712413061,39.14023228981886,33.36936220747954,28.507526462975,35.009012704258474
2026-09-28 06:00:00,EP182026,44,2026-10-05 12:00:00,7 days 06:00:00,174,21.95,-112.75,974.4,78.1,10.89846270833425,172.0395713588435,134.6150454487502,120.43650905553004,175.73923796939198,96.94144865322068,84.1266056909513,71.65018152625545,86.19258565182133,50.57919314640604,45.58913586421937,38.701660719255855,45.37124313749701
2026-09-28 06:00:00,EP182026,44,2026-10-05 18:00:00,7 days 12:00:00,180,22.0,-114.11,970.3,79.1,15.035137002050554,141.5133109090244,128.6907577204476,107.72576017540582,133.1436601989711,30.69884787264169,19.40212826161563,13.836701004700815,28.12517734860213,15.035137002050554,4.1490249947229785,2.359608720682432,7.727048629809351
2026-09-28 06:00:00,EP182026,44,2026-10-06 00:00:00,7 days 18:00:00,186,21.66,-114.76,984.0,65.3,19.736119150200476,179.46431309641974,143.252396275691,137.44664116114052,188.9046661690377,96.65053409294596,82.86218118667588,66.71143838028215,87.07989656738032,47.90810366215904,41.82894617154309,34.72702245069752,41.717922093241526
2026-09-28 06:00:00,EP182026,44,2026-10-06 06:00:00,8 days 00:00:00,192,21.46,-115.71,984.9,63.6,17.605279997923162,129.96494410965337,111.50977027880384,89.96939792031293,130.9795737991529,54.69438877539128,46.75666826027671,36.03995746196081,44.64809419640554,0.0,0.0,0.0,0.0
2026-09-28 06:00:00,EP182026,44,2026-10-06 12:00:00,8 days 06:00:00,198,21.27,-116.77,988.1,63.8,36.7929054474476,130.46511981662633,90.74065939683403,66.08580678344632,120.464266873009,40.43394670758707,33.13775238730375,26.54170495002305,33.50220044938715,0.0,0.0,0.0,0.0
2026-09-28 06:00:00,EP182026,44,2026-10-06 18:00:00,8 days 12:00:00,204,21.14,-117.86,991.5,54.1,23.99108631966949,105.56098437590772,77.71057621511821,59.03445604742467,102.66511841849842,27.765331610448584,19.423584503486232,11.433759956431937,22.947921988899672,0.0,0.0,0.0,0.0
2026-09-28 06:00:00,EP182026,44,2026-10-07 00:00:00,8 days 18:00:00,210,21.09,-118.84,969.0,84.6,0.0,63.20350395773392,52.35752623470336,45.10801269667303,69.61363714574975,10.431764986249943,4.544142189179482,3.6989736002196025,8.351280965923635,4.970859992052453,2.956764885777062,2.249072734966294,4.062711890287737
2026-09-28 06:00:00,EP182026,44,2026-10-07 06:00:00,9 days 00:00:00,216,20.98,-119.57,965.6,89.2,24.095865170546062,141.4477534531011,104.4179007185204,102.8540679995058,139.45646800679106,67.44901752257283,56.15751513756982,46.33778220852997,61.65262284495509,34.31865100770642,29.43526449888037,24.5945898212816,30.237911624819706
2026-09-28 06:00:00,EP182026,44,2026-10-07 12:00:00,9 days 06:00:00,222,21.03,-120.71,976.6,74.6,24.748588939426824,133.9213643916536,100.22818487984156,99.63633199714432,135.24199513160613,72.27576395912413,56.85957845943148,46.33157198246245,62.07716247965135,35.312782101387484,29.17578933434342,22.50595744011112,30.34512423063904
2026-09-28 06:00:00,EP182026,44,2026-10-07 18:00:00,9 days 12:00:00,228,21.14,-121.7,988.0,60.8,8.560403906765597,81.56312760930598,67.54567565767493,54.36771955160443,81.76674448403568,8.9601664887885,4.756521462379618,1.7061177689342717,8.934439125576144,0.0,0.0,0.0,0.0
2026-09-28 06:00:00,EP182026,44,2026-10-08 00:00:00,9 days 18:00:00,234,21.49,-122.33,980.2,76.0,15.838797337766692,134.43692050770682,115.15316323599244,95.0948331102345,125.79615867981266,71.52032593943588,61.75961946708679,49.018662296120965,59.85291693824121,34.13305323141836,30.752664837434168,25.410387569923454,29.57901106177208
2026-09-28 06:00:00,EP182026,44,2026-10-08 06:00:00,10 days 00:00:00,240,21.43,-123.19,965.6,90.2,6.601236596953058,93.16569551782057,67.51024369724709,79.61758413283059,98.97623230678906,17.054973342383555,11.657183160326769,12.458309654349318,19.463459689239794,10.03851336870817,8.026014228075622,7.012696289762468,9.2344055247368
2026-09-28 06:00:00,EP182026,44,2026-10-08 12:00:00,10 days 06:00:00,246,21.51,-123.78,970.0,89.1,37.2470393429439,156.78381149935504,108.57996783920667,125.30222397657958,165.9201549868662,87.60390369908419,73.49895647286812,63.56670843626653,82.35448947935284,45.89289504582429,39.553563690531206,32.18169572561376,39.60196413556389
2026-09-28 06:00:00,EP182026,44,2026-10-08 18:00:00,10 days 12:00:00,252,21.46,-124.48,977.3,71.6,11.791588016105363,124.74975108557578,104.43286105481724,97.38348013736132,121.830231269099,60.144873839968064,49.68990413744963,38.144138583066464,53.31645115494749,28.007360448934328,23.569460223404747,17.419784604663413,23.695509363284422
2026-09-28 06:00:00,EP182026,44,2026-10-09 00:00:00,10 days 18:00:00,258,21.37,-125.1,982.3,67.7,1.5858839392804995,134.150747449498,108.18040491407926,96.20034619723224,122.65198788079526,1.8274822215944209,0.0,0.0,2.276444520025417,1.5858839392804995,0.0,0.0,0.0
2026-09-28 06:00:00,EP182026,44,2026-10-09 06:00:00,11 days 00:00:00,264,21.52,-125.54,996.8,58.5,43.59179225881732,178.36850572362073,150.89233151445626,111.5209325668813,155.25705613962762,43.59179225881732,4.199073724688489,0.5361245769656051,8.131485274977646,0.0,0.0,0.0,0.0
2026-09-28 06:00:00,EP182026,44,2026-10-09 12:00:00,11 days 06:00:00,270,21.27,-126.0,989.8,57.5,34.57893899339115,128.4885069798729,98.32543208106743,81.94602253271933,119.43208404820916,0.2419030614610733,0.0,0.0048226855640223,34.57893899339115,0.0,0.0,0.0,0.0
2026-09-28 06:00:00,EP182026,44,2026-10-09 18:00:00,11 days 12:00:00,276,21.37,-126.44,994.1,50.9,43.205568423589455,200.78453621961023,172.6747928398467,144.1136192778035,167.35197895733353,43.205568423589455,0.1382226984072998,0.0269016609502728,3.201271772672061,0.0,0.0,0.0,0.0
2026-09-28 06:00:00,EP182026,44,2026-10-10 00:00:00,11 days 18:00:00,282,21.77,-126.65,995.3,48.0,40.42424207720959,179.75943154357202,153.01055202543864,120.89574998764508,149.2299827110335,0.0,0.0,0.0,0.0,0.0,0.0,0.0,0.0
2026-09-28 06:00:00,EP182026,44,2026-10-10 06:00:00,12 days 00:00:00,288,22.04,-127.0,997.5,46.6,48.59522327974992,206.47056738115495,181.4052154666861,158.84457514577662,175.7513506511459,0.0,0.0,0.0,0.0,0.0,0.0,0.0,0.0
2026-09-28 06:00:00,EP182026,44,2026-10-10 12:00:00,12 days 06:00:00,294,22.49,-127.44,995.7,43.4,64.01301652383542,64.01301652383542,0.0,0.0,17.073307077921676,0.0,0.0,0.0,0.0,0.0,0.0,0.0,0.0
2026-09-28 06:00:00,EP182026,44,2026-10-10 18:00:00,12 days 12:00:00,300,22.58,-128.07,998.3,46.5,48.77752335662814,98.8539053687768,71.47684955744243,61.14404521712968,79.79532905357127,0.0,0.0,0.0,0.0,0.0,0.0,0.0,0.0
2026-09-28 06:00:00,EP182026,44,2026-10-11 00:00:00,12 days 18:00:00,306,23.12,-128.86,996.4,44.1,50.48914339026111,8.058634567750495,0.0,0.0,50.48914339026111,0.0,0.0,0.0,0.0,0.0,0.0,0.0,0.0
2026-09-28 06:00:00,EP182026,44,2026-10-11 06:00:00,13 days 00:00:00,312,23.53,-129.45,1003.6,37.7,81.44224262042007,0.0,0.0,3.2457105045400567,81.44224262042007,0.0,0.0,0.0,0.0,0.0,0.0,0.0,0.0
2026-09-28 06:00:00,EP182026,44,2026-10-11 12:00:00,13 days 06:00:00,318,23.82,-130.48,998.1,40.4,114.4979425581935,10.346926000257426,0.0,0.0,114.4979425581935,0.0,0.0,0.0,0.0,0.0,0.0,0.0,0.0
2026-09-28 06:00:00,EP182026,44,2026-10-11 18:00:00,13 days 12:00:00,324,23.94,-131.84,1002.8,35.6,55.93648601093972,140.614509132136,105.09177532497642,89.05240861203812,117.33616508174735,0.0,0.0,0.0,0.0,0.0,0.0,0.0,0.0
2026-09-28 06:00:00,EP182026,44,2026-10-12 00:00:00,13 days 18:00:00,330,23.96,-133.09,1004.4,37.8,80.3820271220956,10.730024644121684,0.0,0.0,80.3820271220956,0.0,0.0,0.0,0.0,0.0,0.0,0.0,0.0
2026-09-28 06:00:00,EP182026,44,2026-10-12 06:00:00,14 days 00:00:00,336,23.7,-134.37,1003.1,30.4,137.42893315852626,0.0,0.0,0.0,0.0,0.0,0.0,0.0,0.0,0.0,0.0,0.0,0.0
2026-09-28 06:00:00,EP182026,44,2026-10-12 12:00:00,14 days 06:00:00,342,23.49,-134.9,1003.5,34.3,58.51138765729058,6.183475893593311,0.0,0.0,58.51138765729058,0.0,0.0,0.0,0.0,0.0,0.0,0.0,0.0
2026-09-28 06:00:00,EP182026,44,2026-10-12 18:00:00,14 days 12:00:00,348,23.75,-135.58,1005.2,29.8,119.10026854433096,0.0,0.0,0.0,0.0,0.0,0.0,0.0,0.0,0.0,0.0,0.0,0.0
2026-09-28 06:00:00,EP182026,44,2026-10-13 00:00:00,14 days 18:00:00,354,23.47,-136.41,1005.7,29.7,142.81496172020428,0.0,0.0,0.0,0.0,0.0,0.0,0.0,0.0,0.0,0.0,0.0,0.0
2026-09-28 06:00:00,EP182026,44,2026-10-13 06:00:00,15 days 00:00:00,360,23.39,-137.27,1005.1,25.8,81.04315049173474,0.0,0.0,0.0,0.0,0.0,0.0,0.0,0.0,0.0,0.0,0.0,0.0
2026-09-28 06:00:00,EP912026(3),44,2026-09-28 06:00:00,0 days 00:00:00,0,12.7,-136.6,1005.0,29.0,93.0,0.0,0.0,0.0,0.0,0.0,0.0,0.0,0.0,0.0,0.0,0.0,0.0
2026-09-28 06:00:00,WP252026,44,2026-09-28 06:00:00,0 days 00:00:00,0,27.5,131.6,954.0,99.0,9.0,148.0,158.0,148.0,121.0,,,,,,,,
2026-09-28 06:00:00,WP252026,44,2026-09-28 12:00:00,0 days 06:00:00,6,27.04,132.68,986.0,64.4,9.99347745983161,106.28265668462508,125.7706723846411,119.17784958613385,86.73318132421156,53.55386358323315,61.83473627341528,52.61633073872983,44.113059793612,29.364057575164708,29.321515269502868,26.661252354768536,25.46012826269947
2026-09-28 06:00:00,WP252026,44,2026-09-28 18:00:00,0 days 12:00:00,12,27.34,133.46,985.3,54.8,15.188210426419891,112.17840013350433,134.23106755558786,110.41732959848852,67.19504152696977,3.711236001072646,15.188210426419891,5.063774870469043,0.0,0.0,0.0,0.0,0.0
2026-09-28 06:00:00,WP252026,44,2026-09-29 00:00:00,0 days 18:00:00,18,28.23,134.2,994.0,45.9,37.982434940653405,34.29871777717153,39.54561241836316,25.39131171807356,14.09448930293014,0.0,0.0,0.0,0.0,0.0,0.0,0.0,0.0
2026-09-28 06:00:00,WP252026,44,2026-09-29 06:00:00,1 days 00:00:00,24,28.72,134.52,993.1,42.6,65.03260250964003,2.254597828348512,65.03260250964003,2.3241538894831884,0.0,0.0,0.0,0.0,0.0,0.0,0.0,0.0,0.0
2026-09-28 06:00:00,WP252026,44,2026-09-29 12:00:00,1 days 06:00:00,30,29.38,135.51,996.7,40.1,87.41983248057005,0.0,87.41983248057005,2.289375972183386,0.0,0.0,0.0,0.0,0.0,0.0,0.0,0.0,0.0
2026-09-28 06:00:00,WP252026,44,2026-09-29 18:00:00,1 days 12:00:00,36,29.86,136.15,998.8,29.1,77.1073134709955,0.0,0.0,0.0,0.0,0.0,0.0,0.0,0.0,0.0,0.0,0.0,0.0
2026-09-28 06:00:00,WP252026,44,2026-09-30 00:00:00,1 days 18:00:00,42,30.17,137.39,997.8,36.5,112.7118514996402,112.7118514996402,0.0,0.0,0.0,0.0,0.0,0.0,0.0,0.0,0.0,0.0,0.0
2026-09-28 06:00:00,WP252026,44,2026-09-30 06:00:00,2 days 00:00:00,48,30.96,138.55,998.9,32.8,125.34535362517464,0.0,0.0,0.0,0.0,0.0,0.0,0.0,0.0,0.0,0.0,0.0,0.0
2026-09-28 06:00:00,WP252026,44,2026-09-30 12:00:00,2 days 06:00:00,54,31.75,139.25,1001.8,36.9,104.59618580405342,0.0,104.59618580405342,0.0,0.0,0.0,0.0,0.0,0.0,0.0,0.0,0.0,0.0
2026-09-28 06:00:00,WP252026,44,2026-09-30 18:00:00,2 days 12:00:00,60,32.47,140.5,996.7,32.6,41.75673560570399,0.0,0.0,0.0,0.0,0.0,0.0,0.0,0.0,0.0,0.0,0.0,0.0
2026-09-28 06:00:00,WP252026,44,2026-10-01 00:00:00,2 days 18:00:00,66,33.03,142.39,989.1,48.4,42.596085506662405,42.596085506662405,34.4054722334898,11.171521559809475,13.926850060413765,0.0,0.0,0.0,0.0,0.0,0.0,0.0,0.0
2026-09-28 06:00:00,WP252026,44,2026-10-01 06:00:00,3 days 00:00:00,72,33.98,143.61,995.3,35.1,74.06741346472592,63.70109042391057,74.06741346472592,49.89501987299742,51.911689540068295,0.0,0.0,0.0,0.0,0.0,0.0,0.0,0.0
2026-09-28 06:00:00,WP252026,44,2026-10-01 12:00:00,3 days 06:00:00,78,35.47,145.55,998.4,28.8,204.23700356539285,0.0,0.0,0.0,0.0,0.0,0.0,0.0,0.0,0.0,0.0,0.0,0.0
2026-09-28 06:00:00,WP252026,44,2026-10-01 18:00:00,3 days 12:00:00,84,36.85,147.81,999.8,26.1,131.15779439547802,0.0,0.0,0.0,0.0,0.0,0.0,0.0,0.0,0.0,0.0,0.0,0.0
2026-09-28 06:00:00,WP922026(4),44,2026-09-28 06:00:00,0 days 00:00:00,0,16.4,97.6,1001.0,29.0,64.0,0.0,0.0,0.0,0.0,0.0,0.0,0.0,0.0,0.0,0.0,0.0,0.0
2026-09-28 06:00:00,WP922026(4),44,2026-09-28 12:00:00,0 days 06:00:00,6,17.6,97.21,1004.0,22.6,46.115380096747046,0.0,0.0,0.0,0.0,0.0,0.0,0.0,0.0,0.0,0.0,0.0,0.0
2026-09-28 06:00:00,WP922026(4),44,2026-09-28 18:00:00,0 days 12:00:00,12,18.82,96.73,1006.5,15.3,37.93459705771509,0.0,0.0,0.0,0.0,0.0,0.0,0.0,0.0,0.0,0.0,0.0,0.0
2026-09-28 06:00:00,WP922026(4),44,2026-09-29 00:00:00,0 days 18:00:00,18,19.5,95.65,1002.2,23.5,89.7551728643347,0.0,0.0,0.0,0.0,0.0,0.0,0.0,0.0,0.0,0.0,0.0,0.0
2026-09-28 06:00:00,17,45,2026-10-04 18:00:00,6 days 12:00:00,156,13.41,-94.96,1007.5,25.0,105.2272982121045,0.0,0.0,0.0,0.0,0.0,0.0,0.0,0.0,0.0,0.0,0.0,0.0
2026-09-28 06:00:00,17,45,2026-10-05 00:00:00,6 days 18:00:00,162,13.25,-95.69,1006.9,25.0,63.10038571012619,0.0,0.0,0.0,0.0,0.0,0.0,0.0,0.0,0.0,0.0,0.0,0.0
2026-09-28 06:00:00,17,45,2026-10-05 06:00:00,7 days 00:00:00,168,12.75,-95.6,1002.6,38.5,46.98818372507475,7.255760640409925,5.734686587260725,5.823027893100278,46.98818372507475,0.0,0.0,0.0,0.0,0.0,0.0,0.0,0.0
2026-09-28 06:00:00,17,45,2026-10-05 12:00:00,7 days 06:00:00,174,12.71,-96.14,1006.2,28.3,100.56053892074831,0.0,0.0,0.0,0.0,0.0,0.0,0.0,0.0,0.0,0.0,0.0,0.0
2026-09-28 06:00:00,17,45,2026-10-05 18:00:00,7 days 12:00:00,180,12.67,-96.51,1004.3,34.9,56.53302732253463,5.663959904510129,0.0,0.0,56.53302732253463,0.0,0.0,0.0,0.0,0.0,0.0,0.0,0.0
2026-09-28 06:00:00,17,45,2026-10-06 00:00:00,7 days 18:00:00,186,12.32,-97.23,999.9,45.9,74.70298833565667,74.70298833565667,55.1576198750798,43.573438113880094,59.13305684958412,0.0,0.0,0.0,0.0,0.0,0.0,0.0,0.0
2026-09-28 06:00:00,17,45,2026-10-06 06:00:00,8 days 00:00:00,192,12.53,-98.02,1005.2,33.4,87.73648660025037,0.0,0.0,0.0,0.0,0.0,0.0,0.0,0.0,0.0,0.0,0.0,0.0
2026-09-28 06:00:00,17,45,2026-10-06 12:00:00,8 days 06:00:00,198,12.48,-98.47,1005.2,37.9,101.03652882471025,0.0,0.0,0.0,101.03652882471025,0.0,0.0,0.0,0.0,0.0,0.0,0.0,0.0
2026-09-28 06:00:00,17,45,2026-10-06 18:00:00,8 days 12:00:00,204,12.27,-99.44,1000.2,41.6,47.78445557628296,10.47738706781606,0.0,0.0,47.78445557628296,0.0,0.0,0.0,0.0,0.0,0.0,0.0,0.0
2026-09-28 06:00:00,17,45,2026-10-07 00:00:00,8 days 18:00:00,210,12.32,-99.81,1002.1,39.7,82.9792119947939,37.15797779760217,41.75656115136391,44.026913475924175,82.9792119947939,0.0,0.0,0.0,0.0,0.0,0.0,0.0,0.0
2026-09-28 06:00:00,17,45,2026-10-07 06:00:00,9 days 00:00:00,216,12.93,-100.08,1000.2,41.9,55.242549172690616,6.046438484549487,0.4061813328279688,6.8090493875961045,55.242549172690616,0.0,0.0,0.0,0.0,0.0,0.0,0.0,0.0
2026-09-28 06:00:00,17,45,2026-10-07 12:00:00,9 days 06:00:00,222,12.85,-100.48,1002.6,30.6,76.80350139063339,0.0,0.0,0.0,0.0,0.0,0.0,0.0,0.0,0.0,0.0,0.0,0.0
2026-09-28 06:00:00,18,45,2026-10-05 00:00:00,6 days 18:00:00,162,9.92,170.99,1003.7,27.1,81.35290456297516,0.0,0.0,0.0,0.0,0.0,0.0,0.0,0.0,0.0,0.0,0.0,0.0
2026-09-28 06:00:00,18,45,2026-10-05 06:00:00,7 days 00:00:00,168,10.54,169.89,1006.6,17.6,69.88423003144008,0.0,0.0,0.0,0.0,0.0,0.0,0.0,0.0,0.0,0.0,0.0,0.0
2026-09-28 06:00:00,18,45,2026-10-05 12:00:00,7 days 06:00:00,174,11.03,171.27,1004.9,26.5,128.0400516822703,0.0,0.0,0.0,0.0,0.0,0.0,0.0,0.0,0.0,0.0,0.0,0.0
2026-09-28 06:00:00,18,45,2026-10-05 18:00:00,7 days 12:00:00,180,12.26,171.31,1002.8,27.2,59.76108670718128,0.0,0.0,0.0,0.0,0.0,0.0,0.0,0.0,0.0,0.0,0.0,0.0
2026-09-28 06:00:00,18,45,2026-10-06 00:00:00,7 days 18:00:00,186,13.57,171.13,1003.8,25.6,134.1196689157549,0.0,0.0,0.0,0.0,0.0,0.0,0.0,0.0,0.0,0.0,0.0,0.0
2026-09-28 06:00:00,18,45,2026-10-06 06:00:00,8 days 00:00:00,192,14.23,170.64,1002.5,31.1,117.48122479084658,0.0,0.0,0.0,0.0,0.0,0.0,0.0,0.0,0.0,0.0,0.0,0.0
2026-09-28 06:00:00,18,45,2026-10-06 12:00:00,8 days 06:00:00,198,15.52,169.37,1005.3,31.5,155.1553102810606,0.0,0.0,0.0,0.0,0.0,0.0,0.0,0.0,0.0,0.0,0.0,0.0
2026-09-28 06:00:00,18,45,2026-10-06 18:00:00,8 days 12:00:00,204,15.99,168.96,993.4,41.8,41.69078805119898,132.1707780002754,103.75928826961116,78.60846450905814,101.62425796036268,0.0,0.0,0.0,0.0,0.0,0.0,0.0,0.0
2026-09-28 06:00:00,18,45,2026-10-07 00:00:00,8 days 18:00:00,210,16.84,168.04,1002.7,30.7,64.69716665482684,0.0,0.0,0.0,0.0,0.0,0.0,0.0,0.0,0.0,0.0,0.0,0.0
2026-09-28 06:00:00,18,45,2026-10-07 06:00:00,9 days 00:00:00,216,17.93,166.95,996.1,44.7,44.76626489670468,107.44127218000642,84.58798552249681,56.20911824381805,78.508990489772,0.0,0.0,0.0,0.0,0.0,0.0,0.0,0.0
2026-09-28 06:00:00,18,45,2026-10-07 12:00:00,9 days 06:00:00,222,18.74,165.95,997.8,39.5,45.76392680309061,45.76392680309061,14.90281535458004,5.1028723912846665,19.579894783440288,0.0,0.0,0.0,0.0,0.0,0.0,0.0,0.0
2026-09-28 06:00:00,18,45,2026-10-07 18:00:00,9 days 12:00:00,228,19.2,164.96,993.5,48.0,27.841717081734487,156.64198431156316,127.15841132126658,102.48544664328044,129.9791365531671,0.0,0.0,0.0,0.0,0.0,0.0,0.0,0.0
2026-09-28 06:00:00,18,45,2026-10-08 00:00:00,9 days 18:00:00,234,19.49,163.62,992.3,52.6,28.52884882247639,124.77312401161169,106.86538946497024,92.40215584924078,112.8532366721198,28.52884882247639,6.955420306988195,3.4155361436958884,7.793879686294431,0.0,0.0,0.0,0.0
2026-09-28 06:00:00,18,45,2026-10-08 06:00:00,10 days 00:00:00,240,19.58,162.32,979.8,62.9,0.0,170.58361862722205,143.99148914382232,112.62999385479584,151.35213221626174,51.51099140122188,37.34231217499519,24.79876309722988,39.7857431346535,0.0,0.0,0.0,0.0
2026-09-28 06:00:00,18,45,2026-10-08 12:00:00,10 days 06:00:00,246,19.66,160.62,979.3,72.3,21.60504119618355,203.7810213902698,175.65220665650338,122.87123303803187,175.90758488531998,37.68136494315006,24.20144189788966,10.69040811024546,26.44971581207853,21.60504119618355,0.0,0.0,0.8531451295197376
2026-09-28 06:00:00,18,45,2026-10-08 18:00:00,10 days 12:00:00,252,19.49,158.87,974.2,74.2,7.516394421165572,155.5382405957232,130.1216833615901,104.6870855606932,144.90939274004006,49.16242384063247,34.171557341167286,24.05255255597088,40.647344720723815,13.81961045033925,10.671262370217027,7.220340738968812,11.559774335327395
2026-09-28 06:00:00,18,45,2026-10-09 00:00:00,10 days 18:00:00,258,19.51,156.32,971.7,84.2,61.048851083692256,232.36215508742595,192.32251646319776,140.9832348139068,204.49904977301867,103.73792760192116,82.9806485241059,64.45562107439576,86.39538654841111,61.048851083692256,36.604056647781285,28.64644213522969,38.71455993798658
2026-09-28 06:00:00,18,45,2026-10-09 06:00:00,11 days 00:00:00,264,19.23,154.45,977.8,67.1,10.629483203215148,154.30490458185608,129.70494764076713,96.50642596712896,131.01074600438963,37.17033350054496,23.517659300011488,12.77433387317409,25.89625726665587,10.629483203215148,0.7247668484632172,0.5519576403211448,2.9933268102320216
2026-09-28 06:00:00,18,45,2026-10-09 12:00:00,11 days 06:00:00,270,19.35,152.14,961.4,94.7,30.883129898669665,186.36193823167756,157.0687957486822,122.00970650284027,160.0601935393829,30.883129898669665,8.512166791280027,0.0,30.883129898669665,0.6844929323496682,0.0,0.0,30.883129898669665
2026-09-28 06:00:00,18,45,2026-10-09 18:00:00,11 days 12:00:00,276,19.33,150.12,949.1,104.4,13.1908307121688,173.35455128134947,142.90438623406214,108.34421978766196,163.82265249003515,53.13885153320267,31.968627526405527,18.625863028792484,41.96288254319569,27.387339370564955,18.96159541327403,14.16884234129293,24.302990371516493
2026-09-28 06:00:00,18,45,2026-10-10 00:00:00,11 days 18:00:00,282,19.25,147.98,915.8,133.8,0.0,245.3607080314933,207.9242350987563,169.96114877881524,218.1005710140637,119.3627576994366,97.83816229455437,82.27559861765764,105.43943542248763,69.95129045334653,60.23258734157368,49.47520929025228,63.54343062632179
2026-09-28 06:00:00,18,45,2026-10-10 06:00:00,12 days 00:00:00,288,19.84,146.82,950.4,105.3,26.61522635156014,166.87993343457907,126.56445702942108,79.4078760663123,142.45091998434873,26.61522635156014,0.0,0.0,26.61522635156014,0.3747148838330245,0.0,0.0,26.61522635156014
2026-09-28 06:00:00,18,45,2026-10-10 12:00:00,12 days 06:00:00,294,20.09,146.03,969.7,84.7,29.250056268932997,180.73311087556272,137.0080531783275,102.48085335876212,160.68643731225893,71.8692456937869,51.39181942863664,37.78186522739213,61.07416539140871,32.82953977788901,27.20044403883737,21.226227529408128,28.69789964619393
2026-09-28 06:00:00,18,45,2026-10-10 18:00:00,12 days 12:00:00,300,20.35,144.63,967.8,85.0,27.276130712748063,178.69787923640206,123.4778458465149,81.77316864893135,157.14262930305046,91.36680288092565,64.87589101455163,48.89316009678988,78.56112336861803,46.68043873212707,37.953374515944624,29.15027001081374,39.836900116392286
2026-09-28 06:00:00,18,45,2026-10-11 00:00:00,12 days 18:00:00,306,20.92,143.32,950.9,99.9,0.0,167.5736645477185,140.91840535144098,95.2953153090945,133.51965544243578,14.354010946150291,0.3641072583782825,0.0,9.16242292247805,1.7388269846530546,0.0,0.0,1.8840094862739445
2026-09-28 06:00:00,18,45,2026-10-11 06:00:00,13 days 00:00:00,312,21.42,142.66,947.2,107.0,8.252595241257893,254.3829822287911,213.4436120043454,168.7944622311117,211.78265604817028,101.95982756338938,85.34362443738483,62.485296080809405,82.4811906512045,47.02182328248932,41.01277082775041,32.779226267241825,41.11908049998123
2026-09-28 06:00:00,18,45,2026-10-11 12:00:00,13 days 06:00:00,318,22.47,142.03,949.9,106.3,30.08902571900866,215.07100205849244,191.12248118016643,165.0961614480318,197.33981820013207,133.69865142043128,110.32706480516184,87.08443140722468,113.86447909563444,73.34531208101976,64.54904453360768,52.37982868429533,63.670884791792254
2026-09-28 06:00:00,18,45,2026-10-11 18:00:00,13 days 12:00:00,324,22.5,141.27,938.4,119.6,11.970502734324883,273.6685053306172,246.10685052257207,222.6214017298428,252.2058394328045,130.53497707920604,109.93909250786626,95.00633449952508,117.20589954442148,82.43238005781154,72.61217405578537,59.68032744933238,71.60461745584536
2026-09-28 06:00:00,18,45,2026-10-12 00:00:00,13 days 18:00:00,330,22.84,141.14,948.5,105.3,35.87857943996001,179.14495718413517,160.93873198197042,137.78061669863337,169.01610199061744,101.22480350588827,85.48695003465622,76.30308661263348,93.82251497736056,72.66446724077956,64.60508429311706,53.9645179690561,63.11074385032297
2026-09-28 06:00:00,18,45,2026-10-12 06:00:00,14 days 00:00:00,336,23.04,141.36,953.1,94.6,73.42619633390501,196.4733105588913,197.7179278591385,158.52417961538416,162.7659583774023,73.42619633390501,61.49668275830511,47.14628877510018,52.47449127191413,73.42619633390501,33.01200638655895,26.2451216752876,29.27316554370944
2026-09-28 06:00:00,18,45,2026-10-12 12:00:00,14 days 06:00:00,342,23.21,141.51,939.8,119.1,26.660742373253765,243.3057205625128,219.8842799442492,198.45550659535616,214.96689830532472,72.36737085919955,67.08036726133628,56.022045399779,64.6697456017985,46.69607352898419,41.138827100470415,35.28870923853015,38.54970415588007
2026-09-28 06:00:00,18,45,2026-10-12 18:00:00,14 days 12:00:00,348,22.89,141.37,945.3,104.8,37.95464749548577,211.5391629090235,189.06738854382843,198.28882118606293,204.13544423587723,118.66750929900184,116.30953964038667,106.6145887011042,109.9828126467122,76.8009794011673,72.64064067539914,64.24990117088933,66.58561817864336
2026-09-28 06:00:00,18,45,2026-10-13 00:00:00,14 days 18:00:00,354,22.97,141.57,955.8,94.1,46.3559892022146,206.61966075851612,204.035739295192,184.68359008896093,178.45512122127343,69.30094385882578,74.77431162800508,60.93292142204413,61.93153708783427,47.912729350912514,44.47175570896306,38.19172889495253,39.493039076781386
2026-09-28 06:00:00,18,45,2026-10-13 06:00:00,15 days 00:00:00,360,23.27,141.9,963.0,93.7,30.437045996344946,178.1025078088049,190.43145863185327,164.72404386236755,141.44360684045597,81.77382210267481,91.46663153329366,76.10879149590306,70.31657751756441,58.68342051300028,57.807817611431474,49.92301877342173,49.22011918927282
2026-09-28 06:00:00,20,45,2026-10-05 18:00:00,7 days 12:00:00,180,20.16,-94.24,1003.0,29.8,72.55688544336566,0.0,0.0,0.0,0.0,0.0,0.0,0.0,0.0,0.0,0.0,0.0,0.0
2026-09-28 06:00:00,20,45,2026-10-06 00:00:00,7 days 18:00:00,186,19.96,-94.19,1000.9,37.3,126.60254365851232,126.60254365851232,0.5088805013944011,0.0,0.0,0.0,0.0,0.0,0.0,0.0,0.0,0.0,0.0
2026-09-28 06:00:00,20,45,2026-10-06 06:00:00,8 days 00:00:00,192,20.42,-95.03,1002.2,35.8,121.92567245374006,0.0,121.92567245374006,0.0,1.7040773198228152,0.0,0.0,0.0,0.0,0.0,0.0,0.0,0.0
2026-09-28 06:00:00,20,45,2026-10-06 12:00:00,8 days 06:00:00,198,20.29,-94.59,1003.2,32.6,129.5989060824516,0.0,0.0,0.0,0.0,0.0,0.0,0.0,0.0,0.0,0.0,0.0,0.0
2026-09-28 06:00:00,20,45,2026-10-06 18:00:00,8 days 12:00:00,204,20.15,-94.7,999.5,40.9,41.346061970969686,127.31357367054352,102.42633297008024,85.72842276243182,105.90484333325776,0.0,0.0,0.0,0.0,0.0,0.0,0.0,0.0
2026-09-28 06:00:00,20,45,2026-10-07 00:00:00,8 days 18:00:00,210,20.12,-94.41,989.5,52.8,25.016806376569605,85.38453883224497,76.82310890438998,71.8230836163242,80.54772301035183,29.62286482429037,25.411759516243293,18.1483233038704,22.818572051065857,0.0,0.0,0.0,0.0
2026-09-28 06:00:00,20,45,2026-10-07 06:00:00,9 days 00:00:00,216,19.97,-94.65,985.8,70.0,36.39892233219105,141.65482934450094,130.31623248437603,121.73593128904216,145.44824261460815,44.54036390370922,32.36077335853884,26.84551151857049,38.49362960561111,36.39892233219105,11.320698478244465,10.159372145740022,14.151735100378415
2026-09-28 06:00:00,20,45,2026-10-07 12:00:00,9 days 06:00:00,222,20.3,-94.26,987.5,60.1,0.0,112.70109014149476,118.0613783459039,82.66252909113852,89.01192595341294,12.855659524226116,13.106269831547165,7.539825836619961,7.341061412094754,0.0,0.0,0.0,0.0
2026-09-28 06:00:00,20,45,2026-10-07 18:00:00,9 days 12:00:00,228,20.4,-93.92,997.1,59.7,22.18746598680582,116.84441416830477,136.4820413956386,110.80149794129044,105.67672974603556,34.17846480796692,35.18780432995186,25.809751430384694,27.678268754830786,0.0,0.0,0.0,0.0
2026-09-28 06:00:00,20,45,2026-10-08 00:00:00,9 days 18:00:00,234,20.65,-93.82,985.9,71.0,8.145262157778973,140.1463268044521,154.21432961051323,130.54741993543007,118.17672237483032,68.8651246465459,66.10097262083411,48.40746873390299,52.33998075111094,26.020348014441765,23.31867860089841,18.079682578168686,21.24347827233277
2026-09-28 06:00:00,20,45,2026-10-08 06:00:00,10 days 00:00:00,240,20.97,-93.96,976.5,82.2,28.723383472857336,126.9309245205701,107.89359938481482,101.96431913603422,112.34362489869048,72.49483474985168,60.073760665657744,51.23852387548148,63.3117495522427,36.90130199261887,31.78472805679749,27.30451567012765,32.73565654642006
2026-09-28 06:00:00,20,45,2026-10-08 12:00:00,10 days 06:00:00,246,20.96,-93.92,978.7,79.6,41.95087602379178,191.85349442772844,175.11181956213096,148.47147198818544,173.79465998907148,60.823242214838544,50.94629754841316,39.457511307911375,49.50295650497455,41.95087602379178,14.859208241621154,11.284363797553455,13.755199216683048
2026-09-28 06:00:00,20,45,2026-10-08 18:00:00,10 days 12:00:00,252,20.99,-93.89,975.2,80.2,60.015106686513874,182.7035400978536,203.77144493187427,143.341119984287,143.99841819035092,60.015106686513874,48.81630359825348,34.78213821407104,38.96084242468397,60.015106686513874,17.563914435590572,13.52456341211106,15.532714846556456
2026-09-28 06:00:00,20,45,2026-10-09 00:00:00,10 days 18:00:00,258,21.23,-93.63,974.9,82.9,27.270481472523173,127.14436757322773,139.57387970369297,95.6301329919354,98.59477654007593,36.12862221327434,38.13633206147543,28.131684878047768,24.85777229706672,27.270481472523173,16.616151458193947,13.27908584741024,13.611787123895258
2026-09-28 06:00:00,20,45,2026-10-09 06:00:00,11 days 00:00:00,264,21.36,-93.34,951.8,105.7,0.4311087689659061,118.31146762213103,164.9151354436785,143.53292127016385,105.75267854380722,81.22393854995147,85.18692957439394,76.60319033558444,73.08521166221914,57.435463730702,54.99518771486504,46.72320435116881,49.56647003248925
2026-09-28 06:00:00,20,45,2026-10-09 12:00:00,11 days 06:00:00,270,21.44,-93.01,963.7,91.7,45.07968884259951,145.3984768034356,158.17509602675796,104.51322787682464,108.96937528603812,49.17143963157842,53.50615792871835,35.63771434040477,36.200175366347565,45.07968884259951,26.629721772628518,20.76260157223785,22.70697431765754
2026-09-28 06:00:00,20,45,2026-10-09 18:00:00,11 days 12:00:00,276,21.7,-92.66,954.9,100.7,12.342055126813491,187.2493150571167,211.61918069775675,153.1878595644054,136.5209478383718,60.02872385015392,60.98910049104401,42.39826001014457,46.21254519895084,26.341398103724583,24.795387031170947,18.70376057069416,21.14929433265361
2026-09-28 06:00:00,20,45,2026-10-10 00:00:00,11 days 18:00:00,282,22.45,-92.56,952.7,113.8,45.23423558566135,189.93440363773047,198.34493695890404,126.46130025070286,147.8746571279548,45.23423558566135,45.23423558566135,14.449226213879692,15.17437780671453,45.23423558566135,14.227449798883423,9.740953096168372,11.977879343365778
2026-09-28 06:00:00,20,45,2026-10-10 06:00:00,12 days 00:00:00,288,22.66,-92.54,956.0,99.9,41.636818191875136,211.5526324392777,198.20795713345436,140.60505937807466,151.04367735930282,41.636818191875136,17.348884697930316,1.7221850667456238,10.393932970917149,41.636818191875136,3.431856585668811,0.4913049605265769,2.569557958586074
2026-09-28 06:00:00,20,45,2026-10-10 12:00:00,12 days 06:00:00,294,23.4,-92.33,960.7,97.0,35.142274768598035,205.8398599060384,211.01722077961077,132.3873762500581,147.7680266412296,51.21190506112707,52.35111617184487,31.12539712118114,32.39782834847118,35.142274768598035,22.402744184364117,15.89147225938628,17.316755508525247
2026-09-28 06:00:00,20,45,2026-10-10 18:00:00,12 days 12:00:00,300,24.49,-92.43,971.6,86.4,55.1163816962507,220.33248780242653,195.3094651696555,122.20686274493102,152.87049949466865,55.1163816962507,46.18960024573263,24.29329579148263,34.077343771344474,55.1163816962507,21.320644627228017,15.307033192320482,18.441711641759923
2026-09-28 06:00:00,20,45,2026-10-11 00:00:00,12 days 18:00:00,306,25.61,-91.82,944.2,110.9,17.999418249530535,224.6491336678313,235.6325323218969,146.32862383592962,164.49089942221434,84.6697580944577,83.41281206156998,54.83012487203238,63.07890282524174,51.17691670117959,46.38536710632916,36.27128356626455,40.67016072504614
2026-09-28 06:00:00,20,45,2026-10-11 06:00:00,13 days 00:00:00,312,26.51,-91.82,958.5,102.4,13.77131116717797,263.08872897763234,249.15472719161968,179.49739962842216,189.7732247586402,89.23869528510005,83.09735046109033,53.12722191377088,61.799020837474586,30.931192862377443,29.49293871096984,22.41616098842703,24.14203428088361
2026-09-28 06:00:00,20,45,2026-10-11 12:00:00,13 days 06:00:00,318,28.31,-91.46,958.3,98.1,9.828920711532987,235.25285516493787,225.28542822661365,149.4551207982104,167.8140786731059,112.64491628571054,110.97640011853342,83.03585574257836,88.57437666632138,62.96695647929121,60.31400617641255,49.08836511352976,52.49023353674009
2026-09-28 06:00:00,20,45,2026-10-11 18:00:00,13 days 12:00:00,324,30.11,-90.85,967.0,86.1,17.839912671020215,201.17346417335105,215.8574781933006,160.27965343279334,160.93797364938632,98.96239846101209,104.214356950403,82.77887492461392,81.38633056820697,57.75748126977234,55.26145294044366,46.67358188243446,49.24270962557648
2026-09-28 06:00:00,20,45,2026-10-12 00:00:00,13 days 18:00:00,330,31.4,-89.6,981.1,56.1,69.66811821986474,244.04436168474808,264.52916060313714,177.73179145754284,168.56119410238034,51.89279990837878,69.66811821986474,29.46777244680669,27.650510443938277,0.0,0.0,0.0,0.0
2026-09-28 06:00:00,20,45,2026-10-12 06:00:00,14 days 00:00:00,336,33.07,-88.15,988.5,41.1,44.69826774888776,67.06886292475994,90.72582466264652,48.42689525382502,38.51287685812801,0.0,0.0,0.0,0.0,0.0,0.0,0.0,0.0
2026-09-28 06:00:00,20,45,2026-10-12 12:00:00,14 days 06:00:00,342,34.28,-86.25,997.6,25.3,120.71137718674844,0.0,0.0,0.0,0.0,0.0,0.0,0.0,0.0,0.0,0.0,0.0,0.0
2026-09-28 06:00:00,20,45,2026-10-12 18:00:00,14 days 12:00:00,348,35.65,-83.0,1000.6,31.7,90.7787965881497,0.0,0.0,0.0,0.0,0.0,0.0,0.0,0.0,0.0,0.0,0.0,0.0
2026-09-28 06:00:00,20,45,2026-10-13 00:00:00,14 days 18:00:00,354,36.54,-78.83,999.2,35.3,122.58821749517062,14.942442319139843,21.485655090631138,122.58821749517062,21.59588986032585,0.0,0.0,0.0,0.0,0.0,0.0,0.0,0.0
2026-09-28 06:00:00,20,45,2026-10-13 06:00:00,15 days 00:00:00,360,36.97,-74.32,989.5,42.4,77.69558616420437,306.27128447526206,284.44305673236204,242.3097174513516,242.1212057196992,0.0,0.0,0.0,0.0,0.0,0.0,0.0,0.0
2026-09-28 06:00:00,22,45,2026-10-08 00:00:00,9 days 18:00:00,234,16.08,153.2,1006.4,17.3,86.66563045037421,0.0,0.0,0.0,0.0,0.0,0.0,0.0,0.0,0.0,0.0,0.0,0.0
2026-09-28 06:00:00,22,45,2026-10-08 06:00:00,10 days 00:00:00,240,15.65,153.32,1002.8,19.4,48.61236188301397,0.0,0.0,0.0,0.0,0.0,0.0,0.0,0.0,0.0,0.0,0.0,0.0
2026-09-28 06:00:00,22,45,2026-10-08 12:00:00,10 days 06:00:00,246,15.66,153.47,1004.2,19.5,78.52686494447005,0.0,0.0,0.0,0.0,0.0,0.0,0.0,0.0,0.0,0.0,0.0,0.0
2026-09-28 06:00:00,22,45,2026-10-08 18:00:00,10 days 12:00:00,252,14.42,153.22,1001.9,23.0,81.25093397311753,0.0,0.0,0.0,0.0,0.0,0.0,0.0,0.0,0.0,0.0,0.0,0.0
2026-09-28 06:00:00,22,45,2026-10-09 00:00:00,10 days 18:00:00,258,14.18,153.78,1002.1,22.4,49.14083041441263,0.0,0.0,0.0,0.0,0.0,0.0,0.0,0.0,0.0,0.0,0.0,0.0
2026-09-28 06:00:00,22,45,2026-10-09 06:00:00,11 days 00:00:00,264,14.45,154.63,1002.1,24.6,104.80519938868493,0.0,0.0,0.0,0.0,0.0,0.0,0.0,0.0,0.0,0.0,0.0,0.0
2026-09-28 06:00:00,22,45,2026-10-09 12:00:00,11 days 06:00:00,270,14.53,155.23,1005.0,23.7,104.83280817170235,0.0,0.0,0.0,0.0,0.0,0.0,0.0,0.0,0.0,0.0,0.0,0.0
2026-09-28 06:00:00,22,45,2026-10-09 18:00:00,11 days 12:00:00,276,16.08,154.64,1000.7,23.9,129.8530089368117,0.0,0.0,0.0,0.0,0.0,0.0,0.0,0.0,0.0,0.0,0.0,0.0
2026-09-28 06:00:00,22,45,2026-10-10 00:00:00,11 days 18:00:00,282,15.83,155.95,1000.0,29.1,81.36762564400073,0.0,0.0,0.0,0.0,0.0,0.0,0.0,0.0,0.0,0.0,0.0,0.0
2026-09-28 06:00:00,22,45,2026-10-10 06:00:00,12 days 00:00:00,288,16.48,155.01,1001.4,26.6,114.997682573461,0.0,0.0,0.0,0.0,0.0,0.0,0.0,0.0,0.0,0.0,0.0,0.0
2026-09-28 06:00:00,22,45,2026-10-10 12:00:00,12 days 06:00:00,294,17.17,155.43,1003.8,22.8,71.56839848303764,0.0,0.0,0.0,0.0,0.0,0.0,0.0,0.0,0.0,0.0,0.0,0.0
2026-09-28 06:00:00,22,45,2026-10-10 18:00:00,12 days 12:00:00,300,17.29,155.06,1003.5,20.8,120.6073249772673,0.0,0.0,0.0,0.0,0.0,0.0,0.0,0.0,0.0,0.0,0.0,0.0
2026-09-28 06:00:00,22,45,2026-10-11 00:00:00,12 days 18:00:00,306,17.18,155.87,999.9,26.5,55.78860016380051,0.0,0.0,0.0,0.0,0.0,0.0,0.0,0.0,0.0,0.0,0.0,0.0
2026-09-28 06:00:00,24,45,2026-10-08 18:00:00,10 days 12:00:00,252,13.74,-100.42,1005.1,26.0,104.90579457688838,0.0,0.0,0.0,0.0,0.0,0.0,0.0,0.0,0.0,0.0,0.0,0.0
2026-09-28 06:00:00,24,45,2026-10-09 00:00:00,10 days 18:00:00,258,13.47,-100.83,1002.2,26.7,45.90089566614324,0.0,0.0,0.0,0.0,0.0,0.0,0.0,0.0,0.0,0.0,0.0,0.0
2026-09-28 06:00:00,24,45,2026-10-09 06:00:00,11 days 00:00:00,264,14.21,-101.62,1004.6,28.1,126.80300846902514,0.0,0.0,0.0,0.0,0.0,0.0,0.0,0.0,0.0,0.0,0.0,0.0
2026-09-28 06:00:00,24,45,2026-10-09 12:00:00,11 days 06:00:00,270,14.09,-101.83,1001.4,41.7,115.19435292572118,115.19435292572118,3.902326550787283,0.0,0.0,0.0,0.0,0.0,0.0,0.0,0.0,0.0,0.0
2026-09-28 06:00:00,24,45,2026-10-09 18:00:00,11 days 12:00:00,276,13.81,-101.8,1000.7,36.9,109.37754679976224,109.37754679976224,5.9205969034096455,3.533160073373669,3.949672133159389,0.0,0.0,0.0,0.0,0.0,0.0,0.0,0.0
2026-09-28 06:00:00,24,45,2026-10-10 00:00:00,11 days 18:00:00,282,13.91,-101.94,1001.1,31.4,47.46258963863542,0.0,0.0,0.0,0.0,0.0,0.0,0.0,0.0,0.0,0.0,0.0,0.0
2026-09-28 06:00:00,24,45,2026-10-10 06:00:00,12 days 00:00:00,288,13.87,-101.9,999.5,33.9,147.40323034145337,0.0,0.0,0.0,0.0,0.0,0.0,0.0,0.0,0.0,0.0,0.0,0.0
2026-09-28 06:00:00,24,45,2026-10-10 12:00:00,12 days 06:00:00,294,14.38,-102.02,996.1,41.2,64.53173578291944,64.53173578291944,0.0,0.0,0.0,0.0,0.0,0.0,0.0,0.0,0.0,0.0,0.0
2026-09-28 06:00:00,24,45,2026-10-10 18:00:00,12 days 12:00:00,300,14.86,-101.99,998.4,37.3,104.50086828171123,104.50086828171123,13.299387589948552,5.133097803446624,17.18827760316945,0.0,0.0,0.0,0.0,0.0,0.0,0.0,0.0
2026-09-28 06:00:00,24,45,2026-10-11 00:00:00,12 days 18:00:00,306,15.41,-101.94,990.7,54.4,62.01535229677251,71.45074202750955,45.22515104435234,20.44724154176828,46.02534339269311,62.01535229677251,0.0,0.0,0.7243302424237461,0.0,0.0,0.0,0.0
2026-09-28 06:00:00,24,45,2026-10-11 06:00:00,13 days 00:00:00,312,16.27,-102.29,988.3,54.5,25.677640123383696,164.47007119963314,137.33034719809507,103.75089909030191,123.00950323463098,25.677640123383696,13.887987074181112,7.931423785838824,13.72274046701689,0.0,0.0,0.0,0.0
2026-09-28 06:00:00,24,45,2026-10-11 12:00:00,13 days 06:00:00,318,16.88,-101.77,981.6,81.4,19.015260178565143,166.39761842048915,139.57315176981638,75.95539543448956,123.25760161879477,60.49424720128019,49.790057658487285,31.315404180487064,45.948361903560055,23.502435516284493,20.05021637677281,14.151628641887172,18.43086771709774
2026-09-28 06:00:00,24,45,2026-10-11 18:00:00,13 days 12:00:00,324,17.15,-102.16,1000.6,34.1,87.04310349943212,87.04310349943212,0.0,0.0,0.0,0.0,0.0,0.0,0.0,0.0,0.0,0.0,0.0
2026-09-28 06:00:00,6,45,2026-09-29 06:00:00,1 days 00:00:00,24,15.63,152.61,1008.1,24.4,86.09133533367662,0.0,0.0,0.0,0.0,0.0,0.0,0.0,0.0,0.0,0.0,0.0,0.0
2026-09-28 06:00:00,6,45,2026-09-29 12:00:00,1 days 06:00:00,30,16.1,152.4,1004.6,25.5,126.17790267580313,0.0,0.0,0.0,0.0,0.0,0.0,0.0,0.0,0.0,0.0,0.0,0.0
2026-09-28 06:00:00,6,45,2026-09-29 18:00:00,1 days 12:00:00,36,16.02,151.89,1003.4,21.3,79.81215293345021,0.0,0.0,0.0,0.0,0.0,0.0,0.0,0.0,0.0,0.0,0.0,0.0
2026-09-28 06:00:00,6,45,2026-09-30 00:00:00,1 days 18:00:00,42,15.83,151.14,1002.1,27.4,80.77548661642606,0.0,0.0,0.0,0.0,0.0,0.0,0.0,0.0,0.0,0.0,0.0,0.0
2026-09-28 06:00:00,6,45,2026-09-30 06:00:00,2 days 00:00:00,48,16.46,150.94,1000.5,31.6,124.13377353922996,0.0,0.0,0.0,0.0,0.0,0.0,0.0,0.0,0.0,0.0,0.0,0.0
2026-09-28 06:00:00,6,45,2026-09-30 12:00:00,2 days 06:00:00,54,17.27,149.65,998.4,35.0,41.56590940364002,5.153822627165383,0.0751665885709655,3.337520946850198,41.56590940364002,0.0,0.0,0.0,0.0,0.0,0.0,0.0,0.0
2026-09-28 06:00:00,6,45,2026-09-30 18:00:00,2 days 12:00:00,60,17.17,148.61,995.7,41.1,85.0786230258094,85.0786230258094,24.720758102942128,8.842610370015121,16.26977118848089,0.0,0.0,0.0,0.0,0.0,0.0,0.0,0.0
2026-09-28 06:00:00,6,45,2026-10-01 00:00:00,2 days 18:00:00,66,17.21,147.52,993.7,42.0,89.7889754045073,89.7889754045073,44.15349350516658,32.68911514056791,34.69409822303345,0.0,0.0,0.0,0.0,0.0,0.0,0.0,0.0
2026-09-28 06:00:00,6,45,2026-10-01 06:00:00,3 days 00:00:00,72,17.08,147.02,988.1,56.3,53.150507469295405,149.98909677752363,128.73138659979224,111.42304075851122,131.1370749025979,53.150507469295405,5.495448529438125,2.726817425159983,7.111218396204792,0.0,0.0,0.0,0.0
2026-09-28 06:00:00,6,45,2026-10-01 12:00:00,3 days 06:00:00,78,16.99,146.16,980.3,62.7,74.52007788855039,97.32817708579005,89.25376574515653,70.21260282624714,78.79268649518208,74.52007788855039,0.0,0.0,0.0,0.0,0.0,0.0,0.0
2026-09-28 06:00:00,6,45,2026-10-01 18:00:00,3 days 12:00:00,84,17.13,145.82,977.1,66.9,31.918998754638487,231.82798037648652,190.32150758790397,164.01365284528725,206.5791112603327,162.9630866826677,144.5637003906413,120.53987791533442,144.03316009011368,82.1954862483002,73.24699273092826,60.56467817260975,70.88747738903089
2026-09-28 06:00:00,6,45,2026-10-02 00:00:00,3 days 18:00:00,90,17.0,145.78,946.7,104.9,32.746639241309154,250.3068289135661,234.5049784334109,192.1642514263977,209.61628400189707,77.14768403897916,68.82948783606946,56.395924498848544,66.53263736736253,32.746639241309154,25.137354812438787,21.3437859936324,23.333528554567607
2026-09-28 06:00:00,6,45,2026-10-02 06:00:00,4 days 00:00:00,96,17.25,145.78,960.1,90.6,44.10573311371027,301.09296361349175,288.53721763304924,228.30719459728616,245.32285257430743,79.01337416801758,71.03265366160355,52.56362822284994,62.41903630500326,44.10573311371027,14.438908756572433,11.464334485274804,13.13929087720769
2026-09-28 06:00:00,6,45,2026-10-02 12:00:00,4 days 06:00:00,102,17.6,145.87,937.3,117.8,0.0,232.3293625890778,240.90262817430545,193.6598582224292,187.4873495404626,96.847283712605,97.91126257784856,83.61991713509165,82.99507686550453,62.325067972881854,59.848463489419295,50.04504618570229,53.2141332975712
2026-09-28 06:00:00,6,45,2026-10-02 18:00:00,4 days 12:00:00,108,18.14,145.89,941.1,113.3,20.415091891413176,291.73893308781805,294.2051385937567,242.41096257449323,256.5956598240736,184.17324020389415,179.71419257695496,153.8099815688906,161.00354122102863,114.17155739554173,110.2690176274226,92.85601741123722,99.6244846914807
2026-09-28 06:00:00,6,45,2026-10-03 00:00:00,4 days 18:00:00,114,18.59,146.5,942.5,108.3,25.327563621548254,290.32507211353607,314.43876779125816,264.9588868209481,230.55133865567475,150.55139459582963,162.83080951816245,142.07942790206906,130.8994075546894,92.99226957087774,92.90333662336546,79.77780067224681,78.3498236333794
2026-09-28 06:00:00,6,45,2026-10-03 06:00:00,5 days 00:00:00,120,19.53,147.04,930.8,125.6,13.241108316453492,393.77276314753,413.0386206136187,319.7697108137103,315.81937850887084,169.63738163402985,188.0025032757871,157.63849548183447,140.97059371524705,107.61009357039748,114.07656849971856,97.1947075123013,92.82125223565768
2026-09-28 06:00:00,6,45,2026-10-03 12:00:00,5 days 06:00:00,126,20.18,147.27,918.5,133.4,21.224692259837525,372.6567250948192,393.2976606925595,305.8313680263409,303.1581565971155,185.27611713931992,187.1203547101468,158.24295527403456,160.08460825984184,112.18329044002144,109.87943963391284,93.80523934328016,95.91868217447086
2026-09-28 06:00:00,6,45,2026-10-03 18:00:00,5 days 12:00:00,132,20.85,147.3,926.3,125.4,3.118188595862705,313.3790788716242,330.9901820974883,258.6286426062193,241.8027998149441,149.1598767528144,155.3486420990232,132.39097232486233,127.12211549937832,94.96928258467506,95.04817882793964,81.24498388137272,81.24441491194102
2026-09-28 06:00:00,6,45,2026-10-04 00:00:00,5 days 18:00:00,138,21.53,147.38,938.1,113.5,21.53007067184929,392.8104154312597,404.4666328359356,320.2990807960057,322.9352460270735,219.8400583437766,220.0786427574311,190.30730928792087,191.3745865580308,136.28927743349504,135.2544857246483,115.68805006413612,117.4430028569428
2026-09-28 06:00:00,6,45,2026-10-04 06:00:00,6 days 00:00:00,144,22.26,147.74,921.8,118.3,17.934880568426543,413.11837882594295,463.74058359973327,379.1072740206976,346.86403609174744,174.96075662856634,184.2608484809035,152.56134189490456,145.10394007206355,92.54492568841776,94.84248002023824,81.00393606844432,78.81792858377995
2026-09-28 06:00:00,6,45,2026-10-04 12:00:00,6 days 06:00:00,150,22.88,147.7,932.4,116.7,18.48864077558005,384.78907725803583,365.54236892260974,285.8094214140658,323.54391845011787,180.37793779377452,174.1141612617887,143.65315152807534,154.3074066925641,107.14832003327916,105.7958159446141,88.10141372481633,93.3735483018267
2026-09-28 06:00:00,6,45,2026-10-04 18:00:00,6 days 12:00:00,156,23.56,147.4,919.4,126.9,36.953539888460696,428.241411172194,385.0345072520613,327.79987080282655,365.02127355889456,181.149442539258,169.19664489576968,142.45948076281627,157.3824561555811,97.20022722193389,93.72824140474248,79.16386785154818,86.11444057604774
2026-09-28 06:00:00,6,45,2026-10-05 00:00:00,6 days 18:00:00,162,23.94,147.0,932.8,104.5,6.48576939709023,431.0317302118792,424.4737643591588,348.92200654310665,359.508901070712,221.6181075623481,219.22578015821648,187.08387405310972,192.8653815764612,131.44348970895953,128.5984443529943,110.12308806304291,113.3302406092125
2026-09-28 06:00:00,6,45,2026-10-05 06:00:00,7 days 00:00:00,168,24.69,146.86,942.0,101.1,43.259551414531856,541.7498462492341,491.78448898240464,428.23539605546046,471.63186674544505,335.93907980424683,328.93890807908696,288.7565784461657,300.10655052563897,187.0300919644275,186.9900623206661,162.7016532221743,165.58703218207057
2026-09-28 06:00:00,6,45,2026-10-05 12:00:00,7 days 06:00:00,174,24.96,146.56,943.3,95.4,77.46932135139645,417.4028309438643,373.6726987584461,308.20152802696066,348.81634018350474,212.88573237296453,197.0453210978144,164.81803233402707,185.6633272007524,110.91306031619511,102.9098849066932,86.21760391633768,94.8347022707962
2026-09-28 06:00:00,6,45,2026-10-05 18:00:00,7 days 12:00:00,180,25.55,145.92,932.7,111.8,39.67244660940821,478.5921876156135,443.9928447345192,388.10896116100776,425.2346945623731,264.3948452499467,255.274809826386,220.39616037838917,237.843124803524,144.32229009706634,141.01009761188698,120.57180000119844,128.11938130547105
2026-09-28 06:00:00,6,45,2026-10-06 00:00:00,7 days 18:00:00,186,26.27,145.64,934.6,109.6,45.55813683124143,344.2710018644575,320.89110631728545,257.10935319471173,280.62853723182343,154.1432235733373,144.71121728571595,115.24820217228262,129.68859419907676,86.41776303539518,80.66062313783914,66.96229027520167,74.02431591402274
2026-09-28 06:00:00,6,45,2026-10-06 06:00:00,8 days 00:00:00,192,27.27,145.03,928.6,123.3,57.55787112909182,381.8444977929887,372.9195939713544,311.20075817420906,315.609323193602,171.65156696022217,163.51476702348663,136.7958164502105,147.4989717381275,100.11727458878256,95.47658889423242,83.29017115011962,86.51758239481201
2026-09-28 06:00:00,6,45,2026-10-06 12:00:00,8 days 06:00:00,198,28.08,145.09,941.5,106.7,57.905060386492536,399.0356621405068,379.7333595275781,296.4430809300031,315.7843044402035,201.55344775156885,197.88233656206629,159.33577150629912,167.44498127698236,112.37184159720178,109.05687151051652,91.75832090944084,96.15280232801187
2026-09-28 06:00:00,6,45,2026-10-06 18:00:00,8 days 12:00:00,204,29.75,145.22,950.2,97.7,16.264687110428454,393.2593596381191,429.1943257830372,344.80773942818564,331.8163277299288,215.21545720449487,234.70420335935492,202.2642044928905,189.0058744895442,130.90655869004382,139.03145530635425,119.873816538112,116.0494944650695
2026-09-28 06:00:00,6,45,2026-10-07 00:00:00,8 days 18:00:00,210,31.3,145.92,937.7,103.9,59.683904162940976,448.20038471737007,476.82547842940335,386.3402741266585,359.77813160010624,185.77536037396104,198.7492419832151,161.15227074978858,153.83869943848063,80.12250527136442,82.57252636881401,68.87275385749848,68.69923131173013
2026-09-28 06:00:00,6,45,2026-10-07 06:00:00,9 days 00:00:00,216,33.59,147.37,946.9,93.6,0.0,424.2862100034463,491.5794728724213,403.99341991936126,343.9056026558137,181.86725405365317,214.1887448084208,180.1297172198961,154.46495987036587,86.76169463488554,97.77541995326784,84.06766785366358,76.48987329723877
2026-09-28 06:00:00,6,45,2026-10-07 12:00:00,9 days 06:00:00,222,36.74,149.71,964.5,72.0,27.905131184855115,379.5439694799573,438.0543317991453,345.89712888108824,296.11364534817795,146.42365772082024,164.80943677049882,127.27538665818084,116.53884149029471,45.89639201739018,51.72002461173385,42.107959702749255,39.78044823003994
2026-09-28 06:00:00,6,45,2026-10-07 18:00:00,9 days 12:00:00,228,39.82,152.41,971.6,58.9,84.152356171028,190.62582368297316,231.83927375544545,172.98126907344115,122.55227920013972,23.67314646824418,84.152356171028,24.90809507322484,9.552124826052289,0.0,0.0,0.0,0.0
2026-09-28 06:00:00,6,45,2026-10-08 00:00:00,9 days 18:00:00,234,44.18,157.07,975.5,43.6,109.62567216237116,327.74894208436933,371.0335783523584,300.245178939667,262.9835214798412,0.0,0.0,0.0,0.0,0.0,0.0,0.0,0.0
2026-09-28 06:00:00,6,45,2026-10-08 06:00:00,10 days 00:00:00,240,48.67,162.73,973.4,55.0,142.08003117916587,7.669386495345151,142.08003117916587,34.418872842209964,0.0,2.8524786459239024,142.08003117916587,4.38630530890957,0.0,0.0,0.0,0.0,0.0
2026-09-28 06:00:00,6,45,2026-10-08 12:00:00,10 days 06:00:00,246,52.71,169.52,957.7,49.8,103.66645907785816,104.38011854790751,153.38573812190194,152.990717316238,80.87601806263916,0.0,0.0,0.0,0.0,0.0,0.0,0.0,0.0
2026-09-28 06:00:00,6,45,2026-10-08 18:00:00,10 days 12:00:00,252,55.16,176.83,958.4,57.5,179.13188455006363,24.242553459597342,179.13188455006363,179.13188455006363,35.019197070366026,15.418634458650072,179.13188455006363,15.34883141218314,10.234530041872093,0.0,0.0,0.0,0.0
2026-09-28 06:00:00,6,45,2026-10-09 00:00:00,10 days 18:00:00,258,56.82,179.61,953.0,53.9,119.03281151693837,119.03281151693837,119.03281151693837,11.48806894964872,3.878835505352676,119.03281151693837,7.623793897313927,3.767279256627159,3.878835505352676,0.0,0.0,0.0,0.0
2026-09-28 06:00:00,AL062026,45,2026-09-28 06:00:00,0 days 00:00:00,0,28.3,-43.8,1012.0,25.0,56.0,0.0,0.0,0.0,0.0,0.0,0.0,0.0,0.0,0.0,0.0,0.0,0.0
2026-09-28 06:00:00,AL062026,45,2026-09-28 12:00:00,0 days 06:00:00,6,27.81,-44.35,1010.8,27.6,83.34791246185407,0.0,0.0,0.0,0.0,0.0,0.0,0.0,0.0,0.0,0.0,0.0,0.0
2026-09-28 06:00:00,AL912026(2),45,2026-09-28 06:00:00,0 days 00:00:00,0,36.3,-53.1,1013.0,29.0,148.0,0.0,0.0,0.0,0.0,0.0,0.0,0.0,0.0,0.0,0.0,0.0,0.0
2026-09-28 06:00:00,AL912026(2),45,2026-09-28 12:00:00,0 days 06:00:00,6,36.84,-50.94,1009.7,30.0,101.88596332316988,0.0,0.0,0.0,0.0,0.0,0.0,0.0,0.0,0.0,0.0,0.0,0.0
2026-09-28 06:00:00,AL912026(2),45,2026-09-28 18:00:00,0 days 12:00:00,12,36.64,-49.12,1010.1,30.6,126.97826903848636,0.0,0.0,0.0,0.0,0.0,0.0,0.0,0.0,0.0,0.0,0.0,0.0
2026-09-28 06:00:00,EP152026(2),45,2026-09-28 06:00:00,0 days 00:00:00,0,16.4,-160.8,929.0,134.0,28.0,241.0,185.0,148.0,204.0,93.0,74.0,74.0,93.0,56.0,46.0,37.0,46.0
2026-09-28 06:00:00,EP152026(2),45,2026-09-28 12:00:00,0 days 06:00:00,6,16.72,-161.72,937.2,123.5,29.122338743659384,256.8199822666404,194.23716537512595,148.66798059242524,241.14751740169908,117.33081916915133,86.66734290573109,63.32664789963715,104.63595301979484,70.59668621296902,56.146119222465344,43.6135418309357,60.74445933431616
2026-09-28 06:00:00,EP152026(2),45,2026-09-28 18:00:00,0 days 12:00:00,12,17.36,-162.43,945.7,120.0,27.933068105494897,228.3265398229853,191.43288176436025,108.29621461141244,179.01038681147477,83.4665260908871,61.04880228376908,38.50843334791074,66.2266075062696,45.75812769902711,37.49545415154665,26.90463283019253,38.19972628589744
2026-09-28 06:00:00,EP152026(2),45,2026-09-29 00:00:00,0 days 18:00:00,18,18.17,-163.07,938.4,126.7,39.77827244902595,226.6586060421986,168.62924384888387,103.828165238328,187.59513249141628,91.39763243616204,68.26299662693967,45.65922828234479,75.53508553787354,56.62542675920804,46.55086569262298,36.04388905429569,49.22221345263863
2026-09-28 06:00:00,EP152026(2),45,2026-09-29 06:00:00,1 days 00:00:00,24,19.22,-163.5,945.6,116.8,32.52647713044271,248.02932617276292,201.39868286918937,139.1811522167001,194.43460233296565,124.31074876375295,103.62659229643953,74.35864484693656,101.96214767507506,69.31064999603466,60.93836372487059,47.22844238558008,58.84911537470688
2026-09-28 06:00:00,EP152026(2),45,2026-09-29 12:00:00,1 days 06:00:00,30,20.38,-163.98,959.3,101.4,57.83446218292262,209.3062835191181,162.32716485364708,89.55009393221664,168.57372473333126,85.89974502439958,64.3070306452246,41.86745195804898,68.06180294967808,57.83446218292262,38.755360161044734,29.73885450485572,40.152906161952046
2026-09-28 06:00:00,EP152026(2),45,2026-09-29 18:00:00,1 days 12:00:00,36,21.47,-163.77,962.2,103.1,9.353300874208088,203.12787911230583,188.81911664328487,109.65903111908798,142.25591241002536,82.49790943364047,72.51848676457647,46.315503463093535,61.56136103469167,51.76365108278827,44.45435528627932,34.47672804196783,40.30752707027564
2026-09-28 06:00:00,EP152026(2),45,2026-09-30 00:00:00,1 days 18:00:00,42,22.28,-163.64,971.0,84.1,50.01964370697623,285.32570406410366,252.0480193517844,181.5935578877486,218.39711243778396,105.73833571717384,90.80539440711442,60.19646439784864,79.63311951191392,50.01964370697623,31.345418186650534,24.34334447244845,30.66029043405043
2026-09-28 06:00:00,EP152026(2),45,2026-09-30 06:00:00,2 days 00:00:00,48,23.09,-163.73,992.0,49.4,33.01952483766376,251.61490633733496,222.01530750079144,176.17064382799396,209.37323727595992,0.0,0.0,0.0,0.0,0.0,0.0,0.0,0.0
2026-09-28 06:00:00,EP152026(2),45,2026-09-30 12:00:00,2 days 06:00:00,54,23.12,-164.19,990.8,57.9,64.48296363381576,232.81973040868388,186.82900160071225,137.89341206124757,201.19558870673157,85.69496534198424,65.89574604669792,46.51051597240428,70.39946426930874,0.0,0.0,0.0,0.0
2026-09-28 06:00:00,EP152026(2),45,2026-09-30 18:00:00,2 days 12:00:00,60,22.76,-164.45,989.7,61.8,83.45821385066574,181.372091651092,156.5437648980951,135.02348153533603,182.32450727014657,83.45821385066574,34.50242774922117,23.10178144831798,39.43343552695478,0.0,0.0,0.0,0.0
2026-09-28 06:00:00,EP152026(2),45,2026-10-01 00:00:00,2 days 18:00:00,66,22.48,-164.81,992.9,52.5,115.22990983428193,48.24884575973015,36.86001991852273,35.72839420544703,115.22990983428193,0.0,0.0,0.0,115.22990983428193,0.0,0.0,0.0,0.0
2026-09-28 06:00:00,EP152026(2),45,2026-10-01 06:00:00,3 days 00:00:00,72,22.1,-165.18,995.0,48.0,65.27376063277092,263.66161921511275,226.86220231143943,192.0123776917385,221.38537442465145,0.0,0.0,0.0,0.0,0.0,0.0,0.0,0.0
2026-09-28 06:00:00,EP152026(2),45,2026-10-01 12:00:00,3 days 06:00:00,78,22.13,-165.43,990.9,53.7,110.83767877784356,110.83767877784356,32.01958269558024,26.58651027695545,35.21005616138589,110.83767877784356,0.0,0.0,0.0,0.0,0.0,0.0,0.0
2026-09-28 06:00:00,EP152026(2),45,2026-10-01 18:00:00,3 days 12:00:00,84,22.32,-166.0,996.9,47.5,53.210719003601646,198.94981490522508,180.0269698392844,147.30121994492006,170.24198492026437,0.0,0.0,0.0,0.0,0.0,0.0,0.0,0.0
2026-09-28 06:00:00,EP152026(2),45,2026-10-02 00:00:00,3 days 18:00:00,90,22.38,-166.11,988.9,50.1,43.836092021902346,219.1639288840765,188.6321532052798,155.74614849377792,191.30590885626447,43.836092021902346,30.914140050024344,19.904193795195084,29.29428812043416,0.0,0.0,0.0,0.0
2026-09-28 06:00:00,EP152026(2),45,2026-10-02 06:00:00,4 days 00:00:00,96,22.37,-166.34,990.5,44.5,85.90348331577675,195.1709255320923,165.81728979476594,135.45705205932413,156.7352295300642,0.0,0.0,0.0,0.0,0.0,0.0,0.0,0.0
2026-09-28 06:00:00,EP152026(2),45,2026-10-02 12:00:00,4 days 06:00:00,102,22.77,-166.53,993.3,51.7,69.80846531169038,200.1127586941548,162.9579504775411,115.92814379657852,159.30528719046504,69.80846531169038,10.198896004281565,3.617186949099484,10.096400381929476,0.0,0.0,0.0,0.0
2026-09-28 06:00:00,EP152026(2),45,2026-10-02 18:00:00,4 days 12:00:00,108,22.84,-166.91,986.4,57.6,51.79201426476257,233.7558913376832,200.78700802798647,165.98554271774253,197.24914016754644,78.09559742085824,64.52561418310975,46.80810503206536,62.22493026405209,0.0,0.0,0.0,0.0
2026-09-28 06:00:00,EP152026(2),45,2026-10-03 00:00:00,4 days 18:00:00,114,23.01,-167.7,984.5,61.3,77.04178576679942,125.76607123662384,94.32289336788068,69.99416304188438,97.95474225996075,77.04178576679942,0.0,0.0,1.7281216857891617,0.0,0.0,0.0,0.0
2026-09-28 06:00:00,EP152026(2),45,2026-10-03 06:00:00,5 days 00:00:00,120,23.02,-168.94,989.4,59.7,47.8792645076397,221.65849922351123,179.85974666633768,153.97858876442953,191.35273834322308,47.8792645076397,33.28974688992681,22.491245997091536,35.62956442276595,0.0,0.0,0.0,0.0
2026-09-28 06:00:00,EP152026(2),45,2026-10-03 12:00:00,5 days 06:00:00,126,22.73,-170.74,985.7,61.6,51.15908211472982,284.9102937062603,244.6965044541579,188.88563694884152,247.04612306044515,61.50852331992848,45.24781227952981,29.191957633674228,47.66292612919709,0.0,0.0,0.0,0.0
2026-09-28 06:00:00,EP152026(2),45,2026-10-03 18:00:00,5 days 12:00:00,132,22.22,-173.08,986.8,66.4,43.218920460710336,221.13629418731813,187.39772650309584,135.7296334819222,189.91801106588576,58.09293759057224,37.21749327371687,19.550400969071735,43.05977315923724,43.218920460710336,0.9977424627763114,0.0,3.808141594097868
2026-09-28 06:00:00,EP152026(2),45,2026-10-04 00:00:00,5 days 18:00:00,138,22.45,-174.89,971.3,79.9,30.354223364954777,242.4474960355161,206.3738944291015,164.34435703822257,216.99409894174653,79.72280476536622,58.90373871388663,39.91090925864928,63.35342599570727,30.354223364954777,16.090493366230614,10.788438892454284,18.11664659913936
2026-09-28 06:00:00,EP152026(2),45,2026-10-04 06:00:00,6 days 00:00:00,144,22.53,-176.74,983.1,66.9,53.068786308151175,262.30992913538466,215.42512295918823,158.4352525345348,225.5192287284517,76.76492074369071,51.21093467106766,30.18721921963652,56.4762107797942,53.068786308151175,3.589102913168489,0.570189701912966,6.491552512617403
2026-09-28 06:00:00,EP152026(2),45,2026-10-04 12:00:00,6 days 06:00:00,150,23.03,-178.66,973.3,78.4,28.681845392116077,223.40060264024456,174.32644204998837,131.46383212824892,189.99801475094264,98.05340222025428,77.97670425534105,55.84185027197768,80.51517466019499,39.647903719760976,32.77461758442391,25.042156807868025,34.49732689983722
2026-09-28 06:00:00,EP152026(2),45,2026-10-04 18:00:00,6 days 12:00:00,156,23.66,179.35,970.8,74.7,28.64792467402114,206.751783850252,156.99671878172495,109.36490608351076,166.10082350848097,53.40532296073441,31.496285938027,15.93133967845406,38.87436286934727,28.64792467402114,8.143530334816084,5.114903630121058,11.93809328473912
2026-09-28 06:00:00,EP152026(2),45,2026-10-05 00:00:00,6 days 18:00:00,162,23.79,177.95,970.3,85.7,36.08174749421176,210.39021861290675,166.32015699212178,110.65323089352933,178.18828311186587,86.00543643744689,66.5345393555991,45.54132986103522,71.43820557563637,39.64923531156788,32.96034205882449,25.304779887144527,34.9952238765064
2026-09-28 06:00:00,EP152026(2),45,2026-10-05 06:00:00,7 days 00:00:00,168,24.13,176.34,968.8,80.0,45.38830987547111,224.78337023248932,203.7513641780697,159.71935396234616,194.4693353519693,99.46067386155372,81.70093469040351,62.13403100259682,81.49459732007733,45.38830987547111,33.231104714384294,25.66105634706966,33.96608120726389
2026-09-28 06:00:00,EP152026(2),45,2026-10-05 12:00:00,7 days 06:00:00,174,24.4,174.92,981.4,72.1,52.65494823675928,242.73639441485344,207.8770011773395,143.72850091441302,185.72044496498228,52.65494823675928,36.09665191198078,18.5564947190357,34.14609496177992,52.65494823675928,0.9032459021516616,0.0,1.5068385489135758
2026-09-28 06:00:00,EP152026(2),45,2026-10-05 18:00:00,7 days 12:00:00,180,25.02,173.41,989.1,50.3,45.53559744794802,250.29976995967127,206.76247239144615,153.37637814013124,197.0643389947527,51.61515289702663,36.0031995108979,22.34064368201399,36.128841160286015,0.0,0.0,0.0,0.0
2026-09-28 06:00:00,EP152026(2),45,2026-10-06 00:00:00,7 days 18:00:00,186,25.15,172.52,987.8,58.5,56.37407876617342,132.41469314626352,89.34953695745851,59.098018257400014,94.8335755364604,56.37407876617342,0.0,0.0,1.2543017553345095,0.0,0.0,0.0,0.0
2026-09-28 06:00:00,EP152026(2),45,2026-10-06 06:00:00,8 days 00:00:00,192,25.59,171.62,992.1,49.9,84.56084113880291,398.14848434087344,344.18818004365835,264.28311691157205,326.85137527562847,0.0,0.0,0.0,0.0,0.0,0.0,0.0,0.0
2026-09-28 06:00:00,EP152026(2),45,2026-10-06 12:00:00,8 days 06:00:00,198,25.9,170.04,994.1,53.5,80.52978657945273,143.9739836927461,107.35150400682406,75.13834126192573,113.13710850492018,80.52978657945273,4.907871935292816,0.0,6.606521244991242,0.0,0.0,0.0,0.0
2026-09-28 06:00:00,EP152026(2),45,2026-10-06 18:00:00,8 days 12:00:00,204,25.87,168.51,994.0,52.4,45.086419886329246,270.59441311470584,225.07928239317516,179.72572157103394,234.4013405028292,51.14331040756723,34.66604122242102,24.800002822249585,39.70243958031175,0.0,0.0,0.0,0.0
2026-09-28 06:00:00,EP152026(2),45,2026-10-07 00:00:00,8 days 18:00:00,210,25.94,166.78,997.3,46.8,78.17242687093568,78.17242687093568,15.76241258217695,11.660823405792272,33.65439777532826,0.0,0.0,0.0,0.0,0.0,0.0,0.0,0.0
2026-09-28 06:00:00,EP152026(2),45,2026-10-07 06:00:00,9 days 00:00:00,216,26.14,164.45,1000.0,44.3,47.74768818890078,153.4691508618401,119.93567980536676,91.42368948886212,116.8116415707076,0.0,0.0,0.0,0.0,0.0,0.0,0.0,0.0
2026-09-28 06:00:00,EP152026(2),45,2026-10-07 12:00:00,9 days 06:00:00,222,26.42,162.0,997.1,41.9,34.23389080596807,84.76683644204395,48.91634143666151,24.65735469944993,63.35754224665465,0.0,0.0,0.0,0.0,0.0,0.0,0.0,0.0
2026-09-28 06:00:00,EP152026(2),45,2026-10-07 18:00:00,9 days 12:00:00,228,27.02,160.19,1000.4,41.2,53.7250923208789,53.7250923208789,5.139781580140777,1.5418954267139495,8.90434780251752,0.0,0.0,0.0,0.0,0.0,0.0,0.0,0.0
2026-09-28 06:00:00,EP152026(2),45,2026-10-08 00:00:00,9 days 18:00:00,234,27.67,158.3,1002.9,30.1,47.27219943771394,0.0,0.0,0.0,0.0,0.0,0.0,0.0,0.0,0.0,0.0,0.0,0.0
2026-09-28 06:00:00,EP152026(2),45,2026-10-08 06:00:00,10 days 00:00:00,240,28.16,157.44,1005.7,25.1,81.93420895259733,0.0,0.0,0.0,0.0,0.0,0.0,0.0,0.0,0.0,0.0,0.0,0.0
2026-09-28 06:00:00,EP152026(2),45,2026-10-08 12:00:00,10 days 06:00:00,246,28.29,155.95,1003.3,28.7,34.02056420265967,0.0,0.0,0.0,0.0,0.0,0.0,0.0,0.0,0.0,0.0,0.0,0.0
2026-09-28 06:00:00,EP172026,45,2026-09-28 06:00:00,0 days 00:00:00,0,23.2,-114.0,955.0,105.0,28.0,167.0,148.0,148.0,148.0,102.0,93.0,83.0,83.0,65.0,65.0,65.0,65.0
2026-09-28 06:00:00,EP172026,45,2026-09-28 12:00:00,0 days 06:00:00,6,23.96,-113.71,953.8,110.0,16.22603976825897,208.9142496620998,246.90388226418497,149.8705015938633,152.28051238090814,88.64695830087112,86.97681457024675,54.44214256246795,61.6095954141216,42.93241354507947,38.53340465213387,28.14174445447877,33.733055733102475
2026-09-28 06:00:00,EP172026,45,2026-09-28 18:00:00,0 days 12:00:00,12,24.92,-113.73,971.0,83.8,37.77215829421063,165.8814374145894,174.27814207519006,111.59674426442606,113.19547344168502,86.71558540526044,81.61428179284701,61.084799672149074,68.23453484206215,46.99080585337545,43.27578998295443,33.79877916226877,39.01129000865624
2026-09-28 06:00:00,EP172026,45,2026-09-29 00:00:00,0 days 18:00:00,18,25.42,-113.12,973.5,76.8,16.85654601036746,144.32396206304998,172.7014139694037,120.91148797952889,104.99638648872404,62.11187600436065,64.13792660271906,46.2782524321029,42.78162244146616,27.855169589665763,25.899069781713045,20.03180289283329,22.025846325868297
2026-09-28 06:00:00,EP172026,45,2026-09-29 06:00:00,1 days 00:00:00,24,26.25,-112.53,994.9,51.8,33.88326438756247,110.76140733604792,119.2600378579901,70.14517905768965,78.40164558959106,1.8979184994385043,33.88326438756247,1.2847734037557617,0.0,0.0,0.0,0.0,0.0
2026-09-28 06:00:00,EP172026,45,2026-09-29 12:00:00,1 days 06:00:00,30,27.22,-111.38,986.5,63.0,35.26542733201515,154.53616326497024,162.4180968833117,98.62148549491371,93.0576966796225,21.54037701765739,35.26542733201515,11.630103376117155,10.358812441922067,0.0,0.0,0.0,0.0
2026-09-28 06:00:00,EP172026,45,2026-09-29 18:00:00,1 days 12:00:00,36,28.98,-109.55,1001.2,20.4,23.986819037926075,0.0,0.0,0.0,0.0,0.0,0.0,0.0,0.0,0.0,0.0,0.0,0.0
2026-09-28 06:00:00,EP182026,45,2026-09-28 06:00:00,0 days 00:00:00,0,13.2,-100.0,1001.0,41.0,93.0,222.0,185.0,148.0,222.0,0.0,0.0,0.0,0.0,0.0,0.0,0.0,0.0
2026-09-28 06:00:00,EP182026,45,2026-09-28 12:00:00,0 days 06:00:00,6,13.24,-100.66,989.0,56.3,53.23973169074179,168.54377915893747,145.7093808851514,111.17374359435236,141.49145161998786,53.23973169074179,22.68085658572363,13.17921823953327,23.74093983314924,0.0,0.0,0.0,0.0
2026-09-28 06:00:00,EP182026,45,2026-09-28 18:00:00,0 days 12:00:00,12,13.83,-101.77,995.2,56.6,65.46691690043933,150.34387980040668,121.53629485789924,82.07237640125527,111.335926009546,65.46691690043933,8.174750143543328,1.3220789458825577,7.110083661178665,0.0,0.0,0.0,0.0
2026-09-28 06:00:00,EP182026,45,2026-09-29 00:00:00,0 days 18:00:00,18,14.45,-102.63,994.6,52.0,37.19839768545778,224.6958904112799,182.37935843148824,133.6553099465379,176.91993386463133,41.07984138072407,29.905672270323628,17.78490094522481,28.494045069273,0.0,0.0,0.0,0.0
2026-09-28 06:00:00,EP182026,45,2026-09-29 06:00:00,1 days 00:00:00,24,14.61,-103.88,991.4,59.3,36.699315296527466,247.9223514298449,216.52083414791645,177.77652913181146,206.53269695162527,51.73305130436093,39.74466344407269,24.20756561995732,37.96843489835287,0.0,0.0,0.0,0.0
2026-09-28 06:00:00,EP182026,45,2026-09-29 12:00:00,1 days 06:00:00,30,15.19,-104.82,986.6,62.4,26.633253694473865,271.9907242128046,229.485112670638,172.6059471597734,218.12168335624412,93.79988416042688,74.6336993215231,50.81815999706761,71.24815394379229,0.0,0.0,0.0,0.0
2026-09-28 06:00:00,EP182026,45,2026-09-29 18:00:00,1 days 12:00:00,36,15.74,-105.5,979.6,73.1,15.47287093791077,198.40360124100528,162.37424999077246,100.48601162637084,148.82096052066242,22.38218281695798,8.06951909274652,1.1921251246947389,15.47287093791077,0.0,0.0,0.0,15.47287093791077
2026-09-28 06:00:00,EP182026,45,2026-09-30 00:00:00,1 days 18:00:00,42,17.05,-106.19,978.5,68.3,74.08241649985469,212.1622850197066,188.11930055437296,144.25968908219463,168.38004760421748,74.08241649985469,2.435040602797508,0.0,74.08241649985469,0.0,0.0,0.0,74.08241649985469
2026-09-28 06:00:00,EP182026,45,2026-09-30 06:00:00,2 days 00:00:00,48,17.4,-107.08,990.2,52.9,99.2715375900686,431.2656198754922,399.8498219073585,333.10902467688857,359.7626389428966,115.02040325208677,101.94455368625094,77.46183082351678,90.3459141635112,0.0,0.0,0.0,0.0
2026-09-28 06:00:00,EP182026,45,2026-09-30 12:00:00,2 days 06:00:00,54,18.03,-107.57,991.1,57.6,56.328750654485845,197.14608783711628,157.77149064506125,107.33803903691364,145.35726511421103,56.328750654485845,19.60476126983427,8.858877807301717,17.12191827366621,0.0,0.0,0.0,0.0
2026-09-28 06:00:00,EP182026,45,2026-09-30 18:00:00,2 days 12:00:00,60,18.73,-108.32,979.9,70.7,27.530306027676207,236.177839446954,194.18186418977072,142.80200297350393,189.8619769780591,100.47662089940658,80.69393604572524,59.958720891492206,82.67423212851543,35.436275638464494,30.14620291687656,22.88986993248436,30.382096462728057
2026-09-28 06:00:00,EP182026,45,2026-10-01 00:00:00,2 days 18:00:00,66,18.9,-108.86,969.0,77.7,13.847953752139794,210.7114622326287,186.5386092981452,131.0989784637951,162.09782913651566,101.39783538065022,83.75630105901874,62.14965483622404,79.90903944262094,41.97115755782857,36.2722451875525,27.36821126753179,35.617629292902535
2026-09-28 06:00:00,EP182026,45,2026-10-01 06:00:00,3 days 00:00:00,72,19.14,-109.43,980.8,74.8,24.63821221712942,150.14832445687188,122.68614489123202,106.38245417246507,128.61713508444535,69.04718686839203,54.66011173065732,43.077872600180285,59.98222339507112,29.93464778790393,25.17894990713046,20.33677010429017,26.1258444281439
2026-09-28 06:00:00,EP182026,45,2026-10-01 12:00:00,3 days 06:00:00,78,19.62,-109.34,981.2,66.1,38.96144732410253,163.81692836434607,141.37015444604287,114.61340020208904,140.47526987378183,69.35665043733883,57.03793586200808,41.05502161804711,55.36306345741614,38.96144732410253,22.20318548578885,16.580937692370984,21.95897151151977
2026-09-28 06:00:00,EP182026,45,2026-10-01 18:00:00,3 days 12:00:00,84,19.54,-109.94,986.1,62.1,32.73652833495589,197.45222530004776,175.69817390035723,160.50174994128702,190.42442302090512,76.17788422453214,63.96326738026005,49.809745694308845,64.92954310635582,0.0,0.0,0.0,0.0
2026-09-28 06:00:00,EP182026,45,2026-10-02 00:00:00,3 days 18:00:00,90,19.52,-110.07,977.2,75.0,33.14340499185524,147.3503094529986,125.3678496708665,121.22200086383144,133.45450209585226,87.43789764186832,74.66341814058867,59.8032588270228,73.47938994179174,37.33763399374962,34.112693324442446,27.01002222050934,32.51532086420944
2026-09-28 06:00:00,EP182026,45,2026-10-02 06:00:00,4 days 00:00:00,96,19.66,-110.88,981.4,67.5,33.327021652899546,246.5337829142308,230.31299877120787,185.91127610111192,218.8817916149036,60.49668373191852,47.88207898639671,33.42503115625189,49.34821223895523,33.327021652899546,3.001100461424323,1.8757919777600225,3.931015851148128
2026-09-28 06:00:00,EP182026,45,2026-10-02 12:00:00,4 days 06:00:00,102,19.82,-111.24,969.3,83.6,19.509632840083302,149.39381101805566,120.1156659938666,113.51945935190612,153.55371262800253,78.55855197017965,59.39474563182139,49.65132849066431,70.27930776457227,40.76884407182578,34.46043180832788,26.557323497197448,35.39733597593303
2026-09-28 06:00:00,EP182026,45,2026-10-02 18:00:00,4 days 12:00:00,108,20.09,-111.7,974.2,79.2,30.25439781396005,135.57800642578087,108.3688596156947,102.83190511113474,118.65165203839256,108.15787141557212,91.12651689165028,77.44031190833897,95.77395651994097,61.35177978856072,53.17646318707315,43.8674606179749,52.7235004900827
2026-09-28 06:00:00,EP182026,45,2026-10-03 00:00:00,4 days 18:00:00,114,20.01,-112.59,968.2,71.6,27.26935935227181,123.33224006236848,91.4551316674794,92.3273801617427,128.81927919414613,56.09343211548436,42.60128738602158,33.29345362297636,50.75041746829618,30.078720266477436,23.497062340561875,18.683608613500283,26.295014886349836
2026-09-28 06:00:00,EP182026,45,2026-10-03 06:00:00,5 days 00:00:00,120,20.22,-113.14,982.6,69.8,16.95346805064584,169.94364419213036,151.43688375389831,140.79212976143234,172.37733060011794,68.62752820283517,53.239626573982434,41.53996463392002,59.777261021909766,22.03608823546648,17.527613171429422,13.615755165644302,19.507037353972255
2026-09-28 06:00:00,EP182026,45,2026-10-03 12:00:00,5 days 06:00:00,126,20.36,-113.97,972.3,78.5,34.625979036157986,141.21940219599048,116.95662868874108,93.8393016581294,136.72865830091013,93.1378974170284,76.71411960208297,63.62651889044315,82.65350841128057,52.49501218816671,45.46586694813453,36.478179794432464,44.940712651285935
2026-09-28 06:00:00,EP182026,45,2026-10-03 18:00:00,5 days 12:00:00,132,20.4,-114.75,979.3,75.8,29.54033203565968,119.04901164701148,101.31449440958164,96.10087404923657,114.82239782754708,57.69515611673192,46.00184675217324,35.499763135245914,47.72828638547552,29.54033203565968,20.892440254854,16.01086148287392,20.206202598164044
2026-09-28 06:00:00,EP182026,45,2026-10-04 00:00:00,5 days 18:00:00,138,20.42,-115.31,981.9,73.4,3.3062852891105337,188.9141302368938,175.5165277844115,138.18033646893963,173.2967169346802,57.46825890564493,44.32435019433926,30.881065159653247,44.77704454351684,14.761238592216888,11.812838370148963,7.81279219492183,11.88268867432468
2026-09-28 06:00:00,EP182026,45,2026-10-04 06:00:00,6 days 00:00:00,144,20.48,-115.89,972.5,77.0,28.194783957826765,183.75930646412823,154.67649824679407,132.37939710488854,173.14452998573304,85.41645227787603,67.35231985253921,53.93398036807493,75.29853650196011,34.69161422237011,28.69296022101905,23.054636348527254,30.46450380842149
2026-09-28 06:00:00,EP182026,45,2026-10-04 12:00:00,6 days 06:00:00,150,20.49,-116.38,968.3,85.6,28.235267052522104,108.05764926460049,98.20189282865462,89.21112217667448,113.93741903413158,53.44613056688706,40.66540269390539,33.030660637448165,47.06307000487254,29.87855972265729,25.11793321999994,19.676724327589284,25.875740954597767
2026-09-28 06:00:00,EP182026,45,2026-10-04 18:00:00,6 days 12:00:00,156,20.5,-116.89,969.9,88.0,30.78374728760264,104.85514638558108,92.40547130526149,77.92092554543615,98.08441187920926,45.65422183224973,35.06530348590263,30.8402226654448,43.42642861046125,30.78374728760264,25.942156752043275,20.33610584415817,26.214244509907985
2026-09-28 06:00:00,EP182026,45,2026-10-05 00:00:00,6 days 18:00:00,162,20.43,-117.08,961.7,89.7,21.56859050674509,181.5867115899486,160.60761679102882,141.1667933237223,185.87413487608643,67.19987882012485,47.62993392981095,36.57884265925897,58.16202189494196,32.09328116253576,25.80689343549716,20.02411829699441,28.10139648340656
2026-09-28 06:00:00,EP182026,45,2026-10-05 06:00:00,7 days 00:00:00,168,20.11,-117.57,962.5,89.0,18.83272197743516,108.7442879001548,80.12697755225005,92.7602235916393,134.1431750338641,54.87585629549132,34.2510711695351,32.50253984706692,53.690689663389,32.97395113168004,27.74824759009101,21.80948405760556,29.971039132920215
2026-09-28 06:00:00,EP182026,45,2026-10-05 12:00:00,7 days 06:00:00,174,19.89,-117.84,969.6,87.7,31.712096776653667,100.37092101362695,73.69981492137451,73.357207536853,108.63155699155834,60.04442426333463,42.95056606015415,37.221777684144335,57.12398877713585,36.33125980499359,30.443565969788025,24.540088796948854,31.494024556773773
2026-09-28 06:00:00,EP182026,45,2026-10-05 18:00:00,7 days 12:00:00,180,19.48,-118.27,971.3,80.6,30.26616240919827,86.87106615417711,70.46547598935686,91.60814543275596,112.65122627632712,38.49875409473947,28.362404427277475,27.80252159358005,37.44785175505268,30.26616240919827,18.108834737892398,14.877509836143624,18.32575023980404
2026-09-28 06:00:00,EP182026,45,2026-10-06 00:00:00,7 days 18:00:00,186,19.34,-118.32,985.8,62.9,23.175134231790302,115.43255627720006,105.98812814793143,102.39655785499863,114.69703156843272,8.895859977670494,9.34845497579957,7.442110189929943,23.175134231790302,0.0,0.0,0.0,0.0
2026-09-28 06:00:00,EP182026,45,2026-10-06 06:00:00,8 days 00:00:00,192,19.33,-118.82,975.9,75.1,20.457825418796883,183.2936824176,155.2749851134593,141.2548447110272,196.07603730917828,71.0700322219239,53.89008726114726,38.83150727485578,63.80769422899098,24.517663827661703,19.16644827701008,13.755005872853626,21.00053801871164
2026-09-28 06:00:00,EP182026,45,2026-10-06 12:00:00,8 days 06:00:00,198,18.95,-119.13,971.6,82.1,17.012467577613975,101.10524325767292,72.7352551238015,73.40805708701559,111.36258668145598,90.9587202295418,72.7352551238015,62.782492867292575,87.15738274497537,58.61667995320042,49.33304604828572,40.57154961328723,51.02367495229364
2026-09-28 06:00:00,EP182026,45,2026-10-06 18:00:00,8 days 12:00:00,204,18.74,-119.67,978.3,67.9,17.571918953274256,153.96900345776646,122.65618469685069,130.07686967149115,161.69334881567227,51.651042475376485,37.55799550042413,31.01176964027584,46.98639519867867,20.62948141170198,16.29091832460627,13.427991899992396,19.192519898762946
2026-09-28 06:00:00,EP182026,45,2026-10-07 00:00:00,8 days 18:00:00,210,18.79,-120.06,977.2,71.9,29.63821567117251,108.29836545968924,114.69103126402092,114.35591294607752,109.30200482522176,41.69205060690115,36.05007161758112,28.818516276600988,35.098329043556994,29.63821567117251,14.489644120823131,12.43403634855425,15.329090079107283
2026-09-28 06:00:00,EP182026,45,2026-10-07 06:00:00,9 days 00:00:00,216,18.81,-120.52,962.6,96.5,7.1665947032642805,118.80993621041848,105.02040848839198,95.48667883331274,122.42063019913336,34.40156254975513,21.60496230704345,18.09335319765132,31.691344970047524,22.64303643271623,19.172371959198543,15.257199754230705,19.90237167114873
2026-09-28 06:00:00,EP182026,45,2026-10-07 12:00:00,9 days 06:00:00,222,19.01,-121.2,969.7,86.5,8.146587255465679,73.97848814197033,63.46406017338701,66.52364572875479,86.84818092283575,21.986683396741128,15.60917445369368,12.93411634916194,21.09245733718152,19.21841149533345,15.60917445369368,12.341083786925026,17.517137602688994
2026-09-28 06:00:00,EP182026,45,2026-10-07 18:00:00,9 days 12:00:00,228,19.26,-121.82,969.4,84.6,0.0,89.40390137939336,66.88555123124786,57.01436625321082,93.5207232368629,45.34662807259426,29.06044519734403,20.75205498282859,40.46025789037306,27.24460428788542,21.74305342961032,16.674515021495726,24.18992290627568
2026-09-28 06:00:00,EP182026,45,2026-10-08 00:00:00,9 days 18:00:00,234,19.4,-122.11,961.5,94.6,12.87069577412896,93.07666959672936,89.71984035968171,77.25068592292021,80.92809794462934,41.53014354410185,31.789837388018583,25.09608959904491,34.43084102053489,29.197949056857627,24.337608765284585,19.990207787582342,25.086324721557943
2026-09-28 06:00:00,EP182026,45,2026-10-08 06:00:00,10 days 00:00:00,240,19.62,-122.91,974.6,69.2,0.0,103.90986824267029,94.25038545906168,82.89268919080448,108.60014917388156,34.41904467166353,19.67858080567516,12.677027836778135,26.894832974980662,8.982366342030003,6.017226412247016,4.3072197227189815,8.574575216448599
2026-09-28 06:00:00,EP182026,45,2026-10-08 12:00:00,10 days 06:00:00,246,19.93,-123.08,973.0,86.5,12.938698656266638,87.91423540973074,65.90410135224846,53.90755439774915,76.6877166226401,80.40634381228574,65.1872566003085,53.90755439774915,71.7625328069779,58.43323888170454,50.6214698368122,40.44702290197824,49.90036855211156
2026-09-28 06:00:00,EP182026,45,2026-10-08 18:00:00,10 days 12:00:00,252,20.23,-123.46,990.2,55.8,13.697076508861858,170.6881209713049,146.35208770517977,106.49156348412608,142.96965530445766,23.50563474720602,16.116003646130206,7.895295853977161,16.114236010597832,0.0,0.0,0.0,0.0
2026-09-28 06:00:00,EP182026,45,2026-10-09 00:00:00,10 days 18:00:00,258,20.43,-123.71,991.2,54.5,20.72347401497518,179.65339411275636,161.2538894289828,131.47732994768467,162.73380976039243,34.77639898740836,24.35942414024157,15.53939288396714,24.072597054303287,0.0,0.0,0.0,0.0
2026-09-28 06:00:00,EP182026,45,2026-10-09 06:00:00,11 days 00:00:00,264,20.83,-123.76,995.6,43.9,76.81278081797188,79.67297739079044,69.42715653929454,41.9073509774385,61.06731725236409,0.0,0.0,0.0,0.0,0.0,0.0,0.0,0.0
2026-09-28 06:00:00,EP182026,45,2026-10-09 12:00:00,11 days 06:00:00,270,21.09,-123.42,994.5,44.3,73.33857652770504,73.33857652770504,30.5617303795903,9.930779708004934,17.578376484329496,0.0,0.0,0.0,0.0,0.0,0.0,0.0,0.0
2026-09-28 06:00:00,EP182026,45,2026-10-09 18:00:00,11 days 12:00:00,276,21.47,-123.26,998.4,37.2,84.62915514210012,84.62915514210012,16.641627893313927,6.096563242990936,6.653880092552502,0.0,0.0,0.0,0.0,0.0,0.0,0.0,0.0
2026-09-28 06:00:00,EP182026,45,2026-10-10 00:00:00,11 days 18:00:00,282,21.96,-123.22,1000.9,36.8,40.82458116003591,11.037849375230564,40.82458116003591,1.5587867657062304,9.135394227523662,0.0,0.0,0.0,0.0,0.0,0.0,0.0,0.0
2026-09-28 06:00:00,EP182026,45,2026-10-10 06:00:00,12 days 00:00:00,288,22.01,-122.77,1000.6,32.5,107.24044999573955,0.0,0.0,0.0,0.0,0.0,0.0,0.0,0.0,0.0,0.0,0.0,0.0
2026-09-28 06:00:00,EP182026,45,2026-10-10 12:00:00,12 days 06:00:00,294,22.52,-122.57,1003.0,26.7,66.15950663034212,0.0,0.0,0.0,0.0,0.0,0.0,0.0,0.0,0.0,0.0,0.0,0.0
2026-09-28 06:00:00,EP182026,45,2026-10-10 18:00:00,12 days 12:00:00,300,23.13,-122.45,1002.3,27.2,98.53279156045252,0.0,0.0,0.0,0.0,0.0,0.0,0.0,0.0,0.0,0.0,0.0,0.0
2026-09-28 06:00:00,EP182026,45,2026-10-11 00:00:00,12 days 18:00:00,306,23.92,-122.56,1004.9,25.3,78.95207284366606,0.0,0.0,0.0,0.0,0.0,0.0,0.0,0.0,0.0,0.0,0.0,0.0
2026-09-28 06:00:00,EP182026,45,2026-10-11 06:00:00,13 days 00:00:00,312,23.83,-122.58,1003.6,21.4,73.36556973625395,0.0,0.0,0.0,0.0,0.0,0.0,0.0,0.0,0.0,0.0,0.0,0.0
2026-09-28 06:00:00,EP182026,45,2026-10-11 12:00:00,13 days 06:00:00,318,24.16,-122.48,1005.0,20.4,59.72957611108842,0.0,0.0,0.0,0.0,0.0,0.0,0.0,0.0,0.0,0.0,0.0,0.0
2026-09-28 06:00:00,EP182026,45,2026-10-11 18:00:00,13 days 12:00:00,324,24.21,-122.53,1008.0,24.4,54.88226489158711,0.0,0.0,0.0,0.0,0.0,0.0,0.0,0.0,0.0,0.0,0.0,0.0
2026-09-28 06:00:00,EP182026,45,2026-10-12 00:00:00,13 days 18:00:00,330,24.45,-122.71,1006.4,22.6,61.57875178936119,0.0,0.0,0.0,0.0,0.0,0.0,0.0,0.0,0.0,0.0,0.0,0.0
2026-09-28 06:00:00,EP182026,45,2026-10-12 06:00:00,14 days 00:00:00,336,24.59,-122.9,1008.4,21.0,51.37035051836051,0.0,0.0,0.0,0.0,0.0,0.0,0.0,0.0,0.0,0.0,0.0,0.0
2026-09-28 06:00:00,EP182026,45,2026-10-12 12:00:00,14 days 06:00:00,342,24.72,-123.21,1009.2,19.7,71.1721712974618,0.0,0.0,0.0,0.0,0.0,0.0,0.0,0.0,0.0,0.0,0.0,0.0
2026-09-28 06:00:00,EP182026,45,2026-10-12 18:00:00,14 days 12:00:00,348,24.92,-123.37,1009.7,22.1,65.78549411516829,0.0,0.0,0.0,0.0,0.0,0.0,0.0,0.0,0.0,0.0,0.0,0.0
2026-09-28 06:00:00,EP912026(3),45,2026-09-28 06:00:00,0 days 00:00:00,0,12.7,-136.6,1005.0,29.0,93.0,0.0,0.0,0.0,0.0,0.0,0.0,0.0,0.0,0.0,0.0,0.0,0.0
2026-09-28 06:00:00,WP252026,45,2026-09-28 06:00:00,0 days 00:00:00,0,27.5,131.6,954.0,99.0,9.0,148.0,158.0,148.0,121.0,,,,,,,,
2026-09-28 06:00:00,WP252026,45,2026-09-28 12:00:00,0 days 06:00:00,6,27.27,132.41,985.4,58.2,7.79433646082294,135.9454903481303,171.87668036793008,123.76047845436742,100.96342724453882,22.109619060753104,23.764483281581622,12.401324010957106,12.799041471379493,0.0,0.0,0.0,0.0
2026-09-28 06:00:00,WP252026,45,2026-09-28 18:00:00,0 days 12:00:00,12,27.8,133.09,988.9,55.3,29.186592822634807,166.22553314045254,176.80296391707145,154.34675149485415,126.98767563140063,31.21976655228117,37.29070666100717,24.810437789424437,23.263968498935533,0.0,0.0,0.0,0.0
2026-09-28 06:00:00,WP252026,45,2026-09-29 00:00:00,0 days 18:00:00,18,28.4,133.52,989.9,48.3,19.348133351280158,113.61025334531746,113.94005804072908,90.16523485302352,80.20796310388147,0.0,0.0,0.0,0.0,0.0,0.0,0.0,0.0
2026-09-28 06:00:00,WP252026,45,2026-09-29 06:00:00,1 days 00:00:00,24,28.97,134.64,998.2,35.8,51.019578533868895,71.93159576729117,77.03423553523649,52.45220455533634,51.32428915358104,0.0,0.0,0.0,0.0,0.0,0.0,0.0,0.0
2026-09-28 06:00:00,WP252026,45,2026-09-29 12:00:00,1 days 06:00:00,30,29.38,135.7,999.3,35.7,132.05208232921385,132.05208232921385,0.6093996359666995,0.0,8.808235433905175,0.0,0.0,0.0,0.0,0.0,0.0,0.0,0.0
2026-09-28 06:00:00,WP252026,45,2026-09-29 18:00:00,1 days 12:00:00,36,29.71,136.57,1000.6,30.4,95.43207341035765,0.0,0.0,0.0,0.0,0.0,0.0,0.0,0.0,0.0,0.0,0.0,0.0
2026-09-28 06:00:00,WP252026,45,2026-09-30 00:00:00,1 days 18:00:00,42,30.59,137.63,1000.4,33.9,156.49071031329768,0.0,0.0,0.0,0.0,0.0,0.0,0.0,0.0,0.0,0.0,0.0,0.0
2026-09-28 06:00:00,WP252026,45,2026-09-30 06:00:00,2 days 00:00:00,48,31.15,138.53,1002.8,29.1,136.42879547318876,0.0,0.0,0.0,0.0,0.0,0.0,0.0,0.0,0.0,0.0,0.0,0.0
2026-09-28 06:00:00,WP252026,45,2026-09-30 12:00:00,2 days 06:00:00,54,31.84,139.54,999.6,43.1,27.79108386727292,106.59220144450369,104.44399335865542,69.37582765747344,71.77423251215103,0.0,0.0,0.0,0.0,0.0,0.0,0.0,0.0
2026-09-28 06:00:00,WP252026,45,2026-09-30 18:00:00,2 days 12:00:00,60,32.95,140.41,997.4,40.8,59.5355436093468,28.729047008435455,59.5355436093468,3.5926234575981084,2.6680383479463217,0.0,0.0,0.0,0.0,0.0,0.0,0.0,0.0
2026-09-28 06:00:00,WP252026,45,2026-10-01 00:00:00,2 days 18:00:00,66,34.3,142.23,997.8,39.0,109.29900117276355,109.29900117276355,11.445428658523856,0.0,4.563724685806896,0.0,0.0,0.0,0.0,0.0,0.0,0.0,0.0
2026-09-28 06:00:00,WP252026,45,2026-10-01 06:00:00,3 days 00:00:00,72,35.08,143.63,998.9,35.0,30.16662844649693,12.484133655421465,31.013521254877848,19.46079402922889,7.134220661415201,0.0,0.0,0.0,0.0,0.0,0.0,0.0,0.0
2026-09-28 06:00:00,WP252026,45,2026-10-01 12:00:00,3 days 06:00:00,78,36.15,145.79,1004.9,32.6,129.59689050225916,0.0,0.0,0.0,0.0,0.0,0.0,0.0,0.0,0.0,0.0,0.0,0.0
2026-09-28 06:00:00,WP252026,45,2026-10-01 18:00:00,3 days 12:00:00,84,37.3,148.94,997.9,33.6,50.6759900293015,0.0,0.0,0.0,0.0,0.0,0.0,0.0,0.0,0.0,0.0,0.0,0.0
2026-09-28 06:00:00,WP252026,45,2026-10-02 00:00:00,3 days 18:00:00,90,38.82,152.91,997.9,44.0,81.51378376614105,1.8023130197858563,81.51378376614105,0.0,1.4665919323770709,0.0,0.0,0.0,0.0,0.0,0.0,0.0,0.0
2026-09-28 06:00:00,WP252026,45,2026-10-02 06:00:00,4 days 00:00:00,96,40.78,158.63,1000.8,31.5,154.7001725021267,0.0,0.0,0.0,0.0,0.0,0.0,0.0,0.0,0.0,0.0,0.0,0.0
2026-09-28 06:00:00,WP252026,45,2026-10-02 12:00:00,4 days 06:00:00,102,42.48,163.95,990.1,31.9,90.68229382496156,0.0,0.0,0.0,0.0,0.0,0.0,0.0,0.0,0.0,0.0,0.0,0.0
2026-09-28 06:00:00,WP922026(4),45,2026-09-28 06:00:00,0 days 00:00:00,0,16.4,97.6,1001.0,29.0,64.0,0.0,0.0,0.0,0.0,0.0,0.0,0.0,0.0,0.0,0.0,0.0,0.0
2026-09-28 06:00:00,WP922026(4),45,2026-09-28 12:00:00,0 days 06:00:00,6,17.62,97.56,1003.1,21.2,87.56142885050377,0.0,0.0,0.0,0.0,0.0,0.0,0.0,0.0,0.0,0.0,0.0,0.0
2026-09-28 06:00:00,14,46,2026-10-03 06:00:00,5 days 00:00:00,120,16.43,-126.94,1007.8,18.1,117.5722971985845,0.0,0.0,0.0,0.0,0.0,0.0,0.0,0.0,0.0,0.0,0.0,0.0
2026-09-28 06:00:00,14,46,2026-10-03 12:00:00,5 days 06:00:00,126,16.18,-127.46,1007.5,20.6,55.92959353028144,0.0,0.0,0.0,0.0,0.0,0.0,0.0,0.0,0.0,0.0,0.0,0.0
2026-09-28 06:00:00,14,46,2026-10-03 18:00:00,5 days 12:00:00,132,16.09,-127.06,1008.2,19.9,74.05803711755723,0.0,0.0,0.0,0.0,0.0,0.0,0.0,0.0,0.0,0.0,0.0,0.0
2026-09-28 06:00:00,14,46,2026-10-04 00:00:00,5 days 18:00:00,138,15.69,-127.58,1008.2,21.9,94.12868004831986,0.0,0.0,0.0,0.0,0.0,0.0,0.0,0.0,0.0,0.0,0.0,0.0
2026-09-28 06:00:00,14,46,2026-10-04 06:00:00,6 days 00:00:00,144,14.92,-127.63,1007.4,18.7,54.05151243542639,0.0,0.0,0.0,0.0,0.0,0.0,0.0,0.0,0.0,0.0,0.0,0.0
2026-09-28 06:00:00,14,46,2026-10-04 12:00:00,6 days 06:00:00,150,14.9,-127.58,1009.3,17.3,62.780221073189765,0.0,0.0,0.0,0.0,0.0,0.0,0.0,0.0,0.0,0.0,0.0,0.0
2026-09-28 06:00:00,14,46,2026-10-04 18:00:00,6 days 12:00:00,156,14.85,-127.74,1008.4,20.6,106.4734131430432,0.0,0.0,0.0,0.0,0.0,0.0,0.0,0.0,0.0,0.0,0.0,0.0
2026-09-28 06:00:00,14,46,2026-10-05 00:00:00,6 days 18:00:00,162,14.75,-127.27,1008.5,21.7,89.20536670563683,0.0,0.0,0.0,0.0,0.0,0.0,0.0,0.0,0.0,0.0,0.0,0.0
2026-09-28 06:00:00,14,46,2026-10-05 06:00:00,7 days 00:00:00,168,14.85,-127.42,1008.2,22.1,39.09168939109661,0.0,0.0,0.0,0.0,0.0,0.0,0.0,0.0,0.0,0.0,0.0,0.0
2026-09-28 06:00:00,14,46,2026-10-05 12:00:00,7 days 06:00:00,174,14.98,-127.25,1006.7,23.5,76.1912976119916,0.0,0.0,0.0,0.0,0.0,0.0,0.0,0.0,0.0,0.0,0.0,0.0
2026-09-28 06:00:00,14,46,2026-10-05 18:00:00,7 days 12:00:00,180,14.77,-127.2,1008.3,23.0,40.27710027182532,0.0,0.0,0.0,0.0,0.0,0.0,0.0,0.0,0.0,0.0,0.0,0.0
2026-09-28 06:00:00,14,46,2026-10-06 00:00:00,7 days 18:00:00,186,14.55,-127.43,1005.6,28.7,63.61361326429899,0.0,0.0,0.0,0.0,0.0,0.0,0.0,0.0,0.0,0.0,0.0,0.0
2026-09-28 06:00:00,14,46,2026-10-06 06:00:00,8 days 00:00:00,192,14.01,-127.45,1006.6,24.7,83.34730197460608,0.0,0.0,0.0,0.0,0.0,0.0,0.0,0.0,0.0,0.0,0.0,0.0
2026-09-28 06:00:00,14,46,2026-10-06 12:00:00,8 days 06:00:00,198,13.84,-127.81,1006.8,27.5,26.568819934191207,0.0,0.0,0.0,0.0,0.0,0.0,0.0,0.0,0.0,0.0,0.0,0.0
2026-09-28 06:00:00,14,46,2026-10-06 18:00:00,8 days 12:00:00,204,13.23,-127.85,1006.6,24.5,34.30327350689767,0.0,0.0,0.0,0.0,0.0,0.0,0.0,0.0,0.0,0.0,0.0,0.0
2026-09-28 06:00:00,19,46,2026-10-06 18:00:00,8 days 12:00:00,204,17.69,-85.52,1006.3,27.0,71.55509176504603,0.0,0.0,0.0,0.0,0.0,0.0,0.0,0.0,0.0,0.0,0.0,0.0
2026-09-28 06:00:00,19,46,2026-10-07 00:00:00,8 days 18:00:00,210,18.42,-86.68,1003.5,40.2,87.89337382421857,87.89337382421857,6.80583257330516,0.0,8.970519546057725,0.0,0.0,0.0,0.0,0.0,0.0,0.0,0.0
2026-09-28 06:00:00,19,46,2026-10-07 06:00:00,9 days 00:00:00,216,18.04,-87.58,1004.5,25.3,136.00798920229073,0.0,0.0,0.0,0.0,0.0,0.0,0.0,0.0,0.0,0.0,0.0,0.0
2026-09-28 06:00:00,19,46,2026-10-07 12:00:00,9 days 06:00:00,222,18.19,-87.85,1005.9,25.1,117.809451409352,0.0,0.0,0.0,0.0,0.0,0.0,0.0,0.0,0.0,0.0,0.0,0.0
2026-09-28 06:00:00,19,46,2026-10-07 18:00:00,9 days 12:00:00,228,18.37,-88.01,1004.2,29.9,133.4425748915002,0.0,0.0,0.0,0.0,0.0,0.0,0.0,0.0,0.0,0.0,0.0,0.0
2026-09-28 06:00:00,19,46,2026-10-08 00:00:00,9 days 18:00:00,234,19.58,-88.61,1004.6,27.6,79.38279276980279,0.0,0.0,0.0,0.0,0.0,0.0,0.0,0.0,0.0,0.0,0.0,0.0
2026-09-28 06:00:00,19,46,2026-10-08 06:00:00,10 days 00:00:00,240,19.64,-90.95,1005.2,28.1,113.70049242525552,0.0,0.0,0.0,0.0,0.0,0.0,0.0,0.0,0.0,0.0,0.0,0.0
2026-09-28 06:00:00,19,46,2026-10-08 12:00:00,10 days 06:00:00,246,20.29,-91.97,1002.0,29.8,131.067186331733,0.0,0.0,0.0,0.0,0.0,0.0,0.0,0.0,0.0,0.0,0.0,0.0
2026-09-28 06:00:00,19,46,2026-10-08 18:00:00,10 days 12:00:00,252,20.27,-93.26,998.4,38.7,111.98092931200053,111.98092931200053,61.31750278857589,35.1234738088657,59.94211025246216,0.0,0.0,0.0,0.0,0.0,0.0,0.0,0.0
2026-09-28 06:00:00,19,46,2026-10-09 00:00:00,10 days 18:00:00,258,20.11,-93.97,1001.9,38.4,65.37215558998724,65.37215558998724,9.189854205902291,0.2928416771295588,14.856593064521746,0.0,0.0,0.0,0.0,0.0,0.0,0.0,0.0
2026-09-28 06:00:00,19,46,2026-10-09 06:00:00,11 days 00:00:00,264,19.52,-95.01,1000.0,37.7,76.98664951755455,89.98011013754927,69.53081895194197,53.95164709167483,84.99024585166705,0.0,0.0,0.0,0.0,0.0,0.0,0.0,0.0
2026-09-28 06:00:00,19,46,2026-10-09 12:00:00,11 days 06:00:00,270,18.65,-95.07,998.7,43.7,42.49724288674298,91.68422865117084,81.99371789996005,69.46486401898011,72.30402727662694,0.0,0.0,0.0,0.0,0.0,0.0,0.0,0.0
2026-09-28 06:00:00,19,46,2026-10-09 18:00:00,11 days 12:00:00,276,18.48,-95.46,999.2,45.7,54.55936303859641,97.08667480945626,95.7350719117268,94.37617760839358,95.4769574948928,0.0,0.0,0.0,0.0,0.0,0.0,0.0,0.0
2026-09-28 06:00:00,19,46,2026-10-10 00:00:00,11 days 18:00:00,282,18.88,-95.49,995.7,42.2,45.01531914640628,134.00928595174167,127.59100630371763,103.57845832799872,112.64955246576872,0.0,0.0,0.0,0.0,0.0,0.0,0.0,0.0
2026-09-28 06:00:00,19,46,2026-10-10 06:00:00,12 days 00:00:00,288,19.2,-95.35,1005.6,34.5,64.19615331405612,0.0,64.19615331405612,0.0,2.9750182716907148,0.0,0.0,0.0,0.0,0.0,0.0,0.0,0.0
2026-09-28 06:00:00,19,46,2026-10-10 12:00:00,12 days 06:00:00,294,19.8,-94.39,1000.4,33.9,71.12047944879252,0.0,0.0,0.0,0.0,0.0,0.0,0.0,0.0,0.0,0.0,0.0,0.0
2026-09-28 06:00:00,19,46,2026-10-10 18:00:00,12 days 12:00:00,300,20.78,-93.92,993.1,44.1,92.81551215220053,205.6005081520074,205.1451208465411,170.2087462289545,172.98516848594693,0.0,0.0,0.0,0.0,0.0,0.0,0.0,0.0
2026-09-28 06:00:00,19,46,2026-10-11 00:00:00,12 days 18:00:00,306,21.45,-93.36,991.4,49.5,45.93014946979247,112.06308598460134,110.38957478588918,84.57552924251377,86.68655896109033,0.0,0.0,0.0,0.0,0.0,0.0,0.0,0.0
2026-09-28 06:00:00,19,46,2026-10-11 06:00:00,13 days 00:00:00,312,22.37,-92.44,997.1,41.8,75.68675832385514,193.94226313228523,196.29005012003444,152.0655518846689,154.77328910625428,0.0,0.0,0.0,0.0,0.0,0.0,0.0,0.0
2026-09-28 06:00:00,19,46,2026-10-11 12:00:00,13 days 06:00:00,318,22.74,-91.83,990.9,51.6,89.94642724288107,136.5907920367063,131.16515789282707,99.97915306773616,110.70226469246106,2.765535515359127,89.94642724288107,0.31687875592596,1.1751516082562423,0.0,0.0,0.0,0.0
2026-09-28 06:00:00,19,46,2026-10-11 18:00:00,13 days 12:00:00,324,23.27,-90.97,996.3,42.3,82.29403696835243,83.08914346076047,81.50420058216363,59.04203005083178,64.12936794465338,0.0,0.0,0.0,0.0,0.0,0.0,0.0,0.0
2026-09-28 06:00:00,19,46,2026-10-12 00:00:00,13 days 18:00:00,330,22.78,-90.95,999.5,36.9,71.07087731668184,5.279117559486849,71.07087731668184,2.5275648335868937,4.041283873371867,0.0,0.0,0.0,0.0,0.0,0.0,0.0,0.0
2026-09-28 06:00:00,19,46,2026-10-12 06:00:00,14 days 00:00:00,336,23.02,-90.24,996.2,39.8,64.10992800971596,0.8002869911217516,64.10992800971596,0.0,0.2930279891153269,0.0,0.0,0.0,0.0,0.0,0.0,0.0,0.0
2026-09-28 06:00:00,19,46,2026-10-12 12:00:00,14 days 06:00:00,342,23.2,-89.77,1001.1,42.8,87.22450512389503,200.20786214215445,193.0195674561512,150.19870800522403,159.61344570169217,0.0,0.0,0.0,0.0,0.0,0.0,0.0,0.0
2026-09-28 06:00:00,19,46,2026-10-12 18:00:00,14 days 12:00:00,348,23.13,-88.64,1002.1,37.5,158.51325364917545,62.9357742674045,158.51325364917545,57.44809401178616,56.01478093632027,0.0,0.0,0.0,0.0,0.0,0.0,0.0,0.0
2026-09-28 06:00:00,19,46,2026-10-13 00:00:00,14 days 18:00:00,354,22.67,-88.39,1005.8,35.9,47.37889707290629,47.37889707290629,17.702899835871378,12.305702294944162,22.72104239115759,0.0,0.0,0.0,0.0,0.0,0.0,0.0,0.0
2026-09-28 06:00:00,19,46,2026-10-13 06:00:00,15 days 00:00:00,360,21.23,-87.86,1007.1,23.8,78.25493283368996,0.0,0.0,0.0,0.0,0.0,0.0,0.0,0.0,0.0,0.0,0.0,0.0
2026-09-28 06:00:00,23,46,2026-10-09 06:00:00,11 days 00:00:00,264,15.23,154.71,1009.4,12.8,122.48998019785466,0.0,0.0,0.0,0.0,0.0,0.0,0.0,0.0,0.0,0.0,0.0,0.0
2026-09-28 06:00:00,23,46,2026-10-09 12:00:00,11 days 06:00:00,270,14.62,152.24,1004.3,15.8,57.28285831564456,0.0,0.0,0.0,0.0,0.0,0.0,0.0,0.0,0.0,0.0,0.0,0.0
2026-09-28 06:00:00,23,46,2026-10-09 18:00:00,11 days 12:00:00,276,15.16,150.89,1003.6,26.1,60.94843280595183,0.0,0.0,0.0,0.0,0.0,0.0,0.0,0.0,0.0,0.0,0.0,0.0
2026-09-28 06:00:00,23,46,2026-10-10 00:00:00,11 days 18:00:00,282,15.3,149.56,1004.3,31.7,53.69306269716062,0.0,0.0,0.0,0.0,0.0,0.0,0.0,0.0,0.0,0.0,0.0,0.0
2026-09-28 06:00:00,23,46,2026-10-10 06:00:00,12 days 00:00:00,288,15.01,148.32,1002.8,33.5,60.66785112466583,0.0,0.0,0.0,0.0,0.0,0.0,0.0,0.0,0.0,0.0,0.0,0.0
2026-09-28 06:00:00,23,46,2026-10-10 12:00:00,12 days 06:00:00,294,14.95,147.04,996.6,40.2,64.10853209620248,158.5755384606554,149.02375872343188,129.62112364566136,140.8678981676393,0.0,0.0,0.0,0.0,0.0,0.0,0.0,0.0
2026-09-28 06:00:00,23,46,2026-10-10 18:00:00,12 days 12:00:00,300,15.24,145.49,996.9,40.0,117.4861314185856,25.69391408261815,23.093993711776022,17.826722381460346,117.4861314185856,0.0,0.0,0.0,0.0,0.0,0.0,0.0,0.0
2026-09-28 06:00:00,23,46,2026-10-11 00:00:00,12 days 18:00:00,306,14.92,144.61,1002.7,38.9,118.95161708829733,181.1352705440244,168.06601203096398,135.68120602219426,156.16277523916722,0.0,0.0,0.0,0.0,0.0,0.0,0.0,0.0
2026-09-28 06:00:00,23,46,2026-10-11 06:00:00,13 days 00:00:00,312,14.93,143.73,995.5,43.1,61.22113582930441,67.34511753700446,64.5517745777909,65.98568449077416,66.02062012757649,0.0,0.0,0.0,0.0,0.0,0.0,0.0,0.0
2026-09-28 06:00:00,23,46,2026-10-11 12:00:00,13 days 06:00:00,318,15.61,142.73,995.0,37.6,92.41820812703423,13.78196678274862,12.24279000103506,9.9717071786382,92.41820812703423,0.0,0.0,0.0,0.0,0.0,0.0,0.0,0.0
2026-09-28 06:00:00,23,46,2026-10-11 18:00:00,13 days 12:00:00,324,15.94,141.8,999.7,41.6,140.3405905779108,140.3405905779108,126.02884625205633,94.65102287040943,114.24404061348578,0.0,0.0,0.0,0.0,0.0,0.0,0.0,0.0
2026-09-28 06:00:00,23,46,2026-10-12 00:00:00,13 days 18:00:00,330,16.16,141.15,994.3,48.7,72.15219928641079,35.16681619028989,27.078706219580283,30.72792200974305,72.15219928641079,0.0,0.0,0.0,0.0,0.0,0.0,0.0,0.0
2026-09-28 06:00:00,23,46,2026-10-12 06:00:00,14 days 00:00:00,336,17.19,140.14,986.6,60.2,58.25717201442209,208.90278600408487,180.3690808534616,124.89191626307468,171.6343989218457,58.25717201442209,25.684029499574265,16.15329225985713,23.360215857053472,0.0,0.0,0.0,0.0
2026-09-28 06:00:00,23,46,2026-10-12 12:00:00,14 days 06:00:00,342,18.67,139.01,983.5,55.0,42.37016667347641,245.30867995679932,222.59484918875432,166.98399559663522,204.2960128756179,42.37016667347641,18.51268457420808,11.59186411039858,17.83053519060332,0.0,0.0,0.0,0.0
2026-09-28 06:00:00,23,46,2026-10-12 18:00:00,14 days 12:00:00,348,19.17,138.18,991.9,52.1,66.18060109797851,280.1323462116992,254.22731559682637,171.99433260984858,228.18656518992375,66.18060109797851,18.23718555486032,10.214567472929817,16.32102376478328,0.0,0.0,0.0,0.0
2026-09-28 06:00:00,23,46,2026-10-13 00:00:00,14 days 18:00:00,354,19.83,136.38,992.0,51.0,86.25275914303666,243.2959419009333,231.61351740888105,187.3397590458672,203.508645150882,0.0,0.6606780571435458,86.25275914303666,0.6750009359204188,0.0,0.0,0.0,0.0
2026-09-28 06:00:00,23,46,2026-10-13 06:00:00,15 days 00:00:00,360,20.58,136.0,984.3,42.2,150.20175186625318,203.57134523866404,190.8314551046012,144.69350310350518,171.25008640273975,0.0,0.0,0.0,0.0,0.0,0.0,0.0,0.0
2026-09-28 06:00:00,27,46,2026-10-10 12:00:00,12 days 06:00:00,294,-4.18,-169.43,1001.6,28.6,51.14453587125721,0.0,0.0,0.0,0.0,0.0,0.0,0.0,0.0,0.0,0.0,0.0,0.0
2026-09-28 06:00:00,27,46,2026-10-10 18:00:00,12 days 12:00:00,300,-5.05,-169.72,996.3,37.8,57.72938883704441,0.0,57.72938883704441,7.838760035817199,0.0,0.0,0.0,0.0,0.0,0.0,0.0,0.0,0.0
2026-09-28 06:00:00,27,46,2026-10-11 00:00:00,12 days 18:00:00,306,-5.48,-169.93,1002.4,35.8,99.2184427443895,99.2184427443895,0.0,0.0,0.0,0.0,0.0,0.0,0.0,0.0,0.0,0.0,0.0
2026-09-28 06:00:00,27,46,2026-10-11 06:00:00,13 days 00:00:00,312,-5.96,-169.61,1001.8,33.6,58.254251600146205,0.0,0.0,0.0,0.0,0.0,0.0,0.0,0.0,0.0,0.0,0.0,0.0
2026-09-28 06:00:00,27,46,2026-10-11 12:00:00,13 days 06:00:00,318,-6.31,-170.15,988.0,52.9,77.67186732030973,115.30212644603832,115.9696005103696,103.0070395755906,97.673714415029,0.5266572691279465,0.0,77.67186732030973,0.0958024057542569,0.0,0.0,0.0,0.0
2026-09-28 06:00:00,27,46,2026-10-11 18:00:00,13 days 12:00:00,324,-7.04,-170.03,987.0,55.5,26.25562051059724,172.42862549129362,155.59439539783034,124.8629014905612,138.0494429078593,0.0382352178463025,0.0,0.0,26.25562051059724,0.0,0.0,0.0,0.0
2026-09-28 06:00:00,27,46,2026-10-12 00:00:00,13 days 18:00:00,330,-6.74,-170.29,998.4,34.0,50.53767537218625,140.59018948037692,138.61525098959237,120.17248089681524,119.93547342594258,0.0,0.0,0.0,0.0,0.0,0.0,0.0,0.0
2026-09-28 06:00:00,27,46,2026-10-12 06:00:00,14 days 00:00:00,336,-6.7,-170.08,995.0,41.9,50.81942347189872,21.36209964801067,11.142958279296623,3.764587562363791,50.81942347189872,0.0,0.0,0.0,0.0,0.0,0.0,0.0,0.0
2026-09-28 06:00:00,27,46,2026-10-12 12:00:00,14 days 06:00:00,342,-6.52,-169.06,987.8,43.4,44.66158164684047,124.56896027475182,105.34710919103736,94.23462007785648,131.5892634645375,0.0,0.0,0.0,0.0,0.0,0.0,0.0,0.0
2026-09-28 06:00:00,27,46,2026-10-12 18:00:00,14 days 12:00:00,348,-6.28,-168.95,990.6,47.4,70.52194658249917,143.486100917653,146.24846816974298,130.12149767059117,125.14605301965102,0.0,0.0,0.0,0.0,0.0,0.0,0.0,0.0
2026-09-28 06:00:00,27,46,2026-10-13 00:00:00,14 days 18:00:00,354,-6.63,-168.31,988.1,61.5,24.10032053276053,129.97848327654367,116.34804207315509,109.24442710389296,118.4057902993692,5.715009511904007,24.10032053276053,6.028562869895527,4.938061027401861,0.0,0.0,0.0,0.0
2026-09-28 06:00:00,27,46,2026-10-13 06:00:00,15 days 00:00:00,360,-6.78,-167.17,965.3,91.5,0.0,111.06904100395413,116.51248458347588,80.23141671677242,83.09255916820469,2.6175108887296976,0.0,0.0,0.4582272428063233,0.5565255208251013,0.0,0.0,0.4582272428063233
2026-09-28 06:00:00,4,46,2026-09-29 00:00:00,0 days 18:00:00,18,15.72,154.85,1006.6,22.3,94.5824868853727,0.0,0.0,0.0,0.0,0.0,0.0,0.0,0.0,0.0,0.0,0.0,0.0
2026-09-28 06:00:00,4,46,2026-09-29 06:00:00,1 days 00:00:00,24,15.85,154.18,1007.2,21.5,135.288453015687,0.0,0.0,0.0,0.0,0.0,0.0,0.0,0.0,0.0,0.0,0.0,0.0
2026-09-28 06:00:00,4,46,2026-09-29 12:00:00,1 days 06:00:00,30,15.89,153.36,1003.1,29.5,73.71998301831334,0.0,0.0,0.0,0.0,0.0,0.0,0.0,0.0,0.0,0.0,0.0,0.0
2026-09-28 06:00:00,4,46,2026-09-29 18:00:00,1 days 12:00:00,36,15.87,152.1,1002.9,26.6,89.85790366060564,0.0,0.0,0.0,0.0,0.0,0.0,0.0,0.0,0.0,0.0,0.0,0.0
2026-09-28 06:00:00,4,46,2026-09-30 00:00:00,1 days 18:00:00,42,16.13,151.36,999.0,29.1,59.679557462339744,0.0,0.0,0.0,0.0,0.0,0.0,0.0,0.0,0.0,0.0,0.0,0.0
2026-09-28 06:00:00,4,46,2026-09-30 06:00:00,2 days 00:00:00,48,16.31,150.24,1002.7,28.8,126.16603251158752,0.0,0.0,0.0,0.0,0.0,0.0,0.0,0.0,0.0,0.0,0.0,0.0
2026-09-28 06:00:00,4,46,2026-09-30 12:00:00,2 days 06:00:00,54,16.5,149.2,1000.1,27.1,77.1562939699445,0.0,0.0,0.0,0.0,0.0,0.0,0.0,0.0,0.0,0.0,0.0,0.0
2026-09-28 06:00:00,4,46,2026-09-30 18:00:00,2 days 12:00:00,60,17.03,148.63,996.6,39.1,94.77462373780509,94.77462373780509,0.4212192575127744,4.406103272157985,2.130696574279341,0.0,0.0,0.0,0.0,0.0,0.0,0.0,0.0
2026-09-28 06:00:00,4,46,2026-10-01 00:00:00,2 days 18:00:00,66,17.06,148.79,993.9,39.6,115.5938371428368,115.5938371428368,0.0,0.0,0.0,0.0,0.0,0.0,0.0,0.0,0.0,0.0,0.0
2026-09-28 06:00:00,4,46,2026-10-01 06:00:00,3 days 00:00:00,72,17.31,147.7,993.1,42.6,87.11028146288808,105.525059729512,96.90907310431804,67.93455373227373,89.48088282551628,0.0,0.0,0.0,0.0,0.0,0.0,0.0,0.0
2026-09-28 06:00:00,4,46,2026-10-01 12:00:00,3 days 06:00:00,78,17.34,146.9,995.2,40.3,56.037497746418026,65.81035345208912,66.79864903786876,59.75731898895247,62.078117453952125,0.0,0.0,0.0,0.0,0.0,0.0,0.0,0.0
2026-09-28 06:00:00,4,46,2026-10-01 18:00:00,3 days 12:00:00,84,17.27,146.14,993.1,53.6,56.09109104295947,224.26481007561415,198.14164398454443,174.00351336668626,194.48299667706272,68.23288532919739,59.81052578327234,45.66148817728929,55.37429260545363,0.0,0.0,0.0,0.0
2026-09-28 06:00:00,4,46,2026-10-02 00:00:00,3 days 18:00:00,90,17.61,145.48,990.7,52.1,100.98355935238884,115.23073657484912,104.28972642691178,77.40345898980098,93.57757694912452,100.98355935238884,0.0374698971941356,0.0,0.028206426480942,0.0,0.0,0.0,0.0
2026-09-28 06:00:00,4,46,2026-10-02 06:00:00,4 days 00:00:00,96,17.63,145.09,983.6,58.8,34.858170193343994,218.972233682257,193.2886281628645,146.10839368362826,181.20145352969067,81.29688144351019,72.15459802005006,53.334016851868,65.71328525273748,0.0,0.0,0.0,0.0
2026-09-28 06:00:00,4,46,2026-10-02 12:00:00,4 days 06:00:00,102,17.81,145.71,974.4,79.4,40.62657731632853,111.54165523162304,147.40926346115802,140.02456692608263,110.35447055163328,40.62657731632853,4.619424690813024,40.62657731632853,0.0,40.62657731632853,0.0,0.0,0.0
2026-09-28 06:00:00,4,46,2026-10-02 18:00:00,4 days 12:00:00,108,18.2,145.99,976.8,70.7,41.64372501747469,208.0363882662128,205.72906325840205,169.2644145837206,171.89933112506608,89.87848102733487,81.9571160646193,63.49346974770265,74.4701103610462,41.64372501747469,7.57172428363438,5.599086667818733,6.166353012247923
2026-09-28 06:00:00,4,46,2026-10-03 00:00:00,4 days 18:00:00,114,18.38,146.54,966.8,89.0,37.352189718290845,239.5506386341625,258.39051869518573,242.04728947275203,215.89056835843348,145.28721934805765,151.71848908683603,139.7554202909074,134.27428688322394,81.36398065362512,83.4183934783419,73.96290060300541,73.2168534987908
2026-09-28 06:00:00,4,46,2026-10-03 06:00:00,5 days 00:00:00,120,18.82,147.11,936.5,111.5,3.501497955079373,231.8419902662021,285.1582152585029,235.42041298186496,191.50384590889848,41.25808892392786,53.09428721784991,42.67888491183004,31.78395481068705,7.699141240524021,10.624784411524267,10.920547645169329,7.1587864509681545
2026-09-28 06:00:00,4,46,2026-10-03 12:00:00,5 days 06:00:00,126,19.45,147.99,943.1,115.9,8.264714322181314,353.8185099606038,384.3258966806591,336.4931998658866,299.2515885537891,164.12217946082367,179.64960289475462,158.94759449953165,143.92849424896457,99.73327880668673,103.77526843920909,90.50238237078231,87.85804491037729
2026-09-28 06:00:00,4,46,2026-10-03 18:00:00,5 days 12:00:00,132,20.41,148.5,929.1,121.3,0.0,326.6779178436009,379.8927716442458,329.9720897365305,258.48856136344784,133.53773090085315,154.26104341938526,130.48707238572229,113.8114672014608,61.88818962193693,67.72535411414333,57.87887389052685,53.65759090587494
2026-09-28 06:00:00,4,46,2026-10-04 00:00:00,5 days 18:00:00,138,20.96,148.95,909.3,145.7,25.01096919131725,370.6431999132421,364.7324123240148,308.59750957351787,307.0626212622683,205.8275805880914,210.03637978736867,181.6065020176508,180.44159871197837,127.10746438667674,124.80970150671207,106.26391146121206,112.97367324774488
2026-09-28 06:00:00,4,46,2026-10-04 06:00:00,6 days 00:00:00,144,22.15,148.95,932.5,121.4,10.757556849295684,309.19574546665217,342.9164238513413,253.5086321754294,248.36897073362175,131.91333445188525,129.11999076405948,91.73543680053372,102.43328094235116,49.3750584456316,47.2296269434474,36.62846250779118,39.85388265025317
2026-09-28 06:00:00,4,46,2026-10-04 12:00:00,6 days 06:00:00,150,23.06,148.89,916.0,137.8,0.5743842244306734,413.2686251476771,417.1355559220801,329.7002643183969,340.6234814709587,187.0286243308224,177.4166522295011,145.76008839346537,159.07843781762267,92.48168982924574,86.44606087729062,72.92422769300742,79.31480773681221
2026-09-28 06:00:00,4,46,2026-10-04 18:00:00,6 days 12:00:00,156,24.07,148.36,931.5,120.5,13.849143354723068,411.69489635572097,403.8100333080896,322.00683344018296,341.89195590311215,216.63879159585,205.10007094384247,165.69751788627667,183.36999212813205,118.9592994538217,113.03401292621646,93.19727874528286,102.31825684591026
2026-09-28 06:00:00,4,46,2026-10-05 00:00:00,6 days 18:00:00,162,24.99,147.84,922.8,123.9,40.75780012644658,475.5364589518501,445.30621870504353,370.5729416228886,405.32829819970254,263.69706177141734,248.4702397801114,212.57615222803463,234.19312494484893,165.06469837765172,155.95971452834266,131.71333462031325,143.60652010351373
2026-09-28 06:00:00,4,46,2026-10-05 06:00:00,7 days 00:00:00,168,25.93,147.45,915.3,124.6,23.61092113722151,395.9547623350172,385.73146580846105,286.00992779129103,321.4292154842244,111.05709069147872,99.511578889005,70.18718140583245,85.64610890177667,30.533440501770883,25.45534795155189,19.50399009254829,22.66305874233899
2026-09-28 06:00:00,4,46,2026-10-05 12:00:00,7 days 06:00:00,174,27.27,146.93,922.8,114.9,23.967508218506325,434.3387418115189,408.5245029467621,326.0482095665891,347.4723732393685,221.0600351301436,210.83650448111752,173.49060300955688,189.60548674394448,118.01734186129828,113.09008994456124,94.78970502734776,102.7090070050828
2026-09-28 06:00:00,4,46,2026-10-05 18:00:00,7 days 12:00:00,180,28.04,147.2,937.9,112.3,0.0,341.5511910954499,369.6562865295068,283.6709328023287,275.1256035279397,150.52570033754324,154.14299205968334,123.77621816090743,121.27233780155284,72.40033681221954,73.37052140519992,60.20020072138384,62.39972761032057
2026-09-28 06:00:00,4,46,2026-10-06 00:00:00,7 days 18:00:00,186,29.98,147.74,946.4,92.7,19.798595472926834,312.24016442978166,326.66735513551873,262.09734135613826,242.06929529619435,75.7811212221629,80.99058220992364,64.50386135197533,60.708956804624194,17.31859663166818,20.389496918641285,18.395699921555515,14.345220510744271
2026-09-28 06:00:00,4,46,2026-10-06 06:00:00,8 days 00:00:00,192,31.71,148.45,947.1,92.5,41.84440625886128,377.13825847752025,399.1511971532559,307.59827817873975,287.20330517425623,164.31793727645436,176.8097831192939,149.29685197941922,140.4626084669628,91.02248208141,94.62124005158054,78.5632119418556,77.86258550300049
2026-09-28 06:00:00,4,46,2026-10-06 12:00:00,8 days 06:00:00,198,33.8,149.68,959.0,84.3,24.041694576357717,359.05617142707706,435.2504738095686,359.6435408545549,304.63518808649314,187.71742636995623,214.7987769269093,183.2670260208597,162.36247645369713,79.27102887609954,86.45140005455869,72.91019690251369,70.153830287029
2026-09-28 06:00:00,4,46,2026-10-06 18:00:00,8 days 12:00:00,204,36.38,151.67,953.1,86.9,46.47073161191594,178.79667135653654,240.96224632728672,161.29681703194433,137.65021320128244,23.24563443638104,46.47073161191594,22.222092363781883,10.705928480196429,1.271838833712266,46.47073161191594,1.9433899075793235,0.0
2026-09-28 06:00:00,4,46,2026-10-07 00:00:00,8 days 18:00:00,210,39.17,154.46,960.8,72.7,59.83938493279759,279.0066155634572,332.7491866933973,257.37584818239606,222.0290503224874,67.12665400087445,74.61979136897482,54.00018560971763,47.64537893421704,1.2869945224929036,59.83938493279759,1.880150965083321,0.0
2026-09-28 06:00:00,4,46,2026-10-07 06:00:00,9 days 00:00:00,216,41.46,158.08,973.5,64.0,92.79226589240622,316.3531350976144,383.3169572172865,300.14861986943504,262.83027501278457,60.6222846826192,92.79226589240622,55.948978484534464,44.43362271309539,0.0,0.0,0.0,0.0
2026-09-28 06:00:00,4,46,2026-10-07 12:00:00,9 days 06:00:00,222,43.36,161.84,978.9,48.0,143.11166681785198,0.0,143.11166681785198,16.916526377186987,0.0,0.0,0.0,0.0,0.0,0.0,0.0,0.0,0.0
2026-09-28 06:00:00,4,46,2026-10-07 18:00:00,9 days 12:00:00,228,43.88,166.4,985.0,41.4,170.5102449463649,0.0,170.5102449463649,24.411830347146758,0.0,0.0,0.0,0.0,0.0,0.0,0.0,0.0,0.0
2026-09-28 06:00:00,4,46,2026-10-08 00:00:00,9 days 18:00:00,234,45.36,168.44,991.8,28.9,81.72265734237396,0.0,0.0,0.0,0.0,0.0,0.0,0.0,0.0,0.0,0.0,0.0,0.0
2026-09-28 06:00:00,4,46,2026-10-08 06:00:00,10 days 00:00:00,240,45.14,170.48,997.7,30.6,222.1857720850783,0.0,0.0,0.0,0.0,0.0,0.0,0.0,0.0,0.0,0.0,0.0,0.0
2026-09-28 06:00:00,7,46,2026-09-29 18:00:00,1 days 12:00:00,36,33.93,-44.18,1008.3,27.2,74.96016683175304,0.0,0.0,0.0,0.0,0.0,0.0,0.0,0.0,0.0,0.0,0.0,0.0
2026-09-28 06:00:00,7,46,2026-09-30 00:00:00,1 days 18:00:00,42,33.23,-43.54,1002.8,31.4,87.45644692944438,0.0,0.0,0.0,0.0,0.0,0.0,0.0,0.0,0.0,0.0,0.0,0.0
2026-09-28 06:00:00,7,46,2026-09-30 06:00:00,2 days 00:00:00,48,32.88,-43.27,1005.5,29.3,128.6575338784803,0.0,0.0,0.0,0.0,0.0,0.0,0.0,0.0,0.0,0.0,0.0,0.0
2026-09-28 06:00:00,7,46,2026-09-30 12:00:00,2 days 06:00:00,54,32.95,-42.53,999.9,38.5,78.66351459960975,87.28734505467843,78.9950231993579,56.64770715327733,72.02987658033366,0.0,0.0,0.0,0.0,0.0,0.0,0.0,0.0
2026-09-28 06:00:00,7,46,2026-09-30 18:00:00,2 days 12:00:00,60,33.33,-42.63,1007.3,32.3,151.58107144725608,0.0,0.0,0.0,0.0,0.0,0.0,0.0,0.0,0.0,0.0,0.0,0.0
2026-09-28 06:00:00,7,46,2026-10-01 00:00:00,2 days 18:00:00,66,33.8,-42.12,1007.0,29.6,105.7963384120958,0.0,0.0,0.0,0.0,0.0,0.0,0.0,0.0,0.0,0.0,0.0,0.0
2026-09-28 06:00:00,7,46,2026-10-01 06:00:00,3 days 00:00:00,72,34.25,-41.49,1008.8,29.1,101.6622029638788,0.0,0.0,0.0,0.0,0.0,0.0,0.0,0.0,0.0,0.0,0.0,0.0
2026-09-28 06:00:00,7,46,2026-10-01 12:00:00,3 days 06:00:00,78,34.58,-40.75,1007.4,27.5,69.26888060224232,0.0,0.0,0.0,0.0,0.0,0.0,0.0,0.0,0.0,0.0,0.0,0.0
2026-09-28 06:00:00,7,46,2026-10-01 18:00:00,3 days 12:00:00,84,35.02,-39.78,1008.8,27.7,59.95127445681265,0.0,0.0,0.0,0.0,0.0,0.0,0.0,0.0,0.0,0.0,0.0,0.0
2026-09-28 06:00:00,7,46,2026-10-02 00:00:00,3 days 18:00:00,90,35.58,-39.38,1009.5,25.9,77.72168404383785,0.0,0.0,0.0,0.0,0.0,0.0,0.0,0.0,0.0,0.0,0.0,0.0
2026-09-28 06:00:00,7,46,2026-10-02 06:00:00,4 days 00:00:00,96,35.59,-38.19,1010.8,27.2,53.25109322424372,0.0,0.0,0.0,0.0,0.0,0.0,0.0,0.0,0.0,0.0,0.0,0.0
2026-09-28 06:00:00,7,46,2026-10-02 12:00:00,4 days 06:00:00,102,35.04,-37.13,1010.9,26.6,85.93336007689516,0.0,0.0,0.0,0.0,0.0,0.0,0.0,0.0,0.0,0.0,0.0,0.0
2026-09-28 06:00:00,7,46,2026-10-02 18:00:00,4 days 12:00:00,108,35.14,-36.59,1012.8,20.0,103.75331617028952,0.0,0.0,0.0,0.0,0.0,0.0,0.0,0.0,0.0,0.0,0.0,0.0
2026-09-28 06:00:00,7,46,2026-10-03 00:00:00,4 days 18:00:00,114,34.83,-35.91,1012.2,24.3,79.5394144977245,0.0,0.0,0.0,0.0,0.0,0.0,0.0,0.0,0.0,0.0,0.0,0.0
2026-09-28 06:00:00,7,46,2026-10-03 06:00:00,5 days 00:00:00,120,34.8,-35.2,1014.0,17.6,178.47449323457175,0.0,0.0,0.0,0.0,0.0,0.0,0.0,0.0,0.0,0.0,0.0,0.0
2026-09-28 06:00:00,AL062026,46,2026-09-28 06:00:00,0 days 00:00:00,0,28.3,-43.8,1012.0,25.0,56.0,0.0,0.0,0.0,0.0,0.0,0.0,0.0,0.0,0.0,0.0,0.0,0.0
2026-09-28 06:00:00,AL912026(2),46,2026-09-28 06:00:00,0 days 00:00:00,0,36.3,-53.1,1013.0,29.0,148.0,0.0,0.0,0.0,0.0,0.0,0.0,0.0,0.0,0.0,0.0,0.0,0.0
2026-09-28 06:00:00,AL912026(2),46,2026-09-28 12:00:00,0 days 06:00:00,6,36.74,-50.78,1007.4,39.5,58.1331068713002,0.0,58.1331068713002,0.0,0.0,0.0,0.0,0.0,0.0,0.0,0.0,0.0,0.0
2026-09-28 06:00:00,EP152026(2),46,2026-09-28 06:00:00,0 days 00:00:00,0,16.4,-160.8,929.0,134.0,28.0,241.0,185.0,148.0,204.0,93.0,74.0,74.0,93.0,56.0,46.0,37.0,46.0
2026-09-28 06:00:00,EP152026(2),46,2026-09-28 12:00:00,0 days 06:00:00,6,16.82,-161.67,951.4,114.5,20.74510336649977,228.19219309465183,174.37169450622457,135.52441077521513,202.6199703214332,111.49906090948468,85.64203484200054,65.04103796580766,96.16753204184349,58.11836855970909,47.759842935172486,39.1163300069308,50.1470548044899
2026-09-28 06:00:00,EP152026(2),46,2026-09-28 18:00:00,0 days 12:00:00,12,17.68,-162.23,942.4,123.1,3.7489803268972537,210.33179087847748,169.70062846284782,106.08719552911498,177.85774470291653,63.55712010232492,46.17834104933172,28.33410043509093,53.14308645705023,30.32464839644217,22.609671528716945,16.38991638562129,24.766770799566075
2026-09-28 06:00:00,EP152026(2),46,2026-09-29 00:00:00,0 days 18:00:00,18,18.53,-163.35,951.5,113.2,9.225653875585948,236.5275851264057,197.65646548518657,111.16783658313044,187.5022000117222,74.4243072739805,54.59326849736493,29.588367647803835,55.91345307157795,37.74704678645968,29.009977456067347,19.074465703461243,29.872903792931066
2026-09-28 06:00:00,EP152026(2),46,2026-09-29 06:00:00,1 days 00:00:00,24,19.65,-163.52,946.1,115.3,18.36949244549309,190.0936546444785,150.29836460619208,95.71436672824872,155.8374638320297,116.75755471835726,97.80717899071615,71.8700187699105,98.5671884791836,58.26933095859905,49.05089248391936,39.38785694418404,48.4242929849361
2026-09-28 06:00:00,EP152026(2),46,2026-09-29 12:00:00,1 days 06:00:00,30,20.65,-163.57,968.6,87.9,19.069163761838468,222.4568375945537,214.44030537166827,133.9382652147599,165.69980590313708,82.94016808334118,77.0576642379292,50.96707049305729,63.883671767506826,28.942363487573743,26.30348795947492,20.35726342920597,22.351883405144264
2026-09-28 06:00:00,EP152026(2),46,2026-09-29 18:00:00,1 days 12:00:00,36,21.77,-163.52,966.2,96.5,17.319699526118153,194.54427468377827,173.36427770284905,119.11643284064196,157.85116440765944,80.6154163127572,73.7816576300157,61.06562501446453,69.7707525121115,38.34176783690265,36.16399537549731,31.00162890431876,32.21711708741937
2026-09-28 06:00:00,EP152026(2),46,2026-09-30 00:00:00,1 days 18:00:00,42,23.07,-163.6,963.6,88.0,36.41154156132464,213.6492946717688,189.92062530636736,146.28111431755428,189.12680905575752,107.90886788263678,98.49950066090813,83.57969516229755,94.40412865631768,47.18816717772812,45.1148678335334,38.28698166967708,40.3315371243041
2026-09-28 06:00:00,EP152026(2),46,2026-09-30 06:00:00,2 days 00:00:00,48,23.59,-163.4,977.0,76.9,57.429372528197234,223.04266415205765,198.2311005237272,137.99570362664275,172.09826925665857,129.27094502158036,119.51050068724192,94.33770095849393,108.66076053138272,57.429372528197234,55.10564460907071,44.188900931279306,49.07268220380462
2026-09-28 06:00:00,EP152026(2),46,2026-09-30 12:00:00,2 days 06:00:00,54,24.07,-163.17,983.3,63.4,71.02399901504984,206.75174115164083,178.21890864947457,132.4581386480396,151.54656309568702,74.08908886044031,64.77451562826062,46.94011429254948,60.308769028894645,0.0,0.0,0.0,0.0
2026-09-28 06:00:00,EP152026(2),46,2026-09-30 18:00:00,2 days 12:00:00,60,24.16,-163.03,984.6,63.7,94.09135723892996,219.94529326803783,203.4511219898086,166.6879590793542,186.27913392385017,94.09135723892996,57.40254957308571,43.75011580104592,50.24986048989104,0.0,0.0,0.0,0.0
2026-09-28 06:00:00,EP152026(2),46,2026-10-01 00:00:00,2 days 18:00:00,66,24.29,-163.71,984.9,57.3,86.4164748160429,151.61763402081084,115.97277675034336,94.44538302613486,140.53502996496098,86.4164748160429,39.47250061250888,27.731037935585405,42.13394923556506,0.0,0.0,0.0,0.0
2026-09-28 06:00:00,EP152026(2),46,2026-10-01 06:00:00,3 days 00:00:00,72,24.23,-163.99,986.7,51.3,66.56519609056707,187.7907112479844,172.71041346514022,152.0782127341217,169.33671689458822,66.56519609056707,1.4139588130412122,0.4813058520965683,3.0172513075589222,0.0,0.0,0.0,0.0
2026-09-28 06:00:00,EP152026(2),46,2026-10-01 12:00:00,3 days 06:00:00,78,24.18,-164.41,983.0,55.9,41.62057986695498,215.1385983130237,193.7387965213765,162.45349320445214,194.61943935663496,41.62057986695498,25.882761669125067,18.643908482231083,23.680225924219,0.0,0.0,0.0,0.0
2026-09-28 06:00:00,EP152026(2),46,2026-10-01 18:00:00,3 days 12:00:00,84,24.47,-164.57,985.7,50.9,67.28475826091201,196.96366764607183,167.87035082053717,123.49499060813272,165.89605902869653,67.28475826091201,32.571929924354535,22.9516801462442,30.67966235604618,0.0,0.0,0.0,0.0
2026-09-28 06:00:00,EP152026(2),46,2026-10-02 00:00:00,3 days 18:00:00,90,25.02,-164.87,986.3,54.1,79.75038542507028,233.9092360386317,208.02572304335803,140.82469772248902,190.15693120356525,79.75038542507028,34.63579983796396,21.778676627541497,33.469826227217474,0.0,0.0,0.0,0.0
2026-09-28 06:00:00,EP152026(2),46,2026-10-02 06:00:00,4 days 00:00:00,96,25.42,-165.17,989.3,51.3,67.2890320504429,179.98336964131545,182.2600915691472,132.6417255014622,142.52499699441677,3.258587331137612,67.2890320504429,0.8553365944597111,1.746818050205441,0.0,0.0,0.0,0.0
2026-09-28 06:00:00,EP152026(2),46,2026-10-02 12:00:00,4 days 06:00:00,102,25.43,-165.28,981.4,65.2,60.92262340825968,231.52810128543533,221.56279604761176,170.57365425834064,184.77501094005072,60.92262340825968,60.92262340825968,34.75198859493955,39.69082175293186,0.0,60.92262340825968,0.0,0.0
2026-09-28 06:00:00,EP152026(2),46,2026-10-02 18:00:00,4 days 12:00:00,108,25.72,-165.34,985.5,58.0,90.80474946415988,170.3551923699334,159.85767812579704,121.73354739960914,138.75931745042456,90.80474946415988,0.7855554814863055,0.0,0.0,0.0,0.0,0.0,0.0
2026-09-28 06:00:00,EP152026(2),46,2026-10-03 00:00:00,4 days 18:00:00,114,25.87,-165.67,984.9,59.0,31.567601975337205,171.2379761526085,144.7071426636886,123.83277814463112,154.47562136381697,35.34715939191739,30.08009679497096,19.357320871324305,28.7613784237829,0.0,0.0,0.0,0.0
2026-09-28 06:00:00,EP152026(2),46,2026-10-03 06:00:00,5 days 00:00:00,120,25.98,-166.41,984.4,62.2,41.46554946692886,175.88164749440833,131.89901826710965,108.62059440524118,151.8594274168579,84.02122595778218,70.32174113573038,52.5317331772819,70.93476271391938,0.0,0.0,0.0,0.0
2026-09-28 06:00:00,EP152026(2),46,2026-10-03 12:00:00,5 days 06:00:00,126,25.72,-167.3,988.3,53.1,24.266019981437072,193.41126422998144,140.9773371743316,112.33603828810249,172.72368588038358,92.14069593585256,77.41326840440347,58.264443605803926,78.08249841665835,0.0,0.0,0.0,0.0
2026-09-28 06:00:00,EP152026(2),46,2026-10-03 18:00:00,5 days 12:00:00,132,25.7,-168.35,991.9,52.6,32.19833810130643,213.5656021193304,186.1322083240484,146.96437511467093,186.9645107321685,32.19833810130643,0.0,0.0,2.567145714004269,0.0,0.0,0.0,0.0
2026-09-28 06:00:00,EP152026(2),46,2026-10-04 00:00:00,5 days 18:00:00,138,25.62,-169.58,991.3,60.5,28.13702160240023,196.2341061216559,158.61225322268004,119.909141264594,165.77204724506933,37.91463577886561,30.620797475522853,21.276230663629637,30.69338899458166,0.0,0.0,0.0,0.0
2026-09-28 06:00:00,EP152026(2),46,2026-10-04 06:00:00,6 days 00:00:00,144,26.09,-171.1,988.4,61.8,21.75209008456227,182.29297593485225,152.91394788984604,109.31084548973033,151.82595222825807,21.75209008456227,2.157939819638551,0.0,4.534251318897281,0.0,0.0,0.0,0.0
2026-09-28 06:00:00,EP152026(2),46,2026-10-04 12:00:00,6 days 06:00:00,150,26.63,-172.71,994.9,52.2,69.41226979987229,83.12121427798168,79.34203576907149,38.06064843542293,66.09412733127316,69.41226979987229,0.0,0.0,0.5757971334485834,0.0,0.0,0.0,0.0
2026-09-28 06:00:00,EP152026(2),46,2026-10-04 18:00:00,6 days 12:00:00,156,27.32,-174.09,989.8,61.0,58.5233414992097,272.872717456439,227.60952179274324,174.1303074397156,228.02788502974815,59.22732738161849,48.7563629662878,32.888838233663975,46.39172124638591,0.0,0.0,0.0,0.0
2026-09-28 06:00:00,EP152026(2),46,2026-10-05 00:00:00,6 days 18:00:00,162,28.03,-175.16,989.3,61.9,62.90046576655931,169.0848624717416,148.23137615634883,109.36569648303175,140.80795356361153,62.90046576655931,34.668292923472514,20.270545469928457,32.10988293975257,0.0,0.0,0.0,0.0
2026-09-28 06:00:00,EP152026(2),46,2026-10-05 06:00:00,7 days 00:00:00,168,28.85,-176.08,991.2,56.3,29.663136781314197,162.69793830503176,151.0397642536695,102.89443479487925,126.25251479993622,51.44879529802476,46.45116165325523,28.997967288946327,39.08001231262483,0.0,0.0,0.0,0.0
2026-09-28 06:00:00,EP152026(2),46,2026-10-05 12:00:00,7 days 06:00:00,174,28.85,-176.84,983.5,63.7,21.22471684522813,183.0770038358965,139.04329139394923,103.14625308447104,154.91984554595172,91.11894100988512,73.87012252753715,51.57684469533545,74.4799972865799,0.0,0.0,0.0,0.0
2026-09-28 06:00:00,EP152026(2),46,2026-10-05 18:00:00,7 days 12:00:00,180,29.05,-177.39,997.9,49.8,47.2361454968342,233.8658427991731,212.4204706729522,159.50018189496873,200.0811598580314,0.0,0.0,0.0,0.0,0.0,0.0,0.0,0.0
2026-09-28 06:00:00,EP152026(2),46,2026-10-06 00:00:00,7 days 18:00:00,186,29.13,-177.55,1001.5,46.6,64.62948161786615,92.88725472379843,76.63543596324311,58.744372839662375,80.65820255087563,0.0,0.0,0.0,0.0,0.0,0.0,0.0,0.0
2026-09-28 06:00:00,EP152026(2),46,2026-10-06 06:00:00,8 days 00:00:00,192,28.79,-178.09,999.9,45.2,70.3977148483926,125.28927021325372,101.1413527305368,83.81456666118615,111.01570683535677,0.0,0.0,0.0,0.0,0.0,0.0,0.0,0.0
2026-09-28 06:00:00,EP152026(2),46,2026-10-06 12:00:00,8 days 06:00:00,198,28.29,-178.86,1001.0,44.5,38.09167633732699,38.09167633732699,21.248673541245928,22.566652885435747,33.36784580053725,0.0,0.0,0.0,0.0,0.0,0.0,0.0,0.0
2026-09-28 06:00:00,EP152026(2),46,2026-10-06 18:00:00,8 days 12:00:00,204,27.9,-179.77,999.1,37.2,42.99213594651039,10.478575857685357,0.0,3.249415226352781,42.99213594651039,0.0,0.0,0.0,0.0,0.0,0.0,0.0,0.0
2026-09-28 06:00:00,EP152026(2),46,2026-10-07 00:00:00,8 days 18:00:00,210,27.58,179.88,1005.5,33.1,78.19537989355145,0.0,0.0,0.0,0.0,0.0,0.0,0.0,0.0,0.0,0.0,0.0,0.0
2026-09-28 06:00:00,EP152026(2),46,2026-10-07 06:00:00,9 days 00:00:00,216,26.77,178.47,1006.5,29.8,97.4944147753556,0.0,0.0,0.0,0.0,0.0,0.0,0.0,0.0,0.0,0.0,0.0,0.0
2026-09-28 06:00:00,EP152026(2),46,2026-10-07 12:00:00,9 days 06:00:00,222,25.58,176.87,1007.6,28.1,106.65189879274456,0.0,0.0,0.0,0.0,0.0,0.0,0.0,0.0,0.0,0.0,0.0,0.0
2026-09-28 06:00:00,EP152026(2),46,2026-10-07 18:00:00,9 days 12:00:00,228,25.08,175.92,1007.0,25.3,161.5135148713988,0.0,0.0,0.0,0.0,0.0,0.0,0.0,0.0,0.0,0.0,0.0,0.0
2026-09-28 06:00:00,EP152026(2),46,2026-10-08 00:00:00,9 days 18:00:00,234,24.9,175.16,1008.8,24.3,79.7097523785475,0.0,0.0,0.0,0.0,0.0,0.0,0.0,0.0,0.0,0.0,0.0,0.0
2026-09-28 06:00:00,EP152026(2),46,2026-10-08 06:00:00,10 days 00:00:00,240,23.78,173.72,1005.4,21.6,129.42606631903638,0.0,0.0,0.0,0.0,0.0,0.0,0.0,0.0,0.0,0.0,0.0,0.0
2026-09-28 06:00:00,EP152026(2),46,2026-10-08 12:00:00,10 days 06:00:00,246,23.06,172.34,1007.0,19.9,77.10461955376752,0.0,0.0,0.0,0.0,0.0,0.0,0.0,0.0,0.0,0.0,0.0,0.0
2026-09-28 06:00:00,EP152026(2),46,2026-10-08 18:00:00,10 days 12:00:00,252,22.53,170.9,1003.8,21.2,99.2392194970272,0.0,0.0,0.0,0.0,0.0,0.0,0.0,0.0,0.0,0.0,0.0,0.0
2026-09-28 06:00:00,EP172026,46,2026-09-28 06:00:00,0 days 00:00:00,0,23.2,-114.0,955.0,105.0,28.0,167.0,148.0,148.0,148.0,102.0,93.0,83.0,83.0,65.0,65.0,65.0,65.0
2026-09-28 06:00:00,EP172026,46,2026-09-28 12:00:00,0 days 06:00:00,6,23.98,-113.62,969.8,86.3,18.12106499545819,113.80185293368837,132.4150086492535,84.43988931325147,81.58850228580567,32.67152593887353,31.074387859194974,22.152658349139365,23.05630343897081,18.12106499545819,15.90733218907046,12.129567726767494,14.714762143450235
2026-09-28 06:00:00,EP172026,46,2026-09-28 18:00:00,0 days 12:00:00,12,24.49,-113.54,972.3,77.1,38.02183937576237,244.530706877471,242.9725782385448,176.67661039350958,182.9028250541848,125.4160172212612,120.37315993324574,92.98300023737562,100.4127598828054,44.6621392569302,45.18178772883624,36.19523149761307,38.37046173129438
2026-09-28 06:00:00,EP172026,46,2026-09-29 00:00:00,0 days 18:00:00,18,25.23,-112.88,968.8,82.3,19.112052061760764,111.03576917876742,126.3517918001711,71.73879979237915,84.502807336903,52.90536246846386,54.91976670330018,44.71146039721579,41.709176876172464,27.46996156737518,29.11065487985748,23.807796696465964,23.369530938819963
2026-09-28 06:00:00,EP172026,46,2026-09-29 06:00:00,1 days 00:00:00,24,25.56,-112.15,987.1,54.7,34.86287589808423,108.38203234426632,110.55124491136075,74.35753337507211,67.54691191681937,47.07299119769247,43.7476586372108,30.48333372581148,34.176850461506234,0.0,0.0,0.0,0.0
2026-09-28 06:00:00,EP172026,46,2026-09-29 12:00:00,1 days 06:00:00,30,26.29,-111.72,994.5,48.6,10.64130153951396,152.73583590656972,160.6929995422811,121.99574984673929,129.93352837382417,0.0,0.0,0.0,0.0,0.0,0.0,0.0,0.0
2026-09-28 06:00:00,EP172026,46,2026-09-29 18:00:00,1 days 12:00:00,36,27.67,-110.2,987.1,55.1,57.26453895717339,109.48962764737097,98.40454566347412,63.93372019489953,75.63268184173027,57.26453895717339,0.3562149066039008,0.0,0.0,0.0,0.0,0.0,0.0
2026-09-28 06:00:00,EP182026,46,2026-09-28 06:00:00,0 days 00:00:00,0,13.2,-100.0,1001.0,41.0,93.0,222.0,185.0,148.0,222.0,0.0,0.0,0.0,0.0,0.0,0.0,0.0,0.0
2026-09-28 06:00:00,EP182026,46,2026-09-28 12:00:00,0 days 06:00:00,6,13.34,-100.27,982.6,68.7,17.752268167146166,135.62175591198093,127.7515168522748,106.95682749247962,115.38647428241036,17.752268167146166,8.905359045944204,7.166132831664537,10.276819822586798,17.752268167146166,0.0,0.0,0.0
2026-09-28 06:00:00,EP182026,46,2026-09-28 18:00:00,0 days 12:00:00,12,13.49,-101.55,980.3,73.8,34.42755813370171,155.9355272848792,119.50438653842548,108.10765951542018,139.8653944388501,83.57248946062585,69.97083364171667,54.16066807047103,68.6538064916914,34.42755813370171,8.896669203717606,6.5007336266431714,9.701651855991145
2026-09-28 06:00:00,EP182026,46,2026-09-29 00:00:00,0 days 18:00:00,18,14.08,-102.36,993.8,55.4,56.55830189870118,212.7004259491761,195.1412942189056,154.78429903419703,174.55760295388683,56.55830189870118,0.0,0.0,0.0,0.0,0.0,0.0,0.0
2026-09-28 06:00:00,EP182026,46,2026-09-29 06:00:00,1 days 00:00:00,24,14.45,-103.02,996.0,49.3,101.9711496872895,181.23030380295896,158.91085160193512,121.22870947588387,154.3218536611053,0.0,0.0,0.0,0.0,0.0,0.0,0.0,0.0
2026-09-28 06:00:00,EP182026,46,2026-09-29 12:00:00,1 days 06:00:00,30,15.35,-104.22,992.8,53.5,55.720782813253074,227.94913146248584,198.09109498021985,155.65506331767756,181.109343382252,55.720782813253074,50.05531990488152,35.298570733211164,44.11224744083547,0.0,0.0,0.0,0.0
2026-09-28 06:00:00,EP182026,46,2026-09-29 18:00:00,1 days 12:00:00,36,15.7,-104.87,988.1,65.6,35.23734076473674,226.25008070652305,189.1577466191341,141.0870281201969,183.8128107667431,48.56501783834319,40.0944732380935,27.102276115146537,38.61132577585939,0.0,0.0,0.0,35.23734076473674
2026-09-28 06:00:00,EP182026,46,2026-09-30 00:00:00,1 days 18:00:00,42,15.99,-105.62,975.6,73.9,30.892228973899822,208.7433452143148,184.757983232954,138.7093161330701,174.73198887499808,114.12701654470372,99.29379021361343,78.74662429427798,95.35100677276353,59.526512314275394,54.04588493645642,43.29873106414773,51.24547838818425
2026-09-28 06:00:00,EP182026,46,2026-09-30 06:00:00,2 days 00:00:00,48,16.8,-106.25,969.4,85.7,17.542838875783957,215.96619474723565,188.3601889373752,140.8883808507466,171.4462399710159,98.12462816464046,82.25783405760714,60.98937813601795,81.523776168353,31.249852772690808,26.242921915534,21.474126980665623,26.569076092756625
2026-09-28 06:00:00,EP182026,46,2026-09-30 12:00:00,2 days 06:00:00,54,17.29,-106.99,946.6,120.9,16.12218737270471,294.3517734577166,267.71606468495384,194.8199600224063,254.716314788828,161.907877515604,146.98861563072427,119.11994781647572,142.79810159683555,88.96329319265449,81.94946441283815,67.91451993024411,76.93792949908244
2026-09-28 06:00:00,EP182026,46,2026-09-30 18:00:00,2 days 12:00:00,60,17.79,-107.02,922.8,140.5,19.14666837575998,209.6003213130961,158.74855088492745,136.7121174033938,186.6092891229445,103.75295283760728,90.22425995583704,76.62586436467238,95.63879806602644,60.32091409385312,54.62448767876754,46.36827498641119,54.848777118102845
2026-09-28 06:00:00,EP182026,46,2026-10-01 00:00:00,2 days 18:00:00,66,18.47,-107.71,957.2,91.8,0.4495897207736625,151.39949257253073,155.34369291741558,152.5221176611558,140.6395103634363,97.70131736213604,98.76431321067716,89.93436548941446,88.58294599373525,56.67914299600903,57.92423763552742,50.62123131878159,50.75845897446
2026-09-28 06:00:00,EP182026,46,2026-10-01 06:00:00,3 days 00:00:00,72,18.82,-107.69,975.6,81.1,32.32030708051784,165.61552436196777,163.17358837881434,120.03340987767832,135.50870004058743,81.97844363415942,71.5023695420602,52.03308153252904,66.70191006050793,32.32030708051784,27.502325271388575,21.293674341668343,26.163395578200475
2026-09-28 06:00:00,EP182026,46,2026-10-01 12:00:00,3 days 06:00:00,78,18.94,-108.2,966.9,88.5,45.06868347445956,76.3893972631673,83.17593768039698,97.25255323159423,95.15972324380692,66.57327415326904,65.15234188519497,61.7588938267172,63.72084615553816,45.06868347445956,38.29075767981495,33.55928972439192,34.76882841555452
2026-09-28 06:00:00,EP182026,46,2026-10-01 18:00:00,3 days 12:00:00,84,19.33,-107.79,977.4,75.9,44.83733489967278,167.35883676752934,162.92562198107032,127.02193946725112,126.21440612061456,93.28188478582123,90.14209686299684,75.66010450283925,78.68223997813564,46.601443835259296,44.84000858805602,37.332899816573615,40.24845886162464
2026-09-28 06:00:00,EP182026,46,2026-10-02 00:00:00,3 days 18:00:00,90,19.21,-107.64,985.2,66.0,48.09130113790957,170.89640815441567,166.66907393674273,163.2073684686534,156.7712425062748,99.03155670859974,94.00396696854703,78.77932669822405,85.16587013684443,48.09130113790957,26.947347596004704,22.79784346591828,23.892121156764404
2026-09-28 06:00:00,EP182026,46,2026-10-02 06:00:00,4 days 00:00:00,96,19.3,-107.62,984.9,61.4,20.05381202840185,129.11210907779517,112.66098881718963,97.45279803601218,116.76675725029888,72.8489696587607,65.41914892034514,48.83675496782735,60.682220427203205,0.0,0.0,0.0,0.0
2026-09-28 06:00:00,EP182026,46,2026-10-02 12:00:00,4 days 06:00:00,102,19.59,-107.75,974.6,75.8,23.75221013634794,253.25497391857107,216.53186669251093,182.7827709817,201.10390094105708,85.44457940443428,72.8737124121219,55.3821362364407,67.2376036892235,23.75221013634794,2.826228617251867,3.132872596737028,3.441992604625552
2026-09-28 06:00:00,EP182026,46,2026-10-02 18:00:00,4 days 12:00:00,108,19.81,-107.9,980.2,71.7,47.46413914337165,159.35122922514557,138.76536230252765,122.24270856411522,151.52055995034863,88.41178300032743,77.39793524601717,64.05897209190383,78.53485337530873,47.46413914337165,25.45274776847556,20.693246461661445,24.970193151035737
2026-09-28 06:00:00,EP182026,46,2026-10-03 00:00:00,4 days 18:00:00,114,19.8,-107.93,983.7,61.1,28.03022839130645,158.6654813411198,147.04264901829268,122.0559503482162,135.60844690360884,70.0320479517738,66.22853419041539,51.830094660635645,58.32302243263226,0.0,0.0,0.0,0.0
2026-09-28 06:00:00,EP182026,46,2026-10-03 06:00:00,5 days 00:00:00,120,20.16,-107.79,982.6,70.1,19.18522243952215,125.9915570159327,139.73754180441304,101.27424952977712,86.83442264938557,66.04974987721879,63.35951822508223,46.91328743519152,53.84214240851706,19.18522243952215,12.461144075587718,10.23865413112959,10.876431854144156
2026-09-28 06:00:00,EP182026,46,2026-10-03 12:00:00,5 days 06:00:00,126,20.51,-108.24,980.8,74.1,11.997963352281204,184.95358745700756,167.7258490192823,121.65394236980222,149.97771680331977,97.0977057428126,81.67890522312462,58.91097038954968,77.40226537288109,22.519437719280333,18.91474984644829,13.627015355052606,19.71969751291499
2026-09-28 06:00:00,EP182026,46,2026-10-03 18:00:00,5 days 12:00:00,132,20.75,-108.47,978.4,75.2,34.67617033892712,170.47183011567637,136.87199129413403,102.6008446153768,142.4589857506367,67.55688580701593,55.27416231393878,41.89172750993879,56.07576702516002,34.67617033892712,20.337729727286785,16.21841996998809,20.524248420128792
2026-09-28 06:00:00,EP182026,46,2026-10-04 00:00:00,5 days 18:00:00,138,20.95,-108.84,979.6,74.2,28.60796593501716,203.65779490001307,178.5562675558391,130.2475162930611,162.66644901625227,104.40312830942484,90.85952789184384,68.18490852669316,86.41678748494118,34.07149911635511,29.42731641570386,22.100390580235697,28.180403759567653
2026-09-28 06:00:00,EP182026,46,2026-10-04 06:00:00,6 days 00:00:00,144,21.14,-108.99,982.0,72.2,20.848719184008072,187.8965281291372,164.60314938414066,122.51715449753505,153.2332411163349,94.80707467440656,83.37079487674703,59.86383885036844,79.30413402894534,24.21344753533323,21.126161581925796,15.813672191799116,20.62708739202277
2026-09-28 06:00:00,EP182026,46,2026-10-04 12:00:00,6 days 06:00:00,150,21.13,-109.34,982.7,64.7,46.00442706666188,168.42811743833687,138.87315250228497,98.82231208803007,140.1929784282448,75.33886620769698,64.4245256240326,47.15543744869973,60.50818517570464,46.00442706666188,11.615514851214822,8.157249800971659,11.781332332675056
2026-09-28 06:00:00,EP182026,46,2026-10-04 18:00:00,6 days 12:00:00,156,21.4,-109.57,983.5,70.6,22.08565390036557,225.77077801080745,178.22728908916648,127.17618456467297,199.4055963177548,96.59571614019136,79.1057763379209,58.99172924591936,80.78397869585969,24.484020993464995,21.554775995967947,15.436220827018207,21.12012971165924
2026-09-28 06:00:00,EP182026,46,2026-10-05 00:00:00,6 days 18:00:00,162,21.45,-109.96,980.5,76.4,19.828218071693424,150.47224007751,105.20436512817965,91.5886827784999,139.98640374255274,84.97307933875327,67.80573903380032,54.22143128425742,73.14623586859845,31.4820531713149,26.83173036640578,21.286917007527705,27.717781835683034
2026-09-28 06:00:00,EP182026,46,2026-10-05 06:00:00,7 days 00:00:00,168,21.57,-110.45,978.8,68.0,25.182725583434028,158.01618286292322,108.41656425461385,120.63778844548494,168.50024331952258,88.85300465461586,77.34177596286621,65.87836911420513,79.68998900915877,28.909540166969173,25.515302153741608,21.845129735882704,25.323030808608387
2026-09-28 06:00:00,EP182026,46,2026-10-05 12:00:00,7 days 06:00:00,174,21.64,-111.05,972.0,79.6,21.47218317557201,158.55153401507616,139.78734301456294,128.99368795295044,159.71794213807905,71.98398893481887,60.84792427851433,51.83401883000742,66.22808359309087,35.94781865053953,32.66395684841854,26.92710384487544,32.419819386143075
2026-09-28 06:00:00,EP182026,46,2026-10-05 18:00:00,7 days 12:00:00,180,21.77,-112.0,964.7,90.6,33.76409961303752,127.7931844627114,103.97550914523372,91.11826776619108,126.77252862543072,84.59780872125015,75.87498198316237,64.59181385637397,75.58594847407323,47.49273787902118,43.25228417197509,36.0910402162841,41.11768985377114
2026-09-28 06:00:00,EP182026,46,2026-10-06 00:00:00,7 days 18:00:00,186,21.6,-112.58,983.9,66.3,11.995636110299955,115.62506634989072,71.76837710540886,60.0103529947367,104.958978855017,34.94571321130405,25.25293065134064,16.262507017181683,29.563897162615245,11.995636110299955,0.813892907818516,0.0,2.6174444611938728
2026-09-28 06:00:00,EP182026,46,2026-10-06 06:00:00,8 days 00:00:00,192,21.29,-113.24,995.4,53.7,19.082772788999364,87.28851869899796,58.86344319449288,55.98705891372423,83.60863625556902,36.560247347230856,28.18219377965365,20.74367452041885,30.95792271313563,0.0,0.0,0.0,0.0
2026-09-28 06:00:00,EP182026,46,2026-10-06 12:00:00,8 days 06:00:00,198,20.85,-113.65,988.2,57.5,17.72074081039125,113.02914428205564,95.0570337044057,85.53633776744508,107.80988815771134,66.87984669323254,57.47530571097977,45.56475266837953,58.21409558937103,0.0,0.0,0.0,0.0
2026-09-28 06:00:00,EP182026,46,2026-10-06 18:00:00,8 days 12:00:00,204,21.11,-114.35,996.5,44.0,30.07081802460429,104.14306354442294,85.35822531885023,63.53859571462535,91.73237583416466,0.0,0.0,0.0,0.0,0.0,0.0,0.0,0.0
2026-09-28 06:00:00,EP182026,46,2026-10-07 00:00:00,8 days 18:00:00,210,21.3,-115.14,996.0,48.8,18.163927747182683,29.328209009607058,13.77253457351349,9.794343730675202,32.585496346554926,0.0,0.0,0.0,0.0,0.0,0.0,0.0,0.0
2026-09-28 06:00:00,EP182026,46,2026-10-07 06:00:00,9 days 00:00:00,216,20.99,-115.64,999.9,39.2,71.10281876618943,71.10281876618943,37.22949490797469,34.01978639490103,46.14034801650429,0.0,0.0,0.0,0.0,0.0,0.0,0.0,0.0
2026-09-28 06:00:00,EP182026,46,2026-10-07 12:00:00,9 days 06:00:00,222,21.07,-116.51,1004.4,34.8,91.09657916575202,91.09657916575202,25.389734460979085,20.046813248018168,32.24591645491815,0.0,0.0,0.0,0.0,0.0,0.0,0.0,0.0
2026-09-28 06:00:00,EP182026,46,2026-10-07 18:00:00,9 days 12:00:00,228,21.27,-117.66,1003.4,35.4,70.70610808706337,5.87347840484526,0.0,0.0,70.70610808706337,0.0,0.0,0.0,0.0,0.0,0.0,0.0,0.0
2026-09-28 06:00:00,EP182026,46,2026-10-08 00:00:00,9 days 18:00:00,234,21.32,-118.76,1005.2,35.8,40.16252845169532,40.16252845169532,32.133785804361736,23.17896415913154,33.754443617598696,0.0,0.0,0.0,0.0,0.0,0.0,0.0,0.0
2026-09-28 06:00:00,EP182026,46,2026-10-08 06:00:00,10 days 00:00:00,240,21.24,-119.82,1004.1,35.1,57.20909481037455,66.4037314638309,55.17945785998722,39.37743712975046,53.10354233871621,0.0,0.0,0.0,0.0,0.0,0.0,0.0,0.0
2026-09-28 06:00:00,EP182026,46,2026-10-08 12:00:00,10 days 06:00:00,246,21.25,-121.26,997.9,38.4,20.951814648692604,67.98776375872575,50.40594976025157,33.42874990568441,59.70201513904249,0.0,0.0,0.0,0.0,0.0,0.0,0.0,0.0
2026-09-28 06:00:00,EP182026,46,2026-10-08 18:00:00,10 days 12:00:00,252,21.14,-122.45,1005.0,37.4,59.369446078803634,59.369446078803634,29.270177137700447,23.316795689021536,40.37895997983647,0.0,0.0,0.0,0.0,0.0,0.0,0.0,0.0
2026-09-28 06:00:00,EP182026,46,2026-10-09 00:00:00,10 days 18:00:00,258,20.66,-123.67,1001.8,35.4,39.14474794591101,39.14474794591101,17.300229235049436,14.29850823418489,23.172482213137457,0.0,0.0,0.0,0.0,0.0,0.0,0.0,0.0
2026-09-28 06:00:00,EP182026,46,2026-10-09 06:00:00,11 days 00:00:00,264,20.2,-124.46,1007.5,34.3,74.17343375068434,74.17343375068434,34.54690629755773,21.17932971000993,38.57269889454477,0.0,0.0,0.0,0.0,0.0,0.0,0.0,0.0
2026-09-28 06:00:00,EP182026,46,2026-10-09 12:00:00,11 days 06:00:00,270,19.57,-125.49,1005.1,30.4,26.85131512246173,0.0,0.0,0.0,0.0,0.0,0.0,0.0,0.0,0.0,0.0,0.0,0.0
2026-09-28 06:00:00,EP182026,46,2026-10-09 18:00:00,11 days 12:00:00,276,19.16,-126.38,1008.7,27.9,48.54436250706907,0.0,0.0,0.0,0.0,0.0,0.0,0.0,0.0,0.0,0.0,0.0,0.0
2026-09-28 06:00:00,EP182026,46,2026-10-10 00:00:00,11 days 18:00:00,282,18.67,-126.83,1003.4,28.5,33.96800893800021,0.0,0.0,0.0,0.0,0.0,0.0,0.0,0.0,0.0,0.0,0.0,0.0
2026-09-28 06:00:00,EP182026,46,2026-10-10 06:00:00,12 days 00:00:00,288,18.27,-127.5,1004.3,28.7,43.31620483537315,0.0,0.0,0.0,0.0,0.0,0.0,0.0,0.0,0.0,0.0,0.0,0.0
2026-09-28 06:00:00,EP182026,46,2026-10-10 12:00:00,12 days 06:00:00,294,17.79,-128.02,1005.6,26.5,43.69774566097134,0.0,0.0,0.0,0.0,0.0,0.0,0.0,0.0,0.0,0.0,0.0,0.0
2026-09-28 06:00:00,EP182026,46,2026-10-10 18:00:00,12 days 12:00:00,300,16.8,-128.61,1005.1,29.6,75.46497304326117,0.0,0.0,0.0,0.0,0.0,0.0,0.0,0.0,0.0,0.0,0.0,0.0
2026-09-28 06:00:00,EP182026,46,2026-10-11 00:00:00,12 days 18:00:00,306,16.88,-129.15,1002.7,33.0,61.44528217578454,0.0,0.0,0.0,0.0,0.0,0.0,0.0,0.0,0.0,0.0,0.0,0.0
2026-09-28 06:00:00,EP182026,46,2026-10-11 06:00:00,13 days 00:00:00,312,16.16,-129.56,1004.1,28.6,45.142907590242686,0.0,0.0,0.0,0.0,0.0,0.0,0.0,0.0,0.0,0.0,0.0,0.0
2026-09-28 06:00:00,EP182026,46,2026-10-11 12:00:00,13 days 06:00:00,318,15.71,-129.85,1004.3,28.0,87.53110000025342,0.0,0.0,0.0,0.0,0.0,0.0,0.0,0.0,0.0,0.0,0.0,0.0
2026-09-28 06:00:00,EP182026,46,2026-10-11 18:00:00,13 days 12:00:00,324,15.45,-130.26,1005.3,31.1,74.6755088298205,0.0,0.0,0.0,0.0,0.0,0.0,0.0,0.0,0.0,0.0,0.0,0.0
2026-09-28 06:00:00,EP912026(3),46,2026-09-28 06:00:00,0 days 00:00:00,0,12.7,-136.6,1005.0,29.0,93.0,0.0,0.0,0.0,0.0,0.0,0.0,0.0,0.0,0.0,0.0,0.0,0.0
2026-09-28 06:00:00,WP252026,46,2026-09-28 06:00:00,0 days 00:00:00,0,27.5,131.6,954.0,99.0,9.0,148.0,158.0,148.0,121.0,,,,,,,,
2026-09-28 06:00:00,WP252026,46,2026-09-28 12:00:00,0 days 06:00:00,6,27.37,132.28,981.7,62.7,17.2021101144538,120.60126382308778,134.83554722311422,129.8286384626466,106.58295014555762,17.2021101144538,0.0,0.0,0.0,0.0,0.0,0.0,0.0
2026-09-28 06:00:00,WP252026,46,2026-09-28 18:00:00,0 days 12:00:00,12,27.93,133.0,995.7,47.1,80.18360335482737,112.30994305624525,114.04457858695577,83.78760381528633,86.49126103033825,0.0,0.0,0.0,0.0,0.0,0.0,0.0,0.0
2026-09-28 06:00:00,WP252026,46,2026-09-29 00:00:00,0 days 18:00:00,18,28.56,133.77,998.2,47.3,99.44063919141676,86.51210007208104,99.44063919141676,57.679665995320846,62.62642420400914,0.0,0.0,0.0,0.0,0.0,0.0,0.0,0.0
2026-09-28 06:00:00,WP252026,46,2026-09-29 06:00:00,1 days 00:00:00,24,28.98,134.84,991.1,42.1,69.03682712176396,107.63941614273972,108.735586272212,81.97603231519724,82.90466255852652,0.0,0.0,0.0,0.0,0.0,0.0,0.0,0.0
2026-09-28 06:00:00,WP252026,46,2026-09-29 12:00:00,1 days 06:00:00,30,29.78,135.81,995.8,36.9,82.91270923893673,21.745570428053764,82.91270923893673,9.938869894695744,11.516821668708817,0.0,0.0,0.0,0.0,0.0,0.0,0.0,0.0
2026-09-28 06:00:00,WP252026,46,2026-09-29 18:00:00,1 days 12:00:00,36,30.26,136.84,996.1,42.3,55.82161963788002,55.82161963788002,48.51288880886145,25.742049753211937,33.62903610677383,0.0,0.0,0.0,0.0,0.0,0.0,0.0,0.0
2026-09-28 06:00:00,WP252026,46,2026-09-30 00:00:00,1 days 18:00:00,42,30.98,137.87,997.8,35.5,57.484138348945066,28.23965043553692,57.484138348945066,14.921251374967596,20.35493990441671,0.0,0.0,0.0,0.0,0.0,0.0,0.0,0.0
2026-09-28 06:00:00,WP252026,46,2026-09-30 06:00:00,2 days 00:00:00,48,32.51,139.23,1000.1,33.4,79.0287447730154,0.0,0.0,0.0,0.0,0.0,0.0,0.0,0.0,0.0,0.0,0.0,0.0
2026-09-28 06:00:00,WP252026,46,2026-09-30 12:00:00,2 days 06:00:00,54,33.15,140.88,991.9,48.0,100.33858517792169,185.1370634308878,182.54009001466704,137.41230206719217,147.93007338512712,0.0,0.0,0.0,0.0,0.0,0.0,0.0,0.0
2026-09-28 06:00:00,WP252026,46,2026-09-30 18:00:00,2 days 12:00:00,60,34.08,142.8,993.5,49.2,87.41531436635881,118.0836356195516,123.81614388612812,84.2760012440605,103.59415108366493,0.0,0.0,0.0,0.0,0.0,0.0,0.0,0.0
2026-09-28 06:00:00,WP252026,46,2026-10-01 00:00:00,2 days 18:00:00,66,35.29,144.24,984.2,52.2,113.76850170006458,166.0975263452819,182.2318156271489,135.58788733538088,121.28055474698137,0.996844990438932,0.9311261106855948,113.76850170006458,0.0,0.0,0.0,0.0,0.0
2026-09-28 06:00:00,WP252026,46,2026-10-01 06:00:00,3 days 00:00:00,72,36.74,145.82,994.5,40.1,94.40626134105452,61.47242057827194,94.40626134105452,42.56650490815234,42.66536049063023,0.0,0.0,0.0,0.0,0.0,0.0,0.0,0.0
2026-09-28 06:00:00,WP252026,46,2026-10-01 12:00:00,3 days 06:00:00,78,38.52,148.62,998.1,33.3,83.28377636381725,0.0,0.0,0.0,0.0,0.0,0.0,0.0,0.0,0.0,0.0,0.0,0.0
2026-09-28 06:00:00,WP252026,46,2026-10-01 18:00:00,3 days 12:00:00,84,40.65,153.0,998.8,30.8,100.23709918377074,0.0,0.0,0.0,0.0,0.0,0.0,0.0,0.0,0.0,0.0,0.0,0.0
2026-09-28 06:00:00,WP252026,46,2026-10-02 00:00:00,3 days 18:00:00,90,43.0,156.37,993.6,29.0,140.94382910273953,0.0,0.0,0.0,0.0,0.0,0.0,0.0,0.0,0.0,0.0,0.0,0.0
2026-09-28 06:00:00,WP922026(4),46,2026-09-28 06:00:00,0 days 00:00:00,0,16.4,97.6,1001.0,29.0,64.0,0.0,0.0,0.0,0.0,0.0,0.0,0.0,0.0,0.0,0.0,0.0,0.0
2026-09-28 06:00:00,WP922026(4),46,2026-09-28 12:00:00,0 days 06:00:00,6,17.16,97.37,1005.6,18.4,55.59174421278318,0.0,0.0,0.0,0.0,0.0,0.0,0.0,0.0,0.0,0.0,0.0,0.0
2026-09-28 06:00:00,11,47,2026-10-02 12:00:00,4 days 06:00:00,102,24.75,-168.7,989.5,50.2,51.1803559915858,94.1510024510834,83.62731345534631,58.70774284991739,75.2683757333781,0.0,51.1803559915858,0.0,0.0826396604003916,0.0,0.0,0.0,0.0
2026-09-28 06:00:00,11,47,2026-10-02 18:00:00,4 days 12:00:00,108,25.09,-169.26,993.2,48.1,78.54634890343488,209.86501994576088,190.90268989911112,154.95525717318606,180.9741472129688,0.0,0.0,0.0,0.0,0.0,0.0,0.0,0.0
2026-09-28 06:00:00,11,47,2026-10-03 00:00:00,4 days 18:00:00,114,24.98,-170.02,986.4,52.8,32.581992509832965,85.69964110155992,74.69632682669231,65.02640831015012,80.71149666926281,32.581992509832965,0.0,0.0,0.0,0.0,0.0,0.0,0.0
2026-09-28 06:00:00,11,47,2026-10-03 06:00:00,5 days 00:00:00,120,25.35,-171.56,991.4,53.0,35.02949392186072,43.89929796180688,38.81684410136469,31.54850849129069,34.63906308502392,0.0,35.02949392186072,0.0,0.0,0.0,0.0,0.0,0.0
2026-09-28 06:00:00,11,47,2026-10-03 12:00:00,5 days 06:00:00,126,25.2,-172.75,990.8,51.0,108.23994532976894,369.320870716533,283.3885172366536,226.5538819763593,318.78170230235185,108.23994532976894,52.956589961520166,35.94380661124217,55.79223829913141,0.0,0.0,0.0,0.0
2026-09-28 06:00:00,11,47,2026-10-03 18:00:00,5 days 12:00:00,132,24.79,-174.87,989.3,57.6,44.15976810480187,173.0337554225969,147.49322119383356,103.72970241160584,137.93688188732352,44.15976810480187,2.7788929226436383,0.0,5.746517513924908,0.0,0.0,0.0,0.0
2026-09-28 06:00:00,11,47,2026-10-04 00:00:00,5 days 18:00:00,138,24.65,-177.0,988.7,54.6,66.8418484221289,205.3451256304417,183.31638646229368,141.9831129937532,166.84643672636912,66.8418484221289,7.838488116300617,1.949468190145616,12.182007489347006,0.0,0.0,0.0,0.0
2026-09-28 06:00:00,11,47,2026-10-04 06:00:00,6 days 00:00:00,144,24.54,-178.56,988.4,56.8,63.36480983519966,204.3092870068548,166.097998645123,119.68922598084262,176.35343313045516,63.36480983519966,32.63912753939571,19.992926180052866,34.92048887879844,0.0,0.0,0.0,0.0
2026-09-28 06:00:00,11,47,2026-10-04 12:00:00,6 days 06:00:00,150,24.95,-179.91,983.7,60.1,24.83218062778821,109.48371448241512,104.51332708661847,84.64682934335056,92.00989012991764,24.83218062778821,0.0,0.0,2.12018894145835,0.0,0.0,0.0,0.0
2026-09-28 06:00:00,11,47,2026-10-04 18:00:00,6 days 12:00:00,156,25.43,178.76,978.7,66.8,11.242400321637696,216.5217915289572,194.47432344983596,136.04786964441593,184.94116185469176,66.67433495220239,47.80864688873214,27.651971745489863,47.13642074240068,11.242400321637696,0.0,0.0,0.6422279718083599
2026-09-28 06:00:00,11,47,2026-10-05 00:00:00,6 days 18:00:00,162,25.62,177.25,985.2,58.4,0.0,181.7907001798087,146.9258330769179,111.43379482455322,149.78991974538337,39.44301592167666,24.481163852494248,12.37907918079123,30.691704008251065,0.0,0.0,0.0,0.0
2026-09-28 06:00:00,11,47,2026-10-05 06:00:00,7 days 00:00:00,168,25.83,175.48,991.0,52.2,71.32582413304976,211.1490235113315,182.64117716877809,135.47117658658954,174.60189088750303,71.32582413304976,0.0,0.0,1.7720861383782562,0.0,0.0,0.0,0.0
2026-09-28 06:00:00,11,47,2026-10-05 12:00:00,7 days 06:00:00,174,26.35,173.81,988.9,58.4,32.98899850840887,205.05531208751492,171.7367585892268,127.30428441355936,165.32276638020022,32.98899850840887,0.0,0.0,2.7172980484412377,0.0,0.0,0.0,0.0
2026-09-28 06:00:00,11,47,2026-10-05 18:00:00,7 days 12:00:00,180,26.86,172.21,994.2,55.0,61.11601174692197,165.93609723061277,132.3609085466524,91.71461297037284,130.68012017866232,61.11601174692197,17.854919298159047,8.401461922743659,19.85288750729803,0.0,0.0,0.0,0.0
2026-09-28 06:00:00,11,47,2026-10-06 00:00:00,7 days 18:00:00,186,27.58,170.8,999.9,48.4,54.177712709251495,127.14365916777692,102.81845734258332,67.35220871516665,94.76072385442168,0.0,0.0,0.0,0.0,0.0,0.0,0.0,0.0
2026-09-28 06:00:00,11,47,2026-10-06 06:00:00,8 days 00:00:00,192,28.26,169.78,1000.1,34.1,58.42992559004728,58.42992559004728,0.0,0.0,1.4854748183602735,0.0,0.0,0.0,0.0,0.0,0.0,0.0,0.0
2026-09-28 06:00:00,11,47,2026-10-06 12:00:00,8 days 06:00:00,198,29.07,168.93,1000.5,37.2,91.9486158871896,91.9486158871896,3.171044056351008,0.0,4.721087147731064,0.0,0.0,0.0,0.0,0.0,0.0,0.0,0.0
2026-09-28 06:00:00,11,47,2026-10-06 18:00:00,8 days 12:00:00,204,29.65,168.39,1004.6,33.4,119.5114684364092,0.0,0.0,0.0,0.0,0.0,0.0,0.0,0.0,0.0,0.0,0.0,0.0
2026-09-28 06:00:00,11,47,2026-10-07 00:00:00,8 days 18:00:00,210,31.18,168.31,1005.7,32.6,123.16927445761831,0.0,0.0,0.0,0.0,0.0,0.0,0.0,0.0,0.0,0.0,0.0,0.0
2026-09-28 06:00:00,11,47,2026-10-07 06:00:00,9 days 00:00:00,216,32.11,168.36,1002.9,35.6,59.350144422362064,0.0,59.350144422362064,0.3515820484568053,0.0,0.0,0.0,0.0,0.0,0.0,0.0,0.0,0.0
2026-09-28 06:00:00,11,47,2026-10-07 12:00:00,9 days 06:00:00,222,32.71,169.31,1003.8,28.9,98.19419317786732,0.0,0.0,0.0,0.0,0.0,0.0,0.0,0.0,0.0,0.0,0.0,0.0
2026-09-28 06:00:00,11,47,2026-10-07 18:00:00,9 days 12:00:00,228,33.69,170.1,1007.0,26.7,55.96460113155802,0.0,0.0,0.0,0.0,0.0,0.0,0.0,0.0,0.0,0.0,0.0,0.0
2026-09-28 06:00:00,17,47,2026-10-04 12:00:00,6 days 06:00:00,150,14.66,-95.45,1005.8,22.8,100.4635158401612,0.0,0.0,0.0,0.0,0.0,0.0,0.0,0.0,0.0,0.0,0.0,0.0
2026-09-28 06:00:00,17,47,2026-10-04 18:00:00,6 days 12:00:00,156,14.12,-96.31,1003.7,33.3,44.93702362375757,0.0,0.0,0.0,0.0,0.0,0.0,0.0,0.0,0.0,0.0,0.0,0.0
2026-09-28 06:00:00,17,47,2026-10-05 00:00:00,6 days 18:00:00,162,13.94,-96.79,1003.7,36.4,38.22102523919708,0.0,0.0,0.0,38.22102523919708,0.0,0.0,0.0,0.0,0.0,0.0,0.0,0.0
2026-09-28 06:00:00,17,47,2026-10-05 06:00:00,7 days 00:00:00,168,13.21,-97.5,991.6,55.0,98.20388060933963,102.58137893231246,86.79356778341416,53.14665118966869,86.41020512596896,98.20388060933963,13.772834623053535,8.46846680834534,12.380809161363288,0.0,0.0,0.0,0.0
2026-09-28 06:00:00,17,47,2026-10-05 12:00:00,7 days 06:00:00,174,12.66,-98.53,1001.1,41.9,13.19486066720193,10.063252655194557,4.141848171567418,0.0,13.19486066720193,0.0,0.0,0.0,0.0,0.0,0.0,0.0,0.0
2026-09-28 06:00:00,17,47,2026-10-05 18:00:00,7 days 12:00:00,180,11.73,-99.64,999.5,54.2,43.957475209075255,53.89384723934222,42.27184902545356,31.863216396470253,53.57676098361026,43.957475209075255,2.506483529207799,1.2754312597937374,3.108905463499823,0.0,0.0,0.0,0.0
2026-09-28 06:00:00,17,47,2026-10-06 00:00:00,7 days 18:00:00,186,11.32,-100.31,1006.5,27.5,47.4353016830396,0.0,0.0,0.0,0.0,0.0,0.0,0.0,0.0,0.0,0.0,0.0,0.0
2026-09-28 06:00:00,17,47,2026-10-06 06:00:00,8 days 00:00:00,192,10.49,-100.82,1001.9,36.8,30.08374308769786,24.950201526028305,27.474945101698356,22.26879308877741,34.13300190637396,0.0,0.0,0.0,0.0,0.0,0.0,0.0,0.0
2026-09-28 06:00:00,17,47,2026-10-06 12:00:00,8 days 06:00:00,198,9.82,-101.7,1007.0,22.9,79.05736488335201,0.0,0.0,0.0,0.0,0.0,0.0,0.0,0.0,0.0,0.0,0.0,0.0
2026-09-28 06:00:00,17,47,2026-10-06 18:00:00,8 days 12:00:00,204,9.81,-102.07,1005.0,27.5,92.52350384114156,0.0,0.0,0.0,0.0,0.0,0.0,0.0,0.0,0.0,0.0,0.0,0.0
2026-09-28 06:00:00,17,47,2026-10-07 00:00:00,8 days 18:00:00,210,9.64,-103.13,1006.9,32.2,105.18991877793115,0.0,0.0,0.0,0.0,0.0,0.0,0.0,0.0,0.0,0.0,0.0,0.0
2026-09-28 06:00:00,17,47,2026-10-07 06:00:00,9 days 00:00:00,216,9.39,-103.27,1004.6,31.9,56.84701276123285,0.0,0.0,0.0,0.0,0.0,0.0,0.0,0.0,0.0,0.0,0.0,0.0
2026-09-28 06:00:00,17,47,2026-10-07 12:00:00,9 days 06:00:00,222,9.84,-104.67,1003.6,40.4,93.5980655327001,93.5980655327001,23.66171447267316,15.44278135843928,28.72963436081798,0.0,0.0,0.0,0.0,0.0,0.0,0.0,0.0
2026-09-28 06:00:00,17,47,2026-10-07 18:00:00,9 days 12:00:00,228,9.98,-105.41,1005.8,30.7,57.26251928497085,0.0,0.0,0.0,0.0,0.0,0.0,0.0,0.0,0.0,0.0,0.0,0.0
2026-09-28 06:00:00,17,47,2026-10-08 00:00:00,9 days 18:00:00,234,9.95,-106.47,1004.2,35.3,102.6415600360666,102.6415600360666,0.0,0.0,0.0,0.0,0.0,0.0,0.0,0.0,0.0,0.0,0.0
2026-09-28 06:00:00,17,47,2026-10-08 06:00:00,10 days 00:00:00,240,10.46,-107.57,1006.8,40.7,69.06110683097492,76.47964886586612,54.40557785666466,31.962304361617367,58.96502077997283,0.0,0.0,0.0,0.0,0.0,0.0,0.0,0.0
2026-09-28 06:00:00,17,47,2026-10-08 12:00:00,10 days 06:00:00,246,10.59,-108.07,1001.5,39.9,110.19165144731652,172.78052841051385,144.30927194664844,98.7724125317389,135.17059413902876,0.0,0.0,0.0,0.0,0.0,0.0,0.0,0.0
2026-09-28 06:00:00,17,47,2026-10-08 18:00:00,10 days 12:00:00,252,10.78,-108.49,1002.4,40.2,99.83418300886754,175.8069801499447,154.0847313192865,121.1690468440535,150.0954342058872,0.0,0.0,0.0,0.0,0.0,0.0,0.0,0.0
2026-09-28 06:00:00,17,47,2026-10-09 00:00:00,10 days 18:00:00,258,11.11,-109.22,1002.4,34.9,116.2975448661312,116.2975448661312,50.785618588862015,33.66385594129522,51.796245699098826,0.0,0.0,0.0,0.0,0.0,0.0,0.0,0.0
2026-09-28 06:00:00,17,47,2026-10-09 06:00:00,11 days 00:00:00,264,11.42,-109.91,1001.5,40.6,88.90565726633727,121.1022812233552,96.19820209243572,72.21625481126011,97.74017796688824,0.0,0.0,0.0,0.0,0.0,0.0,0.0,0.0
2026-09-28 06:00:00,17,47,2026-10-09 12:00:00,11 days 06:00:00,270,11.88,-110.57,1001.0,43.8,95.82084858600686,159.86096993700306,129.1776126435807,100.82622900295588,139.35244242722672,0.0,0.0,0.0,0.0,0.0,0.0,0.0,0.0
2026-09-28 06:00:00,17,47,2026-10-09 18:00:00,11 days 12:00:00,276,12.13,-110.98,1001.0,39.8,85.82607831025348,135.13292684987243,110.48813584338372,95.15527796096649,119.7674472842493,0.0,0.0,0.0,0.0,0.0,0.0,0.0,0.0
2026-09-28 06:00:00,17,47,2026-10-10 00:00:00,11 days 18:00:00,282,12.79,-111.4,998.9,47.3,51.4855571271568,129.07933351679978,121.30866261106854,83.44316934715951,102.83349966408252,0.0,0.0,0.0,0.0,0.0,0.0,0.0,0.0
2026-09-28 06:00:00,17,47,2026-10-10 06:00:00,12 days 00:00:00,288,13.57,-111.49,998.2,55.3,63.15605289298554,168.7715823116147,173.48605451250236,131.73849404217856,135.0549986906658,63.15605289298554,0.0,0.0,0.0,0.0,0.0,0.0,0.0
2026-09-28 06:00:00,17,47,2026-10-10 12:00:00,12 days 06:00:00,294,14.61,-111.29,987.4,64.0,10.957808681012152,96.71734861248387,88.60668927856591,68.7007272913473,79.5317124253229,53.57173807539337,44.05640657507254,30.037857309491045,40.1499029597116,12.425771098103588,9.248057713605352,7.099345791994978,9.399673569830824
2026-09-28 06:00:00,17,47,2026-10-10 18:00:00,12 days 12:00:00,300,15.42,-110.97,982.5,71.3,49.11298817812546,170.54469715428684,165.25227682513804,105.17999126361588,130.25335336010892,85.31257818955353,76.39880317732661,53.35821935443308,66.19522947271288,49.11298817812546,25.775738617183265,20.268258979499823,22.68362693375144
2026-09-28 06:00:00,17,47,2026-10-11 00:00:00,12 days 18:00:00,306,16.27,-110.39,975.9,74.6,32.8219001148986,214.15258506789007,210.55607980439152,142.982162387929,146.63649752209048,115.071867550018,111.60313685693944,81.98250104470576,91.08862567504728,52.46682016577797,50.46716547587438,41.61913897725079,44.61105882353493
2026-09-28 06:00:00,17,47,2026-10-11 06:00:00,13 days 00:00:00,312,17.29,-109.97,975.7,76.6,24.26256197545233,182.5809059196834,191.51241037887183,122.3519437488284,130.9045965494581,115.96734740504426,110.79232122239289,84.2096313364815,97.11713241193908,60.03417511519139,57.541065035312805,45.93103328837167,50.825289319182936
2026-09-28 06:00:00,17,47,2026-10-11 12:00:00,13 days 06:00:00,318,18.32,-109.4,979.7,76.9,6.538954802226044,183.90584579738788,194.8189251390886,117.52705468734348,133.63054975373143,92.57840624932668,82.96871248296338,55.16013320917841,69.28301407371873,32.9302393648187,30.29179437660514,22.665832757793964,25.824637174021237
2026-09-28 06:00:00,17,47,2026-10-11 18:00:00,13 days 12:00:00,324,19.1,-109.24,974.7,73.7,61.09421665891215,203.83713284077416,193.0712518575241,143.77321968432864,153.28194551161295,0.1837952354701304,61.09421665891215,0.0,0.4526667572562832,0.1837952354701304,61.09421665891215,0.0,0.4526667572562832
2026-09-28 06:00:00,17,47,2026-10-12 00:00:00,13 days 18:00:00,330,19.94,-109.13,974.2,81.8,21.133117030417385,188.8566180465188,184.62233153363772,119.88277554095995,142.46943118006945,80.31652265677492,71.43082112158504,50.53264097418543,62.10507828267269,34.122381987280136,31.34011807477104,24.980754125685092,27.830095702069844
2026-09-28 06:00:00,17,47,2026-10-12 06:00:00,14 days 00:00:00,336,20.53,-109.23,969.2,81.3,20.733749903340623,190.0422006954441,169.6331164465327,110.86263979419172,144.0228192986447,88.25474058577,87.51934673895146,66.98579456767213,76.23371798652376,63.14039549729232,59.49219906334211,49.42958828678226,53.73350807813885
2026-09-28 06:00:00,17,47,2026-10-12 12:00:00,14 days 06:00:00,342,21.21,-109.03,972.3,84.5,7.970471724739269,195.63328256375047,207.89643993946484,138.2201645903191,154.1249262444029,90.714235525614,80.40538453103918,57.05700266912339,70.63153282898206,38.05203308173873,35.46329283708028,27.75234544094804,31.05303914481832
2026-09-28 06:00:00,17,47,2026-10-12 18:00:00,14 days 12:00:00,348,22.13,-109.01,961.4,97.2,13.343528260795438,161.5372113951463,177.43331898106453,115.2835970304808,101.64164665030567,66.37678677932809,60.13502192771216,39.60193780912908,50.2965220756389,23.961858308183537,23.228952499553657,15.417746549896066,18.250608759622537
2026-09-28 06:00:00,17,47,2026-10-13 00:00:00,14 days 18:00:00,354,23.57,-109.12,970.0,81.7,34.75646647709456,226.22943207526836,198.928858765289,113.6946380805117,176.8598802456535,107.84643300052244,84.41829456594583,54.03215684524377,84.49719192997105,41.03555475785137,36.25054403917699,26.339677351641757,32.982718580487344
2026-09-28 06:00:00,17,47,2026-10-13 06:00:00,15 days 00:00:00,360,24.16,-109.51,980.3,68.0,39.146162404180245,214.41020126203432,187.2855667588963,110.32198949430696,152.17095990511714,81.75698474910389,69.84663615582734,44.534387313812765,61.9826558313233,39.146162404180245,23.15969848993388,16.12512024030975,19.64613786760218
2026-09-28 06:00:00,4,47,2026-09-29 06:00:00,1 days 00:00:00,24,15.6,155.32,1003.5,20.1,76.54840137724791,0.0,0.0,0.0,0.0,0.0,0.0,0.0,0.0,0.0,0.0,0.0,0.0
2026-09-28 06:00:00,4,47,2026-09-29 12:00:00,1 days 06:00:00,30,16.08,153.65,1004.6,22.7,125.32305641591236,0.0,0.0,0.0,0.0,0.0,0.0,0.0,0.0,0.0,0.0,0.0,0.0
2026-09-28 06:00:00,4,47,2026-09-29 18:00:00,1 days 12:00:00,36,15.74,152.88,1005.7,20.0,125.9283970115432,0.0,0.0,0.0,0.0,0.0,0.0,0.0,0.0,0.0,0.0,0.0,0.0
2026-09-28 06:00:00,4,47,2026-09-30 00:00:00,1 days 18:00:00,42,15.5,152.63,1002.7,22.6,64.69676862491754,0.0,0.0,0.0,0.0,0.0,0.0,0.0,0.0,0.0,0.0,0.0,0.0
2026-09-28 06:00:00,4,47,2026-09-30 06:00:00,2 days 00:00:00,48,15.59,152.4,1004.6,17.3,110.22796839350808,0.0,0.0,0.0,0.0,0.0,0.0,0.0,0.0,0.0,0.0,0.0,0.0
2026-09-28 06:00:00,4,47,2026-09-30 12:00:00,2 days 06:00:00,54,15.82,151.11,1002.2,26.1,66.15981544824584,0.0,0.0,0.0,0.0,0.0,0.0,0.0,0.0,0.0,0.0,0.0,0.0
2026-09-28 06:00:00,4,47,2026-09-30 18:00:00,2 days 12:00:00,60,16.29,150.29,1003.1,24.2,104.09949468859894,0.0,0.0,0.0,0.0,0.0,0.0,0.0,0.0,0.0,0.0,0.0,0.0
2026-09-28 06:00:00,4,47,2026-10-01 00:00:00,2 days 18:00:00,66,16.13,149.09,1000.9,38.2,132.54379996764283,181.33944723672408,153.17752561829326,113.62839370060183,151.1211924957382,0.0,0.0,0.0,0.0,0.0,0.0,0.0,0.0
2026-09-28 06:00:00,4,47,2026-10-01 06:00:00,3 days 00:00:00,72,16.39,148.48,996.6,36.4,154.76589081809556,266.01182350723866,230.85851403542068,176.2038746436304,225.08169692593145,0.0,0.0,0.0,0.0,0.0,0.0,0.0,0.0
2026-09-28 06:00:00,4,47,2026-10-01 12:00:00,3 days 06:00:00,78,16.58,148.06,996.0,37.9,123.14966749418976,123.14966749418976,107.0759959140945,73.13328817657498,104.4873679422414,0.0,0.0,0.0,0.0,0.0,0.0,0.0,0.0
2026-09-28 06:00:00,4,47,2026-10-01 18:00:00,3 days 12:00:00,84,16.67,147.68,993.0,48.7,116.2272807475897,366.728912782969,358.89598849835966,303.7580559162898,312.70072089316454,0.0,0.0,0.0,0.0,0.0,0.0,0.0,0.0
2026-09-28 06:00:00,4,47,2026-10-02 00:00:00,3 days 18:00:00,90,17.23,147.58,995.5,44.8,103.1120653892931,278.1415046698376,260.2968780944475,207.20230557809464,220.7305681838789,0.0,0.0,0.0,0.0,0.0,0.0,0.0,0.0
2026-09-28 06:00:00,4,47,2026-10-02 06:00:00,4 days 00:00:00,96,17.73,147.83,985.9,56.1,167.48288973817398,585.4029928751843,570.168560722479,457.5763036546341,505.7236316168055,238.52654721905677,227.4838218513487,180.6072236419332,180.2011574491844,0.0,0.0,0.0,0.0
2026-09-28 06:00:00,4,47,2026-10-02 12:00:00,4 days 06:00:00,102,18.89,148.28,978.3,61.8,39.49920560238435,344.11588871057813,329.7748938894573,298.1158257397228,309.01905188847,138.90060239760305,136.39333477119374,109.22480265352355,107.12499940149932,0.0,0.0,0.0,0.0
2026-09-28 06:00:00,4,47,2026-10-02 18:00:00,4 days 12:00:00,108,19.87,148.4,977.2,65.6,58.17555408173257,450.5104163463038,430.16751331455816,355.84853736347213,366.816616581109,156.67947698894022,155.79438046969426,121.22234046058792,118.63403559294328,0.2493824848014867,58.17555408173257,0.020376212770742,0.0
2026-09-28 06:00:00,4,47,2026-10-03 00:00:00,4 days 18:00:00,114,20.84,148.8,956.6,90.4,40.75254489217926,446.8227996716385,432.0706061107424,349.4230812419737,372.56320151117575,238.6517470612789,241.34801853185616,202.06730048639488,199.7803596686496,109.22696431761446,107.09199331745464,90.0866008869641,94.32484715890516
2026-09-28 06:00:00,4,47,2026-10-03 06:00:00,5 days 00:00:00,120,22.19,149.05,963.5,82.6,38.30531828019609,488.9718669269983,492.8438366702951,399.6904825237878,397.3162641404944,266.4381848752407,275.04545587317784,232.15717452072752,224.0437420586117,108.5044479283666,109.17470011513326,91.72863286415304,93.2895941770828
2026-09-28 06:00:00,4,47,2026-10-03 12:00:00,5 days 06:00:00,126,23.37,149.15,963.7,86.1,82.97415140929598,576.1267479639778,574.0963981015516,461.4107581579045,480.70959216505935,323.88836395791407,332.0723418361913,282.5631266133097,282.8412198735708,154.02875735261512,155.80957759586073,131.2750999547048,133.68899021737047
2026-09-28 06:00:00,4,47,2026-10-03 18:00:00,5 days 12:00:00,132,24.41,149.23,959.5,85.8,3.4392130532976357,423.0125012171811,387.5023857192118,317.46486915633614,362.2159103310533,207.35021956001765,205.87529252920285,164.72590526586373,169.78347379315437,64.8961799850722,63.29669748068113,50.14177940501622,54.14850051002031
2026-09-28 06:00:00,4,47,2026-10-04 00:00:00,5 days 18:00:00,138,25.34,149.47,925.6,123.0,56.80741875739105,562.3207049013365,574.7499796937493,477.4507103728931,492.2129809714272,293.3548447758742,298.62746760667096,252.2653988183256,249.81344865825983,127.47634964916853,125.95491681398374,107.6033083197774,109.95438114569733
2026-09-28 06:00:00,4,47,2026-10-04 06:00:00,6 days 00:00:00,144,26.7,149.78,946.9,92.3,91.40971124704475,582.7442218194066,609.2814056373361,472.9396461698477,484.9035947647296,288.6991828619231,298.180924529985,243.2451574228908,237.76024129093975,94.74088507005376,95.7661733209935,80.73773532914635,81.93389856589013
2026-09-28 06:00:00,4,47,2026-10-04 12:00:00,6 days 06:00:00,150,27.72,149.96,943.6,94.1,31.99880833262637,413.7151397095903,407.11222331330015,350.32326684887823,344.3039191616987,131.46546819936626,140.73652223602215,107.3909820918448,107.21170305748876,35.042446598306256,32.78032162833495,27.478363497863583,30.471198344079568
2026-09-28 06:00:00,4,47,2026-10-04 18:00:00,6 days 12:00:00,156,28.36,149.88,935.7,105.4,51.28140825248088,532.3167427404351,535.2773756193205,442.5479626221928,448.56819257966936,224.51386840309232,231.2067241009973,187.25129416210552,184.6638188453848,74.02850338694685,72.24679601594848,60.04401470014348,64.30294111287135
2026-09-28 06:00:00,4,47,2026-10-05 00:00:00,6 days 18:00:00,162,28.83,150.18,949.9,93.9,31.55998329957933,479.039239772206,451.666848647667,382.59935394554736,401.5368352377863,250.21453581107815,256.5045779995684,217.04013106258043,215.55658101253215,110.01526701930804,107.82937043112172,91.4165317463168,94.7771842335116
2026-09-28 06:00:00,4,47,2026-10-05 06:00:00,7 days 00:00:00,168,29.7,150.16,939.3,103.4,54.35158859623576,505.14033519031375,535.2416338018741,432.5579139267078,446.3113532579439,273.4647028428059,280.9769442678215,235.81414950996452,236.83936972549617,124.47050429180445,125.7855215907318,106.20164441951016,107.76772195794436
2026-09-28 06:00:00,4,47,2026-10-05 12:00:00,7 days 06:00:00,174,31.56,151.35,941.0,96.1,36.77934267020616,487.40797516960527,511.9858789848522,410.3714096390033,389.9509769070128,217.5132233004533,225.77219282969637,178.45282797303224,174.89780420836627,60.37219340587368,60.32437583836324,49.07788548430337,53.26831736911922
2026-09-28 06:00:00,4,47,2026-10-05 18:00:00,7 days 12:00:00,180,32.42,151.78,949.8,85.4,54.84218419833062,444.3736582530519,483.435725937656,410.0473993749292,401.4153756419458,282.46541646191406,300.59469487143053,258.18885170450164,246.57548630048697,137.1635093721967,142.0436366540415,120.46909640174135,119.49889312352695
2026-09-28 06:00:00,4,47,2026-10-06 00:00:00,7 days 18:00:00,186,34.27,153.73,947.5,96.0,45.18263501269655,387.7251851165093,424.60528449071046,352.7167756422945,309.99249261083617,68.99976972426211,90.51068095557224,64.44764583448362,53.652096874037966,0.0,45.18263501269655,0.0,0.0
2026-09-28 06:00:00,4,47,2026-10-06 06:00:00,8 days 00:00:00,192,35.23,154.51,957.3,79.8,37.47930323772387,358.61047850948387,414.0020032181688,360.6931717415994,300.1228552671822,148.52005497659684,167.4226454323707,134.2000513881635,116.19868526822064,3.0823586120969164,37.47930323772387,3.882234829122586,1.078232525209167
2026-09-28 06:00:00,4,47,2026-10-06 12:00:00,8 days 06:00:00,198,36.38,156.24,956.5,76.1,70.65434408074373,262.3313524404873,312.2710053433024,266.76057584960654,197.1084542123707,31.51795677638672,70.65434408074373,32.12504579513219,19.435184195521032,0.0,70.65434408074373,0.0,0.0
2026-09-28 06:00:00,4,47,2026-10-06 18:00:00,8 days 12:00:00,204,37.54,157.78,968.2,64.2,65.76928176887941,391.112623623907,443.706064061389,366.4729872174721,316.3379646244466,174.90367474127834,189.76041602797068,150.32941550685246,138.15027965870104,3.1088290175015487,65.76928176887941,3.935932478440684,1.1306218176833909
2026-09-28 06:00:00,4,47,2026-10-07 00:00:00,8 days 18:00:00,210,38.86,160.65,964.4,73.3,85.62038672738015,251.81066305893512,308.8326165463393,238.3594272172745,182.4332080575498,27.29844152947748,85.62038672738015,25.12803886586813,15.891950962621724,0.0,85.62038672738015,0.0,0.0
2026-09-28 06:00:00,4,47,2026-10-07 06:00:00,9 days 00:00:00,216,39.86,163.04,973.9,67.4,74.91316932004884,210.35818128836945,265.99625005104417,206.63352317752836,146.5012730750343,0.0,74.91316932004884,3.0104579707424364,0.0,0.0,74.91316932004884,0.0,0.0
2026-09-28 06:00:00,4,47,2026-10-07 12:00:00,9 days 06:00:00,222,41.23,166.03,973.6,58.9,90.0265488801528,292.9067506937722,306.95318833303327,247.55820601480104,216.8618975445984,10.472409007662776,90.0265488801528,8.05345973588868,4.064079481592266,0.0,0.0,0.0,0.0
2026-09-28 06:00:00,4,47,2026-10-07 18:00:00,9 days 12:00:00,228,42.37,167.94,991.3,40.0,50.47639381650277,29.02725198017839,57.977169774518416,55.02294727061519,1.5006224938304058,0.0,0.0,0.0,0.0,0.0,0.0,0.0,0.0
2026-09-28 06:00:00,4,47,2026-10-08 00:00:00,9 days 18:00:00,234,45.1,170.74,987.2,43.3,81.93926327427803,40.626875547491565,81.93926327427803,40.3070142009861,7.294637545423207,0.0,0.0,0.0,0.0,0.0,0.0,0.0,0.0
2026-09-28 06:00:00,AL062026,47,2026-09-28 06:00:00,0 days 00:00:00,0,28.3,-43.8,1012.0,25.0,56.0,0.0,0.0,0.0,0.0,0.0,0.0,0.0,0.0,0.0,0.0,0.0,0.0
2026-09-28 06:00:00,AL062026,47,2026-09-28 12:00:00,0 days 06:00:00,6,27.83,-44.04,1009.1,32.2,47.6911483663973,0.0,0.0,0.0,0.0,0.0,0.0,0.0,0.0,0.0,0.0,0.0,0.0
2026-09-28 06:00:00,AL062026,47,2026-09-28 18:00:00,0 days 12:00:00,12,27.17,-44.71,1012.7,25.8,64.37567224307168,0.0,0.0,0.0,0.0,0.0,0.0,0.0,0.0,0.0,0.0,0.0,0.0
2026-09-28 06:00:00,AL062026,47,2026-09-29 00:00:00,0 days 18:00:00,18,26.39,-45.45,1010.5,27.5,59.338245171285706,0.0,0.0,0.0,0.0,0.0,0.0,0.0,0.0,0.0,0.0,0.0,0.0
2026-09-28 06:00:00,AL062026,47,2026-09-29 06:00:00,1 days 00:00:00,24,25.67,-46.14,1009.7,27.7,69.47569349492576,0.0,0.0,0.0,0.0,0.0,0.0,0.0,0.0,0.0,0.0,0.0,0.0
2026-09-28 06:00:00,AL062026,47,2026-09-29 12:00:00,1 days 06:00:00,30,24.88,-47.34,1010.6,28.2,90.40890913186536,0.0,0.0,0.0,0.0,0.0,0.0,0.0,0.0,0.0,0.0,0.0,0.0
2026-09-28 06:00:00,AL062026,47,2026-09-29 18:00:00,1 days 12:00:00,36,24.88,-49.09,1009.3,26.4,110.3689521259269,0.0,0.0,0.0,0.0,0.0,0.0,0.0,0.0,0.0,0.0,0.0,0.0
2026-09-28 06:00:00,AL912026(2),47,2026-09-28 06:00:00,0 days 00:00:00,0,36.3,-53.1,1013.0,29.0,148.0,0.0,0.0,0.0,0.0,0.0,0.0,0.0,0.0,0.0,0.0,0.0,0.0
2026-09-28 06:00:00,EP152026(2),47,2026-09-28 06:00:00,0 days 00:00:00,0,16.4,-160.8,929.0,134.0,28.0,241.0,185.0,148.0,204.0,93.0,74.0,74.0,93.0,56.0,46.0,37.0,46.0
2026-09-28 06:00:00,EP152026(2),47,2026-09-28 12:00:00,0 days 06:00:00,6,16.78,-161.8,943.9,126.8,16.97460914327623,164.52276037227833,131.1272412840155,109.61036199214314,143.0007376143797,17.253056440351983,12.377661845360592,9.057988273679175,15.750978380040507,17.253056440351983,12.377661845360592,9.057988273679175,15.750978380040507
2026-09-28 06:00:00,EP152026(2),47,2026-09-28 18:00:00,0 days 12:00:00,12,17.36,-162.95,943.3,124.1,24.92808678889969,238.44824413239303,188.3233106628727,150.26500399798533,213.4013155363264,114.76958007421354,92.2243250676736,66.79032562177076,95.95627565483414,73.13819777459116,60.63398126948391,49.229000783310994,63.801816468134575
2026-09-28 06:00:00,EP152026(2),47,2026-09-29 00:00:00,0 days 18:00:00,18,18.21,-163.61,953.0,115.5,7.122176648254481,201.7067276083469,187.95565188993703,146.97680158753218,152.54215523736008,15.558387982737791,10.8467617113171,0.8983671857099509,10.80500161387603,7.298677865912525,6.328743651241851,0.8983671857099509,4.9950718854796055
2026-09-28 06:00:00,EP152026(2),47,2026-09-29 06:00:00,1 days 00:00:00,24,19.43,-163.98,951.5,104.7,29.221678167796423,232.34933533416967,209.7330084117825,150.18932715920033,191.4885760657802,125.33961085894224,102.64937275074972,75.6439890780745,102.07357501538596,55.97424224104152,48.38332046717412,38.4298762327587,48.31446394653673
2026-09-28 06:00:00,EP152026(2),47,2026-09-29 12:00:00,1 days 06:00:00,30,20.3,-164.23,961.5,88.2,26.84300824539237,214.89682044172213,211.33481926906225,130.5639156194342,151.97630188877295,74.16665334847868,63.03090301468327,38.62111058464585,58.7470376849976,39.70462963467788,35.89940525055519,26.866516449173947,33.95315106073267
2026-09-28 06:00:00,EP152026(2),47,2026-09-29 18:00:00,1 days 12:00:00,36,21.39,-164.19,973.7,86.1,27.447373502804,268.6789802509609,270.62748826928964,183.91090556757672,205.5562656159682,133.88249383976506,114.71398480355369,78.25803645738938,99.46732582618688,38.40097554712756,35.18039129063206,26.135851379659183,32.0367818515105
2026-09-28 06:00:00,EP152026(2),47,2026-09-30 00:00:00,1 days 18:00:00,42,22.45,-164.24,978.0,68.6,47.1452612963418,135.81995772112072,138.51951209019478,102.56908871500087,105.43824657104553,98.58583074254408,87.15489436706036,66.31871112450418,82.53145848233066,51.4993732740825,47.420660071741565,39.74629147469409,45.6964099185422
2026-09-28 06:00:00,EP152026(2),47,2026-09-30 06:00:00,2 days 00:00:00,48,23.23,-164.07,977.5,64.8,21.08924995439468,217.8995086124428,203.5655486964306,151.41546144589873,189.8650448347144,80.4336775654171,64.67779672225618,40.1959658686931,58.08480191978458,21.08924995439468,0.0,0.0,0.2226864182554115
2026-09-28 06:00:00,EP152026(2),47,2026-09-30 12:00:00,2 days 06:00:00,54,23.31,-164.27,984.5,69.2,27.539166115574645,251.5540886228644,213.52556169760345,164.3037139744925,217.33050078139692,92.6228288758632,76.8769410096522,55.14331294092516,70.66021263500771,27.539166115574645,7.567829848141562,3.7118920653786174,6.793368205837876
2026-09-28 06:00:00,EP152026(2),47,2026-09-30 18:00:00,2 days 12:00:00,60,23.32,-164.91,994.6,43.9,156.43891203869129,230.82572466920607,201.0995729469762,176.18807563481596,201.6156151635108,0.0,0.0,0.0,0.0,0.0,0.0,0.0,0.0
2026-09-28 06:00:00,EP152026(2),47,2026-10-01 00:00:00,2 days 18:00:00,66,23.16,-165.73,995.3,44.1,139.42222144428484,269.283633242454,216.6453870331088,179.60123439747036,234.4550442341377,0.0,0.0,0.0,0.0,0.0,0.0,0.0,0.0
2026-09-28 06:00:00,EP152026(2),47,2026-10-01 06:00:00,3 days 00:00:00,72,23.59,-166.69,990.0,47.1,182.0683668078512,366.8842810922421,326.643351610952,250.46427923192283,303.8954071293777,0.0,0.0,0.0,0.0,0.0,0.0,0.0,0.0
2026-09-28 06:00:00,EP152026(2),47,2026-10-01 12:00:00,3 days 06:00:00,78,23.61,-167.58,996.4,40.6,86.89145603726149,86.89145603726149,62.836353311708535,32.561896039320544,47.30835275655533,0.0,0.0,0.0,0.0,0.0,0.0,0.0,0.0
2026-09-28 06:00:00,EP152026(2),47,2026-10-01 18:00:00,3 days 12:00:00,84,23.7,-168.0,992.3,39.4,71.91856550462614,7.830620939974601,0.0,3.8485281655807313,71.91856550462614,0.0,0.0,0.0,0.0,0.0,0.0,0.0,0.0
2026-09-28 06:00:00,EP152026(2),47,2026-10-02 00:00:00,3 days 18:00:00,90,24.2,-168.29,990.3,44.4,80.21894323290306,83.58213511522615,67.2978152416572,42.15619430941501,50.79399705580354,0.0,0.0,0.0,0.0,0.0,0.0,0.0,0.0
2026-09-28 06:00:00,EP172026,47,2026-09-28 06:00:00,0 days 00:00:00,0,23.2,-114.0,955.0,105.0,28.0,167.0,148.0,148.0,148.0,102.0,93.0,83.0,83.0,65.0,65.0,65.0,65.0
2026-09-28 06:00:00,EP172026,47,2026-09-28 12:00:00,0 days 06:00:00,6,24.14,-113.87,966.8,87.2,7.797589396969499,130.1931747946552,155.03873221182266,104.34501779250638,90.14073175221483,48.13230653488455,42.92347149597356,23.555236432679152,34.02648200188287,7.797589396969499,4.914971637662838,1.321503584989447,4.70782410953526
2026-09-28 06:00:00,EP172026,47,2026-09-28 18:00:00,0 days 12:00:00,12,24.86,-113.82,977.7,74.4,8.355022207235976,171.84675524658786,202.62149139810447,146.00600248259002,136.3782806132816,70.96597749339969,65.27852266735229,39.158811690242175,51.68836375565565,18.37845771884421,16.367755058747225,10.57256059539166,12.500386241837791
2026-09-28 06:00:00,EP172026,47,2026-09-29 00:00:00,0 days 18:00:00,18,25.46,-113.42,970.4,78.4,0.0,168.28794109108293,177.9022510472705,127.46370356572116,133.34450490991875,86.82546640023571,81.89066554800627,59.99738303240676,71.00097598523428,40.41642584088536,37.57145976315563,31.609369441187923,32.84405748200972
2026-09-28 06:00:00,EP172026,47,2026-09-29 06:00:00,1 days 00:00:00,24,25.83,-113.03,989.6,60.5,16.803918224775316,48.76398577109546,86.41576529566817,72.51552978784446,49.42303638934288,25.355848507637237,25.42924223316919,18.301797396405675,19.160711578485063,0.0,0.0,0.0,0.0
2026-09-28 06:00:00,EP172026,47,2026-09-29 12:00:00,1 days 06:00:00,30,27.11,-111.8,987.9,53.5,67.88750516392996,121.49743092528374,135.5587588217349,81.63055080579932,95.2648360222334,67.88750516392996,0.0,0.0,0.0,0.0,0.0,0.0,0.0
2026-09-28 06:00:00,EP172026,47,2026-09-29 18:00:00,1 days 12:00:00,36,29.47,-110.38,994.0,30.0,118.18141407573148,0.0,0.0,0.0,0.0,0.0,0.0,0.0,0.0,0.0,0.0,0.0,0.0
2026-09-28 06:00:00,EP182026,47,2026-09-28 06:00:00,0 days 00:00:00,0,13.2,-100.0,1001.0,41.0,93.0,222.0,185.0,148.0,222.0,0.0,0.0,0.0,0.0,0.0,0.0,0.0,0.0
2026-09-28 06:00:00,EP182026,47,2026-09-28 12:00:00,0 days 06:00:00,6,13.4,-100.64,997.4,49.5,42.89811435616245,136.18187646312825,134.8518551150896,94.92549895664035,110.72932301405685,0.0,0.0,0.0,0.0,0.0,0.0,0.0,0.0
2026-09-28 06:00:00,EP182026,47,2026-09-28 18:00:00,0 days 12:00:00,12,14.04,-101.51,991.4,54.9,36.89105729503042,185.12370649273043,139.8683778025199,113.371693254234,158.7654385675924,41.956958135213895,27.855252127843684,18.67876570556525,29.428458824575777,0.0,0.0,0.0,0.0
2026-09-28 06:00:00,EP182026,47,2026-09-29 00:00:00,0 days 18:00:00,18,14.29,-102.68,983.5,75.7,14.335559240603189,276.3971739061164,245.73967202219947,211.2552286657977,252.3861431839237,86.03888751376186,69.67849597386787,54.73951285243814,63.32093700892932,0.934502479570853,0.0,0.0,14.335559240603189
2026-09-28 06:00:00,EP182026,47,2026-09-29 06:00:00,1 days 00:00:00,24,14.83,-103.65,989.1,63.5,40.0315864890614,127.30157301245237,113.16830692142942,93.05609209736876,109.06131065256602,40.0315864890614,9.325758141649224,5.713958710420462,10.922294384559244,0.0,0.0,0.0,0.0
2026-09-28 06:00:00,EP182026,47,2026-09-29 12:00:00,1 days 06:00:00,30,15.31,-104.47,985.8,70.5,32.6977833050897,109.4493199183858,102.46593507937678,85.53817158703055,97.9878695475782,33.88312000242762,26.90100706586469,15.86159057436429,27.266314446460665,32.6977833050897,0.0,0.0,0.4225015817520607
2026-09-28 06:00:00,EP182026,47,2026-09-29 18:00:00,1 days 12:00:00,36,16.01,-105.56,971.3,83.7,34.098819018595385,226.8016825927017,182.3028213328685,129.53611079874736,189.3979486899696,101.82462328932786,81.39322781219883,58.885160853453016,76.53334407950467,34.098819018595385,8.136789121531095,5.770490864610445,10.132723791479076
2026-09-28 06:00:00,EP182026,47,2026-09-30 00:00:00,1 days 18:00:00,42,16.69,-106.27,954.7,102.4,7.6339979253326895,227.0983755016778,222.75388087904668,157.21835558053215,168.70444309558837,109.66144030929225,96.64271303088556,72.87532453569685,93.63991270198396,64.6885574990308,59.84427739372264,47.55849239850049,54.75324160093816
2026-09-28 06:00:00,EP182026,47,2026-09-30 06:00:00,2 days 00:00:00,48,17.21,-106.44,963.3,97.4,21.94565483378375,127.19840065610153,136.44484886154686,100.06364535586138,98.92274963811064,56.02043432281253,49.3265051496451,33.217951820993605,44.91961983663972,28.63336480103013,25.594385674963974,19.716220776526438,24.08638013450056
2026-09-28 06:00:00,EP182026,47,2026-09-30 12:00:00,2 days 06:00:00,54,17.88,-107.22,966.7,94.7,42.686425130078185,191.654494485652,165.647449215097,107.2338396475796,147.99757742395684,93.56866186719208,70.7305764611179,46.45731777871261,73.45902536990754,50.13185409209084,41.77797831438162,32.192366611927866,42.81588307610806
2026-09-28 06:00:00,EP182026,47,2026-09-30 18:00:00,2 days 12:00:00,60,18.2,-107.67,928.1,143.2,1.1085910520215378,192.9971499025032,172.285457093925,158.22318537986155,180.4912193828331,77.72359952030581,63.66315283001987,46.609371207691765,66.99785781562571,50.80500637910886,43.96827074859036,33.81819525868423,43.1693059713877
2026-09-28 06:00:00,EP182026,47,2026-10-01 00:00:00,2 days 18:00:00,66,18.57,-108.22,940.9,116.5,39.70977952407491,187.25816511981597,179.89590527441356,147.74856859721393,165.73069214059325,94.61156799160028,86.8425468949696,67.1064462895024,83.3602009592787,64.49609644256594,58.039598758861615,48.49264840117995,55.58835144083274
2026-09-28 06:00:00,EP182026,47,2026-10-01 06:00:00,3 days 00:00:00,72,18.87,-108.48,954.6,93.3,41.34432160395771,238.8443365920585,200.9626622956616,172.62469964435456,221.2542926863191,118.6149060343154,103.6617655719962,85.42523262765742,112.7701929273766,87.24470475632948,80.96865075596894,66.33011291811107,77.86440443860336
2026-09-28 06:00:00,EP182026,47,2026-10-01 12:00:00,3 days 06:00:00,78,18.92,-108.74,974.1,83.0,0.0,93.81950879585185,102.99006749298974,118.18481972227448,88.2666594979753,42.97515310455387,36.036195991030326,32.455741655769,39.40589371391087,35.904444459440896,31.53282766603249,26.546016282133976,30.955846951107983
2026-09-28 06:00:00,EP182026,47,2026-10-01 18:00:00,3 days 12:00:00,84,18.81,-109.23,950.6,109.9,19.459588327956418,130.73009496070216,115.25255261490358,127.96517089525702,131.02287709480447,57.46573509432465,46.30531267504581,40.5569952995816,47.18823378644888,25.92870490102877,21.74235247395658,18.947335926696177,24.489027353508707
2026-09-28 06:00:00,EP182026,47,2026-10-02 00:00:00,3 days 18:00:00,90,19.54,-109.32,983.0,64.2,50.44284049153757,98.06760661108214,97.90144050938282,76.9014727867305,85.41975116996286,50.44284049153757,22.906760940933317,14.939375810058612,20.54981849960712,50.44284049153757,0.0,0.0,0.1922303307807426
2026-09-28 06:00:00,EP182026,47,2026-10-02 06:00:00,4 days 00:00:00,96,19.81,-109.2,991.3,49.4,64.07719455192796,214.35299118776425,192.73714412091957,157.64929438119736,198.6474193724589,0.0,0.0,0.0,0.0,0.0,0.0,0.0,0.0
2026-09-28 06:00:00,EP182026,47,2026-10-02 12:00:00,4 days 06:00:00,102,19.62,-109.34,986.9,55.7,36.28855645432077,203.0873714908521,180.7620994267054,148.75298282440053,185.54179195979123,79.34325593775156,68.71120139524692,51.589885831635456,60.96044258327902,0.0,0.0,0.0,0.0
2026-09-28 06:00:00,EP182026,47,2026-10-02 18:00:00,4 days 12:00:00,108,19.64,-109.48,987.9,56.0,49.67096903688423,133.6229550458367,129.64486692761687,102.87733083216564,119.17342849729197,49.67096903688423,4.692841923614264,0.8418703074719609,4.310238538329381,0.0,0.0,0.0,0.0
2026-09-28 06:00:00,EP182026,47,2026-10-03 00:00:00,4 days 18:00:00,114,19.42,-109.54,982.5,61.7,34.299702930053925,133.96017791963027,130.1879382537631,111.05490948578108,118.509894865007,48.15690357406461,41.44815337250371,29.16206605260833,37.18086387077194,0.0,0.0,0.0,0.0
2026-09-28 06:00:00,EP182026,47,2026-10-03 06:00:00,5 days 00:00:00,120,19.47,-109.71,980.8,64.2,15.483379389858785,194.4588664914627,177.22204333859236,152.22718938241906,174.02630221934578,100.44218451118422,92.1977018384996,75.85344562665955,87.29569053258024,43.1211318921703,40.19564182200008,33.34777830430335,36.83849926675646
2026-09-28 06:00:00,EP182026,47,2026-10-03 12:00:00,5 days 06:00:00,126,19.9,-109.82,979.5,72.8,37.920174826402686,212.2338474467773,184.3290615342792,139.04000147385926,187.6118211240387,103.56406951551568,89.88004952643324,71.7178881535315,89.25366489840874,42.11481218607895,38.60410176922871,31.178377502850378,35.75996679480249
2026-09-28 06:00:00,EP182026,47,2026-10-03 18:00:00,5 days 12:00:00,132,19.58,-110.18,979.4,73.4,6.313312252988339,152.74908567036164,121.64309161844676,106.22248666874157,145.62846164308576,56.31396632532403,42.116830262453504,28.3101735130291,46.12354275949201,6.313312252988339,0.4253847330818203,0.0,2.5783724788242
2026-09-28 06:00:00,EP182026,47,2026-10-04 00:00:00,5 days 18:00:00,138,19.7,-110.5,967.4,86.5,7.70375201918042,153.23694410635656,164.17479072736174,146.03128296242957,148.13072892022774,55.21954959126373,46.963094066803606,35.62745122061904,44.60929397824509,13.231931997597764,11.674903601870064,8.999682745164804,10.50320846069576
2026-09-28 06:00:00,EP182026,47,2026-10-04 06:00:00,6 days 00:00:00,144,19.86,-110.81,966.1,84.4,21.19024438606012,168.55983141647036,137.08685319617825,111.94229546433266,169.0179534139903,65.3530908826279,50.87788345751749,39.05206286907782,60.12432799645988,55.15526322367996,47.56067135888391,39.05206286907782,48.268343084941264
2026-09-28 06:00:00,EP182026,47,2026-10-04 12:00:00,6 days 06:00:00,150,20.18,-111.03,966.0,85.6,16.915410584893834,164.92772912952933,162.22440800553886,130.16448652194958,154.18946187048277,94.07115089979196,76.13863386778394,60.35553479717783,81.91836455165321,48.74280553141216,42.1902334287297,33.96464504638425,40.61754942611515
2026-09-28 06:00:00,EP182026,47,2026-10-04 18:00:00,6 days 12:00:00,156,20.17,-111.7,956.8,103.1,9.84384222199758,137.8926947093428,121.4894403098262,115.33883546065246,127.36682884320068,68.06192370286199,53.40706005213876,41.05110938016452,60.66701145314381,32.33312870778002,26.474191941578063,20.30282283143339,26.61912234198383
2026-09-28 06:00:00,EP182026,47,2026-10-05 00:00:00,6 days 18:00:00,162,20.63,-112.56,964.1,98.2,17.27509950865253,171.96524502671198,132.4296957522055,93.30865690205265,152.46182708818355,74.89892103223634,51.16296699356978,39.65975022145603,67.48810794654808,46.1864496595762,39.01518523154984,32.084043154816584,40.46489502890171
2026-09-28 06:00:00,EP182026,47,2026-10-05 06:00:00,7 days 00:00:00,168,20.58,-113.35,970.7,82.5,15.793792062176362,131.52938318331235,122.71283048522368,106.9823615904452,129.07324717240516,41.31302718023365,26.01601571314573,15.857470975309475,33.53375809129097,15.793792062176362,0.0,0.0,0.6014212402248529
2026-09-28 06:00:00,EP182026,47,2026-10-05 12:00:00,7 days 06:00:00,174,20.54,-114.37,971.3,81.1,15.692011741620334,158.8460148645519,110.58202269092772,102.23737202850316,152.83392858197158,98.26059185925104,71.70928833978388,52.390531768660416,85.18498791700273,38.44239793518608,29.228239526924327,23.579780219095127,32.55588574631925
2026-09-28 06:00:00,EP182026,47,2026-10-05 18:00:00,7 days 12:00:00,180,20.42,-115.25,967.0,98.7,25.97443289794221,164.22494622230903,121.42462009334758,114.19441640218412,169.21471383342532,89.23840785723425,66.77269431226185,53.86618568362654,84.72027082993127,53.78815954976709,44.31199991721983,37.57460604293912,46.30561546234927
2026-09-28 06:00:00,EP182026,47,2026-10-06 00:00:00,7 days 18:00:00,186,20.54,-115.93,960.1,101.1,38.45876862403955,184.53059542441667,153.622606058271,124.45104163313688,167.4530979976712,90.11583153299142,64.70036275263669,48.60057755046984,80.695186410405,60.67900838995753,50.58750663735944,40.346321511767954,51.20994633904925
2026-09-28 06:00:00,EP182026,47,2026-10-06 06:00:00,8 days 00:00:00,192,20.81,-117.1,971.9,86.8,33.715445964524406,160.0099600320741,116.93875952358768,109.4128243101975,146.84284103029722,72.21137270616651,51.26090220864762,39.03551564064927,64.59895402900622,33.93638376281939,26.63699030021785,22.115424220728254,30.716943916072463
2026-09-28 06:00:00,EP182026,47,2026-10-06 12:00:00,8 days 06:00:00,198,21.25,-118.03,973.2,81.6,31.838452223420937,108.18779741690491,114.14927738717712,81.43008245105055,85.25026634333636,31.838452223420937,14.373934992544031,4.8554295807572885,24.63901783536556,31.838452223420937,0.0,0.0,1.2629915534941047
2026-09-28 06:00:00,EP182026,47,2026-10-06 18:00:00,8 days 12:00:00,204,21.79,-118.82,961.1,99.7,26.776174607966773,151.56127170314392,117.32302319311734,96.87372930317174,146.24296981372123,73.89235475384984,52.57302831079754,37.8149870557111,61.91682783301461,37.242865848861015,28.71904217552308,23.844764058495613,33.20847411362261
2026-09-28 06:00:00,EP182026,47,2026-10-07 00:00:00,8 days 18:00:00,210,22.34,-119.6,964.0,93.5,44.24296548313618,187.76619529741143,140.7389523463184,110.33247181105878,162.56800491781718,74.10380372404526,54.22770401028109,40.90195986576151,65.71580433395488,58.51147192307997,48.86224562778798,40.90195986576151,51.173403058311976
2026-09-28 06:00:00,EP182026,47,2026-10-07 06:00:00,9 days 00:00:00,216,23.07,-120.64,969.7,89.7,3.336369689320854,158.51968702602937,119.4864091731984,88.52496678140787,128.10687849903576,66.61198099748512,52.60907923738648,35.106497150510265,55.32670548453031,26.115858091235303,20.76031153252401,14.453382046752193,22.416117106717092
2026-09-28 06:00:00,EP182026,47,2026-10-07 12:00:00,9 days 06:00:00,222,23.9,-121.35,980.0,80.9,36.97460688613984,216.82712517203777,187.6497911518645,134.0644640719993,189.6464457811701,119.25445569537402,93.06584545949278,68.01036322514375,98.48970885140204,74.05047672209744,64.47992514546004,52.75009813063063,63.3577051053943
2026-09-28 06:00:00,EP182026,47,2026-10-07 18:00:00,9 days 12:00:00,228,24.75,-122.17,984.7,61.3,2.843487598046522,135.84480112214868,112.87352015696422,85.5564732293202,108.05975456910475,57.78054988074945,45.05207210280153,25.754185963634825,43.4836280061372,0.0,0.0,0.0,0.0
2026-09-28 06:00:00,EP182026,47,2026-10-08 00:00:00,9 days 18:00:00,234,26.13,-123.23,993.9,52.0,45.97926156346373,102.08458544405784,97.95091130716196,67.3732223456398,81.35504505523008,45.97926156346373,10.057529652775749,2.5702662752283016,10.156532077216108,0.0,0.0,0.0,0.0
2026-09-28 06:00:00,EP182026,47,2026-10-08 06:00:00,10 days 00:00:00,240,26.91,-123.81,1000.2,38.9,26.536235865959316,26.536235865959316,20.650512976493477,0.0,9.821640662213774,0.0,0.0,0.0,0.0,0.0,0.0,0.0,0.0
2026-09-28 06:00:00,EP182026,47,2026-10-08 12:00:00,10 days 06:00:00,246,28.48,-124.98,1004.3,32.3,113.76606090793491,0.0,0.0,0.0,0.0,0.0,0.0,0.0,0.0,0.0,0.0,0.0,0.0
2026-09-28 06:00:00,EP182026,47,2026-10-08 18:00:00,10 days 12:00:00,252,29.33,-126.28,1005.9,28.5,111.5205134888034,0.0,0.0,0.0,0.0,0.0,0.0,0.0,0.0,0.0,0.0,0.0,0.0
2026-09-28 06:00:00,EP182026,47,2026-10-09 00:00:00,10 days 18:00:00,258,30.21,-127.08,1001.9,22.3,106.90079902430556,0.0,0.0,0.0,0.0,0.0,0.0,0.0,0.0,0.0,0.0,0.0,0.0
2026-09-28 06:00:00,EP182026,47,2026-10-09 06:00:00,11 days 00:00:00,264,30.93,-127.65,1004.7,27.8,103.32160240926348,0.0,0.0,0.0,0.0,0.0,0.0,0.0,0.0,0.0,0.0,0.0,0.0
2026-09-28 06:00:00,EP182026,47,2026-10-09 12:00:00,11 days 06:00:00,270,30.95,-128.96,1007.5,24.1,141.88686407365668,0.0,0.0,0.0,0.0,0.0,0.0,0.0,0.0,0.0,0.0,0.0,0.0
2026-09-28 06:00:00,EP912026(3),47,2026-09-28 06:00:00,0 days 00:00:00,0,12.7,-136.6,1005.0,29.0,93.0,0.0,0.0,0.0,0.0,0.0,0.0,0.0,0.0,0.0,0.0,0.0,0.0
2026-09-28 06:00:00,EP912026(3),47,2026-09-28 12:00:00,0 days 06:00:00,6,14.03,-136.21,1004.4,34.6,55.42218478233709,55.42218478233709,0.0,0.0,0.0,0.0,0.0,0.0,0.0,0.0,0.0,0.0,0.0
2026-09-28 06:00:00,WP252026,47,2026-09-28 06:00:00,0 days 00:00:00,0,27.5,131.6,954.0,99.0,9.0,148.0,158.0,148.0,121.0,,,,,,,,
2026-09-28 06:00:00,WP252026,47,2026-09-28 12:00:00,0 days 06:00:00,6,27.45,132.27,980.5,68.7,0.711855070763022,134.55281710845483,146.1725462715442,109.02036853257296,94.18381913907837,28.282587900631604,25.683319872706832,13.894734926559046,18.04551055629989,0.711855070763022,0.0,0.0,0.0
2026-09-28 06:00:00,WP252026,47,2026-09-28 18:00:00,0 days 12:00:00,12,28.0,133.0,992.9,56.6,29.72224737088518,83.49091014138048,114.54486815491867,90.2886529974636,51.09212780094978,0.0,29.72224737088518,0.2185919414869932,0.0,0.0,0.0,0.0,0.0
2026-09-28 06:00:00,WP252026,47,2026-09-29 00:00:00,0 days 18:00:00,18,28.46,133.74,997.8,44.1,46.07064542520493,52.10146343527862,67.27822480713115,45.063312062143325,35.216160242371075,0.0,0.0,0.0,0.0,0.0,0.0,0.0,0.0
2026-09-28 06:00:00,WP252026,47,2026-09-29 06:00:00,1 days 00:00:00,24,29.06,134.58,997.2,40.8,51.60000854668336,166.3720324931689,197.6231107574804,159.71583012088445,146.96852454141649,0.0,0.0,0.0,0.0,0.0,0.0,0.0,0.0
2026-09-28 06:00:00,WP252026,47,2026-09-29 12:00:00,1 days 06:00:00,30,29.52,135.73,1000.0,32.9,103.2873333402697,0.0,0.0,0.0,0.0,0.0,0.0,0.0,0.0,0.0,0.0,0.0,0.0
2026-09-28 06:00:00,WP252026,47,2026-09-29 18:00:00,1 days 12:00:00,36,30.22,136.23,995.7,38.6,145.5447190398595,83.32242860341103,145.5447190398595,71.1174725229555,76.03590080198524,0.0,0.0,0.0,0.0,0.0,0.0,0.0,0.0
2026-09-28 06:00:00,WP252026,47,2026-09-30 00:00:00,1 days 18:00:00,42,30.71,137.63,999.0,34.4,40.19850382888004,0.0,40.19850382888004,0.0,0.0,0.0,0.0,0.0,0.0,0.0,0.0,0.0,0.0
2026-09-28 06:00:00,WP252026,47,2026-09-30 06:00:00,2 days 00:00:00,48,31.55,138.51,991.7,46.5,54.96646666244707,199.85016253406656,217.57766927593448,173.84731665892704,154.1389819906379,0.0,0.0,0.0,0.0,0.0,0.0,0.0,0.0
2026-09-28 06:00:00,WP252026,47,2026-09-30 12:00:00,2 days 06:00:00,54,32.42,139.93,990.9,52.3,53.21858039035892,236.43144064114773,232.4058874702452,184.42483192638724,176.42702561565386,53.21858039035892,0.9823948907729444,0.0,0.0,0.0,0.0,0.0,0.0
2026-09-28 06:00:00,WP252026,47,2026-09-30 18:00:00,2 days 12:00:00,60,33.05,140.87,987.7,44.7,94.84085639108122,209.03375004472971,217.5930350329584,169.52560353363504,158.73153761791912,0.0,0.0,0.0,0.0,0.0,0.0,0.0,0.0
2026-09-28 06:00:00,WP252026,47,2026-10-01 00:00:00,2 days 18:00:00,66,33.83,142.23,990.8,50.9,62.60057069794512,124.91563276523718,154.26329474838715,107.43266227500445,98.10477900621927,0.0,62.60057069794512,0.8910339122547182,0.0,0.0,0.0,0.0,0.0
2026-09-28 06:00:00,WP252026,47,2026-10-01 06:00:00,3 days 00:00:00,72,34.89,144.07,993.7,45.0,98.54135453040033,186.3901192768066,211.622797917811,152.6855338872988,141.78351672960633,0.0,0.0,0.0,0.0,0.0,0.0,0.0,0.0
2026-09-28 06:00:00,WP252026,47,2026-10-01 12:00:00,3 days 06:00:00,78,35.66,146.14,995.6,39.7,29.97476328128364,0.0,29.97476328128364,0.0,0.0,0.0,0.0,0.0,0.0,0.0,0.0,0.0,0.0
2026-09-28 06:00:00,WP252026,47,2026-10-01 18:00:00,3 days 12:00:00,84,36.66,148.18,997.6,38.0,39.55471754429284,0.0,39.55471754429284,0.0,0.0,0.0,0.0,0.0,0.0,0.0,0.0,0.0,0.0
2026-09-28 06:00:00,WP252026,47,2026-10-02 00:00:00,3 days 18:00:00,90,38.37,152.71,995.1,35.5,49.69543444897722,0.4926703750193297,49.69543444897722,0.0,0.0,0.0,0.0,0.0,0.0,0.0,0.0,0.0,0.0
2026-09-28 06:00:00,WP922026(4),47,2026-09-28 06:00:00,0 days 00:00:00,0,16.4,97.6,1001.0,29.0,64.0,0.0,0.0,0.0,0.0,0.0,0.0,0.0,0.0,0.0,0.0,0.0,0.0
2026-09-28 06:00:00,WP922026(4),47,2026-09-28 12:00:00,0 days 06:00:00,6,17.6,97.44,1002.1,24.2,57.209846684448905,0.0,0.0,0.0,0.0,0.0,0.0,0.0,0.0,0.0,0.0,0.0,0.0
2026-09-28 06:00:00,WP922026(4),47,2026-09-28 18:00:00,0 days 12:00:00,12,18.41,96.73,1004.8,25.3,96.3920086750246,0.0,0.0,0.0,0.0,0.0,0.0,0.0,0.0,0.0,0.0,0.0,0.0
2026-09-28 06:00:00,11,48,2026-09-30 18:00:00,2 days 12:00:00,60,17.28,149.89,1005.3,23.7,79.51031909774973,0.0,0.0,0.0,0.0,0.0,0.0,0.0,0.0,0.0,0.0,0.0,0.0
2026-09-28 06:00:00,11,48,2026-10-01 00:00:00,2 days 18:00:00,66,17.53,149.12,1002.8,22.0,103.0635408979605,0.0,0.0,0.0,0.0,0.0,0.0,0.0,0.0,0.0,0.0,0.0,0.0
2026-09-28 06:00:00,11,48,2026-10-01 06:00:00,3 days 00:00:00,72,17.72,147.54,1005.8,18.8,76.05369246025063,0.0,0.0,0.0,0.0,0.0,0.0,0.0,0.0,0.0,0.0,0.0,0.0
2026-09-28 06:00:00,11,48,2026-10-01 12:00:00,3 days 06:00:00,78,17.45,145.62,1005.2,21.8,72.9775850922413,0.0,0.0,0.0,0.0,0.0,0.0,0.0,0.0,0.0,0.0,0.0,0.0
2026-09-28 06:00:00,11,48,2026-10-01 18:00:00,3 days 12:00:00,84,17.45,144.92,1000.5,31.6,72.61663469734366,0.0,0.0,0.0,0.0,0.0,0.0,0.0,0.0,0.0,0.0,0.0,0.0
2026-09-28 06:00:00,11,48,2026-10-02 00:00:00,3 days 18:00:00,90,17.63,142.83,1002.0,31.8,74.5898186240886,0.0,0.0,0.0,0.0,0.0,0.0,0.0,0.0,0.0,0.0,0.0,0.0
2026-09-28 06:00:00,11,48,2026-10-02 06:00:00,4 days 00:00:00,96,17.79,142.2,995.8,37.4,86.24365790399358,87.25113307728844,78.63237499845587,65.666947699272,77.76318492489995,0.0,0.0,0.0,0.0,0.0,0.0,0.0,0.0
2026-09-28 06:00:00,11,48,2026-10-02 12:00:00,4 days 06:00:00,102,17.41,141.23,997.8,33.8,144.98044126421576,0.0,0.0,0.0,0.0,0.0,0.0,0.0,0.0,0.0,0.0,0.0,0.0
2026-09-28 06:00:00,11,48,2026-10-02 18:00:00,4 days 12:00:00,108,17.64,141.06,992.0,43.5,109.19321365666318,0.0,0.0,109.19321365666318,0.0,0.0,0.0,0.0,0.0,0.0,0.0,0.0,0.0
2026-09-28 06:00:00,11,48,2026-10-03 00:00:00,4 days 18:00:00,114,17.35,139.95,986.9,52.8,80.06365623911498,211.30978948927716,212.807633796522,189.71689738433923,189.671211921171,0.0,80.06365623911498,0.0,0.0,0.0,0.0,0.0,0.0
2026-09-28 06:00:00,11,48,2026-10-03 06:00:00,5 days 00:00:00,120,17.42,139.98,988.0,53.9,117.65771784937633,273.8702883351685,267.89465565955135,227.26832624368336,242.04112909557244,117.65771784937633,0.1189665092787066,0.0,0.0,0.0,0.0,0.0,0.0
2026-09-28 06:00:00,11,48,2026-10-03 12:00:00,5 days 06:00:00,126,17.52,140.17,982.4,55.6,56.91802277889378,180.55334106286531,186.203882029986,144.9185497201058,150.50987416412605,56.91802277889378,31.88304793513295,22.9332204953682,25.401222903229232,0.0,0.0,0.0,0.0
2026-09-28 06:00:00,11,48,2026-10-03 18:00:00,5 days 12:00:00,132,17.39,140.07,981.9,63.4,54.28505561797485,290.52914799117264,287.0858806361941,250.82755309791253,267.4538618086781,54.28505561797485,52.12516856810475,42.21885829344931,46.25044152238048,0.0,0.0,0.0,0.0
2026-09-28 06:00:00,11,48,2026-10-04 00:00:00,5 days 18:00:00,138,17.51,140.39,968.0,82.4,24.495269131512032,155.4951812653744,193.29787597122777,178.79038421160658,129.4442656338506,78.39621415844886,84.47183276459691,71.06019544517767,66.83997699274187,40.68641773497802,40.41742184805844,33.928434336197824,34.60960678366973
2026-09-28 06:00:00,11,48,2026-10-04 06:00:00,6 days 00:00:00,144,18.06,140.13,958.9,89.6,12.378944529353152,209.2444344413844,218.2861177016499,176.73332501646644,171.9737156621054,106.83470582600806,102.3735879770266,79.36618312448894,89.54551658852144,54.96247819276744,51.25064789166358,40.86915809207889,45.9708767224962
2026-09-28 06:00:00,11,48,2026-10-04 12:00:00,6 days 06:00:00,150,18.7,140.19,955.9,98.2,31.419577658995976,220.2121681345268,228.11780111720327,185.9720309963956,178.74979176528632,111.17272170706384,104.90324850204874,83.12690201653913,94.8572990940221,58.34539079351136,54.59971295972024,44.52391845102396,49.68120132358774
2026-09-28 06:00:00,11,48,2026-10-04 18:00:00,6 days 12:00:00,156,19.38,139.94,934.8,115.4,0.0,240.76239315520425,230.569742476678,198.2426936164469,216.92321489714016,108.91963145693518,103.7708259805633,85.57226270084132,96.10840829587772,58.64562743372299,55.480478474170354,46.01677457946121,50.50723938391656
2026-09-28 06:00:00,11,48,2026-10-05 00:00:00,6 days 18:00:00,162,20.14,139.64,926.1,124.1,18.831640657263613,203.43389487885048,195.7537306774788,159.828167682835,177.56604083566265,101.27977662365646,88.69553852364378,72.68145735248419,90.53413221142696,54.91258686761224,48.96440423073397,39.586470202295686,47.46198811734958
2026-09-28 06:00:00,11,48,2026-10-05 06:00:00,7 days 00:00:00,168,20.69,139.44,925.9,121.5,27.338308332644743,330.512904755095,305.8844335288246,280.4986171330049,296.6104256804823,149.76870017428328,147.4132090063802,126.41724428662516,137.38145616490294,85.95053838551613,82.25667694321196,70.17628979425864,76.34811416251014
2026-09-28 06:00:00,11,48,2026-10-05 12:00:00,7 days 06:00:00,174,20.99,139.27,911.4,143.1,20.88770816808216,276.29576753294214,269.5621091088258,250.932794938592,255.08355686476216,155.50218138796572,145.72038102211832,132.33947171555792,145.85587698568327,91.92999084726034,86.81406453265458,75.1030308800955,80.60523514124202
2026-09-28 06:00:00,11,48,2026-10-05 18:00:00,7 days 12:00:00,180,21.42,138.94,922.6,125.5,35.13671343953929,272.35989046333486,251.0342140052134,231.51877736680763,260.5488079600366,161.27740199803853,147.89482393759062,130.37147247635835,148.502112483679,92.197808320403,86.37832852839817,73.78672926327282,82.1203210225255
2026-09-28 06:00:00,11,48,2026-10-06 00:00:00,7 days 18:00:00,186,22.08,138.45,898.9,144.7,17.69908829669557,323.7768225377572,311.8797880933638,284.3398300421847,300.50515846351584,0.88116078832843,0.0,0.0,17.69908829669557,0.88116078832843,0.0,0.0,17.69908829669557
2026-09-28 06:00:00,11,48,2026-10-06 06:00:00,8 days 00:00:00,192,22.62,138.17,928.2,129.9,10.633174254187908,225.5867812451252,229.36483142295543,184.46405152479463,202.7723858070991,122.940311475761,112.689467780095,94.79313093896816,108.49612154419252,69.94574880742468,65.11711557793677,55.31364354463622,61.43542172023956
2026-09-28 06:00:00,11,48,2026-10-06 12:00:00,8 days 06:00:00,198,23.22,137.86,933.9,115.3,19.02547019415762,288.0289318628943,264.3422136436108,221.8742257797613,250.00346656298868,135.96868707068796,122.46233937677414,100.83583338358976,122.24653852841185,75.18361441721106,67.34268678078577,54.65616772938556,64.95418704320483
2026-09-28 06:00:00,11,48,2026-10-06 18:00:00,8 days 12:00:00,204,24.05,137.3,931.4,119.3,34.75963207749122,274.8289626315818,261.45854555844375,218.2503465930231,245.82441676627548,141.343651443461,129.41972862590222,108.13797031627864,128.23023275284703,77.96714088852755,72.24498665052408,59.35202794860058,67.22642724290617
2026-09-28 06:00:00,11,48,2026-10-07 00:00:00,8 days 18:00:00,210,24.99,137.08,937.9,102.8,45.41574945364821,329.4155798853787,306.65393212557296,261.8892440902961,276.5075146032674,170.37269924345097,163.7639051264166,137.69377931885393,151.3476089881429,94.81098434270513,89.71175305418504,75.87706800404744,83.73683202518787
2026-09-28 06:00:00,11,48,2026-10-07 06:00:00,9 days 00:00:00,216,26.12,137.14,927.8,114.5,3.399741351473679,277.8770107419938,317.5066811505192,249.1515881381111,234.18153238005613,160.22641968393222,167.67029266864918,138.14424168355345,137.3240097651924,91.24381635617532,90.2632096234805,76.79909055970091,79.88785777157757
2026-09-28 06:00:00,11,48,2026-10-07 12:00:00,9 days 06:00:00,222,27.16,136.97,936.8,111.7,22.29343775301524,381.50806165878623,412.511735341554,314.03862816818685,313.736339056311,226.70171070120773,230.5381029987309,191.0528744339205,194.9134826851904,125.43201902806314,123.5560687142313,104.3850785290184,108.20177227945337
2026-09-28 06:00:00,11,48,2026-10-07 18:00:00,9 days 12:00:00,228,29.01,137.03,934.9,104.0,10.99495489049258,246.6945726188726,270.88851831470106,204.8233658370409,194.28505673858533,106.4557704221761,108.55412317887031,81.23478402812384,89.87795782084311,60.000544957263685,56.08952142659507,46.646255896298726,51.40665797992358
2026-09-28 06:00:00,11,48,2026-10-08 00:00:00,9 days 18:00:00,234,30.97,136.86,943.7,96.1,47.44161719166996,318.9807925439037,348.6070590270066,259.4534063377652,251.8987447847913,47.44161719166996,47.44161719166996,3.8069662193148286,4.066638590069312,47.44161719166996,4.4573352328929055,1.5741385881964904,1.6515591916394834
2026-09-28 06:00:00,11,48,2026-10-08 06:00:00,10 days 00:00:00,240,33.61,137.11,960.6,77.6,36.43560883723745,345.5997618393053,332.5762675098081,274.0053281404712,290.53439568044723,48.4858419383537,46.92021717101181,32.43626660875637,39.21903653394614,36.43560883723745,2.437546001670153,0.6405595050377535,1.861835881587023
2026-09-28 06:00:00,11,48,2026-10-08 12:00:00,10 days 06:00:00,246,36.59,138.88,988.3,45.8,116.78832788342147,217.65379803003063,192.000878903536,160.60399815956788,165.98362426882397,0.0,0.0,0.0,0.0,0.0,0.0,0.0,0.0
2026-09-28 06:00:00,16,48,2026-10-02 18:00:00,4 days 12:00:00,108,10.67,166.75,1005.0,27.6,80.37695340590659,0.0,0.0,0.0,0.0,0.0,0.0,0.0,0.0,0.0,0.0,0.0,0.0
2026-09-28 06:00:00,16,48,2026-10-03 00:00:00,4 days 18:00:00,114,10.68,167.04,1005.9,25.6,88.64310431144196,0.0,0.0,0.0,0.0,0.0,0.0,0.0,0.0,0.0,0.0,0.0,0.0
2026-09-28 06:00:00,16,48,2026-10-03 06:00:00,5 days 00:00:00,120,10.47,167.34,1005.4,24.1,65.83814347560028,0.0,0.0,0.0,0.0,0.0,0.0,0.0,0.0,0.0,0.0,0.0,0.0
2026-09-28 06:00:00,16,48,2026-10-03 12:00:00,5 days 06:00:00,126,10.66,166.75,1008.7,17.3,79.66860956857437,0.0,0.0,0.0,0.0,0.0,0.0,0.0,0.0,0.0,0.0,0.0,0.0
2026-09-28 06:00:00,16,48,2026-10-03 18:00:00,5 days 12:00:00,132,9.96,166.42,999.5,30.5,63.4369321292915,0.0,0.0,0.0,0.0,0.0,0.0,0.0,0.0,0.0,0.0,0.0,0.0
2026-09-28 06:00:00,16,48,2026-10-04 00:00:00,5 days 18:00:00,138,9.38,166.25,994.9,44.1,23.79642785362012,87.65899162757786,72.50461273342512,67.06574876302201,82.03954476398843,0.0,0.0,0.0,0.0,0.0,0.0,0.0,0.0
2026-09-28 06:00:00,16,48,2026-10-04 06:00:00,6 days 00:00:00,144,8.99,166.2,1000.1,41.4,49.377857299224665,49.377857299224665,14.136658403811277,11.590067258076338,10.751268870542765,0.0,0.0,0.0,0.0,0.0,0.0,0.0,0.0
2026-09-28 06:00:00,16,48,2026-10-04 12:00:00,6 days 06:00:00,150,8.4,166.24,999.1,41.4,51.15830761770789,0.0,1.2471351844748408,51.15830761770789,0.0,0.0,0.0,0.0,0.0,0.0,0.0,0.0,0.0
2026-09-28 06:00:00,16,48,2026-10-04 18:00:00,6 days 12:00:00,156,8.21,166.42,993.4,50.4,26.40383547515158,88.69496834139832,92.19412500061732,82.94530190261091,80.55808943275495,0.0,26.40383547515158,1.178213875522463,0.0,0.0,0.0,0.0,0.0
2026-09-28 06:00:00,16,48,2026-10-05 00:00:00,6 days 18:00:00,162,8.26,166.32,992.4,47.3,43.96487806956854,43.96487806956854,11.683324231304908,13.137484918791202,22.41003683555666,0.0,0.0,0.0,0.0,0.0,0.0,0.0,0.0
2026-09-28 06:00:00,16,48,2026-10-05 06:00:00,7 days 00:00:00,168,8.44,166.22,997.9,49.0,55.35510655945696,137.05383879322142,127.29275391755502,116.6595073989871,128.46282955082827,0.0,0.0,0.0,0.0,0.0,0.0,0.0,0.0
2026-09-28 06:00:00,16,48,2026-10-05 12:00:00,7 days 06:00:00,174,8.24,165.87,994.0,45.7,29.975590522360847,5.4034730928176025,9.29991745421394,2.322241734339485,29.975590522360847,0.0,0.0,0.0,0.0,0.0,0.0,0.0,0.0
2026-09-28 06:00:00,16,48,2026-10-05 18:00:00,7 days 12:00:00,180,8.43,165.52,983.2,62.2,38.87294800264621,202.48947429490187,184.1089861526648,162.65552127351555,186.94369289459945,9.249686258484616,5.000989133049519,4.656078015044136,38.87294800264621,0.0,0.0,0.0,0.0
2026-09-28 06:00:00,16,48,2026-10-06 00:00:00,7 days 18:00:00,186,8.59,165.0,989.6,59.1,40.03525883943338,102.84966333316194,81.15160671114577,63.77622809984047,86.59971491983296,0.1566877522876097,0.2050043472693303,0.3191693535553277,40.03525883943338,0.0,0.0,0.0,0.0
2026-09-28 06:00:00,16,48,2026-10-06 06:00:00,8 days 00:00:00,192,8.93,164.28,985.2,68.0,6.472598587461064,142.8236468693303,111.82474062353631,80.52055716036361,112.17409778480646,6.472598587461064,6.472598587461064,0.0,0.5943199489669939,0.0,6.472598587461064,0.0,0.0
2026-09-28 06:00:00,16,48,2026-10-06 12:00:00,8 days 06:00:00,198,9.26,162.85,982.5,67.4,34.09329183481758,94.6315730383881,56.846642250358855,33.510745059968045,71.1803414943588,34.09329183481758,0.0,0.0,34.09329183481758,0.4003649805008126,0.0,0.0,34.09329183481758
2026-09-28 06:00:00,16,48,2026-10-06 18:00:00,8 days 12:00:00,204,9.52,161.52,971.1,87.7,13.312214974666936,151.60224590340454,111.92245122075894,108.97740135828356,141.25330123879007,69.3737297142745,57.552223860405135,43.69925220160844,60.2841622143082,32.690943794530355,26.60556819374579,20.18584222970215,27.5510692027304
2026-09-28 06:00:00,16,48,2026-10-07 00:00:00,8 days 18:00:00,210,9.62,160.45,971.6,80.8,13.147517066854231,150.4727929413517,131.29839570751437,114.00100254738598,144.1116496318718,13.147517066854231,0.0,0.0,13.147517066854231,0.6772582948815942,0.0,0.0,13.147517066854231
2026-09-28 06:00:00,16,48,2026-10-07 06:00:00,9 days 00:00:00,216,10.26,159.47,968.1,76.8,17.400875920043646,239.17208112628475,210.6624933280547,188.815730686162,207.03928681950555,17.400875920043646,0.2399403318407542,0.5585037554556922,2.1062242670814992,17.400875920043646,0.0,0.0,0.8276079846818083
2026-09-28 06:00:00,16,48,2026-10-07 12:00:00,9 days 06:00:00,222,10.86,158.29,957.7,110.7,8.380182511351737,224.0018399119868,180.0104466131491,151.51782298223185,212.2099665651312,115.18526674182924,99.47843056648772,84.54510308332016,102.08177846673438,61.51797660311012,55.37424847446616,47.932123054633095,55.04298480323688
2026-09-28 06:00:00,16,48,2026-10-07 18:00:00,9 days 12:00:00,228,11.15,157.73,961.4,93.7,13.014623012450732,182.69582932503323,154.94494863162953,141.71354122560618,164.30300819448422,25.40593852274517,14.543197207789806,9.552790607991996,20.695525842733133,13.014623012450732,6.798121804341909,4.376602397789816,9.488568106120576
2026-09-28 06:00:00,16,48,2026-10-08 00:00:00,9 days 18:00:00,234,11.72,156.96,949.8,107.4,17.33739512280166,175.8157282651735,157.36600706709467,125.62594711062894,151.6882105202884,37.97292163129357,25.479799522125187,18.161303932535738,32.111833072950084,19.503560659881927,14.505256684607916,11.01855279041905,16.931359771548173
2026-09-28 06:00:00,16,48,2026-10-08 06:00:00,10 days 00:00:00,240,12.2,156.23,940.6,115.3,9.779182849350054,166.98235265548695,154.53611875229024,156.67179885823833,169.67076773588698,87.29393043115097,78.77111623806431,71.09345551643128,83.96919788028998,50.841262779578685,45.878046312755615,38.60983664510529,44.35286547765348
2026-09-28 06:00:00,16,48,2026-10-08 12:00:00,10 days 06:00:00,246,12.6,155.84,951.4,101.2,7.730979033346368,196.294753796365,197.6952258470617,174.84689389335173,167.409234163399,24.80501297971128,17.33317548871989,11.722505197716664,20.68313949689408,12.290984681605554,8.89225103716451,5.610160397834176,9.69855702833919
2026-09-28 06:00:00,16,48,2026-10-08 18:00:00,10 days 12:00:00,252,12.99,155.65,957.2,97.2,4.103909825120937,104.6495260331356,92.03942333126074,53.341618307928975,83.45475619787814,27.6192252533592,13.63825935493582,0.4439291515247188,17.849994680269536,8.380648809628173,3.945466873896651,0.4439291515247188,5.628163662160059
2026-09-28 06:00:00,16,48,2026-10-09 00:00:00,10 days 18:00:00,258,13.43,155.42,958.1,101.1,0.0,127.26791443702356,108.69170870805635,84.8735598040303,96.6669953761134,24.529678774039244,15.262669719250871,4.861541230430179,17.83252351292455,10.05532278911994,5.943112954530095,3.450210302305305,7.20594516278674
2026-09-28 06:00:00,16,48,2026-10-09 06:00:00,11 days 00:00:00,264,13.8,155.12,962.9,87.7,30.918867758830014,160.7951902604836,140.44089482383896,103.192519720856,136.73047481782982,64.78637624065085,54.35800309798668,39.57837842094141,56.37427331191107,33.61088645858224,28.42352033905339,23.79392662199357,30.00690829375101
2026-09-28 06:00:00,16,48,2026-10-09 12:00:00,11 days 06:00:00,270,14.02,154.84,955.9,93.2,43.86466831667793,220.4784432093444,184.73543239488825,170.47767073226998,215.15514045382952,121.32545820172916,105.26036697643268,92.38264035946284,111.916239898678,65.88579551135847,59.35237576234716,51.81356832302926,58.64794094095614
2026-09-28 06:00:00,16,48,2026-10-09 18:00:00,11 days 12:00:00,276,13.93,154.67,945.5,107.3,36.57390484695703,110.79850566743832,108.32404066954454,127.716354197267,123.9220120307122,59.17098001773149,55.13539200809062,49.933142225949,57.62893737306652,36.57390484695703,32.293109958572856,28.231303664444223,30.238125690472263
2026-09-28 06:00:00,16,48,2026-10-10 00:00:00,11 days 18:00:00,282,13.74,154.52,952.0,107.8,0.0,90.710641556762,53.115116237284994,86.73663219442625,97.52293955807878,22.112051916513373,12.061875817179171,10.686541918267928,21.11764317529169,9.658350868121587,6.433647417557985,4.618786305409609,9.128770318428543
2026-09-28 06:00:00,16,48,2026-10-10 06:00:00,12 days 00:00:00,288,13.47,154.4,959.4,97.2,5.184616637961391,179.09184787841542,169.65294493813553,179.10788303262447,190.45003173286003,96.40254993140996,87.66775390152742,74.84738547667543,90.31260828981291,52.99613307933336,45.50247882753746,38.207871926391554,45.58346825752698
2026-09-28 06:00:00,16,48,2026-10-10 12:00:00,12 days 06:00:00,294,13.22,154.78,975.5,79.1,55.4357337332649,174.7622529959584,202.495170240419,209.29117998056023,161.6830383609037,33.11584963088075,55.4357337332649,37.23249823534095,30.13062842156968,18.50921451033269,55.4357337332649,15.711238345668628,14.354112650234136
2026-09-28 06:00:00,16,48,2026-10-10 18:00:00,12 days 12:00:00,300,13.28,155.12,955.3,100.7,34.419085919846935,232.9090830087929,254.8768124917628,243.30638588461005,221.44915884816265,0.0,34.419085919846935,34.419085919846935,0.0,0.0,34.419085919846935,0.0194173008957131,0.0
2026-09-28 06:00:00,16,48,2026-10-11 00:00:00,12 days 18:00:00,306,13.12,155.55,965.5,91.9,25.91566808603426,113.94626442009071,141.3056972053396,144.2266693882246,106.1982875745407,0.0,2.770546724900089,25.91566808603426,0.0,0.0,0.0,25.91566808603426,0.0
2026-09-28 06:00:00,16,48,2026-10-11 06:00:00,13 days 00:00:00,312,13.48,156.32,971.7,78.4,124.0083512859781,694.8554695871144,759.5042168939183,650.420767508135,618.9751194045632,55.639967591386885,124.0083512859781,59.95632062631376,40.89410214118771,25.899510183335902,124.0083512859781,26.47574996557925,23.432868252292725
2026-09-28 06:00:00,16,48,2026-10-11 12:00:00,13 days 06:00:00,318,13.58,157.09,969.8,74.7,46.12939140112368,267.8585596463315,284.0094953411719,245.57872510778108,233.24989368117525,46.12939140112368,46.12939140112368,3.5928444699893465,0.839178997018359,46.12939140112368,0.0,0.0,0.0
2026-09-28 06:00:00,16,48,2026-10-11 18:00:00,13 days 12:00:00,324,14.41,157.51,979.4,74.5,26.319478495249317,279.6770749038369,316.0925826755484,239.9194654558887,219.68077046304825,164.89360630687952,164.95487932740434,134.94934192205983,135.98362029889722,86.03749707226234,85.60516133851706,70.42276768096326,73.69057342832275
2026-09-28 06:00:00,16,48,2026-10-12 00:00:00,13 days 18:00:00,330,15.03,157.94,971.2,76.6,57.92589845685183,228.8041336265701,226.50262603343413,188.4565376977007,184.68591445740597,0.2176891417395126,57.92589845685183,0.0,0.0,0.2176891417395126,57.92589845685183,0.0,0.0
2026-09-28 06:00:00,16,48,2026-10-12 06:00:00,14 days 00:00:00,336,16.65,158.32,955.7,102.3,17.00621837769245,226.32674435523973,250.67811826238156,185.8947197283505,169.30463481907532,73.04442734159306,77.76702424079087,59.58611323768133,59.54168943841523,38.81094387540912,39.08134316480556,30.740311233934108,31.9425435908972
2026-09-28 06:00:00,16,48,2026-10-12 12:00:00,14 days 06:00:00,342,18.31,158.49,951.2,105.4,19.01803699363289,236.42186708536696,250.60430270322567,199.51563837070492,192.41237658686995,67.3050516725992,66.84960772152255,51.88591953863045,56.36581628809361,35.43247234594317,33.13259574944394,26.75644061316958,30.098171341022404
2026-09-28 06:00:00,16,48,2026-10-12 18:00:00,14 days 12:00:00,348,19.99,158.31,943.3,114.1,15.914715698558432,210.2494742703794,231.2904721300204,166.33198053395398,151.44857823257058,83.74716172888432,88.3018682497986,67.07997520322112,69.8405794706137,47.41535486131954,45.39773794860262,37.39831542608079,40.23034995115152
2026-09-28 06:00:00,16,48,2026-10-13 00:00:00,14 days 18:00:00,354,21.63,157.87,945.2,114.8,24.082614712999145,227.09242561316037,237.9542400029532,180.36196660339212,176.72679359164454,111.12665930244248,110.58221921093968,86.16578598813919,91.94776556204476,59.09899649106279,56.44951057977502,45.75790859838656,50.03026339176495
2026-09-28 06:00:00,16,48,2026-10-13 06:00:00,15 days 00:00:00,360,23.53,157.66,948.9,106.2,9.538792461356934,213.68070383100712,237.70879487846105,160.19623438555573,152.66523809825594,89.05899997807865,89.27459899002861,62.761016351898434,71.47203175118193,47.59577026130864,44.40293525033121,34.23746657641459,39.57442874657136
2026-09-28 06:00:00,22,48,2026-10-04 06:00:00,6 days 00:00:00,144,20.62,153.33,1001.7,22.2,115.5786663669511,0.0,0.0,0.0,0.0,0.0,0.0,0.0,0.0,0.0,0.0,0.0,0.0
2026-09-28 06:00:00,22,48,2026-10-04 12:00:00,6 days 06:00:00,150,20.46,154.38,999.3,27.2,68.25139543470567,0.0,0.0,0.0,0.0,0.0,0.0,0.0,0.0,0.0,0.0,0.0,0.0
2026-09-28 06:00:00,22,48,2026-10-04 18:00:00,6 days 12:00:00,156,20.31,155.04,1001.4,27.0,109.40698756672708,0.0,0.0,0.0,0.0,0.0,0.0,0.0,0.0,0.0,0.0,0.0,0.0
2026-09-28 06:00:00,22,48,2026-10-05 00:00:00,6 days 18:00:00,162,20.38,154.57,1000.0,30.4,69.5732960778978,0.0,0.0,0.0,0.0,0.0,0.0,0.0,0.0,0.0,0.0,0.0,0.0
2026-09-28 06:00:00,22,48,2026-10-05 06:00:00,7 days 00:00:00,168,20.04,154.24,999.7,33.2,101.29414020360798,0.0,0.0,0.0,0.0,0.0,0.0,0.0,0.0,0.0,0.0,0.0,0.0
2026-09-28 06:00:00,22,48,2026-10-05 12:00:00,7 days 06:00:00,174,19.96,154.13,996.1,36.2,69.66302632870368,4.380054293480155,2.975143993044103,4.699128566675389,69.66302632870368,0.0,0.0,0.0,0.0,0.0,0.0,0.0,0.0
2026-09-28 06:00:00,22,48,2026-10-05 18:00:00,7 days 12:00:00,180,19.76,153.49,1000.7,37.2,69.90475286278772,69.90475286278772,47.32734891660292,39.07895138607672,50.44541357927484,0.0,0.0,0.0,0.0,0.0,0.0,0.0,0.0
2026-09-28 06:00:00,22,48,2026-10-06 00:00:00,7 days 18:00:00,186,19.24,153.1,993.0,40.0,97.96799643293944,143.3120973145721,135.8328320452366,117.0078223307073,130.602338393156,0.0,0.0,0.0,0.0,0.0,0.0,0.0,0.0
2026-09-28 06:00:00,22,48,2026-10-06 06:00:00,8 days 00:00:00,192,19.39,152.53,989.7,49.7,43.70674534021467,131.288558577372,109.29127918995272,88.60421495788322,109.8103134313818,0.0,0.0,0.0,0.0,0.0,0.0,0.0,0.0
2026-09-28 06:00:00,22,48,2026-10-06 12:00:00,8 days 06:00:00,198,19.33,151.27,998.6,37.2,98.939674699163,1.5084317325803909,98.939674699163,0.0,2.2078898891807626,0.0,0.0,0.0,0.0,0.0,0.0,0.0,0.0
2026-09-28 06:00:00,22,48,2026-10-06 18:00:00,8 days 12:00:00,204,19.34,149.87,1000.1,36.3,64.35139394584466,64.35139394584466,18.295251941317463,8.41952214341509,17.641415658788866,0.0,0.0,0.0,0.0,0.0,0.0,0.0,0.0
2026-09-28 06:00:00,22,48,2026-10-07 00:00:00,8 days 18:00:00,210,19.13,149.23,996.5,40.8,93.16789206212798,93.16789206212798,0.6915878918891849,0.0,0.0,0.0,0.0,0.0,0.0,0.0,0.0,0.0,0.0
2026-09-28 06:00:00,22,48,2026-10-07 06:00:00,9 days 00:00:00,216,19.96,147.41,995.0,40.8,95.88623149812328,95.88623149812328,0.0,0.0,0.0,0.0,0.0,0.0,0.0,0.0,0.0,0.0,0.0
2026-09-28 06:00:00,22,48,2026-10-07 12:00:00,9 days 06:00:00,222,20.82,145.68,991.9,41.4,73.76075516499851,73.76075516499851,2.5830532186520827,0.0,1.1173123206198523,0.0,0.0,0.0,0.0,0.0,0.0,0.0,0.0
2026-09-28 06:00:00,22,48,2026-10-07 18:00:00,9 days 12:00:00,228,21.24,145.05,993.6,38.6,110.83619387742309,113.7994248303028,91.72363083829836,75.6494447000243,91.2971791571632,0.0,0.0,0.0,0.0,0.0,0.0,0.0,0.0
2026-09-28 06:00:00,22,48,2026-10-08 00:00:00,9 days 18:00:00,234,22.77,144.1,997.2,39.4,102.50123796670678,102.50123796670678,5.260042180143078,0.0,7.237676229080838,0.0,0.0,0.0,0.0,0.0,0.0,0.0,0.0
2026-09-28 06:00:00,22,48,2026-10-08 06:00:00,10 days 00:00:00,240,24.31,143.34,986.9,50.5,126.33763547773394,234.7812129281954,216.03584783234248,178.1167692627769,196.42336574829605,126.33763547773394,0.0,0.0,0.0,0.0,0.0,0.0,0.0
2026-09-28 06:00:00,22,48,2026-10-08 12:00:00,10 days 06:00:00,246,26.12,142.79,977.2,57.8,58.43115348977841,112.74663906392443,102.909349783459,92.00614951901426,87.86675165068718,0.0,0.0,58.43115348977841,0.0,0.0,0.0,0.0,0.0
2026-09-28 06:00:00,22,48,2026-10-08 18:00:00,10 days 12:00:00,252,28.18,142.87,980.4,53.5,81.49200961002128,121.67627205616836,114.18904174362488,85.36686045865846,89.12932796320706,0.0,81.49200961002128,0.0,0.0,0.0,0.0,0.0,0.0
2026-09-28 06:00:00,22,48,2026-10-09 00:00:00,10 days 18:00:00,258,30.98,143.4,980.0,62.1,49.26763651464456,234.34344474474156,236.64516310602923,189.30842475789268,185.96417458194628,1.2362128294832448,49.26763651464456,1.1865861961734083,0.0,0.0,0.0,0.0,0.0
2026-09-28 06:00:00,22,48,2026-10-09 06:00:00,11 days 00:00:00,264,35.36,144.44,975.0,68.4,57.43378100078296,222.78246672217767,250.8022072421433,200.6713740980448,168.18743813033615,49.417707740915006,57.44665983493505,45.0917980538931,39.15455588720826,0.0,57.43378100078296,0.0,0.0
2026-09-28 06:00:00,22,48,2026-10-09 12:00:00,11 days 06:00:00,270,39.05,146.03,975.1,60.7,74.69398836951814,353.7568160084702,393.30746775697935,328.34692565451223,284.10983607350954,130.1550219019391,135.72936111017816,112.72676649263305,106.67495511093055,0.0,0.0,0.0,0.0
2026-09-28 06:00:00,22,48,2026-10-09 18:00:00,11 days 12:00:00,276,41.29,147.79,980.7,52.4,109.30515602978788,332.9515671532112,327.853320337706,268.1201661539145,280.9645121316676,2.673580036865019,109.30515602978788,1.023744739584476,0.0,0.0,0.0,0.0,0.0
2026-09-28 06:00:00,22,48,2026-10-10 00:00:00,11 days 18:00:00,282,42.11,149.12,993.4,32.8,73.51784684759012,0.0,0.0,0.0,0.0,0.0,0.0,0.0,0.0,0.0,0.0,0.0,0.0
2026-09-28 06:00:00,22,48,2026-10-10 06:00:00,12 days 00:00:00,288,43.0,151.42,994.3,41.2,87.52754084136177,12.60701218232424,14.484817483924417,13.108287124476078,87.52754084136177,0.0,0.0,0.0,0.0,0.0,0.0,0.0,0.0
2026-09-28 06:00:00,22,48,2026-10-10 12:00:00,12 days 06:00:00,294,43.41,154.73,992.3,41.7,138.46131386307087,0.95471450307841,0.0,0.0,138.46131386307087,0.0,0.0,0.0,0.0,0.0,0.0,0.0,0.0
2026-09-28 06:00:00,30,48,2026-10-09 18:00:00,11 days 12:00:00,276,14.12,131.89,1004.0,20.3,137.0018308097968,0.0,0.0,0.0,0.0,0.0,0.0,0.0,0.0,0.0,0.0,0.0,0.0
2026-09-28 06:00:00,30,48,2026-10-10 00:00:00,11 days 18:00:00,282,13.97,132.56,1005.9,18.9,83.4597968188257,0.0,0.0,0.0,0.0,0.0,0.0,0.0,0.0,0.0,0.0,0.0,0.0
2026-09-28 06:00:00,30,48,2026-10-10 06:00:00,12 days 00:00:00,288,14.78,133.28,1003.9,23.9,70.67258822818576,0.0,0.0,0.0,0.0,0.0,0.0,0.0,0.0,0.0,0.0,0.0,0.0
2026-09-28 06:00:00,30,48,2026-10-10 12:00:00,12 days 06:00:00,294,15.3,133.8,1000.6,26.1,111.27810343319015,0.0,0.0,0.0,0.0,0.0,0.0,0.0,0.0,0.0,0.0,0.0,0.0
2026-09-28 06:00:00,30,48,2026-10-10 18:00:00,12 days 12:00:00,300,15.28,134.54,1002.1,22.4,126.11777640664177,0.0,0.0,0.0,0.0,0.0,0.0,0.0,0.0,0.0,0.0,0.0,0.0
2026-09-28 06:00:00,30,48,2026-10-11 00:00:00,12 days 18:00:00,306,15.59,134.76,1001.8,29.2,119.61284359928224,0.0,0.0,0.0,0.0,0.0,0.0,0.0,0.0,0.0,0.0,0.0,0.0
2026-09-28 06:00:00,30,48,2026-10-11 06:00:00,13 days 00:00:00,312,15.98,135.23,993.9,40.2,87.16899637741291,0.0,87.16899637741291,5.259050398158699,1.2440136453999315,0.0,0.0,0.0,0.0,0.0,0.0,0.0,0.0
2026-09-28 06:00:00,30,48,2026-10-11 12:00:00,13 days 06:00:00,318,16.05,135.97,996.7,35.6,120.66577941440184,120.66577941440184,10.984488960722956,11.388431803091738,15.562426703234438,0.0,0.0,0.0,0.0,0.0,0.0,0.0,0.0
2026-09-28 06:00:00,30,48,2026-10-11 18:00:00,13 days 12:00:00,324,16.33,136.59,1001.1,34.1,89.66953382776668,115.04931434611348,113.68852214196704,91.67176296255778,88.89877121161982,0.0,0.0,0.0,0.0,0.0,0.0,0.0,0.0
2026-09-28 06:00:00,30,48,2026-10-12 00:00:00,13 days 18:00:00,330,17.06,137.17,984.4,51.5,66.21045205396233,105.0150106101526,98.4834120364209,84.47879089826438,87.10740265585218,0.0,0.0765869922572548,66.21045205396233,0.0,0.0,0.0,0.0,0.0
2026-09-28 06:00:00,30,48,2026-10-12 06:00:00,14 days 00:00:00,336,17.72,137.37,991.5,49.0,95.75071569913467,159.78806548196016,149.6044034134722,127.8417080912462,138.20841085718536,0.0,0.0,0.0,0.0,0.0,0.0,0.0,0.0
2026-09-28 06:00:00,30,48,2026-10-12 12:00:00,14 days 06:00:00,342,18.47,137.85,983.9,59.5,57.312254228140446,139.7874990419125,136.7346348174804,108.475128705309,103.91125183393356,0.0,57.312254228140446,0.5548532347415227,0.0,0.0,0.0,0.0,0.0
2026-09-28 06:00:00,30,48,2026-10-12 18:00:00,14 days 12:00:00,348,19.27,137.95,977.2,71.5,63.9268089572769,243.69973846356388,251.130958256444,198.1581184034788,192.47223158373097,2.2665826667462854,63.9268089572769,0.7966376949788359,0.0,0.0,63.9268089572769,0.0,0.0
2026-09-28 06:00:00,30,48,2026-10-13 00:00:00,14 days 18:00:00,354,20.1,137.44,979.0,59.3,44.865855165056665,204.13255052146877,204.01077742737567,163.7941581766937,172.79653778967315,44.865855165056665,0.2437357042446386,0.1748879004810497,0.1321371755486389,0.0,0.0,0.0,0.0
2026-09-28 06:00:00,30,48,2026-10-13 06:00:00,15 days 00:00:00,360,20.61,137.98,978.4,64.2,23.82871518670805,149.56238492634964,147.22500478312486,124.36559820612013,127.00257121330104,44.37080722914115,45.49864913612191,37.321779270698016,39.18506053208935,0.0,0.1096786561994491,23.82871518670805,0.0
2026-09-28 06:00:00,31,48,2026-10-10 12:00:00,12 days 06:00:00,294,14.87,-82.01,1004.5,26.1,155.43414565765943,0.0,0.0,0.0,0.0,0.0,0.0,0.0,0.0,0.0,0.0,0.0,0.0
2026-09-28 06:00:00,31,48,2026-10-10 18:00:00,12 days 12:00:00,300,15.19,-82.26,1004.3,25.9,133.46574943160948,0.0,0.0,0.0,0.0,0.0,0.0,0.0,0.0,0.0,0.0,0.0,0.0
2026-09-28 06:00:00,31,48,2026-10-11 00:00:00,12 days 18:00:00,306,15.61,-82.31,1005.8,32.3,110.72396188647326,0.0,0.0,0.0,0.0,0.0,0.0,0.0,0.0,0.0,0.0,0.0,0.0
2026-09-28 06:00:00,31,48,2026-10-11 06:00:00,13 days 00:00:00,312,15.98,-82.11,1002.9,27.2,111.07914308036916,0.0,0.0,0.0,0.0,0.0,0.0,0.0,0.0,0.0,0.0,0.0,0.0
2026-09-28 06:00:00,31,48,2026-10-11 12:00:00,13 days 06:00:00,318,17.39,-82.29,1005.0,37.1,119.68219458241344,119.68219458241344,59.30756367493605,39.67154263526304,53.645498816867686,0.0,0.0,0.0,0.0,0.0,0.0,0.0,0.0
2026-09-28 06:00:00,31,48,2026-10-11 18:00:00,13 days 12:00:00,324,17.97,-81.63,1004.1,35.1,80.84763367053847,80.84763367053847,11.15221721555723,0.0,0.303546858701317,0.0,0.0,0.0,0.0,0.0,0.0,0.0,0.0
2026-09-28 06:00:00,31,48,2026-10-12 00:00:00,13 days 18:00:00,330,18.6,-81.17,1003.8,33.1,109.7954478237615,0.0,0.0,0.0,0.0,0.0,0.0,0.0,0.0,0.0,0.0,0.0,0.0
2026-09-28 06:00:00,31,48,2026-10-12 06:00:00,14 days 00:00:00,336,18.88,-81.11,1002.5,40.0,130.67169685032547,130.67169685032547,11.11728994770607,0.0,6.924704783909235,0.0,0.0,0.0,0.0,0.0,0.0,0.0,0.0
2026-09-28 06:00:00,31,48,2026-10-12 12:00:00,14 days 06:00:00,342,19.73,-79.92,996.1,45.6,75.95312687980737,75.95312687980737,11.92168578156692,0.0,12.125428159748026,0.0,0.0,0.0,0.0,0.0,0.0,0.0,0.0
2026-09-28 06:00:00,31,48,2026-10-12 18:00:00,14 days 12:00:00,348,20.28,-79.03,997.4,45.6,135.65634218926783,230.46525863335128,223.03618207654813,176.17531158114815,192.81450498604784,0.0,0.0,0.0,0.0,0.0,0.0,0.0,0.0
2026-09-28 06:00:00,31,48,2026-10-13 00:00:00,14 days 18:00:00,354,21.12,-77.83,991.7,54.5,46.139283797902905,134.27130177372624,131.7734234273774,82.72808253108278,93.67186044026523,54.32648839502099,52.19610081359224,33.281808091825766,39.531771741034575,0.0,0.0,0.0,0.0
2026-09-28 06:00:00,31,48,2026-10-13 06:00:00,15 days 00:00:00,360,21.49,-76.32,994.9,49.5,35.839721435418,155.47618179909364,142.23409730922822,98.26738209238158,99.55619945370904,0.0,0.0,0.0,0.0,0.0,0.0,0.0,0.0
2026-09-28 06:00:00,AL062026,48,2026-09-28 06:00:00,0 days 00:00:00,0,28.3,-43.8,1012.0,25.0,56.0,0.0,0.0,0.0,0.0,0.0,0.0,0.0,0.0,0.0,0.0,0.0,0.0
2026-09-28 06:00:00,AL912026(2),48,2026-09-28 06:00:00,0 days 00:00:00,0,36.3,-53.1,1013.0,29.0,148.0,0.0,0.0,0.0,0.0,0.0,0.0,0.0,0.0,0.0,0.0,0.0,0.0
2026-09-28 06:00:00,AL912026(2),48,2026-09-28 12:00:00,0 days 06:00:00,6,36.47,-51.05,1000.2,50.4,56.53593881860352,8.168857200652859,56.53593881860352,56.53593881860352,0.0,0.0,0.3316574658997897,56.53593881860352,0.0,0.0,0.0,0.0,0.0
2026-09-28 06:00:00,AL912026(2),48,2026-09-28 18:00:00,0 days 12:00:00,12,36.29,-49.54,1003.3,47.6,58.98898074341825,58.98898074341825,29.351257695131736,5.50487296256717,12.953006877487155,0.0,0.0,0.0,0.0,0.0,0.0,0.0,0.0
2026-09-28 06:00:00,AL912026(2),48,2026-09-29 00:00:00,0 days 18:00:00,18,35.87,-47.95,1002.8,41.6,81.92611194077406,81.92611194077406,12.612914774320092,4.775724422532068,6.809695589449532,0.0,0.0,0.0,0.0,0.0,0.0,0.0,0.0
2026-09-28 06:00:00,EP152026(2),48,2026-09-28 06:00:00,0 days 00:00:00,0,16.4,-160.8,929.0,134.0,28.0,241.0,185.0,148.0,204.0,93.0,74.0,74.0,93.0,56.0,46.0,37.0,46.0
2026-09-28 06:00:00,EP152026(2),48,2026-09-28 12:00:00,0 days 06:00:00,6,16.81,-161.69,951.5,110.1,24.766361380033874,194.43167294995044,154.10918280841935,121.30520311857435,182.9562863342432,117.70103877447106,91.87039987848814,72.6535712130341,100.7985353756368,63.30132569754134,53.45410425110483,45.628549241538046,58.11870336857356
2026-09-28 06:00:00,EP152026(2),48,2026-09-28 18:00:00,0 days 12:00:00,12,17.01,-162.21,962.2,105.3,19.172785116164302,149.02892335807525,128.46160450248706,70.68353613245698,110.9540586846864,56.632731742779406,42.71336243836748,29.692573548329037,45.0630342378884,29.3688308590724,23.054191424360138,18.65897846525892,25.94316297395852
2026-09-28 06:00:00,EP152026(2),48,2026-09-29 00:00:00,0 days 18:00:00,18,18.15,-163.03,947.9,114.8,24.902011331004672,157.7929432239095,139.7195771417109,80.96636586241746,112.19511267448402,24.902011331004672,11.408750800981942,4.043163254990836,12.587009038160303,24.902011331004672,6.039275230339968,4.043163254990836,8.362166989021551
2026-09-28 06:00:00,EP152026(2),48,2026-09-29 06:00:00,1 days 00:00:00,24,19.11,-163.5,952.4,103.7,7.817759331643685,143.64880074956488,136.58990966971794,75.52418381155928,98.07164057095316,71.9727104165633,65.23168945866598,42.60827933130901,57.82515496479874,40.24217548873585,36.24298429257925,30.55603139566112,36.90367967529352
2026-09-28 06:00:00,EP152026(2),48,2026-09-29 12:00:00,1 days 06:00:00,30,19.81,-163.77,962.9,91.5,0.6267953034310807,108.96470783458123,110.57968064530496,53.66386155195641,62.92092218958044,26.546033656757707,25.405523812161,12.932698985424452,17.853389783376052,13.37884085389356,12.553939846755506,9.38731724126309,10.627124518060612
2026-09-28 06:00:00,EP152026(2),48,2026-09-29 18:00:00,1 days 12:00:00,36,21.2,-164.01,977.6,81.6,43.39187532755119,240.92534264081405,215.71952196489264,140.73292191123537,173.82781286750884,121.06942047162748,110.73012168910584,85.33752089169887,98.92073239541708,61.51529581802026,56.805838229720514,46.00417808205143,53.59015013466421
2026-09-28 06:00:00,EP152026(2),48,2026-09-30 00:00:00,1 days 18:00:00,42,22.07,-164.04,975.0,68.1,41.700997188499,190.8190469974045,179.95163209613742,140.3721963270715,141.4469939166241,7.407397508187004,41.700997188499,0.6808749706206436,5.0492475129177485,0.5765745884442551,41.700997188499,0.0,0.3755762772713956
2026-09-28 06:00:00,EP152026(2),48,2026-09-30 06:00:00,2 days 00:00:00,48,22.63,-163.78,977.8,71.5,54.70266823363068,162.5267235128739,149.45515296242934,105.302355168,125.0114628519862,76.1498007270582,66.17557587133824,51.74714673007422,62.28184191127805,54.70266823363068,32.62909065837722,27.49795938193992,30.87435753060262
2026-09-28 06:00:00,EP152026(2),48,2026-09-30 12:00:00,2 days 06:00:00,54,22.63,-163.36,982.4,57.1,68.78533709151792,302.21165711278763,297.19907360881143,257.4351382911731,264.45737203590545,68.78533709151792,20.153342269837985,15.012556376711808,17.709332797005175,0.0,0.0,0.0,0.0
2026-09-28 06:00:00,EP152026(2),48,2026-09-30 18:00:00,2 days 12:00:00,60,23.06,-163.52,992.8,48.8,44.69745578591181,222.7321323691263,213.13284908321265,167.98489223793868,194.4755007991213,0.0,0.0,0.0,0.0,0.0,0.0,0.0,0.0
2026-09-28 06:00:00,EP152026(2),48,2026-10-01 00:00:00,2 days 18:00:00,66,23.4,-163.89,982.7,63.2,48.66433315438541,122.65122967575124,100.30999987978625,66.59562965831022,102.55977651206707,48.66433315438541,22.65117411239488,16.48914137249547,21.50060190703694,0.0,0.0,0.0,0.0
2026-09-28 06:00:00,EP152026(2),48,2026-10-01 06:00:00,3 days 00:00:00,72,23.66,-164.19,989.1,51.5,71.02852516753501,194.5615137193581,164.58322405761828,143.24722699645463,169.88692885989803,2.3430199988117693,0.0,0.0,71.02852516753501,0.0,0.0,0.0,0.0
2026-09-28 06:00:00,EP152026(2),48,2026-10-01 12:00:00,3 days 06:00:00,78,23.89,-165.13,990.7,52.5,83.4377568286414,281.9236796195968,238.92411551411655,208.0192937429724,239.47929250732705,0.0,0.0,83.4377568286414,0.1731773359106228,0.0,0.0,0.0,0.0
2026-09-28 06:00:00,EP152026(2),48,2026-10-01 18:00:00,3 days 12:00:00,84,24.01,-166.17,988.9,55.2,61.44295397113514,191.8725540372546,183.28996486720547,147.9039932356133,184.40331365320372,61.44295397113514,17.160771868609245,8.472336539357771,19.868664373541574,0.0,0.0,0.0,0.0
2026-09-28 06:00:00,EP152026(2),48,2026-10-02 00:00:00,3 days 18:00:00,90,23.98,-166.28,984.9,55.2,79.92101116622226,292.21380791055634,272.55749103607167,237.7155227562729,255.7249431610079,3.248568130833568,2.954722977402499,1.821368063911156,79.92101116622226,0.0,0.0,0.0,0.0
2026-09-28 06:00:00,EP152026(2),48,2026-10-02 06:00:00,4 days 00:00:00,96,24.17,-166.41,985.3,57.3,80.04295416815955,169.09289352599023,167.13275518904834,135.00296047599608,136.96170615811462,80.04295416815955,0.6436727765329948,0.0,0.0,0.0,0.0,0.0,0.0
2026-09-28 06:00:00,EP152026(2),48,2026-10-02 12:00:00,4 days 06:00:00,102,24.71,-166.47,983.5,60.4,65.02513898803326,155.86604462552685,146.12197601146653,118.1933363675345,130.90515282902476,65.02513898803326,16.820850052689057,12.679993139687117,16.55108652131845,0.0,0.0,0.0,0.0
2026-09-28 06:00:00,EP152026(2),48,2026-10-02 18:00:00,4 days 12:00:00,108,24.81,-166.72,981.1,62.1,65.63345942980823,177.03263604946903,160.13184994202476,126.62743235001147,145.59128247811347,108.13879361373915,100.80060898287913,83.21968696200337,88.74974087185771,0.0,0.0,0.0,0.0
2026-09-28 06:00:00,EP152026(2),48,2026-10-03 00:00:00,4 days 18:00:00,114,24.8,-166.89,981.7,56.7,75.43612708334985,126.51853591318786,107.93501270283492,98.01573527518906,106.94113325742173,1.2621097848941003,0.6352913233152542,0.1779457712754748,75.43612708334985,0.0,0.0,0.0,0.0
2026-09-28 06:00:00,EP152026(2),48,2026-10-03 06:00:00,5 days 00:00:00,120,24.84,-167.52,984.4,59.4,76.8219865273258,162.8742475984535,140.94820249513816,135.40664937397895,155.7064997965358,76.8219865273258,53.10618583007715,45.56991423467596,50.36337510674247,0.0,0.0,0.0,0.0
2026-09-28 06:00:00,EP152026(2),48,2026-10-03 12:00:00,5 days 06:00:00,126,24.68,-168.95,983.7,60.0,63.05178309722203,254.227921772002,218.6768917666832,192.9694563394328,229.21890973121756,0.2685884597003678,0.0,0.0,63.05178309722203,0.0,0.0,0.0,0.0
2026-09-28 06:00:00,EP152026(2),48,2026-10-03 18:00:00,5 days 12:00:00,132,24.31,-170.34,981.5,64.9,24.986543273976984,130.11188588353804,101.16110264753291,77.82038982168663,115.37047462419824,24.986543273976984,10.28441282390671,3.5092331543232724,12.72645545731146,24.986543273976984,0.7400445434529181,0.0,2.0231769388791694
2026-09-28 06:00:00,EP152026(2),48,2026-10-04 00:00:00,5 days 18:00:00,138,24.37,-172.15,982.7,62.6,31.7790357311631,172.3980466669994,139.7656761861628,110.40939464089575,150.49237883367783,31.7790357311631,9.518596649871045,6.401982539346654,13.758055158155043,0.0,0.0,0.0,0.0
2026-09-28 06:00:00,EP152026(2),48,2026-10-04 06:00:00,6 days 00:00:00,144,24.47,-173.43,985.6,59.3,43.25727250343183,113.16191505967464,86.52345337866268,53.59537057830989,83.6363237557213,43.25727250343183,17.04338899720237,4.5205701377331655,15.055063076822575,0.0,0.0,0.0,0.0
2026-09-28 06:00:00,EP152026(2),48,2026-10-04 12:00:00,6 days 06:00:00,150,25.02,-174.83,970.4,81.4,17.90791782186292,244.207847818685,211.4839909229129,173.94892822127554,208.14635644545157,17.90791782186292,0.0,0.0,17.90791782186292,17.90791782186292,0.0,0.0,0.0
2026-09-28 06:00:00,EP152026(2),48,2026-10-04 18:00:00,6 days 12:00:00,156,25.61,-175.8,979.2,69.8,56.69912184586997,242.6859118724324,211.3006517462602,165.8536050433538,196.7787815068145,56.69912184586997,1.4703200162318382,0.0,1.3087761234016568,56.69912184586997,0.0784842052648429,0.0,0.0525560417971533
2026-09-28 06:00:00,EP152026(2),48,2026-10-05 00:00:00,6 days 18:00:00,162,26.61,-177.0,981.8,69.5,31.37302010228451,150.27157485394747,121.89440296813288,80.04517020960247,109.492768620475,31.37302010228451,0.4911662115764428,0.0,2.5212356600474752,31.37302010228451,0.0,0.0,0.1161601714068167
2026-09-28 06:00:00,EP152026(2),48,2026-10-05 06:00:00,7 days 00:00:00,168,27.33,-177.75,978.4,65.5,52.83369513046655,236.93197543372185,211.06646456705607,149.0791478470537,186.42980480530045,66.46830341742316,59.0945777776756,45.2937371164261,52.21907304268141,52.83369513046655,0.0,0.0,0.325361574102625
2026-09-28 06:00:00,EP152026(2),48,2026-10-05 12:00:00,7 days 06:00:00,174,28.13,-178.71,977.3,72.7,29.444619190889732,162.73178309181606,140.0687401409505,102.65678001427432,128.94209935487763,29.444619190889732,2.898636387870196,0.0,2.231308324984375,29.444619190889732,0.4061805967407574,0.0,0.7576354037822395
2026-09-28 06:00:00,EP152026(2),48,2026-10-05 18:00:00,7 days 12:00:00,180,28.73,-179.29,987.5,59.1,62.34227978169443,209.16284435906493,193.23928490463945,152.27748324421526,153.89605999299306,146.7633935671454,142.83975769125612,117.23928956080336,120.94441570621656,0.0,0.0,0.0,0.0
2026-09-28 06:00:00,EP152026(2),48,2026-10-06 00:00:00,7 days 18:00:00,186,28.82,-179.59,976.6,79.1,56.78252911036037,174.47814829727525,156.70728195414682,134.00373936440386,149.79551041880248,56.78252911036037,0.0,0.0,56.78252911036037,56.78252911036037,0.0,0.0,0.0
2026-09-28 06:00:00,EP152026(2),48,2026-10-06 06:00:00,8 days 00:00:00,192,28.57,-179.92,974.4,73.9,44.34857979809164,200.93363822981016,184.2803897819701,166.63786639152073,185.473242322926,1.9750743761490452,0.3990895562975005,44.34857979809164,44.34857979809164,0.0,0.0,44.34857979809164,0.0
2026-09-28 06:00:00,EP152026(2),48,2026-10-06 12:00:00,8 days 06:00:00,198,27.64,179.58,986.2,56.0,18.87677221419663,89.93191327585248,55.61678513116978,58.94533758082982,88.60016450488611,18.87677221419663,0.0,0.0,0.9345321947055174,0.0,0.0,0.0,0.0
2026-09-28 06:00:00,EP152026(2),48,2026-10-06 18:00:00,8 days 12:00:00,204,27.29,179.37,981.9,63.1,17.408656093232032,176.4928360919618,141.2681125033639,137.6417075873395,150.163965306008,17.408656093232032,0.0,0.0,1.3323538638747632,0.0,0.0,0.0,0.0
2026-09-28 06:00:00,EP152026(2),48,2026-10-07 00:00:00,8 days 18:00:00,210,26.04,178.96,975.5,73.3,32.21937718000822,75.76182377612116,64.44979652046146,62.85818414585515,79.28447937059815,0.0,0.0,0.0511483330273598,32.21937718000822,0.0,0.0,0.0511483330273598,32.21937718000822
2026-09-28 06:00:00,EP152026(2),48,2026-10-07 06:00:00,9 days 00:00:00,216,24.83,178.29,984.9,62.4,52.10133623484023,212.0359006463013,183.3460446300497,152.55130036504136,180.63345807978988,52.10133623484023,2.3314081591400284,0.46328123038144,1.300088622225243,0.0,0.0,0.0,0.0
2026-09-28 06:00:00,EP152026(2),48,2026-10-07 12:00:00,9 days 06:00:00,222,23.77,177.35,986.8,54.2,59.911616550824334,73.01834917014406,59.76245318615216,46.43023822676588,71.76222772796933,59.911616550824334,0.0,0.0,0.117038832151799,0.0,0.0,0.0,0.0
2026-09-28 06:00:00,EP152026(2),48,2026-10-07 18:00:00,9 days 12:00:00,228,22.83,176.04,987.9,54.4,80.90139694571998,208.2799817957299,168.86070460885787,142.72364672392692,184.93512862546947,80.90139694571998,0.0,0.0,2.401287515915743,0.0,0.0,0.0,0.0
2026-09-28 06:00:00,EP152026(2),48,2026-10-08 00:00:00,9 days 18:00:00,234,21.6,174.71,966.8,81.7,31.94411706727158,108.17704333195482,71.70573892244208,62.21422262311795,111.59490384866152,31.94411706727158,0.0,0.0,31.94411706727158,0.9529646450667556,0.0,0.0,31.94411706727158
2026-09-28 06:00:00,EP152026(2),48,2026-10-08 06:00:00,10 days 00:00:00,240,20.56,173.37,966.8,80.4,36.258639221672,180.36905895437707,139.91570726272707,137.55290599323817,160.73896462587882,36.258639221672,7.431626065987066,1.5132914290297386,36.258639221672,2.960490231772269,1.387504938759668,0.9444812693674418,36.258639221672
2026-09-28 06:00:00,EP152026(2),48,2026-10-08 12:00:00,10 days 06:00:00,246,19.48,172.05,958.6,95.2,6.088287735042176,160.89731322761097,120.69268315197,121.48562391463336,169.21792595538136,78.25204386960391,65.08827182061853,55.4437605581245,72.17163385934455,41.64991712694995,36.93218825891989,31.195357229109437,37.30053653645351
2026-09-28 06:00:00,EP152026(2),48,2026-10-08 18:00:00,10 days 12:00:00,252,18.8,170.74,966.7,89.8,4.433928856865357,110.63483653902446,90.40560463829138,86.78180792800052,108.3228798274274,18.77059411264568,14.1303136475612,6.708065011190934,17.212316412491006,9.240560304862244,5.236284624933759,4.004070073014894,8.488600664593168
2026-09-28 06:00:00,EP152026(2),48,2026-10-09 00:00:00,10 days 18:00:00,258,18.15,169.26,958.4,99.2,7.251730581875115,98.49426780455217,66.53562441385459,60.23480972713188,100.09181790001496,10.11226308309288,0.0,0.0,7.098943366981299,7.251730581875115,0.0,0.0,2.8371477962724816
2026-09-28 06:00:00,EP152026(2),48,2026-10-09 06:00:00,11 days 00:00:00,264,17.53,168.29,963.7,95.6,31.88265161340749,135.8761193099291,117.6761415768841,115.6978975577228,142.16831262798928,78.33945225301147,67.42385518936749,54.28470721691366,73.60729940612077,42.86936208654405,36.15123250191809,30.7033475827446,38.10486853512646
2026-09-28 06:00:00,EP152026(2),48,2026-10-09 12:00:00,11 days 06:00:00,270,17.17,166.95,950.3,103.0,30.35769620753655,204.606020083773,165.97806584051708,171.98521911096572,209.56881706175776,120.9948675440984,106.6202524923156,92.79698468869682,108.64028634904376,64.52491625240246,58.068029266059,51.772448820489686,58.96922904855184
2026-09-28 06:00:00,EP152026(2),48,2026-10-09 18:00:00,11 days 12:00:00,276,16.53,166.2,955.8,105.9,26.31405103604336,155.9470707682142,131.11461962371044,141.6097110541759,171.4114932316811,91.22288802023212,78.13390007274336,67.42410217203857,83.97799002953937,50.5740132645837,43.28726663785439,39.35795490574054,46.20803459326907
2026-09-28 06:00:00,EP152026(2),48,2026-10-10 00:00:00,11 days 18:00:00,282,16.31,165.46,950.6,107.9,0.1262278245861168,91.60717749799232,81.29636317937957,92.66726645086892,113.86721886683613,37.08647399114766,28.188093933860507,22.4335005854623,36.30084267958373,21.51192838826765,16.54929939645836,15.313907329897654,19.307126209814044
2026-09-28 06:00:00,EP152026(2),48,2026-10-10 06:00:00,12 days 00:00:00,288,16.14,164.63,946.6,107.4,0.0,201.22487716621896,158.51292403395138,135.10105881766066,199.13174040096047,114.79412276288063,90.6016365437746,71.64992657420615,99.4006065021962,58.49588690222896,47.91092890309157,41.077111358993164,52.64703083755889
2026-09-28 06:00:00,EP152026(2),48,2026-10-10 12:00:00,12 days 06:00:00,294,16.57,164.16,963.8,88.4,18.379859805232694,137.1251703770928,101.98703028408072,69.27421708213461,112.0904825509868,58.62918079524425,41.244187629771226,29.42861410147169,49.87620577489639,27.54494029744078,20.8313941830309,17.074151895537764,24.069073978126397
2026-09-28 06:00:00,EP152026(2),48,2026-10-10 18:00:00,12 days 12:00:00,300,17.44,163.74,945.8,102.0,32.36180895467252,287.2489613680856,289.2438662778917,234.78222645612607,224.4823755112537,32.36180895467252,32.36180895467252,0.0,0.0,32.36180895467252,0.6036396692527797,0.0,0.0
2026-09-28 06:00:00,EP152026(2),48,2026-10-11 00:00:00,12 days 18:00:00,306,17.99,162.79,953.2,101.0,12.293865947632696,211.94666230441248,198.39134345852503,128.9756047782809,148.76776728768505,51.6135339655911,45.928680336828535,26.86217983987393,40.56771295140666,26.614796738510563,22.29010933840057,17.412353098744653,22.193012799309717
2026-09-28 06:00:00,EP152026(2),48,2026-10-11 06:00:00,13 days 00:00:00,312,19.05,161.99,953.3,102.6,0.0,157.69532778188727,163.90165686816312,110.12474079730131,110.39527713001766,23.74115509845719,19.46112086905954,3.246258662061397,14.006641295918577,10.612313939636458,6.351508362438961,2.253507788357917,7.3243790686046335
2026-09-28 06:00:00,EP152026(2),48,2026-10-11 12:00:00,13 days 06:00:00,318,19.79,161.27,955.1,95.8,0.0,145.0560375733186,141.38467053029672,95.23613325815766,115.04130215977912,7.608612013088619,2.309511282499919,0.0,2.531879330336805,1.9836257364830423,0.1026083686957655,0.0,1.779767261973328
2026-09-28 06:00:00,EP152026(2),48,2026-10-11 18:00:00,13 days 12:00:00,324,21.02,160.38,966.6,80.9,17.316489410582136,259.9803537446944,240.46375225219973,162.7733686798528,205.04946265009124,135.292971010704,113.63243639515268,81.15459521331923,108.1843780758652,64.63562408750379,55.83292965627172,42.30509872819638,54.27365226778829
2026-09-28 06:00:00,EP152026(2),48,2026-10-12 00:00:00,13 days 18:00:00,330,22.39,159.23,928.2,123.0,0.0,188.69862703995625,187.1841622638165,139.30564911626578,160.09152633155068,8.007340864118788,0.2495557176276677,0.0,2.615718716989676,2.4360814747928883,0.2495557176276677,0.0,2.615718716989676
2026-09-28 06:00:00,EP152026(2),48,2026-10-12 06:00:00,14 days 00:00:00,336,23.78,158.23,935.0,125.8,11.153004923883811,207.7423600922584,187.1370267768324,128.21850027655222,162.52217144011257,84.70857458842903,78.726249815292,51.50875631417848,67.47029355874122,45.67268462518393,39.92896321203408,31.59862276645656,39.56128145463924
2026-09-28 06:00:00,EP152026(2),48,2026-10-12 12:00:00,14 days 06:00:00,342,25.21,156.69,960.9,96.8,18.22695150776605,227.06861084130736,178.94481125126316,129.35553063402955,189.91682111758536,42.60720011196108,26.67090761293213,12.43639030200818,34.8326842838035,18.22695150776605,12.43485645655296,7.42634676315018,14.156063476077865
2026-09-28 06:00:00,EP152026(2),48,2026-10-12 18:00:00,14 days 12:00:00,348,25.72,155.2,958.8,90.8,11.506683974301955,115.56581847928824,112.02833231256096,75.59387557011473,74.08389110106172,20.14282958550906,16.857833165916823,4.331927450957293,12.16414944421613,11.506683974301955,4.714210594592037,1.587927246282371,5.597231577886168
2026-09-28 06:00:00,EP152026(2),48,2026-10-13 00:00:00,14 days 18:00:00,354,26.43,153.68,970.5,76.8,12.620079949480935,200.86821559663517,173.65076963355773,127.51154217788394,175.81430920102156,29.356753622802326,20.38026278320457,10.43322363955015,20.115384701168423,12.620079949480935,1.3916276427847225,0.0,2.3110112231319797
2026-09-28 06:00:00,EP152026(2),48,2026-10-13 06:00:00,15 days 00:00:00,360,26.71,152.52,975.2,67.8,9.798887117493669,79.89661612756541,55.19771510217952,37.33541925579651,67.70396143434877,15.834841244075925,7.5465274324534946,1.7054033602093366,13.0560740236393,9.798887117493669,2.394561026906767,0.0,4.10897767863225
2026-09-28 06:00:00,EP172026,48,2026-09-28 06:00:00,0 days 00:00:00,0,23.2,-114.0,955.0,105.0,28.0,167.0,148.0,148.0,148.0,102.0,93.0,83.0,83.0,65.0,65.0,65.0,65.0
2026-09-28 06:00:00,EP172026,48,2026-09-28 12:00:00,0 days 06:00:00,6,24.06,-113.79,959.9,90.0,38.983849547028704,181.60728185764395,183.5584796789256,118.12038586318576,122.13001060473157,90.35852081515918,85.24850798178821,63.27573613813421,70.36502011374276,48.18469896880305,45.51462636285876,37.11560922585405,41.66053581082164
2026-09-28 06:00:00,EP172026,48,2026-09-28 18:00:00,0 days 12:00:00,12,24.89,-113.56,961.5,92.8,28.073552409903648,176.83163992969196,206.0728636636796,144.19585424603997,133.76392155623972,93.93460022942702,96.4286244377694,75.84357572461033,77.720422647023,51.53391613324055,49.22369413623616,41.66986752398739,45.22452914839465
2026-09-28 06:00:00,EP172026,48,2026-09-29 00:00:00,0 days 18:00:00,18,25.57,-112.91,967.5,81.8,36.71690848816888,134.88757003238015,160.88934118931638,114.9359404477034,88.41232506298866,61.69294362958021,68.41397360196265,55.19102259438501,47.29514609553576,34.17101730724414,36.71690848816888,31.920485323438527,30.73430660541294
2026-09-28 06:00:00,EP172026,48,2026-09-29 06:00:00,1 days 00:00:00,24,26.14,-112.15,976.2,76.6,17.38905629809375,182.17973654213228,192.70353375915855,128.28263011870322,134.63155928089787,92.58795231458232,91.85386428487853,69.38239992154162,73.18724481691237,44.80926382941352,44.569823109778525,38.678396808955256,39.064222586243375
2026-09-28 06:00:00,EP172026,48,2026-09-29 12:00:00,1 days 06:00:00,30,27.51,-111.33,988.7,57.2,48.96479115615932,114.46732670424636,127.0478552714482,82.6558445242861,67.10185865029452,6.248296264028314,48.96479115615932,3.597597123151834,2.2638060523146377,0.0,0.0,0.0,0.0
2026-09-28 06:00:00,EP172026,48,2026-09-29 18:00:00,1 days 12:00:00,36,29.41,-109.67,990.5,40.1,72.3204363682192,108.14778953273012,87.40217605853532,61.68906969899294,92.228151121719,0.0,0.0,0.0,0.0,0.0,0.0,0.0,0.0
2026-09-28 06:00:00,EP182026,48,2026-09-28 06:00:00,0 days 00:00:00,0,13.2,-100.0,1001.0,41.0,93.0,222.0,185.0,148.0,222.0,0.0,0.0,0.0,0.0,0.0,0.0,0.0,0.0
2026-09-28 06:00:00,EP182026,48,2026-09-28 12:00:00,0 days 06:00:00,6,13.43,-100.77,991.9,56.0,44.37042247645587,97.35352327138988,80.32254909558836,54.89854453097638,83.06580292681555,44.37042247645587,21.796852460960707,17.006059576159345,19.362517970850035,0.0,0.0,0.0,0.0
2026-09-28 06:00:00,EP182026,48,2026-09-28 18:00:00,0 days 12:00:00,12,13.87,-101.31,993.9,46.6,54.41414165470712,105.47411159596336,81.10017725252828,53.491838413396266,79.96073408102943,0.0,0.0,0.0,0.0,0.0,0.0,0.0,0.0
2026-09-28 06:00:00,EP182026,48,2026-09-29 00:00:00,0 days 18:00:00,18,14.39,-102.33,992.9,51.9,68.14388431407512,135.98946389374092,118.30417261890872,92.42911370503474,112.86120014606333,68.14388431407512,34.23631636331616,28.182067141440463,31.341725658016777,0.0,0.0,0.0,0.0
2026-09-28 06:00:00,EP182026,48,2026-09-29 06:00:00,1 days 00:00:00,24,15.01,-103.51,994.2,50.9,63.640900611123,143.6549666564974,120.82541428654804,93.27271266636885,117.69026276686262,63.640900611123,0.0972968569266301,0.0,1.2461393175474784,0.0,0.0,0.0,0.0
2026-09-28 06:00:00,EP182026,48,2026-09-29 12:00:00,1 days 06:00:00,30,15.8,-104.46,997.0,47.8,102.77619305060875,162.34807205331117,132.9737485308039,111.7834284864577,132.34162355071098,0.0,0.0,0.0,0.0,0.0,0.0,0.0,0.0
2026-09-28 06:00:00,EP182026,48,2026-09-29 18:00:00,1 days 12:00:00,36,16.7,-105.3,991.5,54.8,46.36197759551767,246.8373983403448,233.311128569752,203.3684718225059,221.81399558025447,107.68705797420137,105.64394663895152,90.96129879451988,93.7662457301777,0.0,0.0,0.0,0.0
2026-09-28 06:00:00,EP182026,48,2026-09-30 00:00:00,1 days 18:00:00,42,17.0,-106.31,973.3,76.8,8.790184594479364,207.85796669284932,175.6591958686115,127.50881034160967,157.324343332811,100.49898452178218,87.27431910203549,64.84029639088303,81.47154723811147,47.64377494030831,41.47144096684788,31.545020363328906,39.43612928894005
2026-09-28 06:00:00,EP182026,48,2026-09-30 06:00:00,2 days 00:00:00,48,17.68,-106.85,976.6,78.9,16.9050849450346,196.72478565189675,153.79426819580237,107.7509198438415,149.99138787692743,73.81919382627021,55.30330119235181,34.19227195980149,58.36723646192264,29.784455037180184,22.76255442434904,14.987319262378977,23.9376127802214
2026-09-28 06:00:00,EP182026,48,2026-09-30 12:00:00,2 days 06:00:00,54,18.33,-107.53,974.2,78.4,21.64011776374579,223.2072407581784,190.03239693526345,134.59993847873022,184.476958226309,107.20198234242017,88.48045197502029,61.95009834806534,87.10855346284987,49.05348568951072,41.00137259889193,31.302470816053688,40.89786311300581
2026-09-28 06:00:00,EP182026,48,2026-09-30 18:00:00,2 days 12:00:00,60,18.88,-107.92,966.5,92.6,16.70318967094986,164.6141076462349,136.77222097251894,118.00028406868532,150.0507936112608,83.03606403723448,68.66289654783215,53.90367487153252,75.77106228962809,40.71625128803574,35.521404244647336,28.39977633613981,35.27574729217942
2026-09-28 06:00:00,EP182026,48,2026-10-01 00:00:00,2 days 18:00:00,66,18.84,-108.14,958.7,101.4,24.67552560181433,188.65424234989416,168.45417081777376,146.58300050094738,165.99972280577336,78.02284819308753,67.4115330549109,52.106545338070255,68.14009502280467,40.05912103296305,35.20139520523189,27.194966833514435,34.12735842266821
2026-09-28 06:00:00,EP182026,48,2026-10-01 06:00:00,3 days 00:00:00,72,19.09,-108.42,978.7,72.8,32.61080042095978,170.16297378862356,163.283391598131,140.8209233932276,159.12803734619757,90.79954965133868,82.32746032387234,65.3765009827705,78.38489585395945,43.692206914368604,39.71840481830318,32.028843564642465,37.11366949819109
2026-09-28 06:00:00,EP182026,48,2026-10-01 12:00:00,3 days 06:00:00,78,18.97,-108.39,981.8,69.6,29.99563641815968,146.26552283976503,136.84129477356794,97.665768956684,114.86181961258885,63.160347461512245,57.22873356622782,39.298832398142416,50.25087789907965,29.99563641815968,24.24159241129272,17.94125625440557,22.363624108151512
2026-09-28 06:00:00,EP182026,48,2026-10-01 18:00:00,3 days 12:00:00,84,19.31,-108.42,981.2,71.3,54.96213160374673,186.7691136055833,177.9660833216205,151.16089454970216,167.77925759068148,96.13308300051492,86.60931250953507,67.2773366558905,78.82586012121047,54.96213160374673,39.48567278699517,32.69232067660707,37.01821324711271
2026-09-28 06:00:00,EP182026,48,2026-10-02 00:00:00,3 days 18:00:00,90,19.37,-108.6,984.4,65.7,7.950668236533076,103.94957452596591,101.2670572452538,81.60018089488119,79.51341645537397,33.05543399996419,33.035724215939034,20.354080386427476,24.87317177689419,11.16175737930642,10.7526115072176,7.764381614232821,8.77319322037409
2026-09-28 06:00:00,EP182026,48,2026-10-02 06:00:00,4 days 00:00:00,96,19.46,-108.75,977.7,64.6,18.91281876446751,177.8919511431342,170.5359772294765,152.10700024550664,163.31064550315983,58.71559458249045,53.598565714910535,40.59803450178517,49.44517758922364,18.91281876446751,11.833045039107091,8.51935695960255,10.793282783437396
2026-09-28 06:00:00,EP182026,48,2026-10-02 12:00:00,4 days 06:00:00,102,19.61,-108.68,984.8,63.6,49.6881644821054,113.03527409736805,103.89640476173062,69.60690642175743,88.26929375362985,49.6881644821054,28.651672090020767,16.806356148962614,23.62988999495178,0.0,0.0,0.0,0.0
2026-09-28 06:00:00,EP182026,48,2026-10-02 18:00:00,4 days 12:00:00,108,19.75,-109.03,989.6,62.9,53.24206707232757,80.54012693765577,69.16951832264043,32.3923209235305,53.24206707232757,0.0,0.0,0.0,53.24206707232757,0.0,0.0,0.0,0.0
2026-09-28 06:00:00,EP182026,48,2026-10-03 00:00:00,4 days 18:00:00,114,19.97,-109.6,976.6,74.8,15.480109152234538,159.67427230762155,139.8231897976172,108.82209302227596,122.10839803005578,73.3037394326183,63.94170272975474,47.06602203223235,59.67697735131409,33.38462741894145,28.844889207192725,21.55792566394888,27.295216758009413
2026-09-28 06:00:00,EP182026,48,2026-10-03 06:00:00,5 days 00:00:00,120,20.12,-109.8,981.3,62.9,26.53193091801593,114.4278415259014,88.19619078200199,67.54482079275424,96.8863338317296,26.53193091801593,16.089667341363807,8.384785903106572,19.780021378456038,0.0,0.0,0.0,0.0
2026-09-28 06:00:00,EP182026,48,2026-10-03 12:00:00,5 days 06:00:00,126,20.14,-110.13,974.8,76.2,44.52265882044412,181.59934078036167,181.6085321038336,154.99048489884626,165.13675261092067,44.52265882044412,1.3007877913555603,0.0,44.52265882044412,0.0,0.0,0.0,44.52265882044412
2026-09-28 06:00:00,EP182026,48,2026-10-03 18:00:00,5 days 12:00:00,132,20.51,-109.73,979.4,71.0,7.044272677090211,135.48393157084527,145.10173796815704,111.23714041606296,113.5786927871008,68.12482273355495,61.87738363730019,45.54041475458238,56.79569511439048,31.316247093984448,27.970621075769596,20.331019331350102,25.059400869989368
2026-09-28 06:00:00,EP182026,48,2026-10-04 00:00:00,5 days 18:00:00,138,20.44,-109.75,969.0,83.8,16.742650597182042,153.71789761063235,154.49643727006122,121.66603661089653,121.08505730992908,72.81032575334271,72.82911246533479,58.183922907363176,60.93555258973747,37.763801127992586,36.68186186695395,31.20807225632432,32.48197271102083
2026-09-28 06:00:00,EP182026,48,2026-10-04 06:00:00,6 days 00:00:00,144,20.9,-109.76,959.6,99.8,36.00522685744885,170.66167993453757,181.3682059448672,125.40692958690757,122.82283307312306,62.13995375815598,61.74236839958576,46.26407292049049,48.98196396960049,36.00522685744885,31.07911164505157,25.84415567316937,27.32278492645267
2026-09-28 06:00:00,EP182026,48,2026-10-04 12:00:00,6 days 06:00:00,150,21.33,-110.05,951.7,108.5,18.40152291172721,185.51693412585425,169.39819756825156,95.14595256138846,143.22670301559947,78.59580955498905,65.50507809037651,45.60091631983512,62.41928119679389,36.77550575508381,32.82490145527207,26.123368552397658,31.06088190929356
2026-09-28 06:00:00,EP182026,48,2026-10-04 18:00:00,6 days 12:00:00,156,21.72,-110.06,959.7,93.4,13.940001099192685,155.2732442615042,130.2409346818074,112.02139231387466,122.37331360956036,13.940001099192685,0.4725468460137707,0.2025362101063339,4.472261709747179,13.940001099192685,0.4725468460137707,0.0,0.9019233393590748
2026-09-28 06:00:00,EP182026,48,2026-10-05 00:00:00,6 days 18:00:00,162,22.18,-110.49,957.2,99.8,20.098221849708704,172.72313126143086,146.84169526998085,114.75435988902396,141.9139602137462,81.04065161138756,67.36482063716198,51.08345991364838,71.45836055538172,41.55628852363248,35.85119285807756,27.73618124363705,35.982876628138555
2026-09-28 06:00:00,EP182026,48,2026-10-05 06:00:00,7 days 00:00:00,168,22.75,-111.04,966.5,85.7,5.152147096490545,163.33455191273026,128.70099009581082,107.04079173440786,154.12286118822502,85.36619973762969,72.75579745514287,63.389499144027184,73.53138622084828,43.39812118608455,41.03583652991104,34.723672807427064,39.35559332087831
2026-09-28 06:00:00,EP182026,48,2026-10-05 12:00:00,7 days 06:00:00,174,22.77,-111.7,949.3,108.4,17.93635014386286,152.58587253083755,124.12692447094084,103.30595214878846,150.2986938024251,80.12127572515519,59.80083254989116,49.62142132448331,72.94180240490745,42.62293368002866,35.112908827232054,27.76009994022631,37.191700265190576
2026-09-28 06:00:00,EP182026,48,2026-10-05 18:00:00,7 days 12:00:00,180,23.44,-112.52,969.9,83.9,24.419043472918396,146.6353093660168,114.311858872607,100.89585329180149,139.68157803289094,72.75414445029631,58.71311626887331,49.92412620528977,68.69025878943029,39.73864178588404,33.31857389175562,26.222680497526923,34.385953847262805
2026-09-28 06:00:00,EP182026,48,2026-10-06 00:00:00,7 days 18:00:00,186,23.62,-113.39,968.0,86.3,9.484245976297174,132.5714232431903,120.46574491665773,107.5874584027217,131.40593002185443,69.45309646140768,58.20772463385367,46.89847890492752,60.4640692625232,35.110007342555164,30.0092847813822,23.35450453412297,29.718855046016003
2026-09-28 06:00:00,EP182026,48,2026-10-06 06:00:00,8 days 00:00:00,192,23.71,-114.16,982.7,65.9,32.689274612481086,140.14546778639942,107.28156641016449,90.57952564777996,130.6674069680871,65.67405041192592,51.08109754968018,36.213179948624656,55.93134281462381,32.689274612481086,22.8293963898127,16.857532129432798,24.055319067014462
2026-09-28 06:00:00,EP182026,48,2026-10-06 12:00:00,8 days 06:00:00,198,23.5,-114.56,990.3,61.0,9.325615798471093,84.96214186143487,70.05364318144451,61.14726059224815,77.17481105412455,0.449327051299937,0.0,0.0,9.325615798471093,0.0,0.0,0.0,0.0
2026-09-28 06:00:00,EP182026,48,2026-10-06 18:00:00,8 days 12:00:00,204,23.56,-114.69,997.2,40.1,40.92100272185734,119.19397690847552,104.71723160755592,83.91012903277742,91.0115913616797,0.0,0.0,0.0,0.0,0.0,0.0,0.0,0.0
2026-09-28 06:00:00,EP182026,48,2026-10-07 00:00:00,8 days 18:00:00,210,23.69,-115.12,1001.5,33.8,63.524969585711965,0.0,0.0,0.0,0.0,0.0,0.0,0.0,0.0,0.0,0.0,0.0,0.0
2026-09-28 06:00:00,EP182026,48,2026-10-07 06:00:00,9 days 00:00:00,216,23.76,-115.43,998.0,35.4,68.66115695619237,0.0,0.0,0.3253213444391782,68.66115695619237,0.0,0.0,0.0,0.0,0.0,0.0,0.0,0.0
2026-09-28 06:00:00,EP182026,48,2026-10-07 12:00:00,9 days 06:00:00,222,23.15,-115.83,999.0,35.0,59.3225877928854,59.3225877928854,33.46644529952236,27.250166827007632,43.28163650929439,0.0,0.0,0.0,0.0,0.0,0.0,0.0,0.0
2026-09-28 06:00:00,EP182026,48,2026-10-07 18:00:00,9 days 12:00:00,228,23.01,-116.32,1001.8,27.0,118.92507919796034,0.0,0.0,0.0,0.0,0.0,0.0,0.0,0.0,0.0,0.0,0.0,0.0
2026-09-28 06:00:00,EP182026,48,2026-10-08 00:00:00,9 days 18:00:00,234,22.81,-116.85,1000.5,33.0,94.77300346538516,0.0,0.0,0.0,0.0,0.0,0.0,0.0,0.0,0.0,0.0,0.0,0.0
2026-09-28 06:00:00,EP182026,48,2026-10-08 06:00:00,10 days 00:00:00,240,22.43,-117.48,1003.1,27.4,106.587133799723,0.0,0.0,0.0,0.0,0.0,0.0,0.0,0.0,0.0,0.0,0.0,0.0
2026-09-28 06:00:00,EP182026,48,2026-10-08 12:00:00,10 days 06:00:00,246,22.32,-117.86,1003.9,28.6,112.043489055457,0.0,0.0,0.0,0.0,0.0,0.0,0.0,0.0,0.0,0.0,0.0,0.0
2026-09-28 06:00:00,EP182026,48,2026-10-08 18:00:00,10 days 12:00:00,252,22.1,-118.38,1002.9,22.0,77.62150193605655,0.0,0.0,0.0,0.0,0.0,0.0,0.0,0.0,0.0,0.0,0.0,0.0
2026-09-28 06:00:00,EP182026,48,2026-10-09 00:00:00,10 days 18:00:00,258,21.63,-118.76,1006.8,20.7,111.51240805775184,0.0,0.0,0.0,0.0,0.0,0.0,0.0,0.0,0.0,0.0,0.0,0.0
2026-09-28 06:00:00,EP182026,48,2026-10-09 06:00:00,11 days 00:00:00,264,21.22,-119.3,1006.4,24.8,115.94911726173564,0.0,0.0,0.0,0.0,0.0,0.0,0.0,0.0,0.0,0.0,0.0,0.0
2026-09-28 06:00:00,EP182026,48,2026-10-09 12:00:00,11 days 06:00:00,270,20.8,-120.02,1006.6,19.2,113.58860448876864,0.0,0.0,0.0,0.0,0.0,0.0,0.0,0.0,0.0,0.0,0.0,0.0
2026-09-28 06:00:00,EP182026,48,2026-10-09 18:00:00,11 days 12:00:00,276,20.32,-120.61,1008.9,19.9,135.09971855444326,0.0,0.0,0.0,0.0,0.0,0.0,0.0,0.0,0.0,0.0,0.0,0.0
2026-09-28 06:00:00,EP182026,48,2026-10-10 00:00:00,11 days 18:00:00,282,19.79,-120.66,1006.1,21.8,74.1277908987388,0.0,0.0,0.0,0.0,0.0,0.0,0.0,0.0,0.0,0.0,0.0,0.0
2026-09-28 06:00:00,EP182026,48,2026-10-10 06:00:00,12 days 00:00:00,288,19.47,-120.88,1007.3,18.9,70.75624763151771,0.0,0.0,0.0,0.0,0.0,0.0,0.0,0.0,0.0,0.0,0.0,0.0
2026-09-28 06:00:00,EP182026,48,2026-10-10 12:00:00,12 days 06:00:00,294,18.94,-121.68,1007.1,19.3,129.95307202925267,0.0,0.0,0.0,0.0,0.0,0.0,0.0,0.0,0.0,0.0,0.0,0.0
2026-09-28 06:00:00,EP182026,48,2026-10-10 18:00:00,12 days 12:00:00,300,18.56,-122.32,1006.2,25.8,93.44423033172755,0.0,0.0,0.0,0.0,0.0,0.0,0.0,0.0,0.0,0.0,0.0,0.0
2026-09-28 06:00:00,EP912026(3),48,2026-09-28 06:00:00,0 days 00:00:00,0,12.7,-136.6,1005.0,29.0,93.0,0.0,0.0,0.0,0.0,0.0,0.0,0.0,0.0,0.0,0.0,0.0,0.0
2026-09-28 06:00:00,EP912026(3),48,2026-09-28 12:00:00,0 days 06:00:00,6,14.19,-137.09,1002.3,31.8,92.4905467053806,0.0,0.0,0.0,0.0,0.0,0.0,0.0,0.0,0.0,0.0,0.0,0.0
2026-09-28 06:00:00,EP912026(3),48,2026-09-28 18:00:00,0 days 12:00:00,12,14.68,-136.09,1003.0,38.6,45.55829989357259,148.4551405660315,132.3301380054881,97.6032506596539,118.3082201357976,0.0,0.0,0.0,0.0,0.0,0.0,0.0,0.0
2026-09-28 06:00:00,EP912026(3),48,2026-09-29 00:00:00,0 days 18:00:00,18,15.01,-135.41,996.6,47.4,54.19919488321512,76.85865917265937,73.47355381867686,56.96042733329489,59.31272234597489,0.0,0.0,0.0,0.0,0.0,0.0,0.0,0.0
2026-09-28 06:00:00,EP912026(3),48,2026-09-29 06:00:00,1 days 00:00:00,24,15.14,-134.55,1004.3,36.9,94.0156758349782,94.0156758349782,28.693382052826983,30.05122639027308,40.03939766403688,0.0,0.0,0.0,0.0,0.0,0.0,0.0,0.0
2026-09-28 06:00:00,EP912026(3),48,2026-09-29 12:00:00,1 days 06:00:00,30,15.61,-133.5,999.5,38.0,43.807323957021104,61.62423226540925,49.454954783251765,37.20758916685227,48.00619386149182,0.0,0.0,0.0,0.0,0.0,0.0,0.0,0.0
2026-09-28 06:00:00,EP912026(3),48,2026-09-29 18:00:00,1 days 12:00:00,36,16.14,-132.99,1004.0,30.8,54.0019235476167,0.0,0.0,0.0,0.0,0.0,0.0,0.0,0.0,0.0,0.0,0.0,0.0
2026-09-28 06:00:00,EP912026(3),48,2026-09-30 00:00:00,1 days 18:00:00,42,16.03,-131.93,1001.2,38.5,76.14943807096033,76.14943807096033,2.331589234784442,0.0,1.8876114034078932,0.0,0.0,0.0,0.0,0.0,0.0,0.0,0.0
2026-09-28 06:00:00,EP912026(3),48,2026-09-30 06:00:00,2 days 00:00:00,48,15.95,-131.93,1003.9,27.8,45.11776951112057,0.0,0.0,0.0,0.0,0.0,0.0,0.0,0.0,0.0,0.0,0.0,0.0
2026-09-28 06:00:00,EP912026(3),48,2026-09-30 12:00:00,2 days 06:00:00,54,16.72,-131.9,1005.0,29.6,59.0672742745108,0.0,0.0,0.0,0.0,0.0,0.0,0.0,0.0,0.0,0.0,0.0,0.0
2026-09-28 06:00:00,EP912026(3),48,2026-09-30 18:00:00,2 days 12:00:00,60,17.33,-132.01,1003.0,30.5,63.91181734662344,0.0,0.0,0.0,0.0,0.0,0.0,0.0,0.0,0.0,0.0,0.0,0.0
2026-09-28 06:00:00,EP912026(3),48,2026-10-01 00:00:00,2 days 18:00:00,66,17.06,-131.83,1000.7,31.8,59.47409960491528,0.0,0.0,0.0,0.0,0.0,0.0,0.0,0.0,0.0,0.0,0.0,0.0
2026-09-28 06:00:00,WP252026,48,2026-09-28 06:00:00,0 days 00:00:00,0,27.5,131.6,954.0,99.0,9.0,148.0,158.0,148.0,121.0,,,,,,,,
2026-09-28 06:00:00,WP252026,48,2026-09-28 12:00:00,0 days 06:00:00,6,27.4,132.55,972.8,73.5,4.735881219326565,55.61076801604474,93.22385141226414,77.49061575922734,26.94388600732683,3.438007055242127,17.06286187561253,10.414601598329838,0.7342992102690413,1.2021526480001503,4.735881219326565,3.120154270727552,0.0
2026-09-28 06:00:00,WP252026,48,2026-09-28 18:00:00,0 days 12:00:00,12,27.86,133.2,977.9,61.5,14.90677090485482,91.67142476809974,125.3749252711472,97.91884834417128,74.7602642903795,0.0,14.90677090485482,1.255597684485497,0.0,0.0,0.0,0.0,0.0
2026-09-28 06:00:00,WP252026,48,2026-09-29 00:00:00,0 days 18:00:00,18,28.37,133.7,994.7,47.7,76.71672007319606,36.79692482084421,76.71672007319606,7.077339771046944,16.417665212911977,0.0,0.0,0.0,0.0,0.0,0.0,0.0,0.0
2026-09-28 06:00:00,WP252026,48,2026-09-29 06:00:00,1 days 00:00:00,24,29.02,134.78,997.6,43.0,89.30776679223945,89.30776679223945,52.11298472698755,37.52977732138577,41.45894339801243,0.0,0.0,0.0,0.0,0.0,0.0,0.0,0.0
2026-09-28 06:00:00,WP252026,48,2026-09-29 12:00:00,1 days 06:00:00,30,29.71,136.1,994.1,40.8,82.71270345076714,4.72387954990792,82.71270345076714,2.481994224976781,0.0,0.0,0.0,0.0,0.0,0.0,0.0,0.0,0.0
2026-09-28 06:00:00,WP252026,48,2026-09-29 18:00:00,1 days 12:00:00,36,30.62,137.51,995.3,36.6,55.77693325720634,67.61558657274966,66.71114753668401,57.16919533189072,52.76864764743432,0.0,0.0,0.0,0.0,0.0,0.0,0.0,0.0
2026-09-28 06:00:00,WP252026,48,2026-09-30 00:00:00,1 days 18:00:00,42,31.16,138.5,997.9,34.0,108.7048639554861,0.0,0.0,0.0,0.0,0.0,0.0,0.0,0.0,0.0,0.0,0.0,0.0
2026-09-28 06:00:00,WP252026,48,2026-09-30 06:00:00,2 days 00:00:00,48,31.83,139.76,993.5,37.1,28.835731398338567,101.00091990252554,97.15410827605774,69.37100334885184,69.58207999887725,0.0,0.0,0.0,0.0,0.0,0.0,0.0,0.0
2026-09-28 06:00:00,WP252026,48,2026-09-30 12:00:00,2 days 06:00:00,54,32.71,140.88,999.2,35.3,34.54605468673917,34.54605468673917,11.19249236141854,0.0,1.2113111073051712,0.0,0.0,0.0,0.0,0.0,0.0,0.0,0.0
2026-09-28 06:00:00,WP252026,48,2026-09-30 18:00:00,2 days 12:00:00,60,34.0,142.4,996.7,42.7,31.194400038863588,93.95479047250096,85.93350449376605,67.42494242389164,66.59017902469438,0.0,0.0,0.0,0.0,0.0,0.0,0.0,0.0
2026-09-28 06:00:00,WP252026,48,2026-10-01 00:00:00,2 days 18:00:00,66,35.41,144.2,995.0,34.5,73.37024229683657,0.0,0.0,73.37024229683657,0.0,0.0,0.0,0.0,0.0,0.0,0.0,0.0,0.0
2026-09-28 06:00:00,WP252026,48,2026-10-01 06:00:00,3 days 00:00:00,72,36.47,145.86,994.0,36.3,49.31675229069942,0.0,49.31675229069942,0.0,0.0,0.0,0.0,0.0,0.0,0.0,0.0,0.0,0.0
2026-09-28 06:00:00,WP252026,48,2026-10-01 12:00:00,3 days 06:00:00,78,37.63,147.19,996.6,30.8,81.35405506245044,0.0,0.0,0.0,0.0,0.0,0.0,0.0,0.0,0.0,0.0,0.0,0.0
2026-09-28 06:00:00,WP252026,48,2026-10-01 18:00:00,3 days 12:00:00,84,39.7,151.7,992.8,40.1,73.20207513134032,156.13017346471824,145.01239130865733,119.07707152760514,126.7140908293682,0.0,0.0,0.0,0.0,0.0,0.0,0.0,0.0
2026-09-28 06:00:00,WP922026(4),48,2026-09-28 06:00:00,0 days 00:00:00,0,16.4,97.6,1001.0,29.0,64.0,0.0,0.0,0.0,0.0,0.0,0.0,0.0,0.0,0.0,0.0,0.0,0.0
2026-09-28 06:00:00,WP922026(4),48,2026-09-28 12:00:00,0 days 06:00:00,6,17.79,96.91,1001.2,34.6,80.63304269288238,80.63304269288238,0.0,0.0,0.0,0.0,0.0,0.0,0.0,0.0,0.0,0.0,0.0
2026-09-28 06:00:00,17,49,2026-10-03 18:00:00,5 days 12:00:00,132,15.36,-94.43,1007.0,21.6,68.84389383598356,0.0,0.0,0.0,0.0,0.0,0.0,0.0,0.0,0.0,0.0,0.0,0.0
2026-09-28 06:00:00,17,49,2026-10-04 00:00:00,5 days 18:00:00,138,15.19,-94.64,1005.2,27.6,131.60667361274227,0.0,0.0,0.0,0.0,0.0,0.0,0.0,0.0,0.0,0.0,0.0,0.0
2026-09-28 06:00:00,17,49,2026-10-04 06:00:00,6 days 00:00:00,144,15.62,-94.54,1002.4,29.6,54.07313750534343,0.0,0.0,0.0,0.0,0.0,0.0,0.0,0.0,0.0,0.0,0.0,0.0
2026-09-28 06:00:00,17,49,2026-10-04 12:00:00,6 days 06:00:00,150,15.51,-94.38,1003.2,29.6,85.88345321572655,0.0,0.0,0.0,0.0,0.0,0.0,0.0,0.0,0.0,0.0,0.0,0.0
2026-09-28 06:00:00,17,49,2026-10-04 18:00:00,6 days 12:00:00,156,13.98,-94.25,1005.4,24.1,75.7295284258544,0.0,0.0,0.0,0.0,0.0,0.0,0.0,0.0,0.0,0.0,0.0,0.0
2026-09-28 06:00:00,17,49,2026-10-05 00:00:00,6 days 18:00:00,162,14.48,-93.78,1008.6,20.8,96.29868808071949,0.0,0.0,0.0,0.0,0.0,0.0,0.0,0.0,0.0,0.0,0.0,0.0
2026-09-28 06:00:00,17,49,2026-10-05 06:00:00,7 days 00:00:00,168,14.55,-93.95,1002.3,32.5,127.76395581922452,0.0,0.0,0.0,0.0,0.0,0.0,0.0,0.0,0.0,0.0,0.0,0.0
2026-09-28 06:00:00,17,49,2026-10-05 12:00:00,7 days 06:00:00,174,14.68,-93.92,1004.2,29.7,123.88499976985952,0.0,0.0,0.0,0.0,0.0,0.0,0.0,0.0,0.0,0.0,0.0,0.0
2026-09-28 06:00:00,17,49,2026-10-05 18:00:00,7 days 12:00:00,180,13.75,-93.45,1007.0,19.9,88.51267717080782,0.0,0.0,0.0,0.0,0.0,0.0,0.0,0.0,0.0,0.0,0.0,0.0
2026-09-28 06:00:00,17,49,2026-10-06 00:00:00,7 days 18:00:00,186,14.32,-93.88,1003.0,37.1,48.57795523708205,0.0,48.57795523708205,1.873117651800678,0.0,0.0,0.0,0.0,0.0,0.0,0.0,0.0,0.0
2026-09-28 06:00:00,17,49,2026-10-06 06:00:00,8 days 00:00:00,192,14.49,-94.12,1000.4,44.0,32.76213962785073,47.1164812038429,31.0036932710693,20.06183183559716,34.762778891939504,0.0,0.0,0.0,0.0,0.0,0.0,0.0,0.0
2026-09-28 06:00:00,17,49,2026-10-06 12:00:00,8 days 06:00:00,198,14.07,-94.34,1002.9,43.9,53.01040089445522,53.01040089445522,33.450733334884525,26.46540502256512,38.75996802416052,0.0,0.0,0.0,0.0,0.0,0.0,0.0,0.0
2026-09-28 06:00:00,17,49,2026-10-06 18:00:00,8 days 12:00:00,204,14.12,-94.16,1004.2,39.0,80.94438989942995,104.77503438927428,94.04437696465824,66.39449250729925,79.04847292749695,0.0,0.0,0.0,0.0,0.0,0.0,0.0,0.0
2026-09-28 06:00:00,17,49,2026-10-07 00:00:00,8 days 18:00:00,210,13.83,-94.79,999.2,46.1,65.98371264591495,13.646133723538988,4.499030749951899,9.961023664445364,65.98371264591495,0.0,0.0,0.0,0.0,0.0,0.0,0.0,0.0
2026-09-28 06:00:00,17,49,2026-10-07 06:00:00,9 days 00:00:00,216,13.31,-95.35,987.2,67.4,42.89368087927987,135.4994835426411,112.62610870768646,87.57819039384692,124.18104225932407,42.89368087927987,9.729407328568776,3.896644632221881,42.89368087927987,0.2263723285794043,0.0,0.0,42.89368087927987
2026-09-28 06:00:00,17,49,2026-10-07 12:00:00,9 days 06:00:00,222,13.33,-95.49,994.6,55.2,33.45405819760775,110.29947291302112,91.3350412670696,87.69484249633074,104.4612330909726,33.45405819760775,23.970533979779944,16.440117750686646,23.35281556414857,0.0,0.0,0.0,0.0
2026-09-28 06:00:00,17,49,2026-10-07 18:00:00,9 days 12:00:00,228,13.24,-96.34,986.6,63.8,36.838199100465296,157.12429831597422,140.37955648645885,109.39158860350308,143.51972746655787,75.02983819768656,61.068990255552734,43.93885810847036,60.21942492269174,0.0,0.0,0.0,0.0
2026-09-28 06:00:00,17,49,2026-10-08 00:00:00,9 days 18:00:00,234,13.92,-97.26,985.0,70.0,25.815503918671865,151.94260189640391,119.00253552216648,89.117951678635,127.29990287992077,37.04170330492011,25.888516153011047,16.444001596636447,28.373649044709797,25.815503918671865,6.408864772796025,5.001553092776997,7.704153861209024
2026-09-28 06:00:00,17,49,2026-10-08 06:00:00,10 days 00:00:00,240,14.14,-98.27,993.1,53.7,18.81423822699845,160.4376779480827,139.19027986565345,97.6164687944447,132.9657003982494,31.115892667323777,21.058614448470266,8.729118104255399,20.024079852829367,0.0,0.0,0.0,0.0
2026-09-28 06:00:00,17,49,2026-10-08 12:00:00,10 days 06:00:00,246,14.21,-99.21,974.3,90.2,12.583275432469392,111.65002053441532,79.64393110202818,70.42200031513988,118.2531160050563,89.54382003498047,65.66680026929686,54.01667461224882,78.68177273856425,49.042450806581485,40.92531153229275,32.32424156247775,42.89313781999866
2026-09-28 06:00:00,17,49,2026-10-08 18:00:00,10 days 12:00:00,252,14.47,-99.71,976.9,81.2,22.41669580379852,135.6246836381422,110.36365625445308,87.22782674575242,122.78279359022622,72.22586097339884,57.09206818813462,42.797463613776245,60.95861344610648,32.27621198622536,26.6722497095526,21.017785909312156,27.61453163455872
2026-09-28 06:00:00,17,49,2026-10-09 00:00:00,10 days 18:00:00,258,14.61,-100.84,983.9,64.1,39.74689890128285,145.95692196971973,127.72271551042712,74.53411860294189,109.04770278318364,39.74689890128285,4.166017812886196,0.0,3.2155150860744426,39.74689890128285,0.0420797311853027,0.0,0.0
2026-09-28 06:00:00,17,49,2026-10-09 06:00:00,11 days 00:00:00,264,15.09,-101.91,974.0,74.8,39.91112711734206,309.966729918496,274.7681720672581,215.08198429405,247.5304409257364,39.91112711734206,27.532799544835687,15.964686549542924,26.42780730220565,39.91112711734206,0.0,0.0,0.0
2026-09-28 06:00:00,17,49,2026-10-09 12:00:00,11 days 06:00:00,270,15.23,-102.01,983.2,70.3,32.10292531328089,191.71645546202976,161.53885867844656,112.64051996227796,148.65395134230675,65.75099628637156,53.710252811783256,35.855175717061414,49.81845514835064,32.10292531328089,14.124224072772472,9.992506039466264,14.140768424067115
2026-09-28 06:00:00,17,49,2026-10-09 18:00:00,11 days 12:00:00,276,15.58,-102.48,988.3,66.0,24.10502008730674,181.71050846198543,159.2461658711209,117.67623137332498,144.47088442124817,43.01162223579343,34.24984307574816,22.03916169834193,31.63596847075611,24.10502008730674,2.936325167712951,1.417256348869202,2.549805341626673
2026-09-28 06:00:00,17,49,2026-10-10 00:00:00,11 days 18:00:00,282,16.02,-102.48,966.0,89.9,24.25876328217228,215.6363087344546,213.54715132313345,158.954362647759,174.06236258572608,89.70264906477473,83.1259755665294,62.80374330902754,72.9191040197702,36.242448785912046,33.388156010978065,25.70431496053249,30.67967041339837
2026-09-28 06:00:00,17,49,2026-10-10 06:00:00,12 days 00:00:00,288,16.15,-102.47,953.7,104.4,20.61987682528027,168.5250144060593,185.3000154308102,152.20667608264907,127.90386493126938,2.5155042494195694,20.61987682528027,4.186103350716936,1.9767618425972024,1.4544006632197926,20.61987682528027,1.3912910486997918,0.2428682893681288
2026-09-28 06:00:00,17,49,2026-10-10 12:00:00,12 days 06:00:00,294,16.4,-102.54,968.5,90.7,23.2410338655759,123.78778872668867,142.94488759628382,112.65429845099692,91.29782532507528,14.758712203110896,23.2410338655759,12.590742743351647,8.346305648012112,8.802823258496787,23.2410338655759,7.341824691153263,6.827257768170007
2026-09-28 06:00:00,17,49,2026-10-10 18:00:00,12 days 12:00:00,300,16.81,-102.54,963.6,103.3,39.449040365027855,139.90471871973222,164.06240748831146,111.92172745065425,102.2849271333332,39.449040365027855,34.00222487170386,20.927752308323704,26.452787974749583,39.449040365027855,22.18921271346621,16.45792654292813,21.09303365728084
2026-09-28 06:00:00,17,49,2026-10-11 00:00:00,12 days 18:00:00,306,16.95,-102.61,934.0,123.3,26.31269460273916,111.81538222429664,136.83985941242463,127.4055981119982,88.86521226397417,50.17969971598132,51.71212154509794,42.91835719118762,41.07045982373529,47.8379791871007,43.92916063352459,35.51906634549914,41.07045982373529
2026-09-28 06:00:00,17,49,2026-10-11 06:00:00,13 days 00:00:00,312,17.45,-102.61,969.4,79.7,59.07673408163132,147.0108152758856,121.72890071887224,86.91200114637522,130.6070747494274,59.07673408163132,28.679071443307105,21.927096633211384,34.57157856571843,59.07673408163132,25.57450258450005,19.904298850489923,25.649596792848072
2026-09-28 06:00:00,17,49,2026-10-11 12:00:00,13 days 06:00:00,318,17.96,-102.47,954.2,97.1,0.0,48.60332436569004,42.90021752432866,33.05969711991108,42.32929199640566,48.60332436569004,42.90021752432866,33.05969711991108,42.32929199640566,48.60332436569004,42.90021752432866,33.05969711991108,42.32929199640566
2026-09-28 06:00:00,17,49,2026-10-11 18:00:00,13 days 12:00:00,324,19.18,-102.38,988.2,48.4,6.711016833430051,53.422525079650825,50.28406159314878,36.78093351611014,44.34836837991244,0.0,0.0,0.0,0.0,0.0,0.0,0.0,0.0
2026-09-28 06:00:00,20,49,2026-10-03 18:00:00,5 days 12:00:00,132,17.81,159.05,1007.0,21.8,78.14007892718189,0.0,0.0,0.0,0.0,0.0,0.0,0.0,0.0,0.0,0.0,0.0,0.0
2026-09-28 06:00:00,20,49,2026-10-04 00:00:00,5 days 18:00:00,138,17.6,160.94,1010.1,22.2,157.55738409708275,0.0,0.0,0.0,0.0,0.0,0.0,0.0,0.0,0.0,0.0,0.0,0.0
2026-09-28 06:00:00,20,49,2026-10-04 06:00:00,6 days 00:00:00,144,16.54,159.76,1002.5,28.1,91.64093258670218,0.0,0.0,0.0,0.0,0.0,0.0,0.0,0.0,0.0,0.0,0.0,0.0
2026-09-28 06:00:00,20,49,2026-10-04 12:00:00,6 days 06:00:00,150,16.09,159.58,1003.0,26.8,85.97857168793858,0.0,0.0,0.0,0.0,0.0,0.0,0.0,0.0,0.0,0.0,0.0,0.0
2026-09-28 06:00:00,20,49,2026-10-04 18:00:00,6 days 12:00:00,156,15.3,159.64,1002.8,32.2,97.1200450721667,0.0,0.0,0.0,0.0,0.0,0.0,0.0,0.0,0.0,0.0,0.0,0.0
2026-09-28 06:00:00,20,49,2026-10-05 00:00:00,6 days 18:00:00,162,15.01,159.15,1000.2,29.1,89.122818025765,0.0,0.0,0.0,0.0,0.0,0.0,0.0,0.0,0.0,0.0,0.0,0.0
2026-09-28 06:00:00,20,49,2026-10-05 06:00:00,7 days 00:00:00,168,14.28,159.41,996.3,41.3,104.71993530477852,176.7032978286069,162.5856440043207,135.53667378977428,142.5327925750467,0.0,0.0,0.0,0.0,0.0,0.0,0.0,0.0
2026-09-28 06:00:00,20,49,2026-10-05 12:00:00,7 days 06:00:00,174,13.46,159.48,991.5,39.4,94.74810181628524,94.74810181628524,13.619458597405792,6.267191899168058,5.462238955138059,0.0,0.0,0.0,0.0,0.0,0.0,0.0,0.0
2026-09-28 06:00:00,20,49,2026-10-05 18:00:00,7 days 12:00:00,180,12.42,159.33,995.4,48.2,52.18892663817296,76.55200755481755,82.00746630488825,63.89684748478554,72.50380174415884,0.0,0.0,0.0,0.0,0.0,0.0,0.0,0.0
2026-09-28 06:00:00,20,49,2026-10-06 00:00:00,7 days 18:00:00,186,11.48,159.71,990.0,54.8,66.78104723315754,191.79336494096597,181.0969836463236,167.96887560502978,166.3386543136775,66.78104723315754,26.04205289342356,20.519754111745264,26.4369798589762,0.0,0.0,0.0,0.0
2026-09-28 06:00:00,20,49,2026-10-06 06:00:00,8 days 00:00:00,192,11.02,159.71,985.2,62.0,70.02337774680286,83.03726688229587,80.63958657642053,78.65676663212423,81.7409871845491,0.0,6.034367956944987,70.02337774680286,4.749345451166087,0.0,0.0,0.0,0.0
2026-09-28 06:00:00,20,49,2026-10-06 12:00:00,8 days 06:00:00,198,10.42,159.65,992.8,54.5,73.07038694402274,163.93654936560563,132.4027535633868,124.77524749324932,140.8135101782849,73.07038694402274,14.59372523460928,12.157961705295897,19.080754755162047,0.0,0.0,0.0,0.0
2026-09-28 06:00:00,20,49,2026-10-06 18:00:00,8 days 12:00:00,204,10.14,160.18,998.8,47.0,74.09235073892853,37.385120636388734,74.09235073892853,27.99953769636912,27.370760368851315,0.0,0.0,0.0,0.0,0.0,0.0,0.0,0.0
2026-09-28 06:00:00,20,49,2026-10-07 00:00:00,8 days 18:00:00,210,10.39,160.16,989.9,56.4,51.22152088478924,103.592710610553,87.29988704145774,78.81309428492074,84.40483275597217,51.22152088478924,1.4156326369924417,0.7837742371231755,1.0862536983027198,0.0,0.0,0.0,0.0
2026-09-28 06:00:00,20,49,2026-10-07 06:00:00,9 days 00:00:00,216,11.34,160.11,990.3,60.3,39.582358351460485,271.8115252303154,236.7948873266683,177.07070349619718,216.05968251126228,56.20324553755428,43.239295970378585,23.37781206780727,37.51436882204328,0.0,0.0,0.0,0.0
2026-09-28 06:00:00,20,49,2026-10-07 12:00:00,9 days 06:00:00,222,12.11,159.66,979.9,81.9,43.59280105149351,220.641393591924,180.29132436358557,133.94055458573524,174.85486611360415,58.906343386314994,43.67724717833549,25.672110543048845,41.95766423951648,43.59280105149351,8.828071481124269,4.883413291713829,9.86004597641922
2026-09-28 06:00:00,20,49,2026-10-07 18:00:00,9 days 12:00:00,228,12.83,159.14,966.0,93.8,31.84502348558448,217.69874469941175,177.44909550050903,123.87721965460324,174.19684037277133,84.24444704563545,68.02122264275215,46.33421332770136,64.26793881627145,33.967919558606475,29.30183065450468,21.548499410757984,28.799267362652145
2026-09-28 06:00:00,20,49,2026-10-08 00:00:00,9 days 18:00:00,234,13.64,157.83,953.7,101.9,12.958956941177934,237.9985165280216,212.03000037039655,154.6546494584735,193.56781042490724,47.82299864711253,35.42009020488078,18.270608806306228,30.50954738129525,12.958956941177934,5.753791260318643,2.3295082241711302,6.242222613900706
2026-09-28 06:00:00,20,49,2026-10-08 06:00:00,10 days 00:00:00,240,14.69,156.67,916.8,145.4,12.303531430628848,229.10071831631467,207.88994574990932,173.17175850458693,222.24224832242265,86.37008675243682,63.45259990053094,48.83887829339443,71.63455606885815,46.111690677231,36.98386693662376,29.141032139271985,41.029879084374535
2026-09-28 06:00:00,20,49,2026-10-08 12:00:00,10 days 06:00:00,246,14.9,155.82,938.3,121.4,14.117519021821453,267.34525438022206,228.43052973791413,196.7854396378906,244.8607425344095,124.41917880124151,97.98758398581666,76.9821197536063,108.04693588133372,65.66797042499277,55.11896236319241,43.876538490076015,57.15111945318392
2026-09-28 06:00:00,20,49,2026-10-08 18:00:00,10 days 12:00:00,252,15.13,155.18,932.6,118.5,24.733922981967467,237.6576943522192,220.15181094625984,187.8844494292201,211.59257266364364,133.2225501686271,117.82244387941036,96.9640200841832,117.00121463498743,83.54338100800648,72.3076592126558,60.70456194568117,72.1643229213141
2026-09-28 06:00:00,20,49,2026-10-09 00:00:00,10 days 18:00:00,258,15.74,154.27,926.2,131.7,42.83429916228344,229.78944209768417,217.9978336249827,194.36578445519524,212.1175787363412,58.14258288914988,45.15390893620671,30.39528251020598,45.08098029711543,42.83429916228344,22.405337410360453,17.423920014235602,24.238533111991185
2026-09-28 06:00:00,20,49,2026-10-09 06:00:00,11 days 00:00:00,264,16.09,153.4,922.7,139.2,28.75904874759567,247.46526161437924,243.26354832227264,200.84415601749103,221.7502043203923,102.00620690939908,87.31004195212101,70.62992761835503,88.1142761686235,62.91161118181397,54.60296997053423,45.25261730634877,54.11924126956311
2026-09-28 06:00:00,20,49,2026-10-09 12:00:00,11 days 06:00:00,270,16.6,153.22,943.8,114.8,19.941691759650794,298.68224938492983,264.0486796983613,213.04223972264128,249.2793592110055,122.6912947906257,107.57975223592685,83.96726955920016,103.96762253796057,69.09756528774838,61.148711650369705,49.62819028365239,59.17807144163794
2026-09-28 06:00:00,20,49,2026-10-09 18:00:00,11 days 12:00:00,276,17.14,153.12,939.5,112.2,35.254776824677094,268.75113429694323,268.432731350425,201.42050168582296,229.1574911513021,124.81978626460165,111.95079533302504,87.69741620099995,99.89753376630838,73.04999007609564,71.43823098328429,58.4305476579521,64.55920428384536
2026-09-28 06:00:00,20,49,2026-10-10 00:00:00,11 days 18:00:00,282,18.32,153.21,938.3,118.2,29.96528981258564,281.4834400072066,290.1791605810836,221.88127112585653,226.3872400010057,125.44659745438707,116.3651309109531,88.4175954226863,99.2182931375666,67.2833471062767,63.89170640532879,51.969801978578175,57.6759654374016
2026-09-28 06:00:00,20,49,2026-10-10 06:00:00,12 days 00:00:00,288,19.59,153.02,941.6,114.8,14.877456021295586,289.37317146154646,320.59288054754234,231.51148669737967,225.9679517789839,100.34960268084262,101.47876955357884,67.47080851307348,72.1171228317038,45.28802204654576,42.90269860875776,33.40867367919225,36.08227186941809
2026-09-28 06:00:00,20,49,2026-10-10 12:00:00,12 days 06:00:00,294,20.76,152.63,919.8,133.7,9.288382370170794,284.94677566966925,291.523782391541,221.2927868837059,221.5786585905672,67.18179383589623,61.38962650119522,34.600685947977944,44.88357992733165,28.58299117857369,24.31210895945149,17.224960776431857,23.25531581768595
2026-09-28 06:00:00,20,49,2026-10-10 18:00:00,12 days 12:00:00,300,21.7,152.55,942.3,119.9,25.628399502141704,247.52470944675963,261.8495594621981,180.12870432399703,182.2639419159421,86.16955931522895,86.47766313004968,57.309811309892346,58.60215453746264,44.56655623228183,42.82856146898271,33.19520966598415,35.620803094343
2026-09-28 06:00:00,20,49,2026-10-11 00:00:00,12 days 18:00:00,306,22.71,152.43,934.1,118.5,11.04851369939072,296.17350169585546,310.2806187763798,235.16261518794775,228.5596192752435,129.14239851059708,132.41886083686242,103.36787636927868,99.9018398302332,70.69169044451306,70.49160374726674,57.36507390309274,59.36209839991758
2026-09-28 06:00:00,20,49,2026-10-11 06:00:00,13 days 00:00:00,312,24.09,152.74,941.8,114.3,9.44285404322207,339.9760371090943,354.2622372393771,277.71164323302776,273.6850285341254,150.8795958905153,156.497527268491,123.59968250820384,125.31398962901416,82.18405298661261,81.52114532967107,69.09885130856131,69.3516619238769
2026-09-28 06:00:00,20,49,2026-10-11 12:00:00,13 days 06:00:00,318,25.16,152.94,945.4,109.1,36.99157567774114,311.1158682106561,298.3245317395922,225.66361709534976,251.4164596460469,107.90591143923211,99.18605251259396,66.01274267220742,83.83132183406224,47.00696504476741,42.25036849122307,35.04052127883506,38.44064688542994
2026-09-28 06:00:00,20,49,2026-10-11 18:00:00,13 days 12:00:00,324,26.23,153.29,959.6,93.5,11.975062214795315,311.8351723924031,343.2573910075583,263.46237749799,255.5899504637461,184.8362663820249,193.8849589444441,156.3413138136055,151.90449347400735,96.45962083843068,99.9896588071606,84.97062510509342,82.18262872778024
2026-09-28 06:00:00,20,49,2026-10-12 00:00:00,13 days 18:00:00,330,27.49,153.83,961.3,80.2,54.603779510717246,360.5821294027505,363.21030490972646,280.57946083236834,291.44021750206645,228.19014034419848,232.1914678327434,189.3896376748042,192.7176634052064,114.0005271928186,111.33614178744304,92.75477680852651,95.93407238572756
2026-09-28 06:00:00,20,49,2026-10-12 06:00:00,14 days 00:00:00,336,28.66,154.33,965.8,68.6,49.326988918276506,409.9878782242823,432.4644644880237,347.5982360028859,332.5885872116424,148.7359179882002,152.1935576472925,116.8022030834402,115.5222448352718,30.938116298573668,49.326988918276506,28.04099539724905,25.8855434386762
2026-09-28 06:00:00,20,49,2026-10-12 12:00:00,14 days 06:00:00,342,29.73,155.01,961.2,70.4,110.63687312760094,595.8065792549653,610.2068200947394,534.697565032003,532.3173335248737,249.41630583398464,256.7056532465736,217.19891339581403,215.6143965806637,59.029660293564696,110.63687312760094,52.49852579102828,51.71888765958892
2026-09-28 06:00:00,20,49,2026-10-12 18:00:00,14 days 12:00:00,348,30.81,156.09,969.8,62.7,129.50512278458012,599.4865391838581,646.699987637876,558.0822778092355,520.2504971087535,236.5700127270659,255.2461904959337,211.74418467842835,197.71153373401137,0.0,0.0,0.0,0.0
2026-09-28 06:00:00,20,49,2026-10-13 00:00:00,14 days 18:00:00,354,32.12,156.82,960.3,72.4,99.89434137638152,553.3404472493803,589.5117981246331,505.916911112449,481.6951476940417,301.7928841506909,321.0112655616308,274.17553447331625,261.79118216555275,107.18914078721173,114.2616388882243,96.8111118170637,93.37649292580528
2026-09-28 06:00:00,20,49,2026-10-13 06:00:00,15 days 00:00:00,360,33.66,157.73,962.7,74.0,113.04394504221824,524.7753728145244,549.8695444219006,476.4789579876283,450.31097843432144,295.0381090821945,317.3582118345787,277.42806241048083,261.0857403002824,130.6280586449102,139.91656891217906,121.82155991905633,114.62870603297966
2026-09-28 06:00:00,28,49,2026-10-07 00:00:00,8 days 18:00:00,210,11.73,-150.62,1006.6,31.8,50.779877842132834,0.0,0.0,0.0,0.0,0.0,0.0,0.0,0.0,0.0,0.0,0.0,0.0
2026-09-28 06:00:00,28,49,2026-10-07 06:00:00,9 days 00:00:00,216,12.39,-150.15,1003.6,41.1,79.92704928280705,79.92704928280705,23.498822575824136,3.02883719778734,18.19586634049378,0.0,0.0,0.0,0.0,0.0,0.0,0.0,0.0
2026-09-28 06:00:00,28,49,2026-10-07 12:00:00,9 days 06:00:00,222,13.06,-149.54,997.5,49.5,35.01582267749096,118.06040634993096,127.1573601563503,73.72422563382275,80.98768880145386,0.0,0.0,0.0,0.0,0.0,0.0,0.0,0.0
2026-09-28 06:00:00,28,49,2026-10-07 18:00:00,9 days 12:00:00,228,13.69,-149.12,981.7,74.1,37.14507050425283,68.18997171036821,75.98081670349086,32.13202262765291,40.0830112051645,37.14507050425283,27.5023220993912,17.453624168000196,20.6287810880367,37.14507050425283,16.715702317121583,12.475468165927763,14.961621459105585
2026-09-28 06:00:00,28,49,2026-10-08 00:00:00,9 days 18:00:00,234,14.22,-148.51,976.5,80.3,42.10391595702184,90.96842712179732,96.84657928901636,59.28491469753576,63.381516771057775,42.10391595702184,42.10391595702184,18.68087269552593,18.15150061992135,42.10391595702184,15.67667847711084,12.74390301885146,14.34822038372766
2026-09-28 06:00:00,28,49,2026-10-08 06:00:00,10 days 00:00:00,240,14.94,-147.26,966.2,90.9,31.430587295888017,80.87058509955042,88.5129107873305,64.95116491425627,66.27570082220669,56.39111464123476,52.98365567053752,44.52733862291012,49.57147485080724,40.5540650676007,36.03064961352527,29.92700467694886,34.92799652280008
2026-09-28 06:00:00,28,49,2026-10-08 12:00:00,10 days 06:00:00,246,15.24,-146.74,973.4,81.5,24.268609548142308,43.58441404693417,46.9806082587736,29.58154158126956,32.53825753350134,37.00003238286144,38.3783837039552,29.58154158126956,32.53825753350134,31.184396422437203,28.36433975368675,22.06304289060668,26.412679214382763
2026-09-28 06:00:00,28,49,2026-10-08 18:00:00,10 days 12:00:00,252,15.49,-146.14,993.4,55.2,18.649479391966928,59.36094338861076,64.74556731807097,35.779205779914875,43.877455431971285,7.0740491335865485,18.649479391966928,2.882613136275702,4.592439823500781,0.0,0.0,0.0,0.0
2026-09-28 06:00:00,28,49,2026-10-09 00:00:00,10 days 18:00:00,258,15.82,-145.35,987.6,71.6,38.10965169758505,127.79740718389984,131.49975247261116,87.74751905615305,98.19531733271282,38.10965169758505,14.416810509959255,9.403941163145696,10.159727977251926,38.10965169758505,2.326150691320056,1.702645537220756,1.7408648238104356
2026-09-28 06:00:00,28,49,2026-10-09 06:00:00,11 days 00:00:00,264,15.98,-145.28,1001.6,36.7,71.9378089151619,71.9378089151619,50.17822766415583,39.80931175088435,56.10419456869639,0.0,0.0,0.0,0.0,0.0,0.0,0.0,0.0
2026-09-28 06:00:00,28,49,2026-10-09 12:00:00,11 days 06:00:00,270,15.94,-144.41,997.1,48.7,34.53862806962895,70.37716360022682,54.32966913200235,28.286896787134246,45.24005989659521,0.0,0.0,0.0,0.0,0.0,0.0,0.0,0.0
2026-09-28 06:00:00,28,49,2026-10-09 18:00:00,11 days 12:00:00,276,16.12,-143.69,1000.7,44.0,61.080758098214574,23.05035684293369,61.080758098214574,8.122644861073127,14.040338197920391,0.0,0.0,0.0,0.0,0.0,0.0,0.0,0.0
2026-09-28 06:00:00,28,49,2026-10-10 00:00:00,11 days 18:00:00,282,16.43,-143.28,997.0,44.5,142.62945444779,419.4795496801066,390.06953713196935,305.24005988598395,337.2864479378303,0.0,0.0,0.0,0.0,0.0,0.0,0.0,0.0
2026-09-28 06:00:00,28,49,2026-10-10 06:00:00,12 days 00:00:00,288,17.33,-142.49,1003.0,41.5,72.56772193140746,72.56772193140746,17.940006729706965,0.0,14.363314851872598,0.0,0.0,0.0,0.0,0.0,0.0,0.0,0.0
2026-09-28 06:00:00,28,49,2026-10-10 12:00:00,12 days 06:00:00,294,18.02,-141.74,1003.8,37.2,108.36953551036493,108.36953551036493,0.0,0.0,0.0462268361626883,0.0,0.0,0.0,0.0,0.0,0.0,0.0,0.0
2026-09-28 06:00:00,28,49,2026-10-10 18:00:00,12 days 12:00:00,300,20.29,-140.68,1004.8,33.1,49.73441444744935,0.0,0.0,0.0,0.0,0.0,0.0,0.0,0.0,0.0,0.0,0.0,0.0
2026-09-28 06:00:00,28,49,2026-10-11 00:00:00,12 days 18:00:00,306,21.69,-139.77,1001.2,31.3,48.99671948598656,0.0,0.0,0.0,0.0,0.0,0.0,0.0,0.0,0.0,0.0,0.0,0.0
2026-09-28 06:00:00,28,49,2026-10-11 06:00:00,13 days 00:00:00,312,22.21,-139.48,1001.5,37.1,66.44651126185141,9.574646811292116,12.79045482490824,8.081274203095054,66.44651126185141,0.0,0.0,0.0,0.0,0.0,0.0,0.0,0.0
2026-09-28 06:00:00,6,49,2026-09-29 00:00:00,0 days 18:00:00,18,15.48,155.01,1007.5,21.8,70.3363487325164,0.0,0.0,0.0,0.0,0.0,0.0,0.0,0.0,0.0,0.0,0.0,0.0
2026-09-28 06:00:00,6,49,2026-09-29 06:00:00,1 days 00:00:00,24,15.83,154.68,1006.7,26.1,139.374558345739,0.0,0.0,0.0,0.0,0.0,0.0,0.0,0.0,0.0,0.0,0.0,0.0
2026-09-28 06:00:00,6,49,2026-09-29 12:00:00,1 days 06:00:00,30,15.88,152.86,1007.2,28.5,88.37410096241676,0.0,0.0,0.0,0.0,0.0,0.0,0.0,0.0,0.0,0.0,0.0,0.0
2026-09-28 06:00:00,6,49,2026-09-29 18:00:00,1 days 12:00:00,36,15.92,152.44,1003.6,30.3,149.84918213198682,0.0,0.0,0.0,0.0,0.0,0.0,0.0,0.0,0.0,0.0,0.0,0.0
2026-09-28 06:00:00,6,49,2026-09-30 00:00:00,1 days 18:00:00,42,15.89,151.7,999.2,30.6,79.04158910411843,0.0,0.0,0.0,0.0,0.0,0.0,0.0,0.0,0.0,0.0,0.0,0.0
2026-09-28 06:00:00,6,49,2026-09-30 06:00:00,2 days 00:00:00,48,16.19,151.11,998.3,33.3,55.66635613822064,0.0,0.0,0.0,0.0,0.0,0.0,0.0,0.0,0.0,0.0,0.0,0.0
2026-09-28 06:00:00,6,49,2026-09-30 12:00:00,2 days 06:00:00,54,16.6,149.82,999.5,33.2,64.24380827197268,0.0,0.0,0.0,0.0,0.0,0.0,0.0,0.0,0.0,0.0,0.0,0.0
2026-09-28 06:00:00,6,49,2026-09-30 18:00:00,2 days 12:00:00,60,16.68,149.53,999.2,30.4,132.92700034370696,0.0,0.0,0.0,0.0,0.0,0.0,0.0,0.0,0.0,0.0,0.0,0.0
2026-09-28 06:00:00,6,49,2026-10-01 00:00:00,2 days 18:00:00,66,17.29,148.37,996.6,38.3,62.86032573309558,175.71787920271524,162.6971654825475,138.621828114711,146.54736428449743,0.0,0.0,0.0,0.0,0.0,0.0,0.0,0.0
2026-09-28 06:00:00,6,49,2026-10-01 06:00:00,3 days 00:00:00,72,17.56,147.53,996.4,43.3,56.45903484344216,185.86391351937925,175.7763552934232,146.56412401603686,164.60270627022967,0.0,0.0,0.0,0.0,0.0,0.0,0.0,0.0
2026-09-28 06:00:00,6,49,2026-10-01 12:00:00,3 days 06:00:00,78,17.76,146.78,990.2,49.2,44.96746659330432,129.38798290498733,102.33232601418172,73.86128960187693,96.65559510334288,0.0,0.0,0.0,0.0,0.0,0.0,0.0,0.0
2026-09-28 06:00:00,6,49,2026-10-01 18:00:00,3 days 12:00:00,84,17.99,146.29,987.8,55.4,32.49926863440543,186.54592340854384,155.63193130861765,128.38331381359916,156.91455238279522,66.80299187331417,54.074025456932205,39.1324638854397,52.63228149962067,0.0,0.0,0.0,0.0
2026-09-28 06:00:00,6,49,2026-10-02 00:00:00,3 days 18:00:00,90,18.06,145.84,982.5,67.5,49.51832509190775,207.498993103649,182.3793819801889,135.0333364289454,163.68341265790016,49.51832509190775,24.488446521326598,14.100617778774415,23.566342105559883,49.51832509190775,0.0,0.0,0.0
2026-09-28 06:00:00,6,49,2026-10-02 06:00:00,4 days 00:00:00,96,18.05,144.68,976.5,72.6,59.01828384178104,318.5193080314876,292.0718179880811,241.6000516152763,269.6949300507516,92.24922926502327,77.35517111066083,55.36839553493265,72.63097057949861,59.01828384178104,5.343855353251679,3.2521535552641487,5.305533673297961
2026-09-28 06:00:00,6,49,2026-10-02 12:00:00,4 days 06:00:00,102,18.35,144.14,980.0,61.7,38.54813472018317,257.90089904496506,221.5015545093475,178.4095772533249,217.8667095901825,101.9401276934599,88.07161972301668,65.32860887316252,84.2252552467147,0.0,0.0,0.0,0.0
2026-09-28 06:00:00,6,49,2026-10-02 18:00:00,4 days 12:00:00,108,18.22,143.79,970.6,74.6,58.88446507578479,277.94005217517906,247.601853390874,234.18756937744345,262.4449505507296,191.3030855066745,176.01395623805172,151.60454143541222,170.44730913832643,87.0198503721196,79.9511316611738,66.48772859526593,75.13571682170334
2026-09-28 06:00:00,6,49,2026-10-03 00:00:00,4 days 18:00:00,114,18.41,143.62,968.3,80.1,32.0656792067993,290.9237245659533,248.78065763122868,223.1154834952085,256.8663475716048,185.58230308175848,169.02311174302667,144.897765053988,165.36355931522894,94.49927447658116,85.5682653233564,71.29767661303879,82.124226388166
2026-09-28 06:00:00,6,49,2026-10-03 06:00:00,5 days 00:00:00,120,18.72,143.87,973.0,66.7,102.481058162274,450.7517795949859,439.3170410923599,385.49548125063006,399.9958906592956,142.74927496863677,132.2102147611198,103.34250879832253,115.9870248027662,13.754653695475916,102.481058162274,12.497142256701297,11.876869343966456
2026-09-28 06:00:00,6,49,2026-10-03 12:00:00,5 days 06:00:00,126,18.91,144.07,960.9,82.7,38.09619088301597,258.78056193677025,264.3408433637932,221.2486276189272,217.7966778891249,144.23750299921116,147.01442593196245,125.58830030970888,129.42392134943,73.99707513053714,71.40801889303668,60.38845251211177,63.09147999601733
2026-09-28 06:00:00,6,49,2026-10-03 18:00:00,5 days 12:00:00,132,19.23,144.28,965.4,85.3,31.911560542720927,261.70608780833965,257.58471591366055,232.97361175929345,219.6253248554177,180.27816632319733,185.94782673543472,163.83469420008885,162.52056345222178,109.50425749146392,107.14418760043289,91.77517087918132,95.0996651399859
2026-09-28 06:00:00,6,49,2026-10-04 00:00:00,5 days 18:00:00,138,19.87,144.71,957.8,81.6,80.04556075371815,427.9846070488564,427.2701997254625,374.5967841622304,364.12775147607294,252.62534413737467,256.53609173591707,223.0446827315004,222.51972891202652,114.60897730213544,114.52571453409736,97.38466192178234,97.88976224664955
2026-09-28 06:00:00,6,49,2026-10-04 06:00:00,6 days 00:00:00,144,20.26,145.49,954.1,84.7,93.91309533116618,472.69283599667983,478.8666018674053,399.7859328436218,382.5558721411294,52.29875588740458,93.91309533116618,93.91309533116618,35.909124148640515,0.4888253638138184,0.9283768786519548,93.91309533116618,0.2049062944865127
2026-09-28 06:00:00,6,49,2026-10-04 12:00:00,6 days 06:00:00,150,21.17,145.18,954.8,89.6,60.54320379873411,407.8777949129944,396.44404944136113,320.14386453852785,340.2828847924193,165.9602769876119,151.7874537053749,119.94541893698032,136.71022321542205,60.54320379873411,49.26898121631439,39.25567228222053,44.21234588369043
2026-09-28 06:00:00,6,49,2026-10-04 18:00:00,6 days 12:00:00,156,22.13,145.51,949.8,91.8,19.30956665553673,352.9418644161432,361.1228275496854,284.66333174432793,281.93326157916204,183.27677363371575,182.6250059648733,153.4031667761122,156.40110897680236,94.70798048977892,94.57953297522492,78.50855296358476,81.95387531671504
2026-09-28 06:00:00,6,49,2026-10-05 00:00:00,6 days 18:00:00,162,22.91,145.17,941.3,102.7,16.740364591821404,457.7786653478515,444.128046520396,372.4029210279724,388.5028371057382,240.71296329410572,234.5612855917149,198.43402631967103,206.756638292945,116.04489227642188,115.67092925939062,97.27644326152137,101.522631185455
2026-09-28 06:00:00,6,49,2026-10-05 06:00:00,7 days 00:00:00,168,24.08,144.61,950.3,88.4,73.02201887850671,574.7874088375229,543.6194657002286,469.9168301552671,509.16428301433416,349.98958483815915,340.2531604345155,290.92241828509447,308.1432281477842,160.64715343969297,157.24100019998704,133.8928881194091,140.7669771794333
2026-09-28 06:00:00,6,49,2026-10-05 12:00:00,7 days 06:00:00,174,24.74,144.65,943.0,100.9,63.76559156056452,571.5763777571391,562.4554885509831,481.50709466186,498.8505046523189,333.5719140009252,329.4405071604592,281.2115913139256,291.4396681263028,148.5431144217633,147.25346158682868,125.49522639797708,128.11124197188397
2026-09-28 06:00:00,6,49,2026-10-05 18:00:00,7 days 12:00:00,180,25.65,144.51,949.5,93.1,36.08474800632624,359.95465644232337,371.8779284198509,291.4566121516252,302.69318932807505,193.55788507460537,196.40096389822676,167.08645691640686,164.7428397235694,110.50346007670326,112.89690819686004,96.15366304130232,96.03409486362168
2026-09-28 06:00:00,6,49,2026-10-06 00:00:00,7 days 18:00:00,186,26.93,144.76,944.9,94.1,34.03768077044764,357.8249376083687,391.1910661543917,312.6842960652582,297.5339068113958,131.68845508623497,136.74965869428786,106.5810992395108,104.51744584149851,52.03015108970011,54.10142750974981,44.46966938752068,43.5864810233915
2026-09-28 06:00:00,6,49,2026-10-06 06:00:00,8 days 00:00:00,192,28.87,145.15,942.6,98.6,26.239967623151166,465.3116889142981,509.25086144822654,427.5806431883368,388.64971161540393,252.32530769015435,278.9539814970255,243.37980970986072,219.9505156707605,136.8810294513159,148.61141735444642,127.79811846728548,120.92476612306248
2026-09-28 06:00:00,6,49,2026-10-06 12:00:00,8 days 06:00:00,198,30.46,145.62,959.4,73.8,70.95392672604274,487.7294536242303,517.8223895640429,436.47326697665545,416.3065519640782,307.1133813252358,326.0289933853688,283.847470280996,271.551510192877,153.44130862795976,157.78963502633047,134.19394171118432,134.08193191270405
2026-09-28 06:00:00,6,49,2026-10-06 18:00:00,8 days 12:00:00,204,32.71,146.57,966.3,70.4,79.56570825740083,424.9013472268065,481.8295356204206,376.32876839170433,341.6793603891734,147.95246526042945,166.25457986396236,127.28852020640194,116.26585654384095,36.0262067310766,79.56570825740083,33.238481750488944,29.45113795295808
2026-09-28 06:00:00,6,49,2026-10-07 00:00:00,8 days 18:00:00,210,35.1,148.36,969.3,64.0,78.95489702543034,179.54720617632586,214.14434423040257,134.54645211615036,106.37712140302123,20.067764887993903,78.95489702543034,16.17816126276354,7.8185332017114675,0.0,78.95489702543034,0.0,0.0
2026-09-28 06:00:00,6,49,2026-10-07 06:00:00,9 days 00:00:00,216,38.81,151.48,972.3,63.1,96.8081504689346,525.1036523215818,604.3198345270748,501.2625450346927,431.41652789234513,189.95876286183565,222.0343190015137,173.5312992645222,153.21884950581645,0.0,0.0,0.0,0.0
2026-09-28 06:00:00,6,49,2026-10-07 12:00:00,9 days 06:00:00,222,42.91,156.04,970.1,53.0,67.46250573212048,424.4594292190816,483.8334433449767,404.06708922575126,356.41382073601665,125.5279569059166,147.52031171639618,112.21431463594789,98.95041907291298,0.0,0.0,0.0,0.0
2026-09-28 06:00:00,6,49,2026-10-07 18:00:00,9 days 12:00:00,228,48.05,160.68,973.1,48.2,71.70179136213943,24.591165639606714,73.62783800041258,49.96130009407316,7.465806428128637,0.0,0.0,0.0,0.0,0.0,0.0,0.0,0.0
2026-09-28 06:00:00,6,49,2026-10-08 00:00:00,9 days 18:00:00,234,52.52,166.14,963.0,50.4,103.11686706647396,16.079080909138153,103.11686706647396,60.57206644498584,13.313412231140514,10.360979175112629,103.11686706647396,10.581083367475385,5.82727147515413,0.0,0.0,0.0,0.0
2026-09-28 06:00:00,AL062026,49,2026-09-28 06:00:00,0 days 00:00:00,0,28.3,-43.8,1012.0,25.0,56.0,0.0,0.0,0.0,0.0,0.0,0.0,0.0,0.0,0.0,0.0,0.0,0.0
2026-09-28 06:00:00,AL912026(2),49,2026-09-28 06:00:00,0 days 00:00:00,0,36.3,-53.1,1013.0,29.0,148.0,0.0,0.0,0.0,0.0,0.0,0.0,0.0,0.0,0.0,0.0,0.0,0.0
2026-09-28 06:00:00,EP152026(2),49,2026-09-28 06:00:00,0 days 00:00:00,0,16.4,-160.8,929.0,134.0,28.0,241.0,185.0,148.0,204.0,93.0,74.0,74.0,93.0,56.0,46.0,37.0,46.0
2026-09-28 06:00:00,EP152026(2),49,2026-09-28 12:00:00,0 days 06:00:00,6,16.81,-161.76,944.9,121.4,22.37113875968912,264.30313454168333,214.7104523677762,172.39684733072275,244.26898222483223,119.0339089284711,88.025927092498,63.0810754004567,100.12389510045674,64.74041208033069,52.24147803538108,40.91953228228916,56.46416192579167
2026-09-28 06:00:00,EP152026(2),49,2026-09-28 18:00:00,0 days 12:00:00,12,17.1,-162.51,946.3,116.6,26.91396276293839,237.69225263216424,187.01946302358144,123.8430935812458,193.30420585098005,81.59915189164624,59.12235068129398,35.685094090107306,64.19446180707676,47.507563152221046,38.01966234875765,27.093695148859677,39.92530323334783
2026-09-28 06:00:00,EP152026(2),49,2026-09-29 00:00:00,0 days 18:00:00,18,18.17,-163.08,948.2,115.8,36.37932252930342,231.8163956873873,191.5205756167032,122.43240446847258,192.30606112332185,102.02124631928308,79.74420551259506,54.88600529562069,80.8743268352269,53.4658908616546,44.683813712750506,35.18324610787908,46.00737906943587
2026-09-28 06:00:00,EP152026(2),49,2026-09-29 06:00:00,1 days 00:00:00,24,19.17,-163.46,953.4,109.5,47.29538137673021,217.7125795355493,183.838408359276,121.32035997169368,175.26978430036232,106.00657866302184,83.95533773498877,57.19687303007691,84.06548362329147,58.35037729773519,50.614573081816815,38.88175676699201,50.41710303572279
2026-09-28 06:00:00,EP152026(2),49,2026-09-29 12:00:00,1 days 06:00:00,30,20.04,-163.56,955.0,102.8,19.88188640691713,189.91396022231228,164.85522161090805,102.03415689456152,144.38123385714707,73.73975884114653,64.55882054601432,40.0209991757429,55.609601931667655,47.58529217503813,41.04908679039036,31.776266331673305,37.32366640992878
2026-09-28 06:00:00,EP152026(2),49,2026-09-29 18:00:00,1 days 12:00:00,36,21.25,-163.44,966.8,94.8,29.410670647961837,175.5655878179847,176.37592017442984,99.03829454655197,134.56927166204525,69.740400410176,64.15975211884344,35.89241888104764,47.81827981966086,42.00309004563077,35.53371041865314,28.32373863337931,32.38250279070908
2026-09-28 06:00:00,EP152026(2),49,2026-09-30 00:00:00,1 days 18:00:00,42,22.28,-163.36,968.0,86.5,29.83236550008204,239.19491398083989,226.9174599909277,151.80132029560156,174.50457204485184,131.30598921350833,121.8166548532021,90.57516267304553,107.12848383876812,69.57029834840434,61.44673869732532,48.89541216804345,56.4785818238926
2026-09-28 06:00:00,EP152026(2),49,2026-09-30 06:00:00,2 days 00:00:00,48,22.61,-162.92,986.2,69.7,40.393179487651466,245.94848292197636,236.7346182695549,176.81221988300365,198.079865824298,113.10260990105093,104.04925401279272,76.27746216065259,88.99890171403425,40.393179487651466,33.34824782705654,26.119413074573465,29.088617313311232
2026-09-28 06:00:00,EP152026(2),49,2026-09-30 12:00:00,2 days 06:00:00,54,23.31,-162.94,989.4,55.4,25.007899234753346,241.4331900664497,228.6875632034866,170.25758567882266,200.93396450990443,42.41788549406601,40.1605998673471,24.992448181163187,32.016889232286786,0.0,0.0,0.0,0.0
2026-09-28 06:00:00,EP152026(2),49,2026-09-30 18:00:00,2 days 12:00:00,60,23.26,-163.02,994.6,50.8,110.49623212037162,200.10129824228204,184.0314016419373,156.48850947958852,160.41285005331275,110.49623212037162,21.60003196024921,13.846765442830968,17.742710824257223,0.0,0.0,0.0,0.0
2026-09-28 06:00:00,EP152026(2),49,2026-10-01 00:00:00,2 days 18:00:00,66,23.09,-163.3,995.3,47.9,59.08122367680622,190.25029359143565,164.00207688774384,134.0334004338983,157.8046628432325,0.0,0.0,0.0,0.0,0.0,0.0,0.0,0.0
2026-09-28 06:00:00,EP152026(2),49,2026-10-01 06:00:00,3 days 00:00:00,72,23.32,-164.21,995.4,52.8,52.9138597407135,53.31833662368084,34.38816448879704,18.38311306417065,49.77436361572989,52.9138597407135,0.0,0.0,0.0,0.0,0.0,0.0,0.0
2026-09-28 06:00:00,EP152026(2),49,2026-10-01 12:00:00,3 days 06:00:00,78,23.77,-164.62,996.8,44.2,112.33773643260184,112.33773643260184,61.799124359492126,38.98756333756823,61.04014946760901,0.0,0.0,0.0,0.0,0.0,0.0,0.0,0.0
2026-09-28 06:00:00,EP152026(2),49,2026-10-01 18:00:00,3 days 12:00:00,84,24.1,-165.49,993.1,44.2,62.1961566916607,271.604694746008,236.04133447293805,189.8387424321183,224.05836672545732,0.0,0.0,0.0,0.0,0.0,0.0,0.0,0.0
2026-09-28 06:00:00,EP152026(2),49,2026-10-02 00:00:00,3 days 18:00:00,90,24.6,-166.58,986.4,57.6,42.13851023836546,297.48825209799685,260.1132723710306,216.98646203114504,251.83604230818457,99.95393939355074,82.84692148766632,59.171188274191415,78.03166252639957,0.0,0.0,0.0,0.0
2026-09-28 06:00:00,EP152026(2),49,2026-10-02 06:00:00,4 days 00:00:00,96,24.74,-167.06,982.9,56.7,57.31414934764801,316.137563880177,292.4278489393937,235.95717383579904,270.30586931573555,65.17655107779207,51.44033483981241,32.6258254118207,49.85233960499218,0.0,0.0,0.0,0.0
2026-09-28 06:00:00,EP152026(2),49,2026-10-02 12:00:00,4 days 06:00:00,102,24.98,-167.39,986.0,50.0,61.88863642821559,241.0784351327826,222.10434078707567,174.6713345342583,200.2014260935424,61.88863642821559,26.58202884135296,17.168661422455873,23.68682595758984,0.0,0.0,0.0,0.0
2026-09-28 06:00:00,EP152026(2),49,2026-10-02 18:00:00,4 days 12:00:00,108,25.0,-167.67,989.2,51.4,108.40007756659509,122.33182791832878,99.48763630467772,71.44783019727177,92.64434365097748,108.40007756659509,0.0,0.0,0.0024303236779452,0.0,0.0,0.0,0.0
2026-09-28 06:00:00,EP152026(2),49,2026-10-03 00:00:00,4 days 18:00:00,114,24.81,-168.28,993.1,43.1,56.61038638435999,118.18928204855096,103.07611043080992,91.5477361127906,106.96272575985871,0.0,0.0,0.0,0.0,0.0,0.0,0.0,0.0
2026-09-28 06:00:00,EP152026(2),49,2026-10-03 06:00:00,5 days 00:00:00,120,24.2,-168.74,989.2,51.0,101.2400973324819,101.2400973324819,47.00604468083493,47.26730720767778,53.77221859274842,101.2400973324819,0.0,0.0,0.0,0.0,0.0,0.0,0.0
2026-09-28 06:00:00,EP152026(2),49,2026-10-03 12:00:00,5 days 06:00:00,126,24.13,-169.8,995.9,48.8,126.05876504687892,296.19322727826875,259.9221599172513,216.31411893302865,258.23896289723183,0.0,0.0,0.0,0.0,0.0,0.0,0.0,0.0
2026-09-28 06:00:00,EP152026(2),49,2026-10-03 18:00:00,5 days 12:00:00,132,23.81,-171.15,993.5,51.0,109.5028593283273,336.4044468378261,296.3232195843584,240.4573214508746,288.9237323191692,109.5028593283273,56.105108826057176,41.11027080997758,56.42360511122138,0.0,0.0,0.0,0.0
2026-09-28 06:00:00,EP152026(2),49,2026-10-04 00:00:00,5 days 18:00:00,138,23.79,-172.81,989.5,54.7,62.38024018406523,204.90602369717956,167.96236374444436,128.6000002564358,164.87044829178433,62.38024018406523,15.514275203228472,8.243276614878154,16.95952780438168,0.0,0.0,0.0,0.0
2026-09-28 06:00:00,EP152026(2),49,2026-10-04 06:00:00,6 days 00:00:00,144,23.94,-174.27,984.3,59.8,56.84205183526596,276.369042251884,224.261179181587,176.7793198492016,225.71567552558307,56.84205183526596,19.420341937986656,10.753495992605409,23.473597226488344,0.0,0.0,0.0,0.0
2026-09-28 06:00:00,EP152026(2),49,2026-10-04 12:00:00,6 days 06:00:00,150,24.47,-175.86,984.5,60.6,65.15558129320561,280.17781447424204,239.04254070519528,181.22139494819567,229.15303641519856,65.15558129320561,43.28879362413864,27.4508907271138,43.874526758052525,0.0,0.0,0.0,0.0
2026-09-28 06:00:00,EP152026(2),49,2026-10-04 18:00:00,6 days 12:00:00,156,25.32,-177.27,981.8,64.0,44.98300951564474,278.01516917061736,224.00047189337116,166.0069405105246,230.59602519360809,134.60700987533926,112.13829557599088,82.87127066134713,108.86004947257902,44.98300951564474,36.17011419764424,27.156445674774844,35.51310089817035
2026-09-28 06:00:00,EP152026(2),49,2026-10-05 00:00:00,6 days 18:00:00,162,25.87,-178.89,986.9,57.3,50.73604118175115,269.5635374853534,235.55674200245664,177.2802269689814,216.82158882051908,50.73604118175115,36.861752206412106,22.27656776463455,34.59214693428092,0.0,0.0,0.0,0.0
2026-09-28 06:00:00,EP152026(2),49,2026-10-05 06:00:00,7 days 00:00:00,168,26.67,-179.91,975.3,65.0,63.84705561847262,390.2678779757528,346.9337240261649,294.93135741695426,340.8074986621109,164.80139467778085,140.32072409639298,106.39560028494152,134.70717558266233,63.84705561847262,29.44567852775569,21.979729433548613,29.79949526028102
2026-09-28 06:00:00,EP152026(2),49,2026-10-05 12:00:00,7 days 06:00:00,174,27.36,178.71,986.4,60.6,68.12472536002451,396.0421811619234,349.53882149398447,275.0654351984652,336.7178830214377,109.98867741111565,89.73325353951975,59.09421441461281,84.67736842693739,0.0,0.0,0.0,0.0
2026-09-28 06:00:00,EP152026(2),49,2026-10-05 18:00:00,7 days 12:00:00,180,27.75,177.79,984.4,58.2,50.29837462455429,285.0822952084692,243.7420269153911,177.91469608650328,237.962276387207,80.25632811128361,61.82543708884295,37.7131087793458,60.77697848884421,0.0,0.0,0.0,0.0
2026-09-28 06:00:00,EP152026(2),49,2026-10-06 00:00:00,7 days 18:00:00,186,27.98,176.97,985.9,61.0,48.32511573952989,273.0305513281584,227.31723216612696,199.37121633550203,245.37924091280357,88.29909005988992,68.80002077007927,48.8421389082517,71.79257323169514,0.0,0.0,0.0,0.0
2026-09-28 06:00:00,EP152026(2),49,2026-10-06 06:00:00,8 days 00:00:00,192,27.37,175.54,988.4,54.9,43.52210912070468,235.17143584016412,202.229946431786,185.87625443776088,210.8181649180432,66.60057993909525,52.25787423116449,37.36270780193362,53.17615672672397,0.0,0.0,0.0,0.0
2026-09-28 06:00:00,EP152026(2),49,2026-10-06 12:00:00,8 days 06:00:00,198,26.92,174.34,995.1,53.5,114.30232897414018,114.30232897414018,47.84252364663301,47.00278964305439,69.22491173350986,114.30232897414018,1.768755337222217,0.7395750639774885,8.166802613858446,0.0,0.0,0.0,0.0
2026-09-28 06:00:00,EP152026(2),49,2026-10-06 18:00:00,8 days 12:00:00,204,26.2,172.97,990.6,50.7,86.29251310998453,158.41775762357815,129.57481755463166,99.9738972716118,145.94186527028688,86.29251310998453,8.58939088999377,3.7310100732321705,16.604202534856654,0.0,0.0,0.0,0.0
2026-09-28 06:00:00,EP152026(2),49,2026-10-07 00:00:00,8 days 18:00:00,210,25.29,171.33,991.9,55.2,73.2391460920507,202.66512963092805,153.98542057647023,129.96840338000231,170.07901352934482,73.2391460920507,14.51988190235889,9.411822590438646,21.477925683760414,0.0,0.0,0.0,0.0
2026-09-28 06:00:00,EP152026(2),49,2026-10-07 06:00:00,9 days 00:00:00,216,24.73,169.44,993.3,53.9,105.39497461104789,174.7770147214711,141.61727036119356,117.32757316200332,148.30190228239942,105.39497461104789,3.966942377822216,2.77450553722407,7.851309175909848,0.0,0.0,0.0,0.0
2026-09-28 06:00:00,EP152026(2),49,2026-10-07 12:00:00,9 days 06:00:00,222,24.26,167.44,987.5,57.4,34.94155104810366,156.08429848883904,119.22629587922472,95.03066373501584,125.44452403445533,34.94155104810366,1.5326379719940366,0.9097963633824316,6.5002215150635045,0.0,0.0,0.0,0.0
2026-09-28 06:00:00,EP152026(2),49,2026-10-07 18:00:00,9 days 12:00:00,228,23.75,165.54,993.9,48.1,31.046536888824814,169.37997246580437,143.24491549748024,113.64739304856252,149.23080834051285,0.0,0.0,0.0,0.0,0.0,0.0,0.0,0.0
2026-09-28 06:00:00,EP152026(2),49,2026-10-08 00:00:00,9 days 18:00:00,234,23.45,163.26,980.4,71.7,18.841074060304383,157.50773070537892,112.19174036415204,93.55886006664652,139.5552328310069,34.54072961214265,18.224077891785047,9.339660336689512,26.35794526870712,18.841074060304383,2.974163265899412,2.4742745712617253,6.980620595572527
2026-09-28 06:00:00,EP152026(2),49,2026-10-08 06:00:00,10 days 00:00:00,240,23.23,161.22,982.9,74.5,16.811628951312514,177.36834028603425,147.0416287032176,122.6771119916798,152.75795330784126,36.92864432663424,22.39490607925788,13.704848956641058,26.546926194382426,16.811628951312514,0.2046257360207732,0.0,2.023509611673397
2026-09-28 06:00:00,EP152026(2),49,2026-10-08 12:00:00,10 days 06:00:00,246,23.09,159.23,985.6,55.1,40.87607474065132,153.32679242020384,125.48672984391304,78.53237484171692,132.44174745066292,40.87607474065132,4.532315467026095,0.0,8.403116136514322,0.0,0.0,0.0,0.0
2026-09-28 06:00:00,EP152026(2),49,2026-10-08 18:00:00,10 days 12:00:00,252,23.14,157.63,984.0,68.9,28.49965998617415,190.9449919579306,154.1216539548368,113.50508848177104,159.39261927023563,44.90187762779374,29.201395152469388,16.794738708577313,33.0600700984499,28.49965998617415,3.062275258571645,0.9249512487719612,4.503810636742344
2026-09-28 06:00:00,EP152026(2),49,2026-10-09 00:00:00,10 days 18:00:00,258,23.7,155.37,980.2,67.5,59.83259883709495,108.89535161890802,47.17838369400632,12.989946933864124,73.20755251824676,59.83259883709495,0.0,0.0,59.83259883709495,0.1260332473921792,0.0,0.0,59.83259883709495
2026-09-28 06:00:00,EP152026(2),49,2026-10-09 06:00:00,11 days 00:00:00,264,23.43,153.23,991.1,53.2,61.99895462689649,62.358075667573694,21.625805707540582,7.748783102331719,41.093014279988864,61.99895462689649,0.0,0.0,0.0,0.0,0.0,0.0,0.0
2026-09-28 06:00:00,EP152026(2),49,2026-10-09 12:00:00,11 days 06:00:00,270,23.58,151.14,993.4,45.8,44.99781211717179,145.61115258148962,116.22570938231271,73.91973406902684,111.97968218418652,0.0,0.0,0.0,0.0,0.0,0.0,0.0,0.0
2026-09-28 06:00:00,EP152026(2),49,2026-10-09 18:00:00,11 days 12:00:00,276,22.65,149.36,996.6,36.8,46.28591926800176,46.28591926800176,0.0,0.0,17.395963087646557,0.0,0.0,0.0,0.0,0.0,0.0,0.0,0.0
2026-09-28 06:00:00,EP152026(2),49,2026-10-10 00:00:00,11 days 18:00:00,282,21.62,147.14,1001.9,29.3,78.19872995636665,0.0,0.0,0.0,0.0,0.0,0.0,0.0,0.0,0.0,0.0,0.0,0.0
2026-09-28 06:00:00,EP152026(2),49,2026-10-10 06:00:00,12 days 00:00:00,288,20.58,146.22,999.2,30.0,102.23089351506349,0.0,0.0,0.0,0.0,0.0,0.0,0.0,0.0,0.0,0.0,0.0,0.0
2026-09-28 06:00:00,EP152026(2),49,2026-10-10 12:00:00,12 days 06:00:00,294,20.44,146.21,1006.2,22.6,140.17768601599664,0.0,0.0,0.0,0.0,0.0,0.0,0.0,0.0,0.0,0.0,0.0,0.0
2026-09-28 06:00:00,EP152026(2),49,2026-10-10 18:00:00,12 days 12:00:00,300,19.06,146.15,1004.0,21.9,43.08354916095027,0.0,0.0,0.0,0.0,0.0,0.0,0.0,0.0,0.0,0.0,0.0,0.0
2026-09-28 06:00:00,EP152026(2),49,2026-10-11 00:00:00,12 days 18:00:00,306,18.83,147.36,1003.8,24.6,41.64696992794994,0.0,0.0,0.0,0.0,0.0,0.0,0.0,0.0,0.0,0.0,0.0,0.0
2026-09-28 06:00:00,EP172026,49,2026-09-28 06:00:00,0 days 00:00:00,0,23.2,-114.0,955.0,105.0,28.0,167.0,148.0,148.0,148.0,102.0,93.0,83.0,83.0,65.0,65.0,65.0,65.0
2026-09-28 06:00:00,EP172026,49,2026-09-28 12:00:00,0 days 06:00:00,6,24.02,-113.77,955.6,101.7,6.990471923419626,205.1672049467757,241.84390936434096,147.43822993960842,146.38519199908689,86.19170256140981,85.1822120025199,53.654917142362926,59.48081843246409,45.4008320729973,41.176561257811606,30.49974435465864,36.173317966939
2026-09-28 06:00:00,EP172026,49,2026-09-28 18:00:00,0 days 12:00:00,12,24.74,-113.48,970.8,89.2,48.57513444834913,146.23049532719597,180.69498142215247,122.13161044982236,100.30830847800934,48.57513444834913,53.5876922727882,36.46948842899079,32.490194991693805,48.57513444834913,24.82177424272001,18.582716756391143,19.181243844922975
2026-09-28 06:00:00,EP172026,49,2026-09-29 00:00:00,0 days 18:00:00,18,25.4,-113.18,982.1,65.4,20.7813863084257,172.86954239211815,203.7190451943514,143.83846202022613,126.0565240735023,38.99959726729187,39.87182522231672,21.327674056122078,20.5547710815086,2.798874978832627,20.7813863084257,1.767314598375901,0.8080270727833808
2026-09-28 06:00:00,EP172026,49,2026-09-29 06:00:00,1 days 00:00:00,24,26.11,-112.31,978.0,70.2,61.36535217672623,132.94587949895742,119.21113214267812,72.3207831660286,90.49127346208194,61.36535217672623,61.36535217672623,0.1325215577691132,0.1582556701650794,0.0865761740663213,61.36535217672623,0.0,0.0
2026-09-28 06:00:00,EP172026,49,2026-09-29 12:00:00,1 days 06:00:00,30,26.78,-111.41,986.1,60.8,53.49057788123984,178.19696503579124,184.7160383262703,126.0870222098544,120.70371988090974,23.71715048529609,53.49057788123984,14.79165772892841,12.915890613915238,0.0,0.0,0.0,0.0
2026-09-28 06:00:00,EP172026,49,2026-09-29 18:00:00,1 days 12:00:00,36,28.71,-110.0,990.9,45.1,63.10883419433305,60.39572847384394,64.8050882421356,27.896750072715644,51.18271062835801,0.0,0.0,0.0,0.0,0.0,0.0,0.0,0.0
2026-09-28 06:00:00,EP182026,49,2026-09-28 06:00:00,0 days 00:00:00,0,13.2,-100.0,1001.0,41.0,93.0,222.0,185.0,148.0,222.0,0.0,0.0,0.0,0.0,0.0,0.0,0.0,0.0
2026-09-28 06:00:00,EP182026,49,2026-09-28 12:00:00,0 days 06:00:00,6,13.3,-100.7,993.7,52.0,74.39583695589604,216.2598520625633,184.33605099747075,145.88102384748524,173.96717603596034,74.39583695589604,29.43147694813989,19.323986872397644,27.706944272611626,0.0,0.0,0.0,0.0
2026-09-28 06:00:00,EP182026,49,2026-09-28 18:00:00,0 days 12:00:00,12,13.74,-101.69,989.1,59.9,53.13929607325458,170.28628717369708,138.47706867034793,94.27009519673948,129.24204840524038,53.13929607325458,12.39598043067816,4.440326235776475,13.60809319368438,0.0,0.0,0.0,0.0
2026-09-28 06:00:00,EP182026,49,2026-09-29 00:00:00,0 days 18:00:00,18,14.31,-102.78,993.3,55.8,33.3259359500932,172.78890088395664,141.14869341907507,101.35062504656446,136.50753188999494,33.3259359500932,15.565468789141978,5.500930523653092,16.364615542364028,0.0,0.0,0.0,0.0
2026-09-28 06:00:00,EP182026,49,2026-09-29 06:00:00,1 days 00:00:00,24,14.79,-104.03,988.1,62.7,65.17398872548497,168.09730062090344,139.97336485472073,107.84710816198483,137.59393316659276,65.17398872548497,16.244050559798048,9.17294053627992,18.56122131450968,0.0,0.0,0.0,0.0
2026-09-28 06:00:00,EP182026,49,2026-09-29 12:00:00,1 days 06:00:00,30,15.14,-104.99,986.1,58.1,39.88468388832937,195.3632181899146,176.97785838187028,142.68209323766783,158.25461192571004,39.88468388832937,27.77809001209223,18.268737342823027,23.362020185803683,0.0,0.0,0.0,0.0
2026-09-28 06:00:00,EP182026,49,2026-09-29 18:00:00,1 days 12:00:00,36,16.07,-105.65,984.8,67.4,55.606045221169225,172.08820848557218,136.08323496373418,77.2175735368257,110.62382327747312,55.606045221169225,55.606045221169225,0.0,5.768115414377553,0.4477454028527151,55.606045221169225,0.0,0.252753082553799
2026-09-28 06:00:00,EP182026,49,2026-09-30 00:00:00,1 days 18:00:00,42,16.86,-106.29,986.5,65.8,36.28954220420834,190.72877455050923,165.7960515712573,114.36022007128685,143.4523789245957,36.28954220420834,21.345124935314043,8.705394351161441,18.75731534762688,36.28954220420834,0.0,0.0,0.0
2026-09-28 06:00:00,EP182026,49,2026-09-30 06:00:00,2 days 00:00:00,48,17.55,-107.15,975.2,78.4,23.828886566665744,183.8548923779768,160.28997635307277,124.32463185055704,151.3045691618181,86.14239830767659,72.83290975743387,56.27288587424525,71.18338142587419,37.048465759297656,31.727837313722944,24.993645751407808,31.919354213829287
2026-09-28 06:00:00,EP182026,49,2026-09-30 12:00:00,2 days 06:00:00,54,17.99,-107.62,966.4,83.9,27.197430936080764,203.06596981365965,163.82260818084796,109.99815683447969,162.34328606405506,90.94352414578589,71.59522204967061,50.4161212024203,73.07526129044163,40.33202505510167,34.688902790819384,25.657961796541255,34.629039053984
2026-09-28 06:00:00,EP182026,49,2026-09-30 18:00:00,2 days 12:00:00,60,18.48,-108.1,976.6,71.2,27.308094021862043,271.56291147707526,261.7244916185432,200.22538053530167,222.6778123650927,69.96094569889348,55.1860946144681,32.86305960910761,48.04868545848766,27.308094021862043,5.198753724057418,1.6763278837525946,5.429088401572885
2026-09-28 06:00:00,EP182026,49,2026-10-01 00:00:00,2 days 18:00:00,66,19.03,-108.45,956.2,98.4,32.74483055912243,149.88492450216694,132.59697573584216,90.1479874963288,132.27032445325767,79.56194518977608,62.34806138077184,43.83592764490584,62.27048835828551,45.304045023166736,38.1191810352055,28.593930529701943,39.083485065334486
2026-09-28 06:00:00,EP182026,49,2026-10-01 06:00:00,3 days 00:00:00,72,19.39,-108.89,967.2,74.9,54.26129630824062,139.6406960619006,126.4662931816856,111.66500591043678,134.01089594499354,81.47178636651552,67.71285802656257,56.60058492078724,72.53205366912152,54.26129630824062,37.39505568905679,30.523691742593652,37.55102562676848
2026-09-28 06:00:00,EP182026,49,2026-10-01 12:00:00,3 days 06:00:00,78,19.56,-108.8,973.8,83.7,29.91443054538039,144.51056369059822,154.57152932853086,134.20914111593424,125.92324736833376,126.08872356641488,123.3267613089726,103.93596493478486,109.26903202296012,70.9721172246548,66.95359072655522,54.76532562780244,60.38758243250384
2026-09-28 06:00:00,EP182026,49,2026-10-01 18:00:00,3 days 12:00:00,84,19.7,-109.28,976.7,66.7,33.31894789529609,151.23276578218895,140.8028028377104,128.4220888871494,133.3059359555744,96.3797563669976,83.04739953354533,69.6204654435348,82.60808634922222,47.22458353756426,41.87542434049537,33.855369404333395,40.52524247393738
2026-09-28 06:00:00,EP182026,49,2026-10-02 00:00:00,3 days 18:00:00,90,19.9,-109.29,977.6,71.2,33.29006993075019,156.53639621221726,160.93881530574257,124.43903636242464,126.84416663188482,73.63268762880503,68.55402833458459,50.97774806798158,58.395679994962485,33.29006993075019,25.14319988384064,19.720759610425787,23.60430490428614
2026-09-28 06:00:00,EP182026,49,2026-10-02 06:00:00,4 days 00:00:00,96,19.86,-109.5,969.4,76.9,28.1280923659228,197.0111200675719,183.28451649077743,164.72432754484407,178.0342179745936,102.02975523275944,88.54828546550978,74.03214294545354,87.48705480805856,42.818287433428765,38.41566813093898,31.855388022354592,37.97638564900468
2026-09-28 06:00:00,EP182026,49,2026-10-02 12:00:00,4 days 06:00:00,102,20.13,-109.35,970.8,75.3,29.67173867605388,133.55822729127829,139.52581879863408,112.72209193016135,110.97729350671358,86.23935015280901,80.20357191747436,62.59408114660448,71.0706477523871,44.82554827177883,40.944863938628494,31.3773427855326,37.876325902815495
2026-09-28 06:00:00,EP182026,49,2026-10-02 18:00:00,4 days 12:00:00,108,20.36,-109.24,977.3,70.8,40.13006234566216,229.8482790757556,239.66033798737809,188.45290945935935,183.0983538710409,55.961756279642685,51.78724965269943,36.35044493437421,40.38492993974343,5.956646491789546,40.13006234566216,3.786179985308309,4.860817180108998
2026-09-28 06:00:00,EP182026,49,2026-10-03 00:00:00,4 days 18:00:00,114,20.86,-109.71,971.9,71.1,14.39174888912174,207.14877263436395,193.61808651077592,143.5812546299603,170.64300457904037,57.41271298596981,44.96494394254351,27.0110247475282,41.6847656781364,19.397282432116736,16.04961605635473,10.967668995347235,15.08727885997022
2026-09-28 06:00:00,EP182026,49,2026-10-03 06:00:00,5 days 00:00:00,120,20.88,-109.71,964.8,81.6,23.93268291742324,151.15618351485472,130.46956767015496,108.3552014592394,123.6046060596766,72.93293857084501,60.25450416045467,49.71119999756141,62.41920304428422,36.04653150062006,32.20832254943426,25.89830590205159,31.225694818950597
2026-09-28 06:00:00,EP182026,49,2026-10-03 12:00:00,5 days 06:00:00,126,20.77,-109.74,971.8,86.8,26.41997823559049,148.32059949693237,131.77223925364115,114.38082677135732,138.34245517545696,130.81518459703062,119.30607324561504,99.61144943380783,113.98198660021328,77.74263128641957,70.89441105041577,59.12235411249922,66.8533503254175
2026-09-28 06:00:00,EP182026,49,2026-10-03 18:00:00,5 days 12:00:00,132,20.77,-110.13,962.7,96.3,33.17953713136023,197.62222276013608,191.51927933500244,149.17991151757184,185.92938772767133,60.55145450936052,45.474094492527456,30.93787661687591,49.77552214997917,33.17953713136023,17.77263651986545,13.076610273271289,19.613395908614525
2026-09-28 06:00:00,EP182026,49,2026-10-04 00:00:00,5 days 18:00:00,138,20.85,-110.84,951.6,105.0,30.810664622031027,144.3478527473726,147.92400327067753,129.34374228657907,148.71318667534433,52.70026001538645,39.00366737838908,32.81046643292211,49.39780798199763,36.17952481076941,28.816677962104905,24.683210688434883,31.281912672674597
2026-09-28 06:00:00,EP182026,49,2026-10-04 06:00:00,6 days 00:00:00,144,20.62,-111.04,961.8,98.6,35.751610132537124,239.4580618691752,214.6343537105092,181.2246153325335,220.50420116725763,64.45484822219552,48.57993577675221,37.17238597246622,57.2569814371834,35.751610132537124,16.482023635688343,13.932715338269166,18.549455437714528
2026-09-28 06:00:00,EP182026,49,2026-10-04 12:00:00,6 days 06:00:00,150,20.66,-111.47,964.8,90.9,42.01617611978685,172.9475465445148,167.78516834484276,135.76608206566118,165.5169890891666,69.79685135804652,58.02512093151017,43.81839050376567,60.33612244087044,42.01617611978685,33.98618965899732,26.980583752724385,33.93152224794383
2026-09-28 06:00:00,EP182026,49,2026-10-04 18:00:00,6 days 12:00:00,156,20.73,-111.9,945.5,108.7,23.02427388533028,164.402797777102,127.3480614395202,97.83053818880336,155.65326602716738,91.7327860941387,67.90597077508039,59.48989543323142,89.50646448106872,67.14217015672895,56.00467148927972,46.06582954527178,57.994164495088654
2026-09-28 06:00:00,EP182026,49,2026-10-05 00:00:00,6 days 18:00:00,162,20.93,-112.61,968.4,86.2,6.326746068218455,168.05824865180924,151.55587673513682,134.308311885605,163.67126912840243,59.78984398723281,41.825417850676,32.78195602567742,51.10921876257861,23.83279354174751,17.874404494749932,14.349063243808814,20.850658904597367
2026-09-28 06:00:00,EP182026,49,2026-10-05 06:00:00,7 days 00:00:00,168,20.77,-113.5,960.1,85.6,26.701744962506268,191.49315813595467,159.09961911170058,135.51448786038964,186.5685196819104,74.94607651194087,54.370240946349895,38.803398699486365,64.72279863366043,33.06189431666746,24.90245192756663,18.139158397030545,27.594376971451027
2026-09-28 06:00:00,EP182026,49,2026-10-05 12:00:00,7 days 06:00:00,174,20.59,-114.73,971.6,79.2,10.574980911687462,143.11450453648314,116.22762887247046,89.59827532081692,125.84544239088676,93.59962313757607,73.80002849227841,58.25798755637104,81.61998889646858,50.965084129909485,43.44927705840843,33.11485987397259,43.7525982542746
2026-09-28 06:00:00,EP182026,49,2026-10-05 18:00:00,7 days 12:00:00,180,20.6,-115.35,979.0,75.5,28.249381190539932,168.96052726064227,135.67345487392342,116.63399756513292,170.68032819042477,84.79422973039905,65.17551693745081,50.0039522841037,73.56627823604803,34.98921679950882,28.47712824163192,21.347168674241026,29.621706136041052
2026-09-28 06:00:00,EP182026,49,2026-10-06 00:00:00,7 days 18:00:00,186,20.53,-116.57,982.7,74.8,14.127236357164106,178.43990551295664,151.4037269674316,112.23178059342928,155.23734379733023,37.81770583271315,25.675494194659297,15.82648808598757,29.830939191833675,14.127236357164106,4.057417370464105,2.967203080776963,5.490676732253002
2026-09-28 06:00:00,EP182026,49,2026-10-06 06:00:00,8 days 00:00:00,192,20.68,-117.56,973.7,79.8,32.46262596064622,186.7258790218167,146.82223048013498,123.6803523549928,182.26438572117013,82.09960532022575,58.9381098026364,45.23647942930779,71.81166720320715,34.335912261529074,27.33743138197829,21.35588578651435,30.726367516707512
2026-09-28 06:00:00,EP182026,49,2026-10-06 12:00:00,8 days 06:00:00,198,20.58,-118.3,980.1,69.1,27.60292755620134,165.92317555901593,136.17453505721744,99.31491119602336,150.52716596153348,75.46386546503496,58.91622621114739,43.330480796722505,63.02075618625941,31.58337775997797,26.60590958531117,20.132710131641225,27.44827449008343
2026-09-28 06:00:00,EP182026,49,2026-10-06 18:00:00,8 days 12:00:00,204,20.56,-119.39,982.9,69.8,42.64527444898687,131.7867523958779,86.46682135498095,65.23547478192106,112.21975915762204,51.44114861952935,35.96232486200206,24.62001495261148,44.11951077914895,42.64527444898687,16.9485357305332,13.057633548194582,18.669894888116577
2026-09-28 06:00:00,EP182026,49,2026-10-07 00:00:00,8 days 18:00:00,210,20.92,-119.69,976.9,76.1,28.133053635374203,164.49688169601995,135.69629968626367,106.39580352667866,141.7682594389042,53.3780627171472,40.19049268533982,28.95874202427933,42.75296880502143,28.133053635374203,15.681908980070558,11.67638795700741,15.437538266945108
2026-09-28 06:00:00,EP182026,49,2026-10-07 06:00:00,9 days 00:00:00,216,21.11,-119.95,976.6,76.6,44.18483170660779,192.053428643287,162.34228920114052,128.21455669485613,165.79410348440305,79.42219453005734,65.47766391203656,47.49479135879851,66.5684091696308,44.18483170660779,28.219122698398493,22.188809733445503,28.738732019089653
2026-09-28 06:00:00,EP182026,49,2026-10-07 12:00:00,9 days 06:00:00,222,21.44,-120.5,981.2,71.2,39.13408152669846,114.67260592719846,87.21666919570987,64.24312406582285,95.24357925491992,44.0038580673792,35.69110082002486,25.004973036045293,34.05548735464308,39.13408152669846,18.50219390389984,15.357142032714588,18.487582395639485
2026-09-28 06:00:00,EP182026,49,2026-10-07 18:00:00,9 days 12:00:00,228,22.0,-121.0,989.1,61.9,23.973042285878364,156.77262571463427,145.62003244862308,98.5718859930318,133.10966198161873,26.822399482222067,21.82190374894971,12.137795108751988,20.24916702106452,0.0,0.0,0.0,0.0
2026-09-28 06:00:00,EP182026,49,2026-10-08 00:00:00,9 days 18:00:00,234,22.55,-121.4,983.2,64.4,39.04221263237171,168.07801135994333,141.93035610286825,104.03324125808064,139.33206342898117,49.28331136069465,37.92535529816196,21.02170388523642,35.041375416045526,39.04221263237171,9.767009712179672,5.464223802874729,8.143545500137604
2026-09-28 06:00:00,EP182026,49,2026-10-08 06:00:00,10 days 00:00:00,240,23.08,-122.3,990.3,52.9,42.61068076800092,155.24186606329386,142.00561106674945,101.85374726210192,127.3420147740718,42.61068076800092,20.08337329399751,10.374098475383562,16.11420700600459,0.0,0.0,0.0,0.0
2026-09-28 06:00:00,EP182026,49,2026-10-08 12:00:00,10 days 06:00:00,246,23.45,-122.92,995.6,47.8,34.62747997472027,190.19529390020583,145.8724612344763,103.99994525902146,152.41592379020148,0.0,0.0,0.0,0.0,0.0,0.0,0.0,0.0
2026-09-28 06:00:00,EP182026,49,2026-10-08 18:00:00,10 days 12:00:00,252,24.16,-123.52,994.6,47.8,67.789044727532,67.789044727532,23.13161790380007,10.03294718184575,30.829662367677635,0.0,0.0,0.0,0.0,0.0,0.0,0.0,0.0
2026-09-28 06:00:00,EP182026,49,2026-10-09 00:00:00,10 days 18:00:00,258,24.47,-124.53,999.1,35.0,60.98222690629144,60.98222690629144,10.722949363052194,5.132022178257373,17.203879855551936,0.0,0.0,0.0,0.0,0.0,0.0,0.0,0.0
2026-09-28 06:00:00,EP182026,49,2026-10-09 06:00:00,11 days 00:00:00,264,24.75,-125.57,1003.0,29.8,76.01146520027886,0.0,0.0,0.0,0.0,0.0,0.0,0.0,0.0,0.0,0.0,0.0,0.0
2026-09-28 06:00:00,EP182026,49,2026-10-09 12:00:00,11 days 06:00:00,270,25.2,-126.24,1000.5,30.6,51.16509140743627,0.0,0.0,0.0,0.0,0.0,0.0,0.0,0.0,0.0,0.0,0.0,0.0
2026-09-28 06:00:00,EP182026,49,2026-10-09 18:00:00,11 days 12:00:00,276,25.33,-126.64,1004.3,23.1,57.35957678450061,0.0,0.0,0.0,0.0,0.0,0.0,0.0,0.0,0.0,0.0,0.0,0.0
2026-09-28 06:00:00,EP182026,49,2026-10-10 00:00:00,11 days 18:00:00,282,25.53,-127.06,1002.6,23.9,88.86649815089089,0.0,0.0,0.0,0.0,0.0,0.0,0.0,0.0,0.0,0.0,0.0,0.0
2026-09-28 06:00:00,EP182026,49,2026-10-10 06:00:00,12 days 00:00:00,288,25.34,-127.05,1002.1,22.3,90.38109002459008,0.0,0.0,0.0,0.0,0.0,0.0,0.0,0.0,0.0,0.0,0.0,0.0
2026-09-28 06:00:00,EP182026,49,2026-10-10 12:00:00,12 days 06:00:00,294,25.01,-127.08,1003.5,26.0,82.2929586217366,0.0,0.0,0.0,0.0,0.0,0.0,0.0,0.0,0.0,0.0,0.0,0.0
2026-09-28 06:00:00,EP182026,49,2026-10-10 18:00:00,12 days 12:00:00,300,24.52,-126.43,1005.2,21.8,61.0594400369086,0.0,0.0,0.0,0.0,0.0,0.0,0.0,0.0,0.0,0.0,0.0,0.0
2026-09-28 06:00:00,EP182026,49,2026-10-11 00:00:00,12 days 18:00:00,306,23.85,-125.74,1006.2,22.9,50.237686556950784,0.0,0.0,0.0,0.0,0.0,0.0,0.0,0.0,0.0,0.0,0.0,0.0
2026-09-28 06:00:00,EP182026,49,2026-10-11 06:00:00,13 days 00:00:00,312,22.77,-124.75,1005.7,20.6,70.5169537807362,0.0,0.0,0.0,0.0,0.0,0.0,0.0,0.0,0.0,0.0,0.0,0.0
2026-09-28 06:00:00,EP912026(3),49,2026-09-28 06:00:00,0 days 00:00:00,0,12.7,-136.6,1005.0,29.0,93.0,0.0,0.0,0.0,0.0,0.0,0.0,0.0,0.0,0.0,0.0,0.0,0.0
2026-09-28 06:00:00,WP252026,49,2026-09-28 06:00:00,0 days 00:00:00,0,27.5,131.6,954.0,99.0,9.0,148.0,158.0,148.0,121.0,,,,,,,,
2026-09-28 06:00:00,WP252026,49,2026-09-28 12:00:00,0 days 06:00:00,6,27.5,132.56,979.9,72.0,26.599715522310277,153.8852848025661,182.57751334838704,152.30212155841366,115.5383272876526,26.599715522310277,26.599715522310277,9.631259398901983,0.457148543513926,26.599715522310277,0.0,0.0,0.0
2026-09-28 06:00:00,WP252026,49,2026-09-28 18:00:00,0 days 12:00:00,12,27.99,133.17,984.3,60.8,67.35208911579252,121.2757388055793,115.6958176312309,78.79747765038573,89.23190927064113,2.037282429644292,67.35208911579252,0.0,0.3392350904645766,0.0,0.0,0.0,0.0
2026-09-28 06:00:00,WP252026,49,2026-09-29 00:00:00,0 days 18:00:00,18,28.45,134.21,992.7,49.5,44.87466338738869,108.20736588415645,113.8271154118595,86.52076601929923,73.81570344076215,0.0,0.0,0.0,0.0,0.0,0.0,0.0,0.0
2026-09-28 06:00:00,WP252026,49,2026-09-29 06:00:00,1 days 00:00:00,24,29.13,135.05,1000.5,39.5,141.1432141709098,92.9701985033092,141.1432141709098,63.3101834575586,66.79241248233086,0.0,0.0,0.0,0.0,0.0,0.0,0.0,0.0
2026-09-28 06:00:00,WP252026,49,2026-09-29 12:00:00,1 days 06:00:00,30,29.05,136.42,999.6,39.2,103.1647185765744,103.1647185765744,47.92504150181784,32.96669556916535,39.68427246181884,0.0,0.0,0.0,0.0,0.0,0.0,0.0,0.0
2026-09-28 06:00:00,WP252026,49,2026-09-29 18:00:00,1 days 12:00:00,36,29.73,137.06,995.9,44.9,139.57916545655678,11.606880551888748,139.57916545655678,7.795823362995645,4.506403208143313,0.0,0.0,0.0,0.0,0.0,0.0,0.0,0.0
2026-09-28 06:00:00,WP252026,49,2026-09-30 00:00:00,1 days 18:00:00,42,30.47,138.25,996.2,38.2,86.01934456107325,86.01934456107325,23.714636639242254,10.870684209961166,8.204929933479585,0.0,0.0,0.0,0.0,0.0,0.0,0.0,0.0
2026-09-28 06:00:00,WP252026,49,2026-09-30 06:00:00,2 days 00:00:00,48,31.46,139.17,997.6,38.7,34.15576098795486,49.08158153229989,49.58189397099368,28.54722169483008,26.83532650595989,0.0,0.0,0.0,0.0,0.0,0.0,0.0,0.0
2026-09-28 06:00:00,WP252026,49,2026-09-30 12:00:00,2 days 06:00:00,54,32.09,139.65,995.8,44.6,30.77334955055449,155.46469386410644,160.13983607666987,122.12657743179687,118.81178561897882,0.0,0.0,0.0,0.0,0.0,0.0,0.0,0.0
2026-09-28 06:00:00,WP252026,49,2026-09-30 18:00:00,2 days 12:00:00,60,33.37,140.89,999.2,43.9,102.6778398105238,22.656554754616707,102.6778398105238,13.218690882953538,1.8459529895896765,0.0,0.0,0.0,0.0,0.0,0.0,0.0,0.0
2026-09-28 06:00:00,WP252026,49,2026-10-01 00:00:00,2 days 18:00:00,66,34.11,141.79,997.7,38.0,41.09306759572979,147.63242726158026,152.14630343995333,121.56183412256271,114.0513274355134,0.0,0.0,0.0,0.0,0.0,0.0,0.0,0.0
2026-09-28 06:00:00,WP252026,49,2026-10-01 06:00:00,3 days 00:00:00,72,35.16,143.55,989.9,40.6,49.32485610040783,130.26022395912787,141.67093594104972,102.14723808745951,100.56072017452288,0.0,0.0,0.0,0.0,0.0,0.0,0.0,0.0
2026-09-28 06:00:00,WP252026,49,2026-10-01 12:00:00,3 days 06:00:00,78,36.21,145.81,994.1,45.2,61.18941487156878,28.1726139901978,61.18941487156878,6.558376964508454,17.281628367487585,0.0,0.0,0.0,0.0,0.0,0.0,0.0,0.0
2026-09-28 06:00:00,WP252026,49,2026-10-01 18:00:00,3 days 12:00:00,84,37.83,150.0,996.5,27.5,79.4502340345557,0.0,0.0,0.0,0.0,0.0,0.0,0.0,0.0,0.0,0.0,0.0,0.0
2026-09-28 06:00:00,WP252026,49,2026-10-02 00:00:00,3 days 18:00:00,90,41.18,155.62,993.9,30.9,94.4151747075702,0.0,0.0,0.0,0.0,0.0,0.0,0.0,0.0,0.0,0.0,0.0,0.0
2026-09-28 06:00:00,WP252026,49,2026-10-02 06:00:00,4 days 00:00:00,96,44.58,161.93,988.8,46.6,146.7463978273164,146.7463978273164,8.273773753719368,9.260656648292295,6.070926386828944,0.0,0.0,0.0,0.0,0.0,0.0,0.0,0.0
2026-09-28 06:00:00,WP922026(4),49,2026-09-28 06:00:00,0 days 00:00:00,0,16.4,97.6,1001.0,29.0,64.0,0.0,0.0,0.0,0.0,0.0,0.0,0.0,0.0,0.0,0.0,0.0,0.0
2026-09-28 06:00:00,WP922026(4),49,2026-09-28 12:00:00,0 days 06:00:00,6,17.5,97.11,1005.5,21.6,91.30457580126524,0.0,0.0,0.0,0.0,0.0,0.0,0.0,0.0,0.0,0.0,0.0,0.0
2026-09-28 06:00:00,WP922026(4),49,2026-09-28 18:00:00,0 days 12:00:00,12,18.79,96.97,1008.4,20.9,105.75341880793592,0.0,0.0,0.0,0.0,0.0,0.0,0.0,0.0,0.0,0.0,0.0,0.0
2026-09-28 06:00:00,WP922026(4),49,2026-09-29 00:00:00,0 days 18:00:00,18,19.7,95.77,1002.9,14.9,52.68107730528941,0.0,0.0,0.0,0.0,0.0,0.0,0.0,0.0,0.0,0.0,0.0,0.0
2026-09-28 06:00:00,16,5,2026-10-03 18:00:00,5 days 12:00:00,132,10.06,168.86,1005.8,20.0,62.75117567185658,0.0,0.0,0.0,0.0,0.0,0.0,0.0,0.0,0.0,0.0,0.0,0.0
2026-09-28 06:00:00,16,5,2026-10-04 00:00:00,5 days 18:00:00,138,10.16,168.86,1005.3,18.5,74.38778339685483,0.0,0.0,0.0,0.0,0.0,0.0,0.0,0.0,0.0,0.0,0.0,0.0
2026-09-28 06:00:00,16,5,2026-10-04 06:00:00,6 days 00:00:00,144,10.21,168.93,1004.6,20.5,67.08873557255802,0.0,0.0,0.0,0.0,0.0,0.0,0.0,0.0,0.0,0.0,0.0,0.0
2026-09-28 06:00:00,16,5,2026-10-04 12:00:00,6 days 06:00:00,150,10.74,168.97,998.5,27.5,98.58703127997092,0.0,0.0,0.0,0.0,0.0,0.0,0.0,0.0,0.0,0.0,0.0,0.0
2026-09-28 06:00:00,16,5,2026-10-04 18:00:00,6 days 12:00:00,156,11.26,168.79,1002.8,23.1,77.13121211610236,0.0,0.0,0.0,0.0,0.0,0.0,0.0,0.0,0.0,0.0,0.0,0.0
2026-09-28 06:00:00,16,5,2026-10-05 00:00:00,6 days 18:00:00,162,11.65,168.56,999.9,31.0,128.6266824291642,0.0,0.0,0.0,0.0,0.0,0.0,0.0,0.0,0.0,0.0,0.0,0.0
2026-09-28 06:00:00,16,5,2026-10-05 06:00:00,7 days 00:00:00,168,12.46,168.16,995.1,44.8,60.07021823942251,60.07021823942251,13.952055844082444,6.807491635733612,15.54211421934832,0.0,0.0,0.0,0.0,0.0,0.0,0.0,0.0
2026-09-28 06:00:00,16,5,2026-10-05 12:00:00,7 days 06:00:00,174,13.3,167.28,998.7,39.9,40.86732368853127,51.16168373196127,21.846696362482355,9.300910764243907,38.11591574299553,0.0,0.0,0.0,0.0,0.0,0.0,0.0,0.0
2026-09-28 06:00:00,16,5,2026-10-05 18:00:00,7 days 12:00:00,180,13.7,166.78,996.4,48.1,118.73069958908528,255.6379211819577,222.2753072211366,178.19514569156394,215.26062453309456,0.0,0.0,0.0,0.0,0.0,0.0,0.0,0.0
2026-09-28 06:00:00,16,5,2026-10-06 00:00:00,7 days 18:00:00,186,14.55,165.74,993.1,46.0,48.15285812895639,61.57006449826549,47.492884257736,34.58570866682706,53.46534702502835,0.0,0.0,0.0,0.0,0.0,0.0,0.0,0.0
2026-09-28 06:00:00,16,5,2026-10-06 06:00:00,8 days 00:00:00,192,15.0,164.84,989.6,56.4,45.54726798536681,270.9713602363768,218.95123908040935,175.34128975410675,230.09333780912797,72.23805321464337,56.52412669184357,36.758334296430135,54.48237267700736,0.0,0.0,0.0,0.0
2026-09-28 06:00:00,16,5,2026-10-06 12:00:00,8 days 06:00:00,198,15.77,163.33,956.5,105.0,33.66100785558334,172.48693623406933,124.81880184041012,93.80673035325232,160.73057123370458,33.66100785558334,3.658277403086552,0.0,10.567156461569231,33.66100785558334,0.7136499138015715,0.0,3.444074225584019
2026-09-28 06:00:00,16,5,2026-10-06 18:00:00,8 days 12:00:00,204,15.92,162.84,983.7,64.4,35.466005971203685,258.95766402337995,222.05066940433156,173.20780736567758,216.71672149683215,44.62486126520889,34.09567193347812,21.91626451380648,33.67979953306053,35.466005971203685,0.0,0.0,0.7363185367117069
2026-09-28 06:00:00,16,5,2026-10-07 00:00:00,8 days 18:00:00,210,16.11,161.65,959.7,106.0,0.7887281398747064,281.7231586354408,230.7016753826638,218.02813507363211,256.2472947957116,161.64580793599714,144.12600913801953,124.2788982987093,141.942523647351,84.26179283623148,78.21338474221469,65.30132147324892,74.56931858879088
2026-09-28 06:00:00,16,5,2026-10-07 06:00:00,9 days 00:00:00,216,16.26,160.36,978.1,75.5,48.20271087272186,307.8827563429005,254.6487673002424,200.52718719604093,268.8345696361475,121.33336435365769,96.64357803331336,71.65892883206291,98.7421357905785,48.20271087272186,31.08048915942141,23.24554754598565,32.00766270661694
2026-09-28 06:00:00,16,5,2026-10-07 12:00:00,9 days 06:00:00,222,16.26,159.39,969.5,86.6,32.65980177093857,257.40669345423936,203.5297279401128,182.734378146348,229.93318608451176,73.47542840142913,53.56668282250216,40.77062654441469,62.76408405865777,32.65980177093857,12.749551382109711,9.57784781857773,17.07882125805331
2026-09-28 06:00:00,16,5,2026-10-07 18:00:00,9 days 12:00:00,228,16.26,157.56,951.8,101.6,18.30628705666174,282.65392273233806,245.6399333444343,213.44707493489528,266.9870549848551,104.5703333447372,79.4812424455603,57.62948937484246,88.46816874564375,33.24504891141282,25.431890859877317,17.59487919035634,27.54298477309888
2026-09-28 06:00:00,16,5,2026-10-08 00:00:00,9 days 18:00:00,234,16.61,155.9,964.0,84.2,32.58894828613052,351.3892756465448,293.6501842205944,235.8206434586664,318.12267967988373,126.60310484693036,102.069105660662,78.23807496889913,108.5065799199856,40.25346259728508,36.22634219874135,27.512716741980284,36.32932833600125
2026-09-28 06:00:00,16,5,2026-10-08 06:00:00,10 days 00:00:00,240,16.33,154.44,949.0,103.7,42.4592981125963,323.8992925283313,273.7651476285602,224.60488477876956,289.8270091175481,125.35524503273597,102.54706765998615,80.07961280996862,108.52666236964114,55.63143300242608,49.30252639694567,39.90680984416519,49.09472641637064
2026-09-28 06:00:00,16,5,2026-10-08 12:00:00,10 days 06:00:00,246,16.42,152.72,936.2,113.3,30.05868993377152,327.4501741375534,282.24266038641235,238.05368482694075,294.76354803750064,117.99920359452562,94.63810704477692,74.65424014356131,102.8338393401325,54.0687202383412,44.90285825767887,37.67926754065667,48.43446095622215
2026-09-28 06:00:00,16,5,2026-10-08 18:00:00,10 days 12:00:00,252,16.41,151.17,927.4,128.3,23.998490280222025,341.5519734743484,293.3186530325649,252.3721823318948,311.27081533111283,153.8587876565824,130.31331651203016,106.1932042842032,137.86827063725204,90.79862264068964,80.97600823796186,67.27971906094572,79.16248578452273
2026-09-28 06:00:00,16,5,2026-10-09 00:00:00,10 days 18:00:00,258,17.04,149.87,925.6,148.9,6.870224746052912,384.7467542885939,304.1801529613422,257.80623819470395,350.63105675362897,193.54619730896104,173.26491832000312,152.13693498863444,172.4794665695852,119.25366715362011,118.13397105967891,102.91224100123574,111.21964741129868
2026-09-28 06:00:00,16,5,2026-10-09 06:00:00,11 days 00:00:00,264,17.92,148.78,955.1,123.2,23.24298343574459,383.28936806934297,316.4114853260406,250.33999807741145,296.9277954641306,207.6526296454578,192.17366172419227,157.4786703968901,174.1222217649049,119.39079348791314,114.52863887340904,96.3249383705066,102.64578958885002
2026-09-28 06:00:00,16,5,2026-10-09 12:00:00,11 days 06:00:00,270,18.67,148.01,958.2,87.1,30.026266404629457,300.6467696456913,256.1595649436881,192.0124385288256,249.82602154020495,185.15042152569117,164.77026898516183,137.12059023991668,161.2172219594569,93.86411559389848,84.80757345286642,69.1102476382896,81.81768699741546
2026-09-28 06:00:00,16,5,2026-10-09 18:00:00,11 days 12:00:00,276,19.34,147.51,961.6,78.7,98.92389623223468,395.9605634667473,344.6400137089232,260.46561097531435,309.9064103829593,98.92389623223468,68.72363438403127,43.81013026570646,64.23941692006248,98.92389623223468,0.0,0.0,0.5276843020181745
2026-09-28 06:00:00,16,5,2026-10-10 00:00:00,11 days 18:00:00,282,19.97,146.9,956.2,91.7,28.41769639084282,327.0401709539019,287.3136457239307,205.19412749665025,252.92082551548629,172.22679586783943,151.21082396661677,117.71097650903266,142.63590118260072,85.12541150323841,74.59530350949808,59.23377761719075,72.04449652208586
2026-09-28 06:00:00,16,5,2026-10-10 06:00:00,12 days 00:00:00,288,20.84,146.31,957.1,89.7,70.04627003480769,327.0394480128223,298.5399295537188,226.01695247857103,249.05265249474928,70.04627003480769,45.20506201094963,23.209356329858,36.54780909588544,70.04627003480769,0.0,0.0,0.0
2026-09-28 06:00:00,16,5,2026-10-10 12:00:00,12 days 06:00:00,294,21.56,145.78,928.0,119.8,7.872325996323861,373.72436333397206,369.71644957591,298.1091674504332,311.89060384976483,200.645623066776,192.62073043529608,162.47092734923982,173.9304355749456,111.70804469710966,106.21047240746084,89.38139721197686,97.08320944123888
2026-09-28 06:00:00,16,5,2026-10-10 18:00:00,12 days 12:00:00,300,22.46,145.66,939.7,104.9,18.86595873495808,360.6690128851183,329.1804349934417,258.1806358010242,305.2505245798459,185.99584754493696,171.96982583105006,140.72638758729198,157.8947175385188,111.48092624480246,105.45144460019878,89.82042723616931,95.92097051175664
2026-09-28 06:00:00,16,5,2026-10-11 00:00:00,12 days 18:00:00,306,23.61,145.49,949.7,95.7,24.69306947830639,393.2511842028622,397.0503341568872,311.2236943838537,320.8143285041545,236.38164042605888,236.30429425600497,200.84097281566852,204.34690038656683,133.47874401194412,134.5738336585731,115.04847463916732,117.20975213097698
2026-09-28 06:00:00,16,5,2026-10-11 06:00:00,13 days 00:00:00,312,24.97,145.78,946.0,100.1,64.42615714476929,324.09703635659525,323.9071560976068,251.89710617627,250.93204152885687,156.88381426118963,151.288833168799,113.50700932589388,127.81572053834856,80.41113388076207,74.06067748660456,62.74805533454955,67.59118505780788
2026-09-28 06:00:00,16,5,2026-10-11 12:00:00,13 days 06:00:00,318,26.19,145.49,958.6,88.5,76.0461364899516,497.6510485572784,490.6968144215318,398.5771116209751,406.5780170897365,235.42891767026583,233.2492939946627,187.3318861533989,195.33389795854183,86.24901718909447,87.40458690452272,72.69387978162632,73.59833819930378
2026-09-28 06:00:00,16,5,2026-10-11 18:00:00,13 days 12:00:00,324,27.68,145.43,954.7,90.1,53.68628479113113,441.4587468996069,427.0673119178791,359.04025206331426,373.7108930981885,273.7413513150532,273.39323729743046,232.91190282511343,238.9209060441426,141.36177703946123,139.76707355130566,121.52714893814664,122.98670327981564
2026-09-28 06:00:00,16,5,2026-10-12 00:00:00,13 days 18:00:00,330,28.75,145.91,963.7,69.1,102.59906540592642,518.8399227699051,512.5442378290995,430.2610808784761,437.6819006463082,266.6396803594938,270.6820454687284,227.4443856266057,229.60626386212672,106.47563515554242,107.68570039031708,91.37786544136571,92.65699844715694
2026-09-28 06:00:00,16,5,2026-10-12 06:00:00,14 days 00:00:00,336,29.89,146.93,962.5,73.6,104.51182851087572,339.2288994236203,393.7128705944159,308.16995586966243,261.4203950776663,126.30374240632206,145.4647024553767,108.22390927550455,96.77802502159778,37.99420644612586,104.51182851087572,32.648622129007904,30.21905211004928
2026-09-28 06:00:00,16,5,2026-10-12 12:00:00,14 days 06:00:00,342,31.49,148.59,965.5,75.9,116.84026736542094,467.5985529532221,508.14460080197455,423.44718958649855,384.9690003382449,210.48381529326844,235.89325959458347,194.08886873923444,176.8654743876295,72.32236766429493,116.84026736542094,66.02433924400793,61.56412718984615
2026-09-28 06:00:00,16,5,2026-10-12 18:00:00,14 days 12:00:00,348,33.91,150.64,963.6,75.3,61.44952807600106,461.6629707518284,528.6208508465893,434.13292543129614,374.1291588205149,223.1002774163353,263.66074425516376,222.93998367064648,191.58323761171695,87.12245946027161,102.17705051299224,86.75633098632477,76.80377288648651
2026-09-28 06:00:00,16,5,2026-10-13 00:00:00,14 days 18:00:00,354,36.66,152.7,959.3,74.8,70.18839954071936,614.865082146184,674.6877208708311,628.3062506508811,567.4393465099708,381.5181222828427,441.0646199442194,404.3596685352785,354.25371696382524,181.9052112869677,209.19689631394223,186.8556083728041,167.2521539579289
2026-09-28 06:00:00,16,5,2026-10-13 06:00:00,15 days 00:00:00,360,39.58,155.6,959.5,77.4,141.18862951162703,661.4738371956157,683.6124724600987,626.7443355598382,611.5893272313473,319.19679841563186,338.80179790518946,287.20133991727755,281.1238247370885,89.99009100922035,141.18862951162703,84.65610365833015,80.62202460231856
2026-09-28 06:00:00,21,5,2026-10-06 06:00:00,8 days 00:00:00,192,13.86,-93.23,1007.3,28.1,73.18509381579968,0.0,0.0,0.0,0.0,0.0,0.0,0.0,0.0,0.0,0.0,0.0,0.0
2026-09-28 06:00:00,21,5,2026-10-06 12:00:00,8 days 06:00:00,198,13.86,-93.24,1005.9,30.1,57.094528692845074,0.0,0.0,0.0,0.0,0.0,0.0,0.0,0.0,0.0,0.0,0.0,0.0
2026-09-28 06:00:00,21,5,2026-10-06 18:00:00,8 days 12:00:00,204,14.13,-93.77,1006.6,30.7,133.9529094101082,0.0,0.0,0.0,0.0,0.0,0.0,0.0,0.0,0.0,0.0,0.0,0.0
2026-09-28 06:00:00,21,5,2026-10-07 00:00:00,8 days 18:00:00,210,13.79,-94.15,992.9,44.5,40.01694625380794,40.01694625380794,18.602408930335383,16.62686263129885,20.669958039575725,0.0,0.0,0.0,0.0,0.0,0.0,0.0,0.0
2026-09-28 06:00:00,21,5,2026-10-07 06:00:00,9 days 00:00:00,216,13.65,-94.54,1000.3,44.2,52.8780703212737,93.10867360148278,71.05496891150341,56.534830023613694,80.85956022355059,0.0,0.0,0.0,0.0,0.0,0.0,0.0,0.0
2026-09-28 06:00:00,21,5,2026-10-07 12:00:00,9 days 06:00:00,222,13.34,-94.84,997.9,49.2,42.58596300763065,42.58596300763065,10.220281240588506,7.301562367937848,7.968383865217802,0.0,0.0,0.0,0.0,0.0,0.0,0.0,0.0
2026-09-28 06:00:00,21,5,2026-10-07 18:00:00,9 days 12:00:00,228,13.39,-95.3,991.0,56.7,13.924965713294783,89.25207849351335,68.02209546564649,70.13581767318468,91.16137978559048,16.401069122016203,9.76472014246691,6.996984915801329,13.680483649487552,0.0,0.0,0.0,0.0
2026-09-28 06:00:00,21,5,2026-10-08 00:00:00,9 days 18:00:00,234,12.68,-95.52,995.1,53.9,17.8914196817636,83.82841351959088,71.63599713541808,65.07866116842919,82.97259308008097,17.8914196817636,10.511163105174155,6.573671388031015,9.514328761775117,0.0,0.0,0.0,0.0
2026-09-28 06:00:00,21,5,2026-10-08 06:00:00,10 days 00:00:00,240,12.75,-95.24,991.6,48.9,28.920975448557783,52.63564987017969,56.09230626866679,55.75524142143513,54.330133358430885,0.0,0.0,0.0,0.0,0.0,0.0,0.0,0.0
2026-09-28 06:00:00,21,5,2026-10-08 12:00:00,10 days 06:00:00,246,12.75,-95.43,992.6,57.0,25.2785274476035,100.307370437554,95.7113306618548,82.34797460748632,96.77658927847672,28.00815994323179,24.07118787320226,17.133967619508738,23.14322702265389,0.0,0.0,0.0,0.0
2026-09-28 06:00:00,21,5,2026-10-08 18:00:00,10 days 12:00:00,252,12.44,-95.55,1001.6,43.5,28.09955419875564,93.13908234441124,68.01680602997135,54.19340437732501,78.59404982607634,0.0,0.0,0.0,0.0,0.0,0.0,0.0,0.0
2026-09-28 06:00:00,21,5,2026-10-09 00:00:00,10 days 18:00:00,258,12.55,-95.08,990.6,44.7,25.56692580153282,79.9023491306425,83.38221937885805,69.07663256000569,72.32668717868376,0.0,0.0,0.0,0.0,0.0,0.0,0.0,0.0
2026-09-28 06:00:00,21,5,2026-10-09 06:00:00,11 days 00:00:00,264,12.26,-95.11,1000.1,35.1,110.95774308211662,110.95774308211662,0.0,0.0,0.0,0.0,0.0,0.0,0.0,0.0,0.0,0.0,0.0
2026-09-28 06:00:00,21,5,2026-10-09 12:00:00,11 days 06:00:00,270,12.79,-94.93,995.3,43.9,48.77823020936444,117.15990504445357,98.33977160345744,71.50005019526596,93.85474056331245,0.0,0.0,0.0,0.0,0.0,0.0,0.0,0.0
2026-09-28 06:00:00,21,5,2026-10-09 18:00:00,11 days 12:00:00,276,13.19,-95.05,995.4,53.5,18.26167220451809,68.59413430040723,55.28254420689929,29.102441116134035,51.98042484534651,18.26167220451809,2.172755935740957,0.0,2.5657076497052382,0.0,0.0,0.0,0.0
2026-09-28 06:00:00,21,5,2026-10-10 00:00:00,11 days 18:00:00,282,13.5,-94.61,1004.2,38.5,83.84096582691228,147.19972121294091,145.15794497694185,111.5661758339329,126.76374818223849,0.0,0.0,0.0,0.0,0.0,0.0,0.0,0.0
2026-09-28 06:00:00,21,5,2026-10-10 06:00:00,12 days 00:00:00,288,13.87,-94.56,998.6,47.2,54.39838872604306,69.7841624734026,55.163014618458845,33.38007202851346,49.560175491155306,0.0,0.0,0.0,0.0,0.0,0.0,0.0,0.0
2026-09-28 06:00:00,21,5,2026-10-10 12:00:00,12 days 06:00:00,294,14.07,-94.41,997.7,35.9,75.12662596588424,11.169062093392226,3.968795907911408,2.9182888967181144,75.12662596588424,0.0,0.0,0.0,0.0,0.0,0.0,0.0,0.0
2026-09-28 06:00:00,21,5,2026-10-10 18:00:00,12 days 12:00:00,300,14.55,-94.04,1004.7,31.1,40.63899049847828,0.0,0.0,0.0,0.0,0.0,0.0,0.0,0.0,0.0,0.0,0.0,0.0
2026-09-28 06:00:00,21,5,2026-10-11 00:00:00,12 days 18:00:00,306,14.89,-94.28,1005.0,34.7,34.63136990892556,34.63136990892556,5.03203703749096,0.0,11.039311065522604,0.0,0.0,0.0,0.0,0.0,0.0,0.0,0.0
2026-09-28 06:00:00,21,5,2026-10-11 06:00:00,13 days 00:00:00,312,14.67,-94.28,1003.7,27.4,145.341664114721,0.0,0.0,0.0,0.0,0.0,0.0,0.0,0.0,0.0,0.0,0.0,0.0
2026-09-28 06:00:00,26,5,2026-10-08 12:00:00,10 days 06:00:00,246,12.93,113.23,1002.8,18.9,101.54404645757312,0.0,0.0,0.0,0.0,0.0,0.0,0.0,0.0,0.0,0.0,0.0,0.0
2026-09-28 06:00:00,26,5,2026-10-08 18:00:00,10 days 12:00:00,252,12.86,112.6,1004.7,23.8,107.74724687707896,0.0,0.0,0.0,0.0,0.0,0.0,0.0,0.0,0.0,0.0,0.0,0.0
2026-09-28 06:00:00,26,5,2026-10-09 00:00:00,10 days 18:00:00,258,13.07,112.22,1004.3,23.0,86.58482329635623,0.0,0.0,0.0,0.0,0.0,0.0,0.0,0.0,0.0,0.0,0.0,0.0
2026-09-28 06:00:00,26,5,2026-10-09 06:00:00,11 days 00:00:00,264,13.05,111.52,1003.0,25.0,109.82506752519902,0.0,0.0,0.0,0.0,0.0,0.0,0.0,0.0,0.0,0.0,0.0,0.0
2026-09-28 06:00:00,26,5,2026-10-09 12:00:00,11 days 06:00:00,270,13.6,110.89,1001.2,33.2,73.98625647069602,0.0,0.0,0.0,0.0,0.0,0.0,0.0,0.0,0.0,0.0,0.0,0.0
2026-09-28 06:00:00,26,5,2026-10-09 18:00:00,11 days 12:00:00,276,13.66,110.55,999.1,28.0,70.53345086079312,0.0,0.0,0.0,0.0,0.0,0.0,0.0,0.0,0.0,0.0,0.0,0.0
2026-09-28 06:00:00,26,5,2026-10-10 00:00:00,11 days 18:00:00,282,14.37,109.59,1002.7,25.8,108.24893590951253,0.0,0.0,0.0,0.0,0.0,0.0,0.0,0.0,0.0,0.0,0.0,0.0
2026-09-28 06:00:00,26,5,2026-10-10 06:00:00,12 days 00:00:00,288,14.59,107.99,1003.2,28.0,70.53754944101368,0.0,0.0,0.0,0.0,0.0,0.0,0.0,0.0,0.0,0.0,0.0,0.0
2026-09-28 06:00:00,26,5,2026-10-10 12:00:00,12 days 06:00:00,294,14.6,107.13,1003.8,20.3,75.12111517052051,0.0,0.0,0.0,0.0,0.0,0.0,0.0,0.0,0.0,0.0,0.0,0.0
2026-09-28 06:00:00,26,5,2026-10-10 18:00:00,12 days 12:00:00,300,14.91,106.65,1006.3,21.3,43.153605817087765,0.0,0.0,0.0,0.0,0.0,0.0,0.0,0.0,0.0,0.0,0.0,0.0
2026-09-28 06:00:00,26,5,2026-10-11 00:00:00,12 days 18:00:00,306,14.76,105.57,1004.6,25.1,55.67294195906896,0.0,0.0,0.0,0.0,0.0,0.0,0.0,0.0,0.0,0.0,0.0,0.0
2026-09-28 06:00:00,26,5,2026-10-11 06:00:00,13 days 00:00:00,312,14.64,105.17,1011.3,11.6,104.05525771212837,0.0,0.0,0.0,0.0,0.0,0.0,0.0,0.0,0.0,0.0,0.0,0.0
2026-09-28 06:00:00,6,5,2026-09-29 12:00:00,1 days 06:00:00,30,15.99,154.17,1006.1,22.4,82.19542923695107,0.0,0.0,0.0,0.0,0.0,0.0,0.0,0.0,0.0,0.0,0.0,0.0
2026-09-28 06:00:00,6,5,2026-09-29 18:00:00,1 days 12:00:00,36,15.66,153.09,1005.1,22.3,59.44742152750401,0.0,0.0,0.0,0.0,0.0,0.0,0.0,0.0,0.0,0.0,0.0,0.0
2026-09-28 06:00:00,6,5,2026-09-30 00:00:00,1 days 18:00:00,42,15.73,153.2,1003.2,24.1,99.9152801670668,0.0,0.0,0.0,0.0,0.0,0.0,0.0,0.0,0.0,0.0,0.0,0.0
2026-09-28 06:00:00,6,5,2026-09-30 06:00:00,2 days 00:00:00,48,15.86,152.34,1002.4,30.1,94.59570452346826,0.0,0.0,0.0,0.0,0.0,0.0,0.0,0.0,0.0,0.0,0.0,0.0
2026-09-28 06:00:00,6,5,2026-09-30 12:00:00,2 days 06:00:00,54,16.1,151.29,1000.8,32.9,108.61275141508524,0.0,0.0,0.0,0.0,0.0,0.0,0.0,0.0,0.0,0.0,0.0,0.0
2026-09-28 06:00:00,6,5,2026-09-30 18:00:00,2 days 12:00:00,60,16.26,149.62,999.5,34.6,96.86440559023988,9.618064346949604,96.86440559023988,3.578369159769551,5.545695319496993,0.0,0.0,0.0,0.0,0.0,0.0,0.0,0.0
2026-09-28 06:00:00,6,5,2026-10-01 00:00:00,2 days 18:00:00,66,16.32,148.91,999.1,36.0,114.23970133220097,10.364273844699078,2.8841236358165467,1.6393887714530369,114.23970133220097,0.0,0.0,0.0,0.0,0.0,0.0,0.0,0.0
2026-09-28 06:00:00,6,5,2026-10-01 06:00:00,3 days 00:00:00,72,16.1,148.21,989.2,46.9,79.92330518557934,79.92330518557934,61.39871957660031,49.36509918927595,57.45660055735394,0.0,0.0,0.0,0.0,0.0,0.0,0.0,0.0
2026-09-28 06:00:00,6,5,2026-10-01 12:00:00,3 days 06:00:00,78,16.22,147.81,991.0,47.5,47.15177590964157,158.51095527123786,140.81344379361116,117.69497743836,135.3608734454598,0.0,0.0,0.0,0.0,0.0,0.0,0.0,0.0
2026-09-28 06:00:00,6,5,2026-10-01 18:00:00,3 days 12:00:00,84,16.41,147.39,989.6,49.1,84.85592571919861,131.72224702408323,113.23254070498274,86.0077365651326,99.35395212718286,0.0,0.0,0.0,0.0,0.0,0.0,0.0,0.0
2026-09-28 06:00:00,6,5,2026-10-02 00:00:00,3 days 18:00:00,90,16.39,146.91,977.7,61.5,82.71252452710175,419.20448737286966,379.7833534072357,332.75885907404586,343.8215430296572,82.71252452710175,45.72839392760895,33.48097071121108,40.32733275373933,0.0,0.0,0.0,0.0
2026-09-28 06:00:00,6,5,2026-10-02 06:00:00,4 days 00:00:00,96,16.91,147.22,978.0,70.2,41.19511194495419,236.4072411316078,234.0605567386445,198.28524978698567,189.45505565299788,106.30440579454996,101.58425551912832,80.00352592851917,87.41571665842369,41.24958039067188,38.23476516867437,30.548802020910102,35.077190303070466
2026-09-28 06:00:00,6,5,2026-10-02 12:00:00,4 days 06:00:00,102,17.35,147.36,975.4,69.1,40.29220233462113,357.1400302567821,356.38916158414594,285.58625909787065,292.1829221158799,86.54137964014916,77.82551528248365,54.36544997406454,64.57723812636891,40.29220233462113,2.4606136446150573,0.5798780314697236,1.801274312040182
2026-09-28 06:00:00,6,5,2026-10-02 18:00:00,4 days 12:00:00,108,17.83,147.73,957.4,97.5,21.2749554510616,235.80652967990147,243.68512714888,206.2501318755645,184.65568066470323,190.20287601405863,197.92572463641125,175.199662590483,167.81618207859952,126.55088789635204,125.9768008173978,108.19332266900904,108.51213341851928
2026-09-28 06:00:00,6,5,2026-10-03 00:00:00,4 days 18:00:00,114,18.17,147.7,955.0,98.4,47.900046691275904,327.4036443304911,319.75832999711827,272.4537076643141,273.76129480251086,163.91213562961036,159.0660480832774,132.3814217017635,140.8799578272164,77.06190549977777,74.31243174731938,61.93970407365551,64.93766379935968
2026-09-28 06:00:00,6,5,2026-10-03 06:00:00,5 days 00:00:00,120,19.24,147.9,938.4,112.4,36.986641800100095,435.93208641490617,453.8310614363727,366.6637287655056,359.8648831958287,176.65567317403492,177.0573307536173,146.15613187668146,146.4247799927346,75.83818436171693,77.46658003390222,65.82734915871725,65.09504207293767
2026-09-28 06:00:00,6,5,2026-10-03 12:00:00,5 days 06:00:00,126,19.81,147.98,962.4,94.4,28.918960867251307,425.767353261882,410.5137770118743,325.8118039680192,355.45842312122926,231.8221820815116,230.8732464476224,197.62929057131197,202.26876545017976,122.02627678702794,121.89018146605194,103.0469420054588,106.11115948972328
2026-09-28 06:00:00,6,5,2026-10-03 18:00:00,5 days 12:00:00,132,20.68,147.79,943.3,106.5,17.669376644239914,374.6793766378786,395.4085025683292,285.37490547535754,304.2836836209249,167.0539473051915,161.8600661594557,129.37101073991005,134.7202206980087,89.68794349676317,89.90948041155099,74.72677498991412,77.59582475479229
2026-09-28 06:00:00,6,5,2026-10-04 00:00:00,5 days 18:00:00,138,21.46,147.63,939.9,105.6,93.33055291702289,500.51983132118346,462.5612331925349,387.7254222964151,400.0743371495732,103.55457076770628,89.54061151892573,62.34388764722485,80.33767848643107,93.33055291702289,17.649384737746292,13.459971872275894,17.53475321783059
2026-09-28 06:00:00,6,5,2026-10-04 06:00:00,6 days 00:00:00,144,22.54,147.07,941.3,105.3,19.04458561805797,421.7397790920842,369.630053973253,285.338207387044,338.84331236694425,224.1793875088985,214.7801435123948,176.4457516178082,190.48659561934343,130.77644505408952,127.72718222816742,107.538176397041,113.98666418124604
2026-09-28 06:00:00,6,5,2026-10-04 12:00:00,6 days 06:00:00,150,23.12,146.45,926.9,119.4,48.95177690192197,427.1493454496251,384.8804733084238,297.89027149964886,350.8254693619257,196.8206665337545,178.4088716632267,141.81290813135493,167.18611489896188,101.7511001134716,93.11325880936904,76.67500418270828,87.4854780233234
2026-09-28 06:00:00,6,5,2026-10-04 18:00:00,6 days 12:00:00,156,23.91,145.81,930.2,116.1,58.57136232717521,456.1765372750083,418.9048468069742,333.98432600783667,378.0183106566405,228.0123454316585,211.1763402102908,170.45448754123538,193.37186123971395,110.58910157502577,104.27393350219114,85.39014899023616,94.8834730240722
2026-09-28 06:00:00,6,5,2026-10-05 00:00:00,6 days 18:00:00,162,25.15,145.58,929.6,120.2,36.92644704690133,434.6148885779646,396.6820525032349,299.9382000032641,342.6196323382528,202.34097167092077,191.47483899510885,151.68340012709783,168.50459004116794,111.11947155194792,107.4321444527606,89.2329557931152,96.1551902211254
2026-09-28 06:00:00,6,5,2026-10-05 06:00:00,7 days 00:00:00,168,26.31,145.11,929.2,116.0,10.433923157863546,444.7401853960818,414.2736377757283,320.1572779758553,358.0015911421033,220.21654076878983,219.78075715952943,180.3995126694836,187.42981238356424,126.23308915292546,128.87234544581725,109.4361616905353,111.60702405820577
2026-09-28 06:00:00,6,5,2026-10-05 12:00:00,7 days 06:00:00,174,27.68,144.86,929.3,113.2,35.68513798216229,414.4998042828888,394.0439613023203,321.26351437913826,344.42288953917114,204.8452530101992,199.2322185560291,165.27606008104829,175.30992002666665,107.69126890204556,107.118687127478,90.5141034619796,95.19724991399129
2026-09-28 06:00:00,6,5,2026-10-05 18:00:00,7 days 12:00:00,180,29.39,144.66,946.5,101.6,66.05678343088448,348.9081309565081,349.9960981033828,258.5451781143256,274.8263190799098,149.6205695537651,143.19222732420508,107.27140910507592,120.41538135542828,79.28094099139958,76.5097077532348,64.32083812190331,67.94366467428722
2026-09-28 06:00:00,6,5,2026-10-06 00:00:00,7 days 18:00:00,186,30.88,145.24,949.8,98.1,74.76979059714381,302.22738892109004,338.5064705929404,251.02608385607263,229.5945094755627,77.64412117276184,82.35030774890475,50.27065252268555,50.009178159730936,74.76979059714381,18.32771427242445,12.203177794988996,13.064947974709249
2026-09-28 06:00:00,6,5,2026-10-06 06:00:00,8 days 00:00:00,192,32.49,146.21,962.0,76.5,80.64797381740507,290.37581040434327,355.321941938214,274.7286915829694,224.07340501815304,65.95352352764078,83.63305046977621,53.04762661028912,40.49445103371586,7.906118818057449,80.64797381740507,8.958475818528218,4.347980048766953
2026-09-28 06:00:00,6,5,2026-10-06 12:00:00,8 days 06:00:00,198,34.67,147.47,967.9,71.3,32.07250938538788,264.5772639898636,321.48401285723304,234.1611875086668,192.8643922315269,57.524667772345694,71.9145696895911,48.53861099836134,35.96606945992289,2.914863621064507,32.07250938538788,5.035092269171327,1.801336555936198
2026-09-28 06:00:00,6,5,2026-10-06 18:00:00,8 days 12:00:00,204,37.02,150.12,969.1,63.8,51.23891067117659,360.0539178559045,441.4098932628434,346.88195839466005,282.2922006940919,152.34570761997847,181.2536034148403,142.5924060610405,120.52661941501933,0.0,0.0,0.0,0.0
2026-09-28 06:00:00,6,5,2026-10-07 00:00:00,8 days 18:00:00,210,39.55,153.45,976.5,52.3,84.58515305527781,72.95507567238893,125.98472668139723,72.57011791009012,22.84961281259216,7.696556200864341,84.58515305527781,9.162442524570595,0.0,0.0,0.0,0.0,0.0
2026-09-28 06:00:00,6,5,2026-10-07 06:00:00,9 days 00:00:00,216,41.85,157.51,979.3,36.9,104.10142568940005,166.6912277859252,209.25534580189287,148.85774564419188,108.43003881342074,0.0,0.0,0.0,0.0,0.0,0.0,0.0,0.0
2026-09-28 06:00:00,6,5,2026-10-07 12:00:00,9 days 06:00:00,222,44.78,159.0,977.2,52.1,77.78476679726555,27.119401978272396,77.78476679726555,29.487425907348456,13.676419049562908,0.0,77.78476679726555,0.0,0.0,0.0,0.0,0.0,0.0
2026-09-28 06:00:00,AL062026,5,2026-09-28 06:00:00,0 days 00:00:00,0,28.3,-43.8,1012.0,25.0,56.0,0.0,0.0,0.0,0.0,0.0,0.0,0.0,0.0,0.0,0.0,0.0,0.0
2026-09-28 06:00:00,AL062026,5,2026-09-28 12:00:00,0 days 06:00:00,6,27.14,-43.1,1004.5,37.8,46.6352230271722,46.6352230271722,4.70125863496186,0.0,6.649744912008032,0.0,0.0,0.0,0.0,0.0,0.0,0.0,0.0
2026-09-28 06:00:00,AL912026(2),5,2026-09-28 06:00:00,0 days 00:00:00,0,36.3,-53.1,1013.0,29.0,148.0,0.0,0.0,0.0,0.0,0.0,0.0,0.0,0.0,0.0,0.0,0.0,0.0
2026-09-28 06:00:00,AL912026(2),5,2026-09-28 12:00:00,0 days 06:00:00,6,36.73,-50.92,1005.6,39.3,54.74387602366926,0.0,54.74387602366926,8.497088321452665,0.0,0.0,0.0,0.0,0.0,0.0,0.0,0.0,0.0
2026-09-28 06:00:00,AL912026(2),5,2026-09-28 18:00:00,0 days 12:00:00,12,35.81,-49.07,1006.4,36.9,152.57777859902717,152.57777859902717,0.0,0.0,0.0,0.0,0.0,0.0,0.0,0.0,0.0,0.0,0.0
2026-09-28 06:00:00,AL912026(2),5,2026-09-29 00:00:00,0 days 18:00:00,18,35.86,-46.9,1001.2,42.0,71.73204632934161,71.73204632934161,13.736306877559803,8.42974342782918,12.745424385560009,0.0,0.0,0.0,0.0,0.0,0.0,0.0,0.0
2026-09-28 06:00:00,AL912026(2),5,2026-09-29 06:00:00,1 days 00:00:00,24,34.82,-45.5,1001.7,42.0,54.438820501734426,54.438820501734426,41.00898583511741,27.778954069848623,31.89923767246205,0.0,0.0,0.0,0.0,0.0,0.0,0.0,0.0
2026-09-28 06:00:00,AL912026(2),5,2026-09-29 12:00:00,1 days 06:00:00,30,32.78,-44.86,1006.0,33.3,69.47563409924368,0.0,0.0,0.0,0.0,0.0,0.0,0.0,0.0,0.0,0.0,0.0,0.0
2026-09-28 06:00:00,AL912026(2),5,2026-09-29 18:00:00,1 days 12:00:00,36,33.82,-44.14,1001.9,35.3,78.93705225441241,2.314464499856584,78.93705225441241,2.940886456296667,0.5204067230169684,0.0,0.0,0.0,0.0,0.0,0.0,0.0,0.0
2026-09-28 06:00:00,AL912026(2),5,2026-09-30 00:00:00,1 days 18:00:00,42,33.03,-43.16,1006.5,39.1,124.20709001606627,124.20709001606627,0.3461026684886548,0.0,0.0,0.0,0.0,0.0,0.0,0.0,0.0,0.0,0.0
2026-09-28 06:00:00,EP152026(2),5,2026-09-28 06:00:00,0 days 00:00:00,0,16.4,-160.8,929.0,134.0,28.0,241.0,185.0,148.0,204.0,93.0,74.0,74.0,93.0,56.0,46.0,37.0,46.0
2026-09-28 06:00:00,EP152026(2),5,2026-09-28 12:00:00,0 days 06:00:00,6,16.74,-161.73,953.8,111.9,39.26450917442799,286.7698277029376,197.26056670533217,138.40640479232388,263.0088075945896,121.50647155991464,89.44322235462278,63.56552324819586,107.4461207614204,65.28213710169621,53.3141649234276,41.29935481517441,57.15849929262368
2026-09-28 06:00:00,EP152026(2),5,2026-09-28 18:00:00,0 days 12:00:00,12,17.3,-162.34,946.3,115.3,18.89391865526937,179.30413546923376,174.21387683864418,111.30206798266944,150.8061227489556,68.8412764487721,52.35042623521368,34.153647955396025,56.09454282166772,47.9121830844715,39.13141823540058,29.38869809271362,38.95439586428471
2026-09-28 06:00:00,EP152026(2),5,2026-09-29 00:00:00,0 days 18:00:00,18,17.89,-162.96,945.7,116.2,28.316127541885365,245.4444555022752,198.5712316190608,104.31116057551208,180.44462176032027,122.7067588341498,98.2291327923462,66.50942975067221,98.7750261737804,74.09469678576622,62.9550906174358,49.32878817911862,63.84045833446092
2026-09-28 06:00:00,EP152026(2),5,2026-09-29 06:00:00,1 days 00:00:00,24,19.05,-163.41,952.6,109.6,20.92118273493508,240.077769960204,205.22749930788737,110.70697951837278,178.06496526854482,59.61456181468267,43.66320673677488,20.43248789280782,41.694827069087815,27.748381963507224,21.512437970232902,14.80461419025642,21.418148188722704
2026-09-28 06:00:00,EP152026(2),5,2026-09-29 12:00:00,1 days 06:00:00,30,19.9,-163.5,972.4,96.8,32.0499189712685,260.3214114754488,236.3843746413056,143.50883792305004,199.4200057269952,70.36566275117119,53.25454589613238,25.134911464204595,49.11552352016813,32.0499189712685,16.393724531057273,9.77866953452898,15.975763912903547
2026-09-28 06:00:00,EP152026(2),5,2026-09-29 18:00:00,1 days 12:00:00,36,21.08,-163.16,979.1,80.8,32.835957809815454,215.8089822159218,190.6242010351516,106.25512734223776,160.07922128684095,76.45050143371918,64.90829412879884,37.017263391972165,55.03335118256746,32.835957809815454,26.104105015536334,18.06465086346924,23.5024322912393
2026-09-28 06:00:00,EP152026(2),5,2026-09-30 00:00:00,1 days 18:00:00,42,22.16,-162.92,975.1,82.0,42.18298408483888,247.0488741437128,234.5674633418334,164.6585809744176,184.49363699024676,118.0127823530218,109.8154192446122,76.33755389400488,91.48327421824922,43.672673047356696,38.63281703379572,30.02022489549489,35.19469477795645
2026-09-28 06:00:00,EP152026(2),5,2026-09-30 06:00:00,2 days 00:00:00,48,22.26,-162.88,984.9,61.7,73.90808359867691,168.05527280418698,148.17823900450955,105.27475750349198,111.2906802039354,73.90808359867691,2.8894603709713,0.0,2.0807265858414032,0.0,0.0,0.0,0.0
2026-09-28 06:00:00,EP152026(2),5,2026-09-30 12:00:00,2 days 06:00:00,54,22.4,-162.82,988.6,61.7,119.4481176269582,199.62688215698603,182.76055327328388,145.92650406360144,163.04099272836865,119.4481176269582,14.800474849789808,9.371776985984006,12.769583102975464,0.0,0.0,0.0,0.0
2026-09-28 06:00:00,EP152026(2),5,2026-09-30 18:00:00,2 days 12:00:00,60,22.84,-162.81,997.5,44.1,135.6646272655687,175.45733928348875,151.7189322397304,104.92173917998748,128.7612582572595,0.0,0.0,0.0,0.0,0.0,0.0,0.0,0.0
2026-09-28 06:00:00,EP152026(2),5,2026-10-01 00:00:00,2 days 18:00:00,66,22.75,-162.73,993.7,46.0,130.02712286878756,203.08607320799905,168.3660892998788,131.27502313580544,152.9310445648772,0.0,0.0,0.0,0.0,0.0,0.0,0.0,0.0
2026-09-28 06:00:00,EP152026(2),5,2026-10-01 06:00:00,3 days 00:00:00,72,23.1,-163.38,991.0,53.0,108.21509853977376,108.21509853977376,26.91982226778916,23.854223182509717,39.13206704253986,108.21509853977376,0.0,0.0,0.0,0.0,0.0,0.0,0.0
2026-09-28 06:00:00,EP152026(2),5,2026-10-01 12:00:00,3 days 06:00:00,78,22.85,-164.06,992.6,44.8,46.18800977889927,75.07019964730472,55.63972425972696,38.22756713386144,73.80569060447266,0.0,0.0,0.0,0.0,0.0,0.0,0.0,0.0
2026-09-28 06:00:00,EP152026(2),5,2026-10-01 18:00:00,3 days 12:00:00,84,22.67,-164.47,985.0,56.0,88.12139432926702,88.12139432926702,64.01003300689904,50.70614066256395,88.12139432926702,0.0,0.0,0.0,88.12139432926702,0.0,0.0,0.0,0.0
2026-09-28 06:00:00,EP152026(2),5,2026-10-02 00:00:00,3 days 18:00:00,90,22.77,-164.46,989.3,50.5,154.06953980948236,154.06953980948236,82.82896440875076,67.03348139746299,64.69141055713467,154.06953980948236,0.0,0.0,0.0,0.0,0.0,0.0,0.0
2026-09-28 06:00:00,EP152026(2),5,2026-10-02 06:00:00,4 days 00:00:00,96,23.02,-164.6,987.4,46.8,72.47865819212109,150.48770509067106,134.25666971734222,104.20862000747718,117.968055962745,0.0,0.0,0.0,0.0,0.0,0.0,0.0,0.0
2026-09-28 06:00:00,EP152026(2),5,2026-10-02 12:00:00,4 days 06:00:00,102,23.85,-164.62,988.3,48.8,84.57464326484626,244.26953134557272,203.19746163509703,149.76151361633845,188.38179506767432,0.0,0.0,0.0,0.0,0.0,0.0,0.0,0.0
2026-09-28 06:00:00,EP152026(2),5,2026-10-02 18:00:00,4 days 12:00:00,108,24.33,-165.02,991.9,50.7,68.7710481772846,209.74652911042045,186.7880111505145,133.49944643680493,166.38609212466002,68.7710481772846,25.403411580042164,14.35026891197843,22.479265759455966,0.0,0.0,0.0,0.0
2026-09-28 06:00:00,EP152026(2),5,2026-10-03 00:00:00,4 days 18:00:00,114,24.44,-165.55,994.2,43.5,125.69844039433524,125.69844039433524,10.824440155118268,2.08367381715658,0.0,0.0,0.0,0.0,0.0,0.0,0.0,0.0,0.0
2026-09-28 06:00:00,EP152026(2),5,2026-10-03 06:00:00,5 days 00:00:00,120,24.69,-165.39,994.1,40.6,151.85202212132845,151.85202212132845,23.07478803191748,21.95010505815389,23.4728622850472,0.0,0.0,0.0,0.0,0.0,0.0,0.0,0.0
2026-09-28 06:00:00,EP152026(2),5,2026-10-03 12:00:00,5 days 06:00:00,126,24.6,-166.54,994.1,45.5,78.65501731136713,78.65501731136713,4.972148568573047,3.3596924933839745,13.714535385316667,0.0,0.0,0.0,0.0,0.0,0.0,0.0,0.0
2026-09-28 06:00:00,EP152026(2),5,2026-10-03 18:00:00,5 days 12:00:00,132,24.49,-167.78,994.2,50.1,56.10736184781177,178.2539316550045,140.1751456960492,108.12533231132235,147.11296939495134,56.10736184781177,36.39549902253977,22.18884348445817,38.94852994732476,0.0,0.0,0.0,0.0
2026-09-28 06:00:00,EP152026(2),5,2026-10-04 00:00:00,5 days 18:00:00,138,24.36,-168.98,991.7,48.5,80.26300414883517,260.3114372742703,221.51481767871417,172.94736665833457,206.07002226182237,0.0,0.0,0.0,0.0,0.0,0.0,0.0,0.0
2026-09-28 06:00:00,EP152026(2),5,2026-10-04 06:00:00,6 days 00:00:00,144,24.4,-170.33,994.6,52.0,51.613890036436814,252.96461384089235,218.69962715081843,176.2034457223123,216.1141058683639,51.71860283612808,37.04168658425061,24.94777464630274,40.39261058135554,0.0,0.0,0.0,0.0
2026-09-28 06:00:00,EP152026(2),5,2026-10-04 12:00:00,6 days 06:00:00,150,24.63,-171.97,992.3,56.0,60.857699478754085,97.21104656500135,72.96070854998035,47.70122617717416,70.89336175785078,60.857699478754085,0.0,0.0,0.9808738658402696,0.0,0.0,0.0,0.0
2026-09-28 06:00:00,EP152026(2),5,2026-10-04 18:00:00,6 days 12:00:00,156,25.6,-173.24,982.6,61.1,36.95578381388994,238.84940373188817,196.19387496531917,128.08420244250595,185.8077896758321,43.96300063629997,28.71424182231533,13.948571971614614,31.06634038526514,0.0,0.0,0.0,0.0
2026-09-28 06:00:00,EP152026(2),5,2026-10-05 00:00:00,6 days 18:00:00,162,26.09,-174.67,983.3,61.7,74.09309597516841,378.5019520153709,319.0986633345853,236.43527233477388,303.2186470880962,91.24047737679926,70.33698145133613,44.87701489042649,67.28622102212329,0.0,0.0,0.0,0.0
2026-09-28 06:00:00,EP152026(2),5,2026-10-05 06:00:00,7 days 00:00:00,168,26.61,-175.73,986.9,67.0,40.05316556615112,224.6347691645045,196.7054874079862,134.44443649025226,176.54099541619053,40.05316556615112,21.80411425665966,9.965282728217067,18.979242371315777,40.05316556615112,0.0,0.0,0.0
2026-09-28 06:00:00,EP152026(2),5,2026-10-05 12:00:00,7 days 06:00:00,174,27.17,-176.56,988.3,55.9,50.09840530152033,251.8295411590067,223.5535800691556,164.86834515085064,206.16216492614095,50.09840530152033,34.628827213932816,18.793662583370725,34.41735144668192,0.0,0.0,0.0,0.0
2026-09-28 06:00:00,EP152026(2),5,2026-10-05 18:00:00,7 days 12:00:00,180,27.63,-178.0,983.7,62.2,97.75742529110444,286.4425127066937,249.45717972107377,191.67251261930755,230.0794161416179,97.75742529110444,42.84131258072297,27.81935451341579,42.72979510963556,0.0,0.0,0.0,0.0
2026-09-28 06:00:00,EP152026(2),5,2026-10-06 00:00:00,7 days 18:00:00,186,27.75,-178.86,987.0,53.6,94.09566200290092,436.5057201734761,399.1356026188601,346.9073002316219,380.3923232372696,94.09566200290092,75.930682733017,57.59262336336815,73.7009999387737,0.0,0.0,0.0,0.0
2026-09-28 06:00:00,EP152026(2),5,2026-10-06 06:00:00,8 days 00:00:00,192,27.24,-179.3,993.6,51.5,129.6137413632977,429.34838654988863,372.70384671962296,339.16943083114825,386.0800211823649,129.6137413632977,69.90275181699585,54.36907011756068,74.73679370210255,0.0,0.0,0.0,0.0
2026-09-28 06:00:00,EP152026(2),5,2026-10-06 12:00:00,8 days 06:00:00,198,26.88,-179.83,989.8,52.7,43.072182440463166,318.2370992463875,277.15848238786566,236.87581082851463,288.5542582001435,76.07706577411864,60.04431117623881,44.61635826727161,62.21799184609699,0.0,0.0,0.0,0.0
2026-09-28 06:00:00,EP152026(2),5,2026-10-06 18:00:00,8 days 12:00:00,204,25.95,179.29,991.9,52.6,129.45884788423666,165.21210166592618,144.58024907411323,126.83072370480522,145.9222732294537,129.45884788423666,12.104678526548618,10.261893004589538,15.85162495373762,0.0,0.0,0.0,0.0
2026-09-28 06:00:00,EP152026(2),5,2026-10-07 00:00:00,8 days 18:00:00,210,24.88,178.41,996.2,47.0,77.22592067327321,237.08064878990984,203.8274394641552,173.96687955573674,201.6372490551984,0.0,0.0,0.0,0.0,0.0,0.0,0.0,0.0
2026-09-28 06:00:00,EP152026(2),5,2026-10-07 06:00:00,9 days 00:00:00,216,24.04,177.79,994.8,39.6,67.16488952477452,67.16488952477452,42.586994950029165,40.37530780493402,49.315049812388736,0.0,0.0,0.0,0.0,0.0,0.0,0.0,0.0
2026-09-28 06:00:00,EP152026(2),5,2026-10-07 12:00:00,9 days 06:00:00,222,23.19,176.93,998.5,36.0,63.09749505349369,63.09749505349369,0.0,5.161884462593264,11.589711632711431,0.0,0.0,0.0,0.0,0.0,0.0,0.0,0.0
2026-09-28 06:00:00,EP152026(2),5,2026-10-07 18:00:00,9 days 12:00:00,228,21.97,176.6,1000.8,29.3,194.25083458641856,0.0,0.0,0.0,0.0,0.0,0.0,0.0,0.0,0.0,0.0,0.0,0.0
2026-09-28 06:00:00,EP152026(2),5,2026-10-08 00:00:00,9 days 18:00:00,234,21.3,176.02,996.1,44.3,45.04080354428704,0.0,45.04080354428704,9.932884301827489,9.921688262317211,0.0,0.0,0.0,0.0,0.0,0.0,0.0,0.0
2026-09-28 06:00:00,EP152026(2),5,2026-10-08 06:00:00,10 days 00:00:00,240,20.63,174.84,997.9,39.8,92.822832413378,144.6990282127598,129.98053612121666,114.79884948182234,127.40417332553469,0.0,0.0,0.0,0.0,0.0,0.0,0.0,0.0
2026-09-28 06:00:00,EP152026(2),5,2026-10-08 12:00:00,10 days 06:00:00,246,20.0,174.66,999.5,31.6,128.35502880573915,0.0,0.0,0.0,0.0,0.0,0.0,0.0,0.0,0.0,0.0,0.0,0.0
2026-09-28 06:00:00,EP152026(2),5,2026-10-08 18:00:00,10 days 12:00:00,252,19.22,174.17,999.1,32.3,107.33560357852656,0.0,0.0,0.0,0.0,0.0,0.0,0.0,0.0,0.0,0.0,0.0,0.0
2026-09-28 06:00:00,EP152026(2),5,2026-10-09 00:00:00,10 days 18:00:00,258,18.69,173.7,994.7,36.0,48.950901690236094,48.950901690236094,7.638576469562848,10.773659151155506,10.100307868652452,0.0,0.0,0.0,0.0,0.0,0.0,0.0,0.0
2026-09-28 06:00:00,EP152026(2),5,2026-10-09 06:00:00,11 days 00:00:00,264,18.73,172.98,1001.0,22.7,113.98485689429847,0.0,0.0,0.0,0.0,0.0,0.0,0.0,0.0,0.0,0.0,0.0,0.0
2026-09-28 06:00:00,EP152026(2),5,2026-10-09 12:00:00,11 days 06:00:00,270,17.84,172.47,998.5,34.3,64.3815149084873,64.3815149084873,20.03701408045894,6.256348045390766,19.50388286719097,0.0,0.0,0.0,0.0,0.0,0.0,0.0,0.0
2026-09-28 06:00:00,EP152026(2),5,2026-10-09 18:00:00,11 days 12:00:00,276,18.18,171.89,996.0,41.7,126.6852889531528,126.6852889531528,27.935717221820028,6.984918722257199,24.126673996849533,0.0,0.0,0.0,0.0,0.0,0.0,0.0,0.0
2026-09-28 06:00:00,EP152026(2),5,2026-10-10 00:00:00,11 days 18:00:00,282,17.87,171.3,996.2,39.3,154.87405217598274,154.87405217598274,5.844226932229592,0.6201943661706828,5.557296230491822,0.0,0.0,0.0,0.0,0.0,0.0,0.0,0.0
2026-09-28 06:00:00,EP152026(2),5,2026-10-10 06:00:00,12 days 00:00:00,288,18.22,170.29,988.8,50.5,79.10437861703616,109.18142270942592,80.80168233761066,55.60034656815152,74.9111858081252,79.10437861703616,0.0,0.0,0.0333386332148393,0.0,0.0,0.0,0.0
2026-09-28 06:00:00,EP152026(2),5,2026-10-10 12:00:00,12 days 06:00:00,294,17.92,169.6,983.0,62.5,17.882784384177594,243.47757421234047,190.3587741335845,153.65950107434367,206.12070854342835,49.125195817017584,36.30736461657913,21.215109685447658,37.074273436095446,0.0,0.0,0.0,0.0
2026-09-28 06:00:00,EP152026(2),5,2026-10-10 18:00:00,12 days 12:00:00,300,18.05,168.77,973.4,71.0,11.274774287212264,182.81698858271045,145.6879239027699,117.79537709787174,158.9204335651694,25.46876594658552,17.658301562691243,7.969405552685351,16.873941383077536,11.274774287212264,2.2882164044056834,0.8564440352537359,2.127197653848914
2026-09-28 06:00:00,EP152026(2),5,2026-10-11 00:00:00,12 days 18:00:00,306,18.04,168.05,954.7,101.5,29.28430899786045,204.0356552399072,159.33729451018135,133.3076382050607,181.90406174969783,29.28430899786045,1.3840333166738563,0.0,10.978401670116092,29.28430899786045,0.0,0.0,0.0
2026-09-28 06:00:00,EP152026(2),5,2026-10-11 06:00:00,13 days 00:00:00,312,18.31,166.72,955.4,94.6,12.755436022422922,250.3303133104304,204.7290642945836,166.34069297435676,233.7601470585324,91.252034140696,63.51453916377231,44.19120982700336,75.02953877969682,38.24107800663479,30.02182739320802,21.877085487395995,31.91377578475778
2026-09-28 06:00:00,EP152026(2),5,2026-10-11 12:00:00,13 days 06:00:00,318,17.92,165.87,928.3,126.4,13.698026442900186,264.1843700842424,199.6818043586519,171.66702135335856,251.81075813652197,130.05861276007,96.08688994617503,81.36020650851057,120.17509455847213,77.06322937032328,65.64033008803013,54.31251356935108,70.14410110568204
2026-09-28 06:00:00,EP152026(2),5,2026-10-11 18:00:00,13 days 12:00:00,324,18.2,164.25,940.6,113.5,47.67701389730596,235.69740701392095,190.596606980847,165.74390470371517,219.5667143995441,81.10884017116192,55.70261785214441,46.75326684840208,70.47905365254039,47.67701389730596,37.09594550618521,30.490438051117188,40.6603380636022
2026-09-28 06:00:00,EP152026(2),5,2026-10-12 00:00:00,13 days 18:00:00,330,18.33,162.78,930.2,123.5,11.988963730005246,219.6965681140453,189.81965623261263,149.60800083203145,208.12207159196785,57.32560318382517,32.82060213420107,19.754311724701463,47.024024416712,29.79297593407301,21.048112581230715,14.91841963321326,25.62786013140933
2026-09-28 06:00:00,EP152026(2),5,2026-10-12 06:00:00,14 days 00:00:00,336,18.19,161.64,944.6,106.6,43.25809629678477,303.28309451777864,257.74182958088056,199.24347511361836,267.5223823215288,118.54137119549272,93.99323185514024,65.91565225105977,98.48854010631868,55.86249979063352,45.60152694494032,35.0652653113038,47.18436320902882
2026-09-28 06:00:00,EP152026(2),5,2026-10-12 12:00:00,14 days 06:00:00,342,18.32,160.21,928.9,130.3,14.492133753802191,226.55045324305155,192.490572113958,139.07066116138617,197.26003586106663,71.80057351540351,52.62529556395919,31.28758991761592,58.93778007310323,46.37364971636502,36.006169512890466,26.38854026898853,38.673983081667785
2026-09-28 06:00:00,EP152026(2),5,2026-10-12 18:00:00,14 days 12:00:00,348,18.55,159.42,931.9,120.9,0.9269516722330966,265.06024515338936,241.9055227031272,213.599269409492,248.7236801912004,104.23649111604392,84.0905217499428,67.26150335058567,93.79838515280542,65.74450145765259,55.29250685173171,45.55226886346013,57.0860167916666
2026-09-28 06:00:00,EP152026(2),5,2026-10-13 00:00:00,14 days 18:00:00,354,19.12,158.6,921.2,131.0,44.52078208247309,261.520762381763,222.69536276225767,185.8128083757952,246.53421900489184,133.51008305682683,112.01609886936257,94.39664594157809,122.17279355851758,95.3051529380894,81.69398409061404,68.79800988742875,83.88371883117776
2026-09-28 06:00:00,EP152026(2),5,2026-10-13 06:00:00,15 days 00:00:00,360,19.8,158.09,948.2,108.2,33.394406520343004,271.1471873622212,241.16572226410668,178.8083706188907,210.8411796303189,100.87862083589904,82.36834245998298,54.57664762289998,81.37473932882651,50.65713409601565,41.90834762154837,32.59885915459398,41.45848714487461
2026-09-28 06:00:00,EP172026,5,2026-09-28 06:00:00,0 days 00:00:00,0,23.2,-114.0,955.0,105.0,28.0,167.0,148.0,148.0,148.0,102.0,93.0,83.0,83.0,65.0,65.0,65.0,65.0
2026-09-28 06:00:00,EP172026,5,2026-09-28 12:00:00,0 days 06:00:00,6,23.95,-114.0,969.1,94.2,23.990280519275885,155.63772333297192,173.8005315426691,95.84178192925084,104.56742470139751,63.30052530202983,57.59627304828231,33.46880509604358,39.5731550485728,31.558312352490372,27.947109388535846,19.53728764150243,24.01006682974069
2026-09-28 06:00:00,EP172026,5,2026-09-28 18:00:00,0 days 12:00:00,12,24.78,-113.57,980.0,69.0,36.38140374032821,209.47848346764,244.1530678806116,185.68297615928685,172.48228030504754,53.559690142977935,53.40807489402658,33.4619155699011,34.12160149740749,7.327846409441339,36.38140374032821,5.003824723573615,4.608806455867192
2026-09-28 06:00:00,EP172026,5,2026-09-29 00:00:00,0 days 18:00:00,18,25.49,-112.79,972.7,78.9,31.95137055317269,157.30205988950024,196.5007187884073,137.00456913381106,135.064693177854,55.57725982174543,58.71927913388754,38.96159794650532,38.337285179061496,31.95137055317269,17.270186470859443,12.545478477481865,13.487245425035994
2026-09-28 06:00:00,EP172026,5,2026-09-29 06:00:00,1 days 00:00:00,24,26.43,-112.68,988.1,52.5,42.17716994829955,183.0798392028176,182.62815899615552,147.9413645713492,148.62375854587003,42.17716994829955,34.54125611471662,24.34994101600727,24.282927625367257,0.0,0.0,0.0,0.0
2026-09-28 06:00:00,EP172026,5,2026-09-29 12:00:00,1 days 06:00:00,30,27.26,-111.26,992.6,55.3,57.199200769586994,177.64852442956703,190.36006639464097,151.1344260603441,148.8643414115191,59.8322769563388,55.586918724311246,38.27653242011373,43.28601258824014,0.0,0.0,0.0,0.0
2026-09-28 06:00:00,EP172026,5,2026-09-29 18:00:00,1 days 12:00:00,36,29.57,-110.28,1002.4,21.3,50.474793669988586,0.0,0.0,0.0,0.0,0.0,0.0,0.0,0.0,0.0,0.0,0.0,0.0
2026-09-28 06:00:00,EP182026,5,2026-09-28 06:00:00,0 days 00:00:00,0,13.2,-100.0,1001.0,41.0,93.0,222.0,185.0,148.0,222.0,0.0,0.0,0.0,0.0,0.0,0.0,0.0,0.0
2026-09-28 06:00:00,EP182026,5,2026-09-28 12:00:00,0 days 06:00:00,6,13.21,-100.56,997.1,48.4,44.11800747076583,164.17207528574255,132.8914220246001,93.5997239101834,127.5425418007412,0.0,0.0,0.0,0.0,0.0,0.0,0.0,0.0
2026-09-28 06:00:00,EP182026,5,2026-09-28 18:00:00,0 days 12:00:00,12,13.53,-101.58,997.8,50.1,58.43148020247887,238.55061932428328,202.99658382466976,160.58369259929924,197.66893231129063,58.43148020247887,37.42296262945637,23.702670617803847,36.970817821810456,0.0,0.0,0.0,0.0
2026-09-28 06:00:00,EP182026,5,2026-09-29 00:00:00,0 days 18:00:00,18,13.77,-102.39,992.1,56.3,51.82708057055366,179.43135142480855,158.93231966000627,117.34822263425926,142.16735379495464,51.82708057055366,21.144722099144964,12.19512797655182,19.36422318656938,0.0,0.0,0.0,0.0
2026-09-28 06:00:00,EP182026,5,2026-09-29 06:00:00,1 days 00:00:00,24,14.4,-103.24,985.9,62.4,25.40006635622377,222.80264995514835,194.06602498429916,144.2754228655338,178.73509251357262,46.8079149334633,35.32272302647408,21.67519316013343,34.626626281344286,0.0,0.0,0.0,0.0
2026-09-28 06:00:00,EP182026,5,2026-09-29 12:00:00,1 days 06:00:00,30,14.85,-104.15,986.2,59.6,53.697482640986685,327.4849774105887,275.51339231332906,220.78663285603716,271.03899401663733,127.88414226061887,106.79968333962232,80.14250402554677,102.57652445038708,0.0,0.0,0.0,0.0
2026-09-28 06:00:00,EP182026,5,2026-09-29 18:00:00,1 days 12:00:00,36,15.86,-104.94,981.4,71.5,35.37381285266321,233.87867584242417,198.04596340973384,143.85499758238004,190.5833603757353,81.95069724973786,65.68805915424338,43.886895278484886,64.42093625024859,35.37381285266321,18.728393938383604,13.604236726519549,19.1651985288868
2026-09-28 06:00:00,EP182026,5,2026-09-30 00:00:00,1 days 18:00:00,42,16.1,-106.04,958.1,100.3,1.9223280347282523,242.38319916277737,205.48687899389324,137.5812114757196,193.84195610937516,104.17926338818768,79.36488001017261,52.38641022500522,80.94486165529486,39.49233072977137,31.16440628130852,21.920096903144284,33.60841848318816
2026-09-28 06:00:00,EP182026,5,2026-09-30 06:00:00,2 days 00:00:00,48,16.69,-106.77,955.1,107.8,11.07334881439766,266.6430619265569,236.28470317074164,171.28258468051615,221.52110131654055,115.01979815051288,89.92164765002485,63.55090326979726,90.9779313365418,50.04485213469144,41.726813535265904,30.079841036294923,41.74804500565847
2026-09-28 06:00:00,EP182026,5,2026-09-30 12:00:00,2 days 06:00:00,54,16.96,-107.56,947.1,109.5,20.67220933054841,246.09063333821177,217.22703235657357,160.4258220627271,208.9535918668225,90.0848922915684,68.89277042155027,46.03434894111115,71.41513783352912,39.06570817952115,30.867032691857275,21.873984262330623,32.60127948211766
2026-09-28 06:00:00,EP182026,5,2026-09-30 18:00:00,2 days 12:00:00,60,17.58,-108.02,951.6,104.1,22.17519405533312,252.56314201855548,235.5535882180261,164.6716104696102,207.9033140568672,90.82515760840217,74.27012879193421,50.99031040903185,74.98718102326461,44.89294389649683,36.60559712581141,27.406084612238715,37.54139323488607
2026-09-28 06:00:00,EP182026,5,2026-10-01 00:00:00,2 days 18:00:00,66,18.26,-108.53,958.7,105.0,61.967854269874806,249.99423387422928,222.22330033606647,154.46772477748016,196.24880170680763,120.16578328495018,98.18472521735708,69.37216079725488,95.88740459204088,63.03090381639012,53.07798461206596,40.74964780740038,52.1952130654293
2026-09-28 06:00:00,EP182026,5,2026-10-01 06:00:00,3 days 00:00:00,72,18.39,-109.33,957.4,102.5,49.59172758224865,243.72526524253584,203.3280263924661,162.63453191001315,207.0175537453554,114.2792368295459,94.53473129522452,76.24673250741532,102.19029411661292,64.53774033272934,54.201682670190365,44.72713440854146,54.99409094771194
2026-09-28 06:00:00,EP182026,5,2026-10-01 12:00:00,3 days 06:00:00,78,18.7,-109.56,950.4,96.7,37.60427796029453,235.43239150601124,220.7351104828417,182.2384596186616,209.27970540971975,104.67938925640247,90.29048168269172,75.19928075126688,91.25407429816528,67.92776450408593,60.77026404162491,49.5810458807245,58.72026375501152
2026-09-28 06:00:00,EP182026,5,2026-10-01 18:00:00,3 days 12:00:00,84,18.67,-109.87,964.2,95.8,71.97747746022847,284.124208850798,255.0970607459232,199.29058806419448,226.6856806991625,130.66469832997473,114.74153773057014,91.68474661548696,117.68326872184667,71.97747746022847,58.23305567063196,48.19109122380904,58.11987796790265
2026-09-28 06:00:00,EP182026,5,2026-10-02 00:00:00,3 days 18:00:00,90,19.03,-110.14,942.3,122.5,62.23673509787514,307.2967625441994,302.36014921326694,240.77091826400408,267.5202948067499,169.67135280409957,161.40695516120576,138.8801896230325,143.8460872458063,101.55649373947412,100.78508497565228,87.13240275537066,91.85758729657996
2026-09-28 06:00:00,EP182026,5,2026-10-02 06:00:00,4 days 00:00:00,96,19.5,-110.15,969.4,80.4,68.26591732032124,223.0037417215599,205.00222302449328,159.75009825708472,185.82508230217132,96.52811772484225,85.49578603894415,68.27529771929805,81.01582106859001,68.26591732032124,36.94276776062664,29.328059698753137,35.4693347833731
2026-09-28 06:00:00,EP182026,5,2026-10-02 12:00:00,4 days 06:00:00,102,19.78,-110.62,975.3,75.5,57.54904914240353,205.34948368172684,171.92688684913196,144.97635881823646,172.43739004928875,140.6249568001939,122.1351615801026,100.36038837635031,118.88049173641764,69.82979587530849,64.2475859333851,51.39688734073323,60.337081174405625
2026-09-28 06:00:00,EP182026,5,2026-10-02 18:00:00,4 days 12:00:00,108,19.95,-110.83,970.6,79.4,25.52119729576441,207.67498392420936,183.41686820107896,148.84818141666375,175.69310517704764,101.99888357206096,87.93218031642365,72.12904114414727,88.75863109553669,52.61564155003593,45.86757421647799,37.80842607420601,44.19279259540622
2026-09-28 06:00:00,EP182026,5,2026-10-03 00:00:00,4 days 18:00:00,114,20.28,-111.16,967.7,81.8,42.471330647230914,229.17825440148889,203.7875490322428,164.3261443498837,189.0894048942285,79.81062805226624,69.02231275297335,52.49840159441154,67.29496127351331,42.471330647230914,27.118539810527533,21.471961634794688,26.50635381809767
2026-09-28 06:00:00,EP182026,5,2026-10-03 06:00:00,5 days 00:00:00,120,20.43,-111.3,966.5,84.3,66.52224746348455,240.7928777303871,215.98677555911,190.10673343895104,200.2578568490188,74.11928700340513,61.34891528667072,45.50386775547326,59.026001021753146,66.52224746348455,17.063135927509627,13.220199143138366,16.986565441095948
2026-09-28 06:00:00,EP182026,5,2026-10-03 12:00:00,5 days 06:00:00,126,20.58,-111.57,971.2,85.8,41.58491572788122,124.53301348210653,105.4603213445218,69.4362242654951,93.94745131487444,80.71338870346509,72.46120233320198,56.50940724271019,69.05212372165295,53.94113215207688,48.23443846261752,37.44833376344545,45.50251216214217
2026-09-28 06:00:00,EP182026,5,2026-10-03 18:00:00,5 days 12:00:00,132,20.7,-111.77,979.2,76.6,39.214443376436165,231.237198649174,207.9305797904728,137.33220630570082,180.6393537342012,62.46641416531951,54.84765994019269,39.35932786808726,54.53181701782525,39.214443376436165,24.27143111231216,18.44345625519872,22.948673097638284
2026-09-28 06:00:00,EP182026,5,2026-10-04 00:00:00,5 days 18:00:00,138,20.72,-111.68,974.7,66.0,49.504068787081216,205.3805989649456,169.1844836971291,134.30972206857615,176.5985442447827,85.76707678372749,71.80005911953853,51.86634606438111,71.83929794950046,49.504068787081216,25.421439246215524,19.661728546714517,25.428422699718844
2026-09-28 06:00:00,EP182026,5,2026-10-04 06:00:00,6 days 00:00:00,144,20.91,-111.96,981.4,62.6,33.26788778516462,188.8505091465448,174.09371192443382,134.64153926121173,148.36607532708285,95.75552897257546,88.8433190833396,66.73786184084136,79.28135519571686,0.0,0.0,0.0,0.0
2026-09-28 06:00:00,EP182026,5,2026-10-04 12:00:00,6 days 06:00:00,150,21.42,-111.99,981.1,65.6,46.29233215355551,179.57504174093333,165.9318616456098,118.16974893430452,144.52624484077188,81.75638027348674,72.74538038035968,51.37172028531072,63.888108242929285,46.29233215355551,26.38246766328477,20.27478257823081,24.34657810898155
2026-09-28 06:00:00,EP182026,5,2026-10-04 18:00:00,6 days 12:00:00,156,21.38,-112.72,984.3,56.4,29.050248418352457,222.1594716808413,199.8900680931569,153.52433721156555,183.17282603116809,75.83590095798615,62.52416731189404,45.33358990601492,61.91209827382274,0.0,0.0,0.0,0.0
2026-09-28 06:00:00,EP182026,5,2026-10-05 00:00:00,6 days 18:00:00,162,21.52,-112.76,984.6,54.6,61.85237148320803,241.6643620594056,224.52780480918935,188.39285521532372,198.0803156278394,61.85237148320803,19.18274733019481,11.442799270797892,14.397705113058656,0.0,0.0,0.0,0.0
2026-09-28 06:00:00,EP182026,5,2026-10-05 06:00:00,7 days 00:00:00,168,21.51,-113.15,988.5,51.0,26.06393453779091,217.33971102317668,192.5187782434435,165.4072522404048,199.57879387307167,42.78979158094055,33.61779954392895,22.96610213411907,34.79771608498883,0.0,0.0,0.0,0.0
2026-09-28 06:00:00,EP182026,5,2026-10-05 12:00:00,7 days 06:00:00,174,21.44,-113.54,991.3,47.5,35.60217203675576,126.192732613641,105.54724019100072,87.11866439370854,103.19553315547653,0.0,0.0,0.0,0.0,0.0,0.0,0.0,0.0
2026-09-28 06:00:00,EP182026,5,2026-10-05 18:00:00,7 days 12:00:00,180,21.36,-113.79,996.5,41.0,108.48349220846038,108.48349220846038,44.5956565215354,29.57669750405717,45.09176605367578,0.0,0.0,0.0,0.0,0.0,0.0,0.0,0.0
2026-09-28 06:00:00,EP182026,5,2026-10-06 00:00:00,7 days 18:00:00,186,21.41,-114.55,992.7,44.2,102.35006234792866,102.35006234792866,86.10269903543048,61.33024781657811,76.31318098510032,0.0,0.0,0.0,0.0,0.0,0.0,0.0,0.0
2026-09-28 06:00:00,EP182026,5,2026-10-06 06:00:00,8 days 00:00:00,192,21.38,-114.85,993.6,44.2,113.89088738879364,113.89088738879364,34.20670218168178,18.7127372521882,23.48539507695181,0.0,0.0,0.0,0.0,0.0,0.0,0.0,0.0
2026-09-28 06:00:00,EP182026,5,2026-10-06 12:00:00,8 days 06:00:00,198,21.62,-115.54,996.2,41.4,41.59367559333224,76.81944889445008,60.08045160893935,41.87578762016167,57.47070227863959,0.0,0.0,0.0,0.0,0.0,0.0,0.0,0.0
2026-09-28 06:00:00,EP182026,5,2026-10-06 18:00:00,8 days 12:00:00,204,21.51,-115.76,998.9,41.6,124.14319683900932,124.14319683900932,21.326269272720637,9.632288163291063,8.865593884015954,0.0,0.0,0.0,0.0,0.0,0.0,0.0,0.0
2026-09-28 06:00:00,EP182026,5,2026-10-07 00:00:00,8 days 18:00:00,210,21.56,-116.15,993.3,46.6,55.54622975418575,63.92599968513835,60.21577444258799,41.175752583631066,42.02857041334722,0.0,0.0,0.0,0.0,0.0,0.0,0.0,0.0
2026-09-28 06:00:00,EP182026,5,2026-10-07 06:00:00,9 days 00:00:00,216,21.51,-116.24,994.8,39.8,63.38165505245587,63.38165505245587,12.38937141754856,9.52550116948242,13.611560650441008,0.0,0.0,0.0,0.0,0.0,0.0,0.0,0.0
2026-09-28 06:00:00,EP182026,5,2026-10-07 12:00:00,9 days 06:00:00,222,21.85,-116.7,1001.5,37.7,52.19606950980267,94.883743241248,72.01277045498665,48.49626069556536,73.99522113333177,0.0,0.0,0.0,0.0,0.0,0.0,0.0,0.0
2026-09-28 06:00:00,EP182026,5,2026-10-07 18:00:00,9 days 12:00:00,228,22.19,-117.44,997.8,38.2,117.05797650921144,117.05797650921144,11.506662948544813,5.36331870337086,5.962906085560254,0.0,0.0,0.0,0.0,0.0,0.0,0.0,0.0
2026-09-28 06:00:00,EP182026,5,2026-10-08 00:00:00,9 days 18:00:00,234,21.96,-117.95,995.6,42.3,34.002705671974354,34.002705671974354,15.528612243076672,13.44379048158432,18.28075990732697,0.0,0.0,0.0,0.0,0.0,0.0,0.0,0.0
2026-09-28 06:00:00,EP182026,5,2026-10-08 06:00:00,10 days 00:00:00,240,22.08,-118.69,996.8,43.5,53.59032003165841,130.23890532631614,111.64334082270145,90.10653819542848,112.1319554084102,0.0,0.0,0.0,0.0,0.0,0.0,0.0,0.0
2026-09-28 06:00:00,EP182026,5,2026-10-08 12:00:00,10 days 06:00:00,246,22.11,-119.36,1000.3,40.5,84.03481166919826,99.004074352761,78.36937110760172,49.12695405881426,76.75964403285997,0.0,0.0,0.0,0.0,0.0,0.0,0.0,0.0
2026-09-28 06:00:00,EP182026,5,2026-10-08 18:00:00,10 days 12:00:00,252,22.09,-119.75,996.5,45.7,80.99423276537289,80.99423276537289,23.824316125634937,11.268546776772546,30.139585585832037,0.0,0.0,0.0,0.0,0.0,0.0,0.0,0.0
2026-09-28 06:00:00,EP182026,5,2026-10-09 00:00:00,10 days 18:00:00,258,22.03,-120.0,999.9,39.0,50.30963996664866,94.29489552403744,67.11558360575361,48.11980223863134,69.02083223808972,0.0,0.0,0.0,0.0,0.0,0.0,0.0,0.0
2026-09-28 06:00:00,EP182026,5,2026-10-09 06:00:00,11 days 00:00:00,264,22.07,-120.22,990.8,52.5,98.4251759086576,98.4251759086576,16.758278203910436,4.269122852172757,15.63082409606858,98.4251759086576,0.0,0.0,0.0,0.0,0.0,0.0,0.0
2026-09-28 06:00:00,EP182026,5,2026-10-09 12:00:00,11 days 06:00:00,270,21.89,-121.06,996.2,46.7,50.3382726040374,84.64257911796315,68.77554986960243,43.1356447110951,64.50592928339151,0.0,0.0,0.0,0.0,0.0,0.0,0.0,0.0
2026-09-28 06:00:00,EP182026,5,2026-10-09 18:00:00,11 days 12:00:00,276,22.02,-121.3,999.9,42.2,91.97638539505633,91.97638539505633,62.76826364023722,30.594997443766346,52.54175185742349,0.0,0.0,0.0,0.0,0.0,0.0,0.0,0.0
2026-09-28 06:00:00,EP182026,5,2026-10-10 00:00:00,11 days 18:00:00,282,21.97,-121.27,997.8,42.1,68.68134921221716,68.68134921221716,50.15496573603073,29.685674882962843,51.25361326484803,0.0,0.0,0.0,0.0,0.0,0.0,0.0,0.0
2026-09-28 06:00:00,EP182026,5,2026-10-10 06:00:00,12 days 00:00:00,288,22.11,-121.26,998.2,37.5,89.20422867859722,89.20422867859722,12.006417342320404,6.464145575012655,9.566273082222551,0.0,0.0,0.0,0.0,0.0,0.0,0.0,0.0
2026-09-28 06:00:00,EP182026,5,2026-10-10 12:00:00,12 days 06:00:00,294,22.29,-120.98,1000.0,33.2,70.92114991290771,0.0,0.0,0.0,0.0,0.0,0.0,0.0,0.0,0.0,0.0,0.0,0.0
2026-09-28 06:00:00,EP182026,5,2026-10-10 18:00:00,12 days 12:00:00,300,22.54,-120.64,1000.7,40.7,40.579810445174815,40.579810445174815,37.15692339154488,18.27770407274073,24.61909983710917,0.0,0.0,0.0,0.0,0.0,0.0,0.0,0.0
2026-09-28 06:00:00,EP182026,5,2026-10-11 00:00:00,12 days 18:00:00,306,23.17,-120.3,997.3,42.3,24.21005613171941,28.067403672238893,36.66100768836905,16.595303765280086,11.227186230075752,0.0,0.0,0.0,0.0,0.0,0.0,0.0,0.0
2026-09-28 06:00:00,EP182026,5,2026-10-11 06:00:00,13 days 00:00:00,312,23.61,-119.86,997.8,39.3,71.82412950308144,71.82412950308144,17.746060317161373,2.1637071929401817,4.589737987310118,0.0,0.0,0.0,0.0,0.0,0.0,0.0,0.0
2026-09-28 06:00:00,EP182026,5,2026-10-11 12:00:00,13 days 06:00:00,318,24.82,-119.19,997.3,41.5,68.99564400558724,68.99564400558724,21.17150171195413,0.0,9.947393435067866,0.0,0.0,0.0,0.0,0.0,0.0,0.0,0.0
2026-09-28 06:00:00,EP182026,5,2026-10-11 18:00:00,13 days 12:00:00,324,25.88,-118.58,997.1,41.9,76.33134451949252,123.96068090074029,119.06412618771652,66.36348689620161,80.28332829180988,0.0,0.0,0.0,0.0,0.0,0.0,0.0,0.0
2026-09-28 06:00:00,EP182026,5,2026-10-12 00:00:00,13 days 18:00:00,330,27.37,-117.85,993.4,46.1,115.86359291539976,134.69567864057458,136.1871835837726,93.9695988055195,91.03552606108174,0.0,0.0,0.0,0.0,0.0,0.0,0.0,0.0
2026-09-28 06:00:00,EP182026,5,2026-10-12 06:00:00,14 days 00:00:00,336,29.18,-117.18,991.6,55.0,69.98644819081954,97.70856800238028,101.09492889189067,49.24764839134133,54.75254211489343,2.013699811591984,69.98644819081954,0.0,0.0,0.0,0.0,0.0,0.0
2026-09-28 06:00:00,EP182026,5,2026-10-12 12:00:00,14 days 06:00:00,342,31.19,-115.68,993.2,36.8,115.04586598550657,115.04586598550657,0.0,9.093271381913596,10.05994527237479,0.0,0.0,0.0,0.0,0.0,0.0,0.0,0.0
2026-09-28 06:00:00,EP912026(3),5,2026-09-28 06:00:00,0 days 00:00:00,0,12.7,-136.6,1005.0,29.0,93.0,0.0,0.0,0.0,0.0,0.0,0.0,0.0,0.0,0.0,0.0,0.0,0.0
2026-09-28 06:00:00,WP252026,5,2026-09-28 06:00:00,0 days 00:00:00,0,27.5,131.6,954.0,99.0,9.0,148.0,158.0,148.0,121.0,,,,,,,,
2026-09-28 06:00:00,WP252026,5,2026-09-28 12:00:00,0 days 06:00:00,6,27.31,132.2,984.9,57.9,12.042262139205093,194.83906471710884,222.6914107991913,189.6667250263606,159.4398991108951,87.24256105218626,91.81705829196324,71.35058140124261,72.23735483202904,0.0,0.0,0.0,0.0
2026-09-28 06:00:00,WP252026,5,2026-09-28 18:00:00,0 days 12:00:00,12,27.51,133.36,988.8,55.7,45.53695596599129,150.49138759070593,161.47633835738128,124.66622004045682,111.86514455161851,4.128018103576379,45.53695596599129,0.9607524638151784,0.917294869739155,0.0,0.0,0.0,0.0
2026-09-28 06:00:00,WP252026,5,2026-09-29 00:00:00,0 days 18:00:00,18,28.21,134.04,994.7,51.6,71.42597948366242,204.18827698425872,198.88190567156565,163.51845641116512,157.4805275265456,71.42597948366242,32.65370917326396,22.38880292490042,25.087583780415983,0.0,0.0,0.0,0.0
2026-09-28 06:00:00,WP252026,5,2026-09-29 06:00:00,1 days 00:00:00,24,28.71,134.48,993.8,44.8,73.5610321458512,168.24888188861877,154.79958749757947,107.9685421814948,115.81200445180322,0.0,0.0,0.0,0.0,0.0,0.0,0.0,0.0
2026-09-28 06:00:00,WP252026,5,2026-09-29 12:00:00,1 days 06:00:00,30,28.52,135.7,989.5,45.6,33.78004748586271,217.64238799235528,210.66039530721463,189.24657215685843,186.5189655378109,0.0,0.0,0.0,0.0,0.0,0.0,0.0,0.0
2026-09-28 06:00:00,WP252026,5,2026-09-29 18:00:00,1 days 12:00:00,36,28.8,136.52,992.5,41.8,58.72237761826384,129.1879576909977,125.20617047959496,95.570249648051,101.08177173918833,0.0,0.0,0.0,0.0,0.0,0.0,0.0,0.0
2026-09-28 06:00:00,WP252026,5,2026-09-30 00:00:00,1 days 18:00:00,42,29.28,137.16,996.7,35.1,89.44727780951371,126.7313401887664,113.32580120662573,95.23806794258778,106.86265171074623,0.0,0.0,0.0,0.0,0.0,0.0,0.0,0.0
2026-09-28 06:00:00,WP252026,5,2026-09-30 06:00:00,2 days 00:00:00,48,29.86,137.71,1002.0,28.8,66.12478953443448,0.0,0.0,0.0,0.0,0.0,0.0,0.0,0.0,0.0,0.0,0.0,0.0
2026-09-28 06:00:00,WP252026,5,2026-09-30 12:00:00,2 days 06:00:00,54,30.59,138.16,1000.7,34.5,146.82196038321126,12.87949098998675,146.82196038321126,0.0,0.0,0.0,0.0,0.0,0.0,0.0,0.0,0.0,0.0
2026-09-28 06:00:00,WP252026,5,2026-09-30 18:00:00,2 days 12:00:00,60,31.6,139.45,1000.5,33.9,161.66178729577993,0.0,0.0,0.0,0.0,0.0,0.0,0.0,0.0,0.0,0.0,0.0,0.0
2026-09-28 06:00:00,WP252026,5,2026-10-01 00:00:00,2 days 18:00:00,66,32.82,140.69,999.9,36.3,127.79407964450382,0.228358951317773,127.79407964450382,0.0,0.0,0.0,0.0,0.0,0.0,0.0,0.0,0.0,0.0
2026-09-28 06:00:00,WP252026,5,2026-10-01 06:00:00,3 days 00:00:00,72,34.1,142.52,999.9,31.2,113.6447404605865,0.0,0.0,0.0,0.0,0.0,0.0,0.0,0.0,0.0,0.0,0.0,0.0
2026-09-28 06:00:00,WP252026,5,2026-10-01 12:00:00,3 days 06:00:00,78,34.83,143.24,997.8,33.6,45.17992874472759,0.0,0.0,0.0,0.0,0.0,0.0,0.0,0.0,0.0,0.0,0.0,0.0
2026-09-28 06:00:00,WP252026,5,2026-10-01 18:00:00,3 days 12:00:00,84,36.19,146.9,999.8,31.5,109.49749120129178,0.0,0.0,0.0,0.0,0.0,0.0,0.0,0.0,0.0,0.0,0.0,0.0
2026-09-28 06:00:00,WP252026,5,2026-10-02 00:00:00,3 days 18:00:00,90,35.95,149.41,1001.5,28.0,119.98984086712926,0.0,0.0,0.0,0.0,0.0,0.0,0.0,0.0,0.0,0.0,0.0,0.0
2026-09-28 06:00:00,WP922026(4),5,2026-09-28 06:00:00,0 days 00:00:00,0,16.4,97.6,1001.0,29.0,64.0,0.0,0.0,0.0,0.0,0.0,0.0,0.0,0.0,0.0,0.0,0.0,0.0
2026-09-28 06:00:00,WP922026(4),5,2026-09-28 12:00:00,0 days 06:00:00,6,17.64,96.97,1008.7,15.6,73.7414727746962,0.0,0.0,0.0,0.0,0.0,0.0,0.0,0.0,0.0,0.0,0.0,0.0
2026-09-28 06:00:00,WP922026(4),5,2026-09-28 18:00:00,0 days 12:00:00,12,18.28,96.91,1008.7,20.7,83.00342066633851,0.0,0.0,0.0,0.0,0.0,0.0,0.0,0.0,0.0,0.0,0.0,0.0
2026-09-28 06:00:00,13,6,2026-10-05 00:00:00,6 days 18:00:00,162,14.2,-96.66,1003.8,28.7,48.637700268489134,0.0,0.0,0.0,0.0,0.0,0.0,0.0,0.0,0.0,0.0,0.0,0.0
2026-09-28 06:00:00,13,6,2026-10-05 06:00:00,7 days 00:00:00,168,13.83,-96.94,1003.7,27.1,49.20202068540138,0.0,0.0,0.0,0.0,0.0,0.0,0.0,0.0,0.0,0.0,0.0,0.0
2026-09-28 06:00:00,13,6,2026-10-05 12:00:00,7 days 06:00:00,174,13.26,-96.72,1004.7,35.3,73.1505046449447,73.1505046449447,0.0,0.0,0.0,0.0,0.0,0.0,0.0,0.0,0.0,0.0,0.0
2026-09-28 06:00:00,13,6,2026-10-05 18:00:00,7 days 12:00:00,180,12.86,-96.83,1007.0,31.8,42.7612783422628,0.0,0.0,0.0,0.0,0.0,0.0,0.0,0.0,0.0,0.0,0.0,0.0
2026-09-28 06:00:00,13,6,2026-10-06 00:00:00,7 days 18:00:00,186,12.6,-96.96,1004.2,31.7,69.16069136804592,0.0,0.0,0.0,0.0,0.0,0.0,0.0,0.0,0.0,0.0,0.0,0.0
2026-09-28 06:00:00,13,6,2026-10-06 06:00:00,8 days 00:00:00,192,12.43,-97.33,1003.7,32.0,85.53642035852715,0.0,0.0,0.0,0.0,0.0,0.0,0.0,0.0,0.0,0.0,0.0,0.0
2026-09-28 06:00:00,13,6,2026-10-06 12:00:00,8 days 06:00:00,198,12.01,-97.34,1001.0,41.5,81.63856715645039,24.777145584626503,81.63856715645039,24.03876413120628,23.65035699935503,0.0,0.0,0.0,0.0,0.0,0.0,0.0,0.0
2026-09-28 06:00:00,13,6,2026-10-06 18:00:00,8 days 12:00:00,204,11.81,-97.78,1001.2,44.7,42.31828329136579,94.1972903865834,83.2077722053238,65.4998497310167,79.2777172421138,0.0,0.0,0.0,0.0,0.0,0.0,0.0,0.0
2026-09-28 06:00:00,13,6,2026-10-07 00:00:00,8 days 18:00:00,210,11.79,-98.04,996.3,48.5,45.4885153696877,83.36813506850841,75.53144571842076,68.85754445925673,69.24285570958682,0.0,0.0,0.0,0.0,0.0,0.0,0.0,0.0
2026-09-28 06:00:00,13,6,2026-10-07 06:00:00,9 days 00:00:00,216,11.78,-98.21,996.8,54.4,35.54834723435079,81.2720642126026,72.8513023360164,66.07730877220095,69.7272920774155,0.0,0.5071485802506537,35.54834723435079,0.0,0.0,0.0,0.0,0.0
2026-09-28 06:00:00,13,6,2026-10-07 12:00:00,9 days 06:00:00,222,11.7,-98.27,998.4,50.6,42.88168766453785,63.32760120705882,58.451824747590834,57.86516837471042,60.62635279109621,42.88168766453785,3.938123051793095,2.1632967918937016,4.0374094185782,0.0,0.0,0.0,0.0
2026-09-28 06:00:00,13,6,2026-10-07 18:00:00,9 days 12:00:00,228,11.57,-98.62,995.5,55.4,14.742713129498044,81.90818918704008,58.81511318008097,60.19948732961575,75.42879385882043,33.1910535604502,26.585760648160655,20.58032870876696,28.177683645936668,0.0,0.0,0.0,0.0
2026-09-28 06:00:00,13,6,2026-10-08 00:00:00,9 days 18:00:00,234,11.58,-98.47,996.7,46.1,34.51421120799678,96.15768160280383,93.4367856434003,77.45955585494704,83.7937750203338,0.0,0.0,0.0,0.0,0.0,0.0,0.0,0.0
2026-09-28 06:00:00,13,6,2026-10-08 06:00:00,10 days 00:00:00,240,11.93,-98.79,998.8,47.1,57.95689948087018,67.8155799036683,55.740825176812606,46.39387125544218,59.40437612315032,0.0,0.0,0.0,0.0,0.0,0.0,0.0,0.0
2026-09-28 06:00:00,13,6,2026-10-08 12:00:00,10 days 06:00:00,246,12.03,-98.88,994.6,58.5,17.230052367365715,93.12083930285482,78.65825556558084,56.01202073189758,77.4691666927449,45.823069924158425,36.28594369908125,24.36351461926232,36.35536249952125,0.0,0.0,0.0,0.0
2026-09-28 06:00:00,13,6,2026-10-08 18:00:00,10 days 12:00:00,252,11.88,-99.37,995.4,55.6,12.86916908493383,67.63103725599329,59.76629949494144,55.63956069240936,65.74935827498629,19.65155653106367,14.497799396886002,8.573386268779368,16.38454003063839,0.0,0.0,0.0,0.0
2026-09-28 06:00:00,13,6,2026-10-09 00:00:00,10 days 18:00:00,258,12.08,-99.61,990.5,59.3,17.679896579342433,88.85256321768733,73.24801539149195,59.6845914255124,74.6579995138515,28.99623540556748,23.25177760665582,16.245045852322956,22.804450036427543,0.0,0.0,0.0,0.0
2026-09-28 06:00:00,13,6,2026-10-09 06:00:00,11 days 00:00:00,264,12.67,-99.95,996.2,49.8,46.90622355879981,85.37073686577631,80.63175668688905,49.83087857845453,67.1949502407328,0.0,0.0,0.0,0.0,0.0,0.0,0.0,0.0
2026-09-28 06:00:00,13,6,2026-10-09 12:00:00,11 days 06:00:00,270,13.27,-100.44,994.1,51.4,49.05867745445574,142.8580249832492,131.45003963093097,92.83548859471584,115.02058349534732,49.05867745445574,0.0,0.0,0.0,0.0,0.0,0.0,0.0
2026-09-28 06:00:00,13,6,2026-10-09 18:00:00,11 days 12:00:00,276,14.05,-100.93,979.1,78.7,23.38650489326469,95.91560179525231,84.27267503279288,53.18274350859875,74.09561417509022,58.38675785816645,50.41427770807849,38.18119928813104,48.77475989859765,23.38650489326469,17.873043284425478,13.939356029078205,17.4687568007735
2026-09-28 06:00:00,13,6,2026-10-10 00:00:00,11 days 18:00:00,282,14.9,-101.15,977.4,77.8,16.492242855092236,131.91991072524272,123.03970260997087,77.51489040059963,108.18481215791503,57.6711609041773,49.72192167497659,36.72494268681123,46.88163291354303,24.29252158726708,21.77740383504544,16.850199555839453,20.581991569949786
2026-09-28 06:00:00,13,6,2026-10-10 06:00:00,12 days 00:00:00,288,15.78,-101.41,984.1,80.5,18.07916995006149,122.5831984815301,130.99304035771752,91.96284541418753,93.7605403670454,18.07916995006149,8.669172444778937,3.0307061387315883,5.689024125457378,18.07916995006149,0.0,0.0,0.0
2026-09-28 06:00:00,13,6,2026-10-10 12:00:00,12 days 06:00:00,294,16.53,-101.27,979.0,73.2,28.8062904946557,112.08776144965437,104.80744293268832,58.011341924564405,64.55429935011992,46.12194318646213,40.42804168385044,24.493837874410488,34.35511275828182,28.8062904946557,4.176890167777426,2.2183003252426188,4.03430168934004
2026-09-28 06:00:00,13,6,2026-10-10 18:00:00,12 days 12:00:00,300,17.54,-100.94,968.9,95.9,48.55895242442043,176.99026564013508,156.3763979038038,115.72943530261952,132.59714597444363,66.19400970006161,60.827266227476144,47.71586300926029,56.01369303278636,48.55895242442043,20.02357783480366,16.732171642847305,19.561228227836597
2026-09-28 06:00:00,13,6,2026-10-11 00:00:00,12 days 18:00:00,306,18.6,-100.65,987.0,66.5,22.0466199628711,148.12524888880228,150.506374722073,110.88898516374478,115.4136673705964,0.0972385086065221,22.0466199628711,0.3974629650201806,0.1448663806808285,0.0972385086065221,22.0466199628711,0.3974629650201806,0.1448663806808285
2026-09-28 06:00:00,13,6,2026-10-11 06:00:00,13 days 00:00:00,312,19.09,-100.09,999.1,35.0,83.2599174050408,7.240191367766503,83.2599174050408,12.041958222070232,2.4717994328585107,0.0,0.0,0.0,0.0,0.0,0.0,0.0,0.0
2026-09-28 06:00:00,18,6,2026-10-08 18:00:00,10 days 12:00:00,252,19.86,-86.87,1007.0,23.9,147.5930867365601,0.0,0.0,0.0,0.0,0.0,0.0,0.0,0.0,0.0,0.0,0.0,0.0
2026-09-28 06:00:00,18,6,2026-10-09 00:00:00,10 days 18:00:00,258,19.47,-86.69,1003.4,23.7,114.96039687581136,0.0,0.0,0.0,0.0,0.0,0.0,0.0,0.0,0.0,0.0,0.0,0.0
2026-09-28 06:00:00,18,6,2026-10-09 06:00:00,11 days 00:00:00,264,20.05,-86.81,1003.9,25.9,71.00620036599122,0.0,0.0,0.0,0.0,0.0,0.0,0.0,0.0,0.0,0.0,0.0,0.0
2026-09-28 06:00:00,18,6,2026-10-09 12:00:00,11 days 06:00:00,270,20.89,-87.25,999.6,41.7,62.0285480917878,13.059850794358738,62.0285480917878,1.2857698120303669,5.305610410898908,0.0,0.0,0.0,0.0,0.0,0.0,0.0,0.0
2026-09-28 06:00:00,18,6,2026-10-09 18:00:00,11 days 12:00:00,276,21.97,-88.03,1004.1,29.4,65.9315990932875,0.0,0.0,0.0,0.0,0.0,0.0,0.0,0.0,0.0,0.0,0.0,0.0
2026-09-28 06:00:00,18,6,2026-10-10 00:00:00,11 days 18:00:00,282,22.57,-88.73,1000.6,33.6,71.95839094152069,0.0,0.0,0.0,0.0,0.0,0.0,0.0,0.0,0.0,0.0,0.0,0.0
2026-09-28 06:00:00,18,6,2026-10-10 06:00:00,12 days 00:00:00,288,23.7,-89.46,999.9,44.6,101.82742235520207,101.82742235520207,70.95439436852973,47.34204109958432,58.10988957465918,0.0,0.0,0.0,0.0,0.0,0.0,0.0,0.0
2026-09-28 06:00:00,18,6,2026-10-10 12:00:00,12 days 06:00:00,294,24.63,-89.77,995.5,47.0,82.20298998512419,111.98285311523148,99.58441788409272,57.55753872540811,79.95320200533757,0.0,0.0,0.0,0.0,0.0,0.0,0.0,0.0
2026-09-28 06:00:00,18,6,2026-10-10 18:00:00,12 days 12:00:00,300,25.96,-90.1,991.9,59.3,19.45373114157843,122.70297543204585,122.16770439663831,66.67293268219868,85.86602928449929,19.45373114157843,13.539574114143946,6.531401479979692,10.130455993183048,0.0,0.0,0.0,0.0
2026-09-28 06:00:00,18,6,2026-10-11 00:00:00,12 days 18:00:00,306,27.61,-90.25,985.7,64.0,33.702185310182955,102.23485273930385,108.45977247767968,62.78371349864979,65.1636637058975,0.8287818402027867,33.702185310182955,0.0,0.0,0.0,0.0,0.0,0.0
2026-09-28 06:00:00,18,6,2026-10-11 06:00:00,13 days 00:00:00,312,29.16,-89.92,992.4,52.1,93.36929131508803,93.36929131508803,93.36929131508803,29.71057263175476,34.3460395246193,93.36929131508803,0.8588825419454338,0.0,0.0,0.0,0.0,0.0,0.0
2026-09-28 06:00:00,18,6,2026-10-11 12:00:00,13 days 06:00:00,318,31.11,-89.07,996.7,43.7,39.479159212369,95.5953979051028,100.08169571984952,62.510937716241614,63.60076946847096,0.0,0.0,0.0,0.0,0.0,0.0,0.0,0.0
2026-09-28 06:00:00,18,6,2026-10-11 18:00:00,13 days 12:00:00,324,33.53,-87.54,995.1,33.4,115.00646203252496,0.0,0.0,0.0,0.0,0.0,0.0,0.0,0.0,0.0,0.0,0.0,0.0
2026-09-28 06:00:00,18,6,2026-10-12 00:00:00,13 days 18:00:00,330,35.35,-84.81,999.8,26.7,105.66881357917735,0.0,0.0,0.0,0.0,0.0,0.0,0.0,0.0,0.0,0.0,0.0,0.0
2026-09-28 06:00:00,18,6,2026-10-12 06:00:00,14 days 00:00:00,336,36.84,-80.87,1000.9,21.2,159.6272991902115,0.0,0.0,0.0,0.0,0.0,0.0,0.0,0.0,0.0,0.0,0.0,0.0
2026-09-28 06:00:00,18,6,2026-10-12 12:00:00,14 days 06:00:00,342,37.51,-76.79,996.8,39.3,118.10162941813364,4.475770933827334,118.10162941813364,2.282992775740741,0.0,0.0,0.0,0.0,0.0,0.0,0.0,0.0,0.0
2026-09-28 06:00:00,18,6,2026-10-12 18:00:00,14 days 12:00:00,348,38.61,-74.22,990.2,47.3,87.106560238457,248.41427918892265,288.5633899769605,255.8552106570379,210.54297822260557,0.0,0.0,0.0,0.0,0.0,0.0,0.0,0.0
2026-09-28 06:00:00,18,6,2026-10-13 00:00:00,14 days 18:00:00,354,38.37,-71.09,991.6,43.8,142.1727381154576,361.67977651371314,366.3981362337562,317.15738234868627,312.6926156187242,0.0,0.0,0.0,0.0,0.0,0.0,0.0,0.0
2026-09-28 06:00:00,18,6,2026-10-13 06:00:00,15 days 00:00:00,360,38.65,-68.74,994.4,49.3,153.20612877880808,295.7998090894214,285.3227194869885,238.4315260697645,242.3316478852032,0.0,0.0,0.0,0.0,0.0,0.0,0.0,0.0
2026-09-28 06:00:00,19,6,2026-10-08 18:00:00,10 days 12:00:00,252,18.84,143.1,1005.5,20.1,95.46426700625383,0.0,0.0,0.0,0.0,0.0,0.0,0.0,0.0,0.0,0.0,0.0,0.0
2026-09-28 06:00:00,19,6,2026-10-09 00:00:00,10 days 18:00:00,258,18.95,142.09,1004.0,26.8,84.17695303879896,0.0,0.0,0.0,0.0,0.0,0.0,0.0,0.0,0.0,0.0,0.0,0.0
2026-09-28 06:00:00,19,6,2026-10-09 06:00:00,11 days 00:00:00,264,19.11,141.19,1005.3,28.8,60.07556823953146,0.0,0.0,0.0,0.0,0.0,0.0,0.0,0.0,0.0,0.0,0.0,0.0
2026-09-28 06:00:00,19,6,2026-10-09 12:00:00,11 days 06:00:00,270,19.38,139.84,1002.4,30.7,70.66426879716725,0.0,0.0,0.0,0.0,0.0,0.0,0.0,0.0,0.0,0.0,0.0,0.0
2026-09-28 06:00:00,19,6,2026-10-09 18:00:00,11 days 12:00:00,276,19.4,138.57,1001.1,34.1,37.54877237462211,3.599392151271516,0.0,0.0,37.54877237462211,0.0,0.0,0.0,0.0,0.0,0.0,0.0,0.0
2026-09-28 06:00:00,19,6,2026-10-10 00:00:00,11 days 18:00:00,282,19.13,137.01,1004.3,26.8,48.9182975582566,0.0,0.0,0.0,0.0,0.0,0.0,0.0,0.0,0.0,0.0,0.0,0.0
2026-09-28 06:00:00,19,6,2026-10-10 06:00:00,12 days 00:00:00,288,19.14,136.28,994.1,36.0,82.31302044150267,9.155338877785551,0.0,1.0136332254164273,82.31302044150267,0.0,0.0,0.0,0.0,0.0,0.0,0.0,0.0
2026-09-28 06:00:00,19,6,2026-10-10 12:00:00,12 days 06:00:00,294,19.11,135.39,998.3,32.7,99.77230458662592,0.0,0.0,0.0,0.0,0.0,0.0,0.0,0.0,0.0,0.0,0.0,0.0
2026-09-28 06:00:00,19,6,2026-10-10 18:00:00,12 days 12:00:00,300,19.18,134.0,1002.1,28.1,54.15047567661394,0.0,0.0,0.0,0.0,0.0,0.0,0.0,0.0,0.0,0.0,0.0,0.0
2026-09-28 06:00:00,19,6,2026-10-11 00:00:00,12 days 18:00:00,306,18.8,133.01,1000.3,29.7,87.28599839199097,0.0,0.0,0.0,0.0,0.0,0.0,0.0,0.0,0.0,0.0,0.0,0.0
2026-09-28 06:00:00,19,6,2026-10-11 06:00:00,13 days 00:00:00,312,18.44,132.11,1001.5,37.3,86.8529588241945,86.8529588241945,3.031422060401382,0.0,12.950779871152918,0.0,0.0,0.0,0.0,0.0,0.0,0.0,0.0
2026-09-28 06:00:00,19,6,2026-10-11 12:00:00,13 days 06:00:00,318,17.86,130.55,991.4,48.7,69.9803446930672,115.29450487568602,91.65577716412344,78.53626080791571,111.89696922244616,0.0,0.0,0.0,0.0,0.0,0.0,0.0,0.0
2026-09-28 06:00:00,19,6,2026-10-11 18:00:00,13 days 12:00:00,324,16.94,129.49,981.4,70.5,12.986601456077214,35.2962883076889,12.475485673236877,4.056154885507207,37.90392146438568,1.323884556739337,0.0,0.0,12.986601456077214,0.9376089039745776,0.0,0.0,12.986601456077214
2026-09-28 06:00:00,19,6,2026-10-12 00:00:00,13 days 18:00:00,330,16.48,128.19,961.9,93.0,8.105464612995405,66.98659982510767,50.82324583087436,62.28399527446369,80.14015472402549,39.74568708207974,27.915349533449493,30.492761640589062,39.14674198016746,29.815519671567195,24.792630422345677,21.71698045368566,26.62052399732866
2026-09-28 06:00:00,19,6,2026-10-12 06:00:00,14 days 00:00:00,336,16.25,126.89,967.1,85.0,0.0,27.825982981416026,20.324897479846687,49.39305705615382,45.29662761440844,11.791633279285792,6.64392019711287,8.197353400120948,12.23476627887592,8.803443340011121,6.64392019711287,5.207116074078645,8.228129588335483
2026-09-28 06:00:00,19,6,2026-10-12 12:00:00,14 days 06:00:00,342,15.73,125.88,954.1,98.2,0.0,78.22658200273392,58.06577365460112,81.81802838043598,94.78662719772498,65.45752819234627,56.52702564991645,52.09711035119027,60.94566228626741,34.886761160086465,30.672656395863854,27.49764073202074,31.3839156768988
2026-09-28 06:00:00,19,6,2026-10-12 18:00:00,14 days 12:00:00,348,15.51,124.54,953.7,99.4,12.652960938826276,94.07541555359676,65.77904721358986,85.69700163237842,104.16411101180552,52.87092235578514,44.30496092676986,40.123284896229485,49.42960356393216,26.03307609604667,22.09746225987002,18.49035781671229,22.601564817301885
2026-09-28 06:00:00,19,6,2026-10-13 00:00:00,14 days 18:00:00,354,15.44,123.46,963.7,88.6,14.049502283093592,55.31360645488413,27.685273255131705,79.32817123882106,84.88649740130055,31.64190328913589,21.121267354734822,29.149097467344497,33.110417663216154,19.126824001241182,15.856932465094644,15.868302443008414,17.48137361417762
2026-09-28 06:00:00,19,6,2026-10-13 06:00:00,15 days 00:00:00,360,15.39,122.4,974.7,75.8,16.866067037070973,63.62394965404855,49.74922488135066,82.08183265812386,94.2197958178982,58.35831369565932,49.74922488135066,51.05243825681816,58.644957288768005,32.793265796309726,30.11697031972393,28.26027465170573,30.330719792029686
2026-09-28 06:00:00,2,6,2026-09-29 00:00:00,0 days 18:00:00,18,15.63,155.47,1005.7,24.9,144.3243809149651,0.0,0.0,0.0,0.0,0.0,0.0,0.0,0.0,0.0,0.0,0.0,0.0
2026-09-28 06:00:00,2,6,2026-09-29 06:00:00,1 days 00:00:00,24,15.41,154.38,1006.3,21.9,87.62287299235061,0.0,0.0,0.0,0.0,0.0,0.0,0.0,0.0,0.0,0.0,0.0,0.0
2026-09-28 06:00:00,2,6,2026-09-29 12:00:00,1 days 06:00:00,30,16.08,153.85,1006.8,23.0,102.8288504901866,0.0,0.0,0.0,0.0,0.0,0.0,0.0,0.0,0.0,0.0,0.0,0.0
2026-09-28 06:00:00,2,6,2026-09-29 18:00:00,1 days 12:00:00,36,16.11,152.48,1002.6,20.2,125.1097595202365,0.0,0.0,0.0,0.0,0.0,0.0,0.0,0.0,0.0,0.0,0.0,0.0
2026-09-28 06:00:00,2,6,2026-09-30 00:00:00,1 days 18:00:00,42,16.36,151.58,1003.3,24.0,68.5673930456825,0.0,0.0,0.0,0.0,0.0,0.0,0.0,0.0,0.0,0.0,0.0,0.0
2026-09-28 06:00:00,2,6,2026-09-30 06:00:00,2 days 00:00:00,48,15.99,151.64,1003.0,24.1,49.37535042275181,0.0,0.0,0.0,0.0,0.0,0.0,0.0,0.0,0.0,0.0,0.0,0.0
2026-09-28 06:00:00,2,6,2026-09-30 12:00:00,2 days 06:00:00,54,16.03,150.63,1004.3,23.6,136.120345759767,0.0,0.0,0.0,0.0,0.0,0.0,0.0,0.0,0.0,0.0,0.0,0.0
2026-09-28 06:00:00,2,6,2026-09-30 18:00:00,2 days 12:00:00,60,16.1,150.36,997.8,32.3,118.09455421518771,0.0,0.0,0.0,0.0,0.0,0.0,0.0,0.0,0.0,0.0,0.0,0.0
2026-09-28 06:00:00,2,6,2026-10-01 00:00:00,2 days 18:00:00,66,15.97,149.69,1002.4,29.3,59.42385817888847,0.0,0.0,0.0,0.0,0.0,0.0,0.0,0.0,0.0,0.0,0.0,0.0
2026-09-28 06:00:00,2,6,2026-10-01 06:00:00,3 days 00:00:00,72,16.05,148.02,1005.4,28.8,75.36012995835165,0.0,0.0,0.0,0.0,0.0,0.0,0.0,0.0,0.0,0.0,0.0,0.0
2026-09-28 06:00:00,2,6,2026-10-01 12:00:00,3 days 06:00:00,78,16.05,147.15,995.3,39.4,110.6028727948227,41.62849434793426,110.6028727948227,28.29238806262369,28.25105209629274,0.0,0.0,0.0,0.0,0.0,0.0,0.0,0.0
2026-09-28 06:00:00,2,6,2026-10-01 18:00:00,3 days 12:00:00,84,15.67,147.44,989.1,46.2,93.4007764240079,93.4007764240079,0.0,0.0,0.0,0.0,0.0,0.0,0.0,0.0,0.0,0.0,0.0
2026-09-28 06:00:00,2,6,2026-10-02 00:00:00,3 days 18:00:00,90,16.34,147.41,990.9,46.8,82.21997992554083,178.70083838693887,166.63351940251118,125.3910901894543,146.9100660940337,0.0,0.0,0.0,0.0,0.0,0.0,0.0,0.0
2026-09-28 06:00:00,2,6,2026-10-02 06:00:00,4 days 00:00:00,96,16.54,147.7,984.0,60.5,33.44223968503975,179.50387406857865,176.7415222639739,144.5020419784613,147.38383008587533,33.44223968503975,25.301926849221147,14.48461963467891,20.60517552207376,0.0,0.0,0.0,0.0
2026-09-28 06:00:00,2,6,2026-10-02 12:00:00,4 days 06:00:00,102,17.2,148.09,970.7,81.5,53.94114800678528,342.6969299189193,332.3954004660048,278.331585887661,296.05221043557896,154.70010487364902,146.96582711906294,124.9321461513113,133.79806038675133,55.64885049829685,53.793256593570064,46.032235076352194,48.08801468502912
2026-09-28 06:00:00,2,6,2026-10-02 18:00:00,4 days 12:00:00,108,17.89,148.64,976.3,73.2,37.5108426564054,301.6517242176328,306.6137844571995,239.53728825870667,249.2030520227377,156.53916402887592,147.67780641727688,114.23532380119758,129.4186906811587,37.5108426564054,31.8718521629755,25.40839427417795,28.046842193998387
2026-09-28 06:00:00,2,6,2026-10-03 00:00:00,4 days 18:00:00,114,19.1,148.98,950.8,98.4,24.955939248985104,298.44523082937064,298.332283583222,228.6538370341933,229.50787115076,93.96053097766432,87.08240126566207,59.80309672297757,73.57586829460749,24.955939248985104,3.828003399158425,1.3049529639461943,3.257618493942058
2026-09-28 06:00:00,2,6,2026-10-03 06:00:00,5 days 00:00:00,120,20.23,148.93,951.8,110.3,8.91397176139931,317.5060823752291,343.5122458794576,251.73008651061264,246.40874583804637,116.33478623299855,113.75764373073535,85.52560373279772,91.58636873234032,41.55054354551301,39.05684267268144,32.33971183486904,35.31820178738408
2026-09-28 06:00:00,2,6,2026-10-03 12:00:00,5 days 06:00:00,126,21.48,149.66,978.5,58.4,43.25411550303619,378.2769175366021,395.5755034963376,307.4273198512192,308.0285228507331,161.05469560920722,160.63903126125587,125.33614475004352,133.39560372513856,0.0,0.0,0.0,0.0
2026-09-28 06:00:00,2,6,2026-10-03 18:00:00,5 days 12:00:00,132,22.43,149.69,947.0,100.7,44.33045561809354,414.1456570999876,418.7391675178656,317.0698861821197,342.0293328752746,218.7918357480669,214.8093423107025,180.18028166305385,188.11889741171308,123.36115198163554,121.84270770290176,101.88041744685631,108.1715586188401
2026-09-28 06:00:00,2,6,2026-10-04 00:00:00,5 days 18:00:00,138,23.22,149.98,938.8,109.1,38.81519538068568,405.9620134722986,441.5510543666596,355.2955145231863,330.4189557614,176.48454533751735,185.04686720005884,159.7043697063101,153.95758383013208,88.970383960302,91.1226884186574,78.64597448293074,79.55994849615729
2026-09-28 06:00:00,2,6,2026-10-04 06:00:00,6 days 00:00:00,144,23.72,150.03,940.3,104.9,29.074891256627037,389.1235073262823,412.9339782583214,322.4760365646792,330.16313078644595,194.4468386189347,194.00587007697945,160.7332667007244,167.83097182669684,110.36415511896926,108.38717654661278,90.37761867812016,95.5335410980309
2026-09-28 06:00:00,2,6,2026-10-04 12:00:00,6 days 06:00:00,150,24.1,149.88,937.0,111.6,14.426103084567558,427.9387420182202,433.5616091857357,377.7542413055721,376.7732738101379,218.19499623142408,218.7904098923344,193.6763416456525,193.7490677610168,130.3369829391977,129.41530344303675,110.92427886141805,115.06362095423248
2026-09-28 06:00:00,2,6,2026-10-04 18:00:00,6 days 12:00:00,156,24.63,149.8,920.6,126.3,13.012130523907762,433.4703787802872,435.81181985155285,365.4479126898213,363.730369966176,230.544993231254,230.1011743494608,197.0954814451088,201.6819512017373,131.99854082655398,128.51711231993556,109.85163836455388,115.6181747988343
2026-09-28 06:00:00,2,6,2026-10-05 00:00:00,6 days 18:00:00,162,25.55,149.81,921.2,121.7,15.27880559258392,414.7319289082047,424.6410629111664,343.5315366878486,349.75835523177886,210.9194804141966,200.7574542464484,164.93873142128538,176.48177218998947,104.05802548568164,98.36983533866292,81.63924829476731,88.7875982160487
2026-09-28 06:00:00,2,6,2026-10-05 06:00:00,7 days 00:00:00,168,26.35,149.79,919.5,123.9,2.9875726788353347,383.4509319222013,398.83032313121385,322.8393440545408,309.4391313023666,163.7716403352755,163.0892160766191,136.02359665178335,137.75049654216275,84.5026966611411,83.39782773363436,69.37719720889794,71.82956254951824
2026-09-28 06:00:00,2,6,2026-10-05 12:00:00,7 days 06:00:00,174,27.13,150.34,934.9,111.4,19.029899738093,432.073222882055,462.78992501306254,403.5029521863015,371.5697163307419,227.24735037527284,237.10022933751625,209.7096407482101,199.36489446038465,133.53751284457564,136.55515048175735,116.0661355612108,117.23512673503136
2026-09-28 06:00:00,2,6,2026-10-05 18:00:00,7 days 12:00:00,180,28.17,150.56,945.8,98.8,24.02996074486024,391.7632742091316,429.902541119276,326.1824949350721,312.6811547220268,134.00339154764788,139.28164749948178,107.2703418008268,106.7661697467573,47.50094685270527,51.517421008865576,40.31671877395169,39.88113007027557
2026-09-28 06:00:00,2,6,2026-10-06 00:00:00,7 days 18:00:00,186,29.03,150.32,948.4,98.6,50.73805760275252,360.70454784670073,365.9057070609206,293.5743196058138,296.12097787220864,178.24550452409903,181.7072696536875,158.08676800772128,157.5030049083589,95.82152506757257,97.86961599692812,82.94782348425065,85.13103523621794
2026-09-28 06:00:00,2,6,2026-10-06 06:00:00,8 days 00:00:00,192,30.24,150.76,941.0,101.1,45.65119049295006,410.7117203267688,441.2058494482239,370.5183404664744,365.916322483233,235.73245317458847,242.03536468826576,213.38198503520303,208.59462977959103,142.4181646204978,144.90271741544984,122.07548432496668,126.64488351057037
2026-09-28 06:00:00,2,6,2026-10-06 12:00:00,8 days 06:00:00,198,31.54,150.81,950.2,89.7,56.994759247112526,396.07231408826704,435.6024740554795,350.2134576399424,338.8267566143952,232.7087542564787,240.9561123528549,201.63396863232785,200.2434871902481,120.24017608509205,122.20966326476244,101.273766418277,105.13096693196444
2026-09-28 06:00:00,2,6,2026-10-06 18:00:00,8 days 12:00:00,204,32.89,151.31,961.0,75.2,81.5710033413987,374.65497433391255,391.8375212980248,316.1884221018193,311.2068590535432,183.50664045657905,184.01237464043615,146.16444844275236,154.438831250748,72.4962694253058,81.5710033413987,60.851903247181646,63.383609043949846
2026-09-28 06:00:00,2,6,2026-10-07 00:00:00,8 days 18:00:00,210,34.64,151.97,959.2,80.6,91.84810322910631,388.5551943471877,433.3645959637192,335.2889043966076,324.89360463157493,249.70385586636644,260.05046113897765,221.880256365218,214.8933069461675,117.25166105081315,120.38876021994032,100.07766271171052,103.387296601196
2026-09-28 06:00:00,2,6,2026-10-07 06:00:00,9 days 00:00:00,216,36.87,153.58,967.4,69.7,41.738848222157614,382.217235987681,433.29788131926927,335.8496797386687,318.60740465025543,227.1922002239055,246.92482767488184,210.69034021218545,196.28013436212836,98.93353761549442,104.91511341793846,88.75809970556833,86.70682180741578
2026-09-28 06:00:00,2,6,2026-10-07 12:00:00,9 days 06:00:00,222,39.39,156.18,967.4,67.7,102.98194054030864,358.8569402143912,426.4459126971851,339.2333351358975,303.8847543058582,72.16418797509687,102.98194054030864,65.95993674341935,54.691748237126376,0.0,102.98194054030864,0.5627218581661282,0.0
2026-09-28 06:00:00,2,6,2026-10-07 18:00:00,9 days 12:00:00,228,42.26,159.89,969.3,60.8,132.8383312200366,124.04387907783403,192.2565285492653,133.0082223488787,94.8282700042942,6.154768887999673,132.8383312200366,8.22216164527213,0.5209743854798674,0.0,0.0,0.0,0.0
2026-09-28 06:00:00,2,6,2026-10-08 00:00:00,9 days 18:00:00,234,45.03,165.85,983.1,43.1,200.42225263096816,0.0,200.42225263096816,47.19037329082278,0.0,0.0,0.0,0.0,0.0,0.0,0.0,0.0,0.0
2026-09-28 06:00:00,2,6,2026-10-08 06:00:00,10 days 00:00:00,240,49.85,169.13,969.1,44.4,188.17123251670728,2.4596041978318794,60.22890691094096,188.17123251670728,2.5151813581546207,0.0,0.0,0.0,0.0,0.0,0.0,0.0,0.0
2026-09-28 06:00:00,2,6,2026-10-08 12:00:00,10 days 06:00:00,246,53.74,176.39,956.9,49.9,183.7876343453306,26.65678791086756,183.7876343453306,60.38653563291474,36.57752574829976,0.0,0.0,0.0,0.0,0.0,0.0,0.0,0.0
2026-09-28 06:00:00,AL062026,6,2026-09-28 06:00:00,0 days 00:00:00,0,28.3,-43.8,1012.0,25.0,56.0,0.0,0.0,0.0,0.0,0.0,0.0,0.0,0.0,0.0,0.0,0.0,0.0
2026-09-28 06:00:00,AL062026,6,2026-09-28 12:00:00,0 days 06:00:00,6,27.52,-44.33,1010.8,26.5,79.6579438836001,0.0,0.0,0.0,0.0,0.0,0.0,0.0,0.0,0.0,0.0,0.0,0.0
2026-09-28 06:00:00,AL062026,6,2026-09-28 18:00:00,0 days 12:00:00,12,27.03,-44.81,1010.9,20.8,93.36400190646302,0.0,0.0,0.0,0.0,0.0,0.0,0.0,0.0,0.0,0.0,0.0,0.0
2026-09-28 06:00:00,AL062026,6,2026-09-29 00:00:00,0 days 18:00:00,18,25.81,-45.65,1008.8,36.5,103.14123973155604,2.833771392583145,0.0,2.89381957783948,103.14123973155604,0.0,0.0,0.0,0.0,0.0,0.0,0.0,0.0
2026-09-28 06:00:00,AL062026,6,2026-09-29 06:00:00,1 days 00:00:00,24,25.08,-46.41,1006.8,39.0,51.36398717279083,51.36398717279083,2.3145680633116363,0.0,6.452676393812128,0.0,0.0,0.0,0.0,0.0,0.0,0.0,0.0
2026-09-28 06:00:00,AL062026,6,2026-09-29 12:00:00,1 days 06:00:00,30,24.81,-46.16,1012.9,20.7,124.407444156861,0.0,0.0,0.0,0.0,0.0,0.0,0.0,0.0,0.0,0.0,0.0,0.0
2026-09-28 06:00:00,AL062026,6,2026-09-29 18:00:00,1 days 12:00:00,36,23.96,-48.66,1007.8,22.5,86.70803328505707,0.0,0.0,0.0,0.0,0.0,0.0,0.0,0.0,0.0,0.0,0.0,0.0
2026-09-28 06:00:00,AL062026,6,2026-09-30 00:00:00,1 days 18:00:00,42,23.4,-50.36,1010.6,30.2,59.251691350491626,0.0,0.0,0.0,0.0,0.0,0.0,0.0,0.0,0.0,0.0,0.0,0.0
2026-09-28 06:00:00,AL062026,6,2026-09-30 06:00:00,2 days 00:00:00,48,22.47,-51.21,1010.6,27.0,60.84464992802626,0.0,0.0,0.0,0.0,0.0,0.0,0.0,0.0,0.0,0.0,0.0,0.0
2026-09-28 06:00:00,AL062026,6,2026-09-30 12:00:00,2 days 06:00:00,54,22.73,-52.93,1012.4,29.6,158.1792442935789,0.0,0.0,0.0,0.0,0.0,0.0,0.0,0.0,0.0,0.0,0.0,0.0
2026-09-28 06:00:00,AL062026,6,2026-09-30 18:00:00,2 days 12:00:00,60,22.86,-54.21,1010.5,21.5,115.754944200486,0.0,0.0,0.0,0.0,0.0,0.0,0.0,0.0,0.0,0.0,0.0,0.0
2026-09-28 06:00:00,AL912026(2),6,2026-09-28 06:00:00,0 days 00:00:00,0,36.3,-53.1,1013.0,29.0,148.0,0.0,0.0,0.0,0.0,0.0,0.0,0.0,0.0,0.0,0.0,0.0,0.0
2026-09-28 06:00:00,AL912026(2),6,2026-09-28 12:00:00,0 days 06:00:00,6,36.61,-51.47,1009.2,34.5,57.058913567187886,0.9649240235962324,57.058913567187886,0.0,0.0,0.0,0.0,0.0,0.0,0.0,0.0,0.0,0.0
2026-09-28 06:00:00,AL912026(2),6,2026-09-28 18:00:00,0 days 12:00:00,12,36.29,-49.79,1005.5,31.2,78.61378654102896,0.0,0.0,0.0,0.0,0.0,0.0,0.0,0.0,0.0,0.0,0.0,0.0
2026-09-28 06:00:00,EP152026(2),6,2026-09-28 06:00:00,0 days 00:00:00,0,16.4,-160.8,929.0,134.0,28.0,241.0,185.0,148.0,204.0,93.0,74.0,74.0,93.0,56.0,46.0,37.0,46.0
2026-09-28 06:00:00,EP152026(2),6,2026-09-28 12:00:00,0 days 06:00:00,6,17.01,-161.9,947.4,118.3,24.990691792474024,240.80752745020183,189.3971836126766,137.54564178254827,207.34893793143283,108.8284584715068,85.71137260073692,64.22006471876222,94.72650503745422,52.037070341619085,42.552860015550834,34.70915216330235,44.84705097394715
2026-09-28 06:00:00,EP152026(2),6,2026-09-28 18:00:00,0 days 12:00:00,12,17.61,-162.55,940.7,127.3,12.46607797623594,198.57300369756183,151.63019262532612,93.31227681012672,178.73764030979186,82.25935441246746,59.98009853353872,39.20345081019357,72.97076446424983,37.86960549431488,27.511180968172926,20.52654030113888,31.474646569708845
2026-09-28 06:00:00,EP152026(2),6,2026-09-29 00:00:00,0 days 18:00:00,18,18.48,-163.38,951.1,110.4,5.98692333772898,218.01553388412728,177.57103402021852,102.06108856461177,166.82711057042275,95.39646035337378,72.02336557302421,44.74608276556741,74.1372731036632,47.76392655660116,37.42934945881993,27.06313059241581,38.47554154895014
2026-09-28 06:00:00,EP152026(2),6,2026-09-29 06:00:00,1 days 00:00:00,24,19.69,-163.74,958.1,104.3,33.64525602762922,211.42886020576253,185.6603286206327,112.32036968040173,178.61996218751062,131.13366042340368,114.91889587821528,86.07953721553041,111.8350270997184,70.52329758586814,62.57264420070477,50.39110646373344,59.58221145539187
2026-09-28 06:00:00,EP152026(2),6,2026-09-29 12:00:00,1 days 06:00:00,30,20.76,-163.89,942.0,116.7,32.46166833410203,235.1903103139501,198.69137056336243,138.25633119982675,195.60822483364288,84.56222201557452,69.41254061220904,47.53482704776013,70.04856714047378,32.46166833410203,21.927414494985825,16.788517960011824,21.88345300375461
2026-09-28 06:00:00,EP152026(2),6,2026-09-29 18:00:00,1 days 12:00:00,36,21.9,-164.04,960.4,95.5,18.399541385483744,232.07371473699345,212.71045074910631,150.6442510270262,188.99346264925495,128.1463417919071,114.44495079029988,86.68071179150846,107.69060935054476,54.44136325979002,48.686691256870674,38.52835692300661,45.546628667834426
2026-09-28 06:00:00,EP152026(2),6,2026-09-30 00:00:00,1 days 18:00:00,42,22.9,-164.12,978.2,75.2,33.433158433001175,258.3927408641787,232.85928119287823,154.88388023815332,208.295435056055,156.42931934095554,147.71846405802165,119.0753768187774,130.3610193239059,72.88934985807656,71.28645615240215,57.99930846218629,62.661941949246646
2026-09-28 06:00:00,EP152026(2),6,2026-09-30 06:00:00,2 days 00:00:00,48,23.31,-164.12,977.3,64.8,41.66654326700293,323.4846406718113,291.30115450500153,217.81310975330143,256.09639229943537,201.11674291566013,191.4265821711507,158.7256460283478,173.68821695584697,112.68255794673638,108.5588232519034,90.07471889345987,97.31191881344016
2026-09-28 06:00:00,EP152026(2),6,2026-09-30 12:00:00,2 days 06:00:00,54,23.49,-164.42,979.3,68.7,72.12403517504018,283.2142795949362,241.90819730706292,202.89419088980287,256.66500737843023,167.66764608563977,149.69649470619913,116.64478199106333,142.52431320503644,72.12403517504018,36.2796555593181,27.710307222723504,34.78153446732797
2026-09-28 06:00:00,EP152026(2),6,2026-09-30 18:00:00,2 days 12:00:00,60,23.47,-164.69,974.4,78.1,45.04910038074575,177.4730208737286,148.47002817389733,129.65492039296947,159.26710920524812,45.04910038074575,36.78286966175084,28.405349871245143,38.15220013092179,45.04910038074575,0.5528630363222162,0.3780062191003668,1.148719983600376
2026-09-28 06:00:00,EP152026(2),6,2026-10-01 00:00:00,2 days 18:00:00,66,23.43,-164.97,978.6,56.2,23.329101642436804,189.2026583769405,173.66612641793927,146.86989800641956,174.55867987454164,23.329101642436804,13.821099524972848,10.815230183561074,12.335403181458062,0.0,0.0,0.0,0.0
2026-09-28 06:00:00,EP152026(2),6,2026-10-01 06:00:00,3 days 00:00:00,72,23.74,-165.46,990.2,53.4,81.31443221279744,243.8327703194849,195.41055239798905,161.16028591914244,208.99015434316584,89.11381644343317,77.42041618658726,56.90300140904583,74.13364352912066,0.0,0.0,0.0,0.0
2026-09-28 06:00:00,EP152026(2),6,2026-10-01 12:00:00,3 days 06:00:00,78,24.09,-166.44,986.7,55.4,69.98352161760079,251.63901649649063,190.7746826101061,151.87693714828848,213.614415178168,91.52135293429362,75.88832566733488,55.36961999157231,76.35473077425172,0.0,0.0,0.0,0.0
2026-09-28 06:00:00,EP152026(2),6,2026-10-01 18:00:00,3 days 12:00:00,84,24.11,-166.97,992.2,51.0,102.81754075351014,206.5158999563428,183.51688481820688,158.1365946457223,185.6396892426655,102.81754075351014,7.976551180805775,5.7737627997694805,9.709281133900443,0.0,0.0,0.0,0.0
2026-09-28 06:00:00,EP152026(2),6,2026-10-02 00:00:00,3 days 18:00:00,90,24.43,-167.27,989.4,53.1,70.66403289610025,96.53773886376804,76.24772752285571,51.70733242519054,77.20861597848125,1.2000744649271835,0.0,0.0,70.66403289610025,0.0,0.0,0.0,0.0
2026-09-28 06:00:00,EP152026(2),6,2026-10-02 06:00:00,4 days 00:00:00,96,24.61,-167.27,986.1,57.2,38.40122707081965,169.8408913505759,158.88065224890883,117.12508641167508,141.86569068843187,38.40122707081965,5.635864152444103,3.431562853944649,5.3608971760808375,0.0,0.0,0.0,0.0
2026-09-28 06:00:00,EP152026(2),6,2026-10-02 12:00:00,4 days 06:00:00,102,24.8,-167.56,993.9,50.5,52.955148114210445,243.425558202762,234.37224380095068,188.38027022465872,208.4254151735693,13.637239362469018,52.955148114210445,9.008068273837267,11.327340076745385,0.0,0.0,0.0,0.0
2026-09-28 06:00:00,EP152026(2),6,2026-10-02 18:00:00,4 days 12:00:00,108,24.91,-167.93,984.7,59.1,83.73696650876082,208.15930918337537,191.1024951575733,149.3284632444693,177.2701035383346,83.73696650876082,11.30096652748148,6.575227608036146,11.297385196981384,0.0,0.0,0.0,0.0
2026-09-28 06:00:00,EP152026(2),6,2026-10-03 00:00:00,4 days 18:00:00,114,25.1,-168.75,985.7,59.2,67.65534544970546,211.88417684583175,151.47955178582504,124.70314591418108,181.9104568452589,108.23677577226192,92.668010150665,69.18273163923786,91.27612226812148,0.0,0.0,0.0,0.0
2026-09-28 06:00:00,EP152026(2),6,2026-10-03 06:00:00,5 days 00:00:00,120,24.73,-169.47,983.7,64.9,26.243546075015445,271.1543055703109,218.81707883606745,187.49674611077523,253.6872717569996,99.71857604258076,81.61926331648864,64.84701989921743,85.58308115147189,26.243546075015445,1.3961395595138115,0.38110884050786,3.3146557192362813
2026-09-28 06:00:00,EP152026(2),6,2026-10-03 12:00:00,5 days 06:00:00,126,24.59,-171.08,992.5,53.7,30.28716918221432,288.03859811298264,219.0167596020971,170.620469728412,245.0194253258424,125.10506991292984,102.08996215485642,76.13133810652117,102.4048617104262,0.0,0.0,0.0,0.0
2026-09-28 06:00:00,EP152026(2),6,2026-10-03 18:00:00,5 days 12:00:00,132,24.59,-172.74,986.3,66.9,71.23260261207776,240.67667775914927,195.0689303043755,151.60390216661125,197.29730575900032,71.23260261207776,2.5506520244502147,0.0,71.23260261207776,0.2374193162085602,0.0,0.0,71.23260261207776
2026-09-28 06:00:00,EP152026(2),6,2026-10-04 00:00:00,5 days 18:00:00,138,24.84,-174.63,979.0,72.6,21.456236521088343,236.36122778371265,196.5829076345504,163.3626266925028,196.8592732719959,71.40785704434337,59.08431418598346,44.02218467357173,59.17312624658628,21.456236521088343,8.642489038289142,6.14041190218675,8.603747537230333
2026-09-28 06:00:00,EP152026(2),6,2026-10-04 06:00:00,6 days 00:00:00,144,25.22,-176.81,988.3,60.3,46.07494240844585,182.91879315675652,148.03776941966723,100.41486774652414,150.3660770340259,74.63950412110606,57.90252312872478,39.37372243931242,59.00759452950956,0.0,0.0,0.0,0.0
2026-09-28 06:00:00,EP152026(2),6,2026-10-04 12:00:00,6 days 06:00:00,150,25.26,-178.68,993.1,54.0,59.35784938029699,235.36776037581785,190.5315801831956,144.8209861383746,205.60950877633223,59.35784938029699,43.27620069430464,28.562425919429344,45.65929490286226,0.0,0.0,0.0,0.0
2026-09-28 06:00:00,EP152026(2),6,2026-10-04 18:00:00,6 days 12:00:00,156,25.66,-179.93,982.0,68.2,50.109354858534914,242.79175472265024,177.7175385250564,107.89008901095826,188.63050796770997,99.86462617421944,77.45318717454086,47.58385231228226,75.73123434853778,50.109354858534914,0.0,0.0,0.6413774857061085
2026-09-28 06:00:00,EP152026(2),6,2026-10-05 00:00:00,6 days 18:00:00,162,26.12,179.16,986.2,60.4,23.733096734263768,149.48805010727324,113.57003320588971,83.62821512203413,129.3549483230466,23.733096734263768,5.857986899896346,1.254950104401921,9.752494839646364,0.0,0.0,0.0,0.0
2026-09-28 06:00:00,EP152026(2),6,2026-10-05 06:00:00,7 days 00:00:00,168,26.89,177.81,985.1,61.6,13.473691555843924,219.31436995709367,180.2951819569753,135.9825537129833,179.5194621454478,92.2831785136076,77.86121868847044,54.33461259132959,74.00756792939437,0.0,0.0,0.0,0.0
2026-09-28 06:00:00,EP152026(2),6,2026-10-05 12:00:00,7 days 06:00:00,174,26.53,176.41,993.9,46.9,96.08174236555186,125.8759290859022,86.4119861614849,55.02114377142563,114.08965107663178,0.0,0.0,0.0,0.0,0.0,0.0,0.0,0.0
2026-09-28 06:00:00,EP152026(2),6,2026-10-05 18:00:00,7 days 12:00:00,180,26.5,175.36,996.6,44.5,67.3330466093326,91.40960695541489,83.94265719446135,59.347098128548765,83.03824946910851,0.0,0.0,0.0,0.0,0.0,0.0,0.0,0.0
2026-09-28 06:00:00,EP152026(2),6,2026-10-06 00:00:00,7 days 18:00:00,186,26.74,173.65,995.8,44.7,102.34390091589924,167.44673219815047,141.62917813503535,101.786385694636,140.29367692549675,0.0,0.0,0.0,0.0,0.0,0.0,0.0,0.0
2026-09-28 06:00:00,EP152026(2),6,2026-10-06 06:00:00,8 days 00:00:00,192,27.18,172.15,1002.1,38.9,112.4638271397412,221.6285605676037,187.58912789608027,152.11134137925615,187.73245609814165,0.0,0.0,0.0,0.0,0.0,0.0,0.0,0.0
2026-09-28 06:00:00,EP152026(2),6,2026-10-06 12:00:00,8 days 06:00:00,198,27.36,170.6,999.5,34.3,118.75389766585845,147.65697397436372,120.73244389482542,96.21875172572034,127.43242365487689,0.0,0.0,0.0,0.0,0.0,0.0,0.0,0.0
2026-09-28 06:00:00,EP152026(2),6,2026-10-06 18:00:00,8 days 12:00:00,204,27.62,169.01,999.4,41.6,78.25461027930487,78.25461027930487,28.06031825255161,10.836257476828736,29.686843412789045,0.0,0.0,0.0,0.0,0.0,0.0,0.0,0.0
2026-09-28 06:00:00,EP152026(2),6,2026-10-07 00:00:00,8 days 18:00:00,210,28.2,167.83,1005.0,31.8,140.56189918389305,0.0,0.0,0.0,0.0,0.0,0.0,0.0,0.0,0.0,0.0,0.0,0.0
2026-09-28 06:00:00,EP152026(2),6,2026-10-07 06:00:00,9 days 00:00:00,216,28.47,166.85,1006.4,28.9,48.74724843018272,0.0,0.0,0.0,0.0,0.0,0.0,0.0,0.0,0.0,0.0,0.0,0.0
2026-09-28 06:00:00,EP152026(2),6,2026-10-07 12:00:00,9 days 06:00:00,222,29.42,165.14,1007.3,22.3,100.87405751094552,0.0,0.0,0.0,0.0,0.0,0.0,0.0,0.0,0.0,0.0,0.0,0.0
2026-09-28 06:00:00,EP152026(2),6,2026-10-07 18:00:00,9 days 12:00:00,228,30.39,164.5,1009.5,21.5,109.7080152809244,0.0,0.0,0.0,0.0,0.0,0.0,0.0,0.0,0.0,0.0,0.0,0.0
2026-09-28 06:00:00,EP152026(2),6,2026-10-08 00:00:00,9 days 18:00:00,234,31.19,164.76,1008.5,19.9,112.14817683089586,0.0,0.0,0.0,0.0,0.0,0.0,0.0,0.0,0.0,0.0,0.0,0.0
2026-09-28 06:00:00,EP152026(2),6,2026-10-08 06:00:00,10 days 00:00:00,240,31.73,165.06,1010.9,17.7,123.74419407666016,0.0,0.0,0.0,0.0,0.0,0.0,0.0,0.0,0.0,0.0,0.0,0.0
2026-09-28 06:00:00,EP172026,6,2026-09-28 06:00:00,0 days 00:00:00,0,23.2,-114.0,955.0,105.0,28.0,167.0,148.0,148.0,148.0,102.0,93.0,83.0,83.0,65.0,65.0,65.0,65.0
2026-09-28 06:00:00,EP172026,6,2026-09-28 12:00:00,0 days 06:00:00,6,23.69,-113.82,969.0,84.1,13.105606335946,128.91086335777413,147.10165002752436,94.80810617643476,95.98343622375484,55.47328003247344,52.00707982496252,35.271178656282856,40.55236188139414,31.750431078959984,29.20362515857073,22.338769375251776,26.415956369485137
2026-09-28 06:00:00,EP172026,6,2026-09-28 18:00:00,0 days 12:00:00,12,24.47,-113.62,966.4,88.5,22.108578792576782,197.7279654585291,206.178544803022,134.5271309602163,126.1622508981264,51.20809993822634,46.81461861385931,28.799926788305186,36.56380851545446,22.108578792576782,2.550093961188696,0.0,1.2200725051960246
2026-09-28 06:00:00,EP172026,6,2026-09-29 00:00:00,0 days 18:00:00,18,25.5,-113.05,979.8,68.5,23.55753154993181,97.33365444599984,106.8699988844237,67.81287659049121,62.71595058220919,57.16384789834774,54.48659926561959,40.90326610014836,45.99755174663187,11.47758207939205,23.55753154993181,8.281575924338995,9.39306290335162
2026-09-28 06:00:00,EP172026,6,2026-09-29 06:00:00,1 days 00:00:00,24,26.14,-112.11,987.7,48.8,5.439134418510209,154.85062493754756,148.98186693856363,108.3379441178598,111.3662781304646,0.0,0.0,0.0,0.0,0.0,0.0,0.0,0.0
2026-09-28 06:00:00,EP172026,6,2026-09-29 12:00:00,1 days 06:00:00,30,27.02,-111.58,988.1,45.0,31.593965552011937,68.79733247113941,78.50593596773275,50.45567238620042,59.10482043199272,0.0,0.0,0.0,0.0,0.0,0.0,0.0,0.0
2026-09-28 06:00:00,EP172026,6,2026-09-29 18:00:00,1 days 12:00:00,36,28.86,-110.41,988.9,36.5,75.00207076295692,75.00207076295692,0.0,0.0,0.0,0.0,0.0,0.0,0.0,0.0,0.0,0.0,0.0
2026-09-28 06:00:00,EP172026,6,2026-09-30 00:00:00,1 days 18:00:00,42,31.53,-107.07,1001.9,39.1,34.96672992625826,77.42833925422947,54.15589095697218,32.41996612806715,63.568426954527375,0.0,0.0,0.0,0.0,0.0,0.0,0.0,0.0
2026-09-28 06:00:00,EP182026,6,2026-09-28 06:00:00,0 days 00:00:00,0,13.2,-100.0,1001.0,41.0,93.0,222.0,185.0,148.0,222.0,0.0,0.0,0.0,0.0,0.0,0.0,0.0,0.0
2026-09-28 06:00:00,EP182026,6,2026-09-28 12:00:00,0 days 06:00:00,6,13.13,-100.5,998.4,48.2,24.16360839402177,162.5678669490447,149.1098537876826,115.6744786409894,147.88571368792816,0.0,0.0,0.0,0.0,0.0,0.0,0.0,0.0
2026-09-28 06:00:00,EP182026,6,2026-09-28 18:00:00,0 days 12:00:00,12,13.79,-101.72,992.7,54.3,53.56492263275197,126.86724252417582,107.04213066852242,83.74312935641296,103.42237841467636,53.56492263275197,1.744512540109298,0.0,0.8782821150364128,0.0,0.0,0.0,0.0
2026-09-28 06:00:00,EP182026,6,2026-09-29 00:00:00,0 days 18:00:00,18,14.33,-102.72,992.5,58.2,55.01494552802682,113.27470189328506,82.29918100680827,48.48280619283936,92.67111564035515,55.01494552802682,22.41796300152428,13.53973415229394,23.19679884273655,0.0,0.0,0.0,0.0
2026-09-28 06:00:00,EP182026,6,2026-09-29 06:00:00,1 days 00:00:00,24,14.89,-103.51,989.7,57.3,28.992526562989497,182.87488454710729,153.18109315009315,117.65859609953986,160.6801162196807,54.0848175914839,42.03781685001786,27.2144287261558,43.77359861819082,0.0,0.0,0.0,0.0
2026-09-28 06:00:00,EP182026,6,2026-09-29 12:00:00,1 days 06:00:00,30,15.65,-104.7,989.2,69.3,13.322114943896622,161.330088837959,128.48471899245214,103.6304441047332,126.25942796949904,39.36959761652224,30.356976574808076,20.005395033368416,29.959432431445407,13.322114943896622,0.0,0.0,0.3813989257076358
2026-09-28 06:00:00,EP182026,6,2026-09-29 18:00:00,1 days 12:00:00,36,16.06,-105.85,987.9,63.6,27.52786838066561,179.76905782553473,146.11301232138038,118.29533541641678,148.5820213200077,47.45875199684511,37.7824413626395,26.445773966132023,37.59621149989725,0.0,0.0,0.0,0.0
2026-09-28 06:00:00,EP182026,6,2026-09-30 00:00:00,1 days 18:00:00,42,16.33,-106.48,968.8,86.9,31.10048993534929,210.3573031907876,193.71580175568303,153.9831245887691,187.45383708850835,89.39446736569829,76.37866522018103,60.09269232222295,75.64175163856046,37.83710285463282,34.619178695703155,27.396847140744207,33.62832064188983
2026-09-28 06:00:00,EP182026,6,2026-09-30 06:00:00,2 days 00:00:00,48,16.96,-107.07,973.8,86.2,31.80029282230379,204.6673830559241,188.3739219343836,147.02324451403842,173.78669691081768,110.0624604596312,98.93995920306452,81.13220908579785,94.67777375681192,52.63838405153683,49.32066082345574,40.84731505411253,46.27637196751459
2026-09-28 06:00:00,EP182026,6,2026-09-30 12:00:00,2 days 06:00:00,54,17.56,-107.82,976.2,79.9,28.960835017344127,191.72470999906693,173.6388180981727,127.62025570873156,150.62352643018514,82.95283111821922,76.37733524054579,57.07216650443437,67.44026992053884,28.960835017344127,26.506562458644662,20.700644510591843,23.659657173228997
2026-09-28 06:00:00,EP182026,6,2026-09-30 18:00:00,2 days 12:00:00,60,18.34,-108.21,969.2,83.0,44.88045527657016,280.4122958996673,249.3304575794144,170.2054217934974,220.61768422089733,104.32266542429797,89.76543946451099,63.11478666254923,85.11771180747922,44.88045527657016,32.21778269829627,23.669994258661585,30.186545993535344
2026-09-28 06:00:00,EP182026,6,2026-10-01 00:00:00,2 days 18:00:00,66,18.76,-108.75,954.6,98.1,25.731181817325684,239.10843451343044,193.2277348586388,132.85163909962856,202.70931368444852,100.22035052223134,82.56696174247493,62.14242811388112,85.03752237496275,49.25809434410657,44.01184301631488,35.162074065370994,42.66785757076785
2026-09-28 06:00:00,EP182026,6,2026-10-01 06:00:00,3 days 00:00:00,72,18.75,-108.96,969.7,94.0,12.46817388621148,165.14715971928072,152.75657820701565,142.43991459990707,159.41853934238722,84.44421795825252,77.09306268898919,65.49039837273125,78.72189617808107,48.39890234389436,45.570102099422144,37.84135240348287,43.94163713658311
2026-09-28 06:00:00,EP182026,6,2026-10-01 12:00:00,3 days 06:00:00,78,18.61,-109.4,964.8,91.0,31.633344190172124,160.43990210152833,149.4279353347847,148.87347308201333,164.24010070246732,88.95220520215798,80.11763283553682,70.98302057067599,83.15233074574462,44.12102510659918,41.10600125312965,35.16267089293649,39.2422913000778
2026-09-28 06:00:00,EP182026,6,2026-10-01 18:00:00,3 days 12:00:00,84,18.71,-109.63,977.4,81.0,24.91524802822621,141.02041431497196,143.862668208781,166.69824865869944,146.03253269014624,85.93050818317151,84.63630288428391,82.20923129803327,84.64346649632891,39.763935848327264,40.3634325352192,36.8478961000444,36.19705125017852
2026-09-28 06:00:00,EP182026,6,2026-10-02 00:00:00,3 days 18:00:00,90,18.89,-109.71,973.7,72.7,10.233956494416816,174.10162488143942,168.3107137533134,155.29650322848465,138.8706829702969,66.33655659081433,61.79682422037786,52.899056412753,57.34879200447722,21.78652873114015,21.7892746574812,18.41579577025709,19.26336867580153
2026-09-28 06:00:00,EP182026,6,2026-10-02 06:00:00,4 days 00:00:00,96,18.75,-109.62,977.5,70.8,10.272080989905303,110.61915578869552,115.70775095145146,119.07791532990632,98.51841434699168,61.41866829614565,62.30205465160266,51.81778324561689,54.5511793169696,19.63071379145129,20.26076879106561,18.01898837441651,17.74410344145135
2026-09-28 06:00:00,EP182026,6,2026-10-02 12:00:00,4 days 06:00:00,102,18.94,-109.58,982.4,64.7,13.213370892710394,150.63576795304166,161.78442394673883,145.74989383243246,125.69952541240978,82.66370306906953,82.08343253468004,67.43482249901133,68.78239466577472,16.61980814134577,18.055038249815027,15.623188483928132,14.784600957931788
2026-09-28 06:00:00,EP182026,6,2026-10-02 18:00:00,4 days 12:00:00,108,18.75,-109.77,986.6,60.2,49.56697953200663,137.2358432155021,122.58198772180742,120.6529448682658,124.91777371491564,61.49681589130968,56.76632903131468,45.92013008182076,53.88543639484388,0.0,0.0,0.0,0.0
2026-09-28 06:00:00,EP182026,6,2026-10-03 00:00:00,4 days 18:00:00,114,18.67,-109.33,982.8,70.2,34.58738955169952,109.72215560468338,131.20844851817898,121.29379928057068,98.45111428350376,45.46137184768253,47.42926635942339,36.01657241625313,35.94843616959912,0.7150090516402082,1.949972407085008,34.58738955169952,0.1585896203153846
2026-09-28 06:00:00,EP182026,6,2026-10-03 06:00:00,5 days 00:00:00,120,18.37,-109.48,965.3,86.0,22.751502862998905,166.76989579866324,156.9794823683808,168.25881895733696,166.1046644894811,81.86839247966722,79.62948870664013,75.44385610923787,73.36525652148453,40.90950505712832,39.426056789940766,36.952257884868565,36.548613106996434
2026-09-28 06:00:00,EP182026,6,2026-10-03 12:00:00,5 days 06:00:00,126,18.29,-109.22,984.6,66.7,25.021634752642893,188.2913191618628,186.47284020023096,162.77033103800355,182.2444841904263,114.65753257198575,109.64721862226024,91.80819595706544,97.35284102680237,40.99691342277605,40.160082430006135,32.810209769394234,35.72260727330033
2026-09-28 06:00:00,EP182026,6,2026-10-03 18:00:00,5 days 12:00:00,132,18.47,-109.03,985.3,64.4,63.27435136002711,155.11920299655154,160.3257372341139,134.1523559486002,122.82542481045306,93.04600641159934,90.22462587264695,70.99897240001106,78.20014273318756,63.27435136002711,30.628699657639856,24.755129823829265,26.506160243928875
2026-09-28 06:00:00,EP182026,6,2026-10-04 00:00:00,5 days 18:00:00,138,18.76,-108.82,975.8,73.7,35.177815111731604,155.286140902944,168.65338133460068,153.4434822565663,136.35314217984933,104.98201798559649,107.08345684857682,94.85707153908628,92.74696120636575,55.36732476547678,55.2188332509582,47.89823470436244,48.07782303076328
2026-09-28 06:00:00,EP182026,6,2026-10-04 06:00:00,6 days 00:00:00,144,18.72,-108.86,982.2,68.4,38.36204883103892,191.85142121392343,170.74778022112514,139.41909237483924,165.4805568604461,77.8024424335058,70.11607075535994,53.76532700561029,66.97071143486846,38.36204883103892,8.981521686363749,6.978075100879778,8.30480291953387
2026-09-28 06:00:00,EP182026,6,2026-10-04 12:00:00,6 days 06:00:00,150,18.72,-109.07,976.0,74.7,28.770620571603622,145.44854960525987,123.26490832252088,124.84741539697882,136.08345648245955,82.15148778253901,75.13488856418692,61.48915818469273,72.58083681557946,28.770620571603622,24.707676471381767,20.57487445453998,23.708678754898564
2026-09-28 06:00:00,EP182026,6,2026-10-04 18:00:00,6 days 12:00:00,156,18.77,-109.43,935.7,128.0,47.49586254827607,121.46815369969806,144.78343813840257,164.693350293575,152.56887358334012,115.54542637916114,113.12918171624295,112.03349189667796,114.98928536383497,81.98453516885371,78.39108426503569,68.5551361511614,74.5652900559663
2026-09-28 06:00:00,EP182026,6,2026-10-05 00:00:00,6 days 18:00:00,162,18.78,-110.13,973.6,74.6,13.6016601734554,207.8374131278473,182.70681494492956,151.38960017729914,181.8584435366133,104.53539697430269,90.57029236059331,71.85784678410499,88.14650067126365,27.122183713279384,24.13860295866027,19.839518409743427,23.517945705913675
2026-09-28 06:00:00,EP182026,6,2026-10-05 06:00:00,7 days 00:00:00,168,18.89,-110.68,977.0,77.2,32.71348380879351,195.3019122651911,172.37575460734695,162.0883433977715,188.6944700332892,60.37545161327904,53.31197551999621,43.35520147631648,55.10547176957984,32.71348380879351,10.211612891518785,9.087124429184655,10.308156358803966
2026-09-28 06:00:00,EP182026,6,2026-10-05 12:00:00,7 days 06:00:00,174,18.74,-110.99,978.5,71.0,50.93829329717995,267.29510408643483,229.88164430065547,214.8325975786709,256.6507412360133,159.29910552363452,144.9338175828451,125.03597559362278,145.33354769519434,81.43191963325636,76.1762365971521,62.87392796562005,71.81960647429784
2026-09-28 06:00:00,EP182026,6,2026-10-05 18:00:00,7 days 12:00:00,180,19.18,-111.85,968.9,81.3,40.71039197567438,155.50816163937014,140.37943019594246,101.17639160622429,129.01159487039064,75.51649396892789,65.0808546588182,47.30541702989019,62.04474892243097,40.71039197567438,13.783775952026204,10.411650159778056,12.861604717329383
2026-09-28 06:00:00,EP182026,6,2026-10-06 00:00:00,7 days 18:00:00,186,19.31,-112.66,978.7,73.5,41.03852114914719,200.9875595963284,157.52977452084212,119.24371215373672,163.28303437099197,97.96015376677236,78.30472645514672,55.136600260649566,77.42137649264211,41.03852114914719,17.13798398204441,11.94226034305005,18.41901193012445
2026-09-28 06:00:00,EP182026,6,2026-10-06 06:00:00,8 days 00:00:00,192,19.32,-113.92,970.6,86.0,39.874745004766055,188.2929634079437,151.85561174861505,128.55009405332248,161.55143027990744,94.531905876971,79.23160762163161,62.94877325881771,83.56261189557563,42.26915828092433,37.90489391709025,30.675761411922508,36.9212629251042
2026-09-28 06:00:00,EP182026,6,2026-10-06 12:00:00,8 days 06:00:00,198,19.66,-114.58,964.4,85.9,56.62253925588521,237.9693109555649,178.06002939940672,148.5391476615961,195.2101676107373,125.00946438516726,105.5614868932588,83.76599861222375,107.57469539490738,62.76160759811683,56.69802719170737,46.70250289862783,55.09279168471024
2026-09-28 06:00:00,EP182026,6,2026-10-06 18:00:00,8 days 12:00:00,204,20.24,-115.86,974.6,85.8,37.02925236872548,231.3935238381632,181.9166306268164,145.64949248082905,189.2667463129731,102.73129712486543,85.57989864061221,64.48116532645237,85.36164074352766,37.02925236872548,27.5612341139832,21.27241639563266,25.78757308998879
2026-09-28 06:00:00,EP182026,6,2026-10-07 00:00:00,8 days 18:00:00,210,20.42,-117.09,975.4,81.4,41.42656210092173,193.51351402793807,147.20536367605382,106.66281389755386,167.21773130170914,92.74477405241488,76.80573322477358,59.68947729114552,80.26213440206266,41.42656210092173,27.49089064413965,21.958395435870443,27.093385629018485
2026-09-28 06:00:00,EP182026,6,2026-10-07 06:00:00,9 days 00:00:00,216,20.47,-118.57,972.0,85.8,14.798966528506307,180.4310889211416,143.12043648713046,111.0056253418836,164.91368784883616,76.92110663220785,62.16765885160999,49.49706833674307,65.98902431589022,33.04646010730124,28.31355212202009,22.754348514245777,28.465948634686224
2026-09-28 06:00:00,EP182026,6,2026-10-07 12:00:00,9 days 06:00:00,222,20.62,-119.71,963.3,91.4,29.986240009710016,165.96450818839472,122.57252834513798,112.768900080124,150.1810287759792,89.40114529435238,70.11364996896722,55.30542247835396,77.83069859902523,44.4341316915291,36.838141085519226,30.2675944804358,38.383341859659744
2026-09-28 06:00:00,EP182026,6,2026-10-07 18:00:00,9 days 12:00:00,228,20.95,-121.05,975.6,79.4,13.519051558580394,179.5724044722639,141.98510337321943,118.2734899506912,169.68906835271048,81.46337232065075,65.83547990090727,52.066303243259,69.58842515375588,30.00586687797509,25.637879266898075,20.05469580954455,26.17303102320118
2026-09-28 06:00:00,EP182026,6,2026-10-08 00:00:00,9 days 18:00:00,234,20.96,-122.3,972.7,78.8,53.99991617976043,181.4562300482696,138.38236981960694,116.66134551246488,162.89008964938955,95.8314630159467,75.05558653703872,57.953174642414645,81.7533947379938,53.99991617976043,35.91755152894313,28.7269060724032,37.20979022396751
2026-09-28 06:00:00,EP182026,6,2026-10-08 06:00:00,10 days 00:00:00,240,20.82,-123.63,987.4,62.9,64.66795399802419,203.7887054584028,159.9715068523367,128.5245528656144,180.08499627367928,113.26366931212168,95.20855641653986,72.70139039801347,95.95617710286535,0.0,0.0,0.0,0.0
2026-09-28 06:00:00,EP182026,6,2026-10-08 12:00:00,10 days 06:00:00,246,20.93,-125.0,986.0,63.0,39.35603698769104,212.61384670311503,167.52057886451564,142.77655033305456,192.4738305699172,96.40601081684817,83.50585852913359,65.52322923848789,83.85751235743925,0.0,0.0,0.0,0.0
2026-09-28 06:00:00,EP182026,6,2026-10-08 18:00:00,10 days 12:00:00,252,20.63,-125.89,997.4,48.2,56.46128779036417,120.74860067415474,88.46831182569964,58.69023914062864,115.0223855235908,0.0,0.0,0.0,0.0,0.0,0.0,0.0,0.0
2026-09-28 06:00:00,EP182026,6,2026-10-09 00:00:00,10 days 18:00:00,258,20.47,-126.85,993.9,52.4,38.81835067845434,134.66635301232878,98.28254281860828,82.76044937801856,117.80033147024236,38.81835067845434,21.97727245403362,14.463991631247836,23.6578838718566,0.0,0.0,0.0,0.0
2026-09-28 06:00:00,EP182026,6,2026-10-09 06:00:00,11 days 00:00:00,264,20.26,-127.54,990.2,54.7,42.28138928787169,221.88917814631336,181.29606778818788,147.42306569770017,206.4729323820104,49.48651550674344,38.92111281430873,27.77151219914252,41.35216758594788,0.0,0.0,0.0,0.0
2026-09-28 06:00:00,EP182026,6,2026-10-09 12:00:00,11 days 06:00:00,270,20.45,-128.37,1000.1,45.9,79.8027982377472,137.58323798236952,110.9747626904229,83.77660112173318,113.98069391190836,0.0,0.0,0.0,0.0,0.0,0.0,0.0,0.0
2026-09-28 06:00:00,EP182026,6,2026-10-09 18:00:00,11 days 12:00:00,276,20.74,-128.96,996.5,37.0,59.05563686243445,124.0552767273782,98.42520059578209,77.11947492939734,103.18060296536208,0.0,0.0,0.0,0.0,0.0,0.0,0.0,0.0
2026-09-28 06:00:00,EP182026,6,2026-10-10 00:00:00,11 days 18:00:00,282,21.14,-129.5,995.8,39.8,54.62468505505131,54.62468505505131,26.53368460849132,10.864353079826357,25.891376323244856,0.0,0.0,0.0,0.0,0.0,0.0,0.0,0.0
2026-09-28 06:00:00,EP182026,6,2026-10-10 06:00:00,12 days 00:00:00,288,21.31,-129.72,996.5,43.5,114.07794390853618,220.6003656741443,213.1556343903071,164.6721805267373,179.97605169461724,0.0,0.0,0.0,0.0,0.0,0.0,0.0,0.0
2026-09-28 06:00:00,EP182026,6,2026-10-10 12:00:00,12 days 06:00:00,294,21.83,-129.8,994.8,44.4,74.71885820046204,113.38580968565896,103.7922901381197,67.87537323184829,82.52591634081266,0.0,0.0,0.0,0.0,0.0,0.0,0.0,0.0
2026-09-28 06:00:00,EP182026,6,2026-10-10 18:00:00,12 days 12:00:00,300,22.27,-129.52,992.0,52.2,43.12896892076063,177.46994245296864,165.08857558180543,126.22760954675444,139.08337587262332,45.8746602823404,41.83507963053434,26.8626708382,34.97770330010937,0.0,0.0,0.0,0.0
2026-09-28 06:00:00,EP182026,6,2026-10-11 00:00:00,12 days 18:00:00,306,22.47,-129.23,990.3,48.9,129.5021964053276,238.98433303035745,240.39446111530012,205.2922036359705,198.09983421444483,0.0,0.0,0.0,0.0,0.0,0.0,0.0,0.0
2026-09-28 06:00:00,EP182026,6,2026-10-11 06:00:00,13 days 00:00:00,312,22.77,-128.5,998.2,41.1,122.5466725234154,175.36487493083206,169.25627704475926,136.79121395396987,140.57817090850585,0.0,0.0,0.0,0.0,0.0,0.0,0.0,0.0
2026-09-28 06:00:00,EP182026,6,2026-10-11 12:00:00,13 days 06:00:00,318,23.13,-128.15,992.8,48.2,73.96233281600414,219.3971849572017,228.66526113212416,186.53218643459377,184.22663632584693,0.0,0.0,0.0,0.0,0.0,0.0,0.0,0.0
2026-09-28 06:00:00,EP182026,6,2026-10-11 18:00:00,13 days 12:00:00,324,23.59,-127.53,995.2,37.5,82.33649226359319,5.838849125899316,82.33649226359319,6.755017238709956,2.589929511826361,0.0,0.0,0.0,0.0,0.0,0.0,0.0,0.0
2026-09-28 06:00:00,EP182026,6,2026-10-12 00:00:00,13 days 18:00:00,330,23.79,-127.14,1001.0,37.3,132.1003655124926,188.35280260291512,185.72513836022037,155.5368337161478,155.54926485696586,0.0,0.0,0.0,0.0,0.0,0.0,0.0,0.0
2026-09-28 06:00:00,EP182026,6,2026-10-12 06:00:00,14 days 00:00:00,336,24.12,-126.89,1000.7,35.9,130.6004517390798,125.8884354233276,130.6004517390798,106.233510426726,105.73018719552697,0.0,0.0,0.0,0.0,0.0,0.0,0.0,0.0
2026-09-28 06:00:00,EP182026,6,2026-10-12 12:00:00,14 days 06:00:00,342,24.26,-126.73,999.9,31.2,100.73663233592944,0.0,0.0,0.0,0.0,0.0,0.0,0.0,0.0,0.0,0.0,0.0,0.0
2026-09-28 06:00:00,EP182026,6,2026-10-12 18:00:00,14 days 12:00:00,348,24.5,-126.62,1001.2,30.6,64.34610029139304,0.0,0.0,0.0,0.0,0.0,0.0,0.0,0.0,0.0,0.0,0.0,0.0
2026-09-28 06:00:00,EP182026,6,2026-10-13 00:00:00,14 days 18:00:00,354,24.45,-126.39,1006.4,21.7,130.58829473615842,0.0,0.0,0.0,0.0,0.0,0.0,0.0,0.0,0.0,0.0,0.0,0.0
2026-09-28 06:00:00,EP912026(3),6,2026-09-28 06:00:00,0 days 00:00:00,0,12.7,-136.6,1005.0,29.0,93.0,0.0,0.0,0.0,0.0,0.0,0.0,0.0,0.0,0.0,0.0,0.0,0.0
2026-09-28 06:00:00,WP252026,6,2026-09-28 06:00:00,0 days 00:00:00,0,27.5,131.6,954.0,99.0,9.0,148.0,158.0,148.0,121.0,,,,,,,,
2026-09-28 06:00:00,WP252026,6,2026-09-28 12:00:00,0 days 06:00:00,6,27.43,132.7,984.9,55.7,31.105614042988364,56.285155838472704,93.41677780361698,80.2940113670607,41.93444208734768,0.0,31.105614042988364,2.012188142407682,0.0,0.0,0.0,0.0,0.0
2026-09-28 06:00:00,WP252026,6,2026-09-28 18:00:00,0 days 12:00:00,12,28.17,133.29,994.6,47.9,61.45480251073408,122.55220385093573,127.23613758732712,101.0685815335694,96.28047449974748,0.0,0.0,0.0,0.0,0.0,0.0,0.0,0.0
2026-09-28 06:00:00,WP252026,6,2026-09-29 00:00:00,0 days 18:00:00,18,28.22,133.73,997.0,39.8,65.02674498280447,44.59231078697106,65.02674498280447,41.42897986028905,39.56906226510444,0.0,0.0,0.0,0.0,0.0,0.0,0.0,0.0
2026-09-28 06:00:00,WP252026,6,2026-09-29 06:00:00,1 days 00:00:00,24,28.81,134.83,997.4,40.0,71.56584575607793,190.52589268396991,200.55495986010183,181.721689026914,161.56580766045874,0.0,0.0,0.0,0.0,0.0,0.0,0.0,0.0
2026-09-28 06:00:00,WP252026,6,2026-09-29 12:00:00,1 days 06:00:00,30,29.03,135.8,995.7,36.7,120.6764969967727,71.79687895210236,120.6764969967727,60.7121001078508,60.84043789416069,0.0,0.0,0.0,0.0,0.0,0.0,0.0,0.0
2026-09-28 06:00:00,WP252026,6,2026-09-29 18:00:00,1 days 12:00:00,36,29.36,136.55,988.4,46.2,102.87434748951516,39.97331607290438,102.87434748951516,26.85314868700513,33.72572136032392,0.0,0.0,0.0,0.0,0.0,0.0,0.0,0.0
2026-09-28 06:00:00,WP252026,6,2026-09-30 00:00:00,1 days 18:00:00,42,29.98,137.33,1002.4,31.0,77.99882819286353,0.0,0.0,0.0,0.0,0.0,0.0,0.0,0.0,0.0,0.0,0.0,0.0
2026-09-28 06:00:00,WP252026,6,2026-09-30 06:00:00,2 days 00:00:00,48,30.44,138.2,1002.3,30.3,65.31821233477868,0.0,0.0,0.0,0.0,0.0,0.0,0.0,0.0,0.0,0.0,0.0,0.0
2026-09-28 06:00:00,WP252026,6,2026-09-30 12:00:00,2 days 06:00:00,54,31.26,138.75,1002.6,28.0,132.1404033505168,0.0,0.0,0.0,0.0,0.0,0.0,0.0,0.0,0.0,0.0,0.0,0.0
2026-09-28 06:00:00,WP252026,6,2026-09-30 18:00:00,2 days 12:00:00,60,32.36,139.42,995.0,36.0,112.85912313942046,1.4227334409154366,112.85912313942046,0.0,1.7855731551741485,0.0,0.0,0.0,0.0,0.0,0.0,0.0,0.0
2026-09-28 06:00:00,WP252026,6,2026-10-01 00:00:00,2 days 18:00:00,66,33.88,140.62,997.4,36.9,52.684496776119616,1.4243051084880634,52.684496776119616,0.0,0.0,0.0,0.0,0.0,0.0,0.0,0.0,0.0,0.0
2026-09-28 06:00:00,WP252026,6,2026-10-01 06:00:00,3 days 00:00:00,72,34.66,142.66,997.8,37.8,64.38380045381447,108.74508086640924,118.58391106122292,86.59737123064275,82.47371206289519,0.0,0.0,0.0,0.0,0.0,0.0,0.0,0.0
2026-09-28 06:00:00,WP252026,6,2026-10-01 12:00:00,3 days 06:00:00,78,37.29,145.06,997.9,33.3,89.29181607683677,0.0,0.0,0.0,0.0,0.0,0.0,0.0,0.0,0.0,0.0,0.0,0.0
2026-09-28 06:00:00,WP922026(4),6,2026-09-28 06:00:00,0 days 00:00:00,0,16.4,97.6,1001.0,29.0,64.0,0.0,0.0,0.0,0.0,0.0,0.0,0.0,0.0,0.0,0.0,0.0,0.0
2026-09-28 06:00:00,WP922026(4),6,2026-09-28 12:00:00,0 days 06:00:00,6,17.48,97.22,1004.7,22.0,66.53980951652376,0.0,0.0,0.0,0.0,0.0,0.0,0.0,0.0,0.0,0.0,0.0,0.0
2026-09-28 06:00:00,WP922026(4),6,2026-09-28 18:00:00,0 days 12:00:00,12,18.43,96.47,1003.4,22.9,94.4714714588041,0.0,0.0,0.0,0.0,0.0,0.0,0.0,0.0,0.0,0.0,0.0,0.0
2026-09-28 06:00:00,17,7,2026-10-06 00:00:00,7 days 18:00:00,186,13.18,-95.19,1009.4,28.6,57.23818060658024,0.0,0.0,0.0,0.0,0.0,0.0,0.0,0.0,0.0,0.0,0.0,0.0
2026-09-28 06:00:00,17,7,2026-10-06 06:00:00,8 days 00:00:00,192,13.13,-96.06,1004.8,29.1,66.75630758609577,0.0,0.0,0.0,0.0,0.0,0.0,0.0,0.0,0.0,0.0,0.0,0.0
2026-09-28 06:00:00,17,7,2026-10-06 12:00:00,8 days 06:00:00,198,13.19,-96.99,1003.5,28.7,56.62552799485451,0.0,0.0,0.0,0.0,0.0,0.0,0.0,0.0,0.0,0.0,0.0,0.0
2026-09-28 06:00:00,17,7,2026-10-06 18:00:00,8 days 12:00:00,204,12.88,-97.78,1003.7,31.9,69.14893525597236,0.0,0.0,0.0,0.0,0.0,0.0,0.0,0.0,0.0,0.0,0.0,0.0
2026-09-28 06:00:00,17,7,2026-10-07 00:00:00,8 days 18:00:00,210,12.67,-97.98,1004.1,35.2,48.5106906676418,49.49315162491861,44.20182597798399,23.769742027663572,38.98659763915427,0.0,0.0,0.0,0.0,0.0,0.0,0.0,0.0
2026-09-28 06:00:00,17,7,2026-10-07 06:00:00,9 days 00:00:00,216,12.52,-98.57,1002.9,38.9,38.72248851040649,38.72248851040649,31.731264000990024,13.72433534011764,27.263719794653117,0.0,0.0,0.0,0.0,0.0,0.0,0.0,0.0
2026-09-28 06:00:00,17,7,2026-10-07 12:00:00,9 days 06:00:00,222,12.42,-98.87,1002.7,33.0,80.40501471843763,0.0,0.0,0.0,0.0,0.0,0.0,0.0,0.0,0.0,0.0,0.0,0.0
2026-09-28 06:00:00,17,7,2026-10-07 18:00:00,9 days 12:00:00,228,12.55,-99.37,1004.5,39.1,74.63219944436368,74.63219944436368,33.85219466876818,19.96041299645084,37.26289590583264,0.0,0.0,0.0,0.0,0.0,0.0,0.0,0.0
2026-09-28 06:00:00,17,7,2026-10-08 00:00:00,9 days 18:00:00,234,12.66,-99.79,1001.8,38.1,84.73182475187895,0.2105567311823932,0.0,0.0,84.73182475187895,0.0,0.0,0.0,0.0,0.0,0.0,0.0,0.0
2026-09-28 06:00:00,17,7,2026-10-08 06:00:00,10 days 00:00:00,240,13.0,-100.12,994.4,49.3,49.34630447024367,76.48032676062996,67.56584737438959,45.148609005847646,62.41315465984982,0.0,0.0,0.0,0.0,0.0,0.0,0.0,0.0
2026-09-28 06:00:00,17,7,2026-10-08 12:00:00,10 days 06:00:00,246,13.13,-100.6,993.7,55.3,43.21579020524291,50.61760338184058,49.024818527075766,41.17329508590564,46.22847338437256,0.0,43.21579020524291,0.7359951388340691,0.2610077473230725,0.0,0.0,0.0,0.0
2026-09-28 06:00:00,17,7,2026-10-08 18:00:00,10 days 12:00:00,252,13.51,-100.9,994.8,54.1,14.339264250505288,87.04845064284272,87.29807838478247,90.08783159064237,80.55603777231211,14.339264250505288,2.98184076340665,1.099100701054808,2.725470181733077,0.0,0.0,0.0,0.0
2026-09-28 06:00:00,17,7,2026-10-09 00:00:00,10 days 18:00:00,258,13.59,-101.32,986.6,68.6,19.78781091495493,89.28774692382899,90.53411909959944,86.15807650158368,82.32272680185747,40.22347080383011,33.34101680077903,22.99350984651512,34.92341371520058,19.78781091495493,12.017640520155886,9.1089543617033,10.93006492654962
2026-09-28 06:00:00,17,7,2026-10-09 06:00:00,11 days 00:00:00,264,13.74,-101.56,989.1,57.5,17.682196936373348,120.62912154701306,101.35825197037852,93.2943948773827,112.5750220054545,28.957877399309996,23.586522990909423,14.377673796986782,20.917653551929615,0.0,0.0,0.0,0.0
2026-09-28 06:00:00,17,7,2026-10-09 12:00:00,11 days 06:00:00,270,14.31,-101.88,993.0,59.7,23.727427298964585,121.58034985167144,119.80764691428163,84.57936604301766,98.25596246566371,27.03711632998952,18.632069419581,8.150399189668548,19.0151682374408,0.0,0.0,0.0,0.0
2026-09-28 06:00:00,17,7,2026-10-09 18:00:00,11 days 12:00:00,276,14.6,-102.57,977.9,74.1,30.047779074117138,139.23504446754862,115.29491619483986,73.8616930086614,116.07241192786216,46.812928912868976,32.883927941839005,17.414767546543715,34.237339037144515,30.047779074117138,0.0198599741053668,0.0,0.7115533893286794
2026-09-28 06:00:00,17,7,2026-10-10 00:00:00,11 days 18:00:00,282,14.77,-103.17,978.8,77.5,19.92141431569513,184.0814017432445,161.53050861044272,129.36608550743344,162.7872168823851,19.92141431569513,0.0,0.0,19.92141431569513,0.0,0.0,0.0,19.92141431569513
2026-09-28 06:00:00,17,7,2026-10-10 06:00:00,12 days 00:00:00,288,14.96,-103.68,957.4,109.7,0.0,177.9292979146241,162.5513923012574,114.26658787267952,144.8162935542059,6.74061575661116,1.4100182922951063,0.0,1.2528568222654552,0.0,0.0,0.0,0.0
2026-09-28 06:00:00,17,7,2026-10-10 12:00:00,12 days 06:00:00,294,15.41,-104.08,947.9,111.8,0.0,164.7548410106778,126.6730109840666,93.29634219443363,139.26357114546428,73.85523836260992,51.74260317989237,33.79344589311428,58.90318384598368,31.9141129525363,25.09028033703332,19.2532192350164,28.289058704927186
2026-09-28 06:00:00,17,7,2026-10-10 18:00:00,12 days 12:00:00,300,15.8,-104.77,947.9,121.0,0.0,205.3125773017523,147.01413126655893,109.98966256902465,172.46302125983857,6.101551108734903,1.5236063267554236,0.0,4.764418930942782,3.6032384789572696,1.5236063267554236,0.0,4.10366695539355
2026-09-28 06:00:00,17,7,2026-10-11 00:00:00,12 days 18:00:00,306,16.11,-105.69,929.0,145.9,12.495954344116532,155.0212262566601,117.40396947134164,101.4508373758579,144.2565084643869,37.06370398696904,23.776697970366996,19.181662261246387,33.69850055526184,31.256728408306124,23.776697970366996,19.181662261246387,26.915203686815147
2026-09-28 06:00:00,17,7,2026-10-11 06:00:00,13 days 00:00:00,312,16.36,-106.52,929.5,151.4,16.482699506568302,235.42537899800968,158.53143825259895,131.92047649688251,219.42524300816063,67.10214677471959,41.245479066213065,25.388180839015355,53.367377455879065,20.23029583867976,11.699168722560117,10.32226593656417,19.739563843624225
2026-09-28 06:00:00,17,7,2026-10-11 12:00:00,13 days 06:00:00,318,16.74,-107.42,930.4,139.4,24.18237063003076,164.67811160256673,143.7055288049599,138.87592522711273,165.15302999977115,87.57818968337813,66.80092952181842,53.92461651508589,83.06395161978571,66.4975726794449,55.707937140979446,45.834481039650655,58.50772892754736
2026-09-28 06:00:00,17,7,2026-10-11 18:00:00,13 days 12:00:00,324,16.97,-108.47,920.3,150.0,13.568347695331168,105.97410173189228,87.46255790854016,107.9311452707137,126.87765066788327,68.98344759500317,47.32876903721225,37.06152009494721,62.59249932771452,49.68141023971612,38.99857456842411,32.39072381836528,44.577172420762416
2026-09-28 06:00:00,17,7,2026-10-12 00:00:00,13 days 18:00:00,330,17.28,-109.84,940.0,128.8,0.8119636113026818,135.47483684013895,106.43302604833984,86.81058881088212,131.57408637051017,78.57303825942313,56.22585638220442,41.34319598365443,68.22762090669188,49.37654502220386,38.16869521826899,31.239426480184196,43.990089964923214
2026-09-28 06:00:00,17,7,2026-10-12 06:00:00,14 days 00:00:00,336,17.38,-110.95,949.2,123.3,19.047168581398523,212.19756886307005,169.94224571006998,113.39283851351888,188.2950129036817,111.59045265590794,82.29283607630873,57.64838870918038,91.40926133467497,56.98209863513637,44.6145340994201,35.325433487503915,48.51166448552681
2026-09-28 06:00:00,17,7,2026-10-12 12:00:00,14 days 06:00:00,342,17.57,-111.87,956.9,109.4,17.13232274786591,121.05597802692,104.63528511399524,88.45611330543024,111.42181804376672,60.92445178596261,46.23429337080209,36.3791222560772,55.03592626996719,49.40544680140714,41.173308917130754,34.28811743435356,43.15521230641815
2026-09-28 06:00:00,17,7,2026-10-12 18:00:00,14 days 12:00:00,348,17.94,-112.99,947.7,125.0,2.854657315125904,69.49125409988892,54.78488271258087,66.9795933122449,86.66563349276345,37.83241929885112,29.37771386970028,24.46603526979377,37.2243580113496,37.83241929885112,29.37771386970028,24.46603526979377,32.94849467654513
2026-09-28 06:00:00,17,7,2026-10-13 00:00:00,14 days 18:00:00,354,18.07,-113.69,937.4,126.3,11.60593380566702,174.9001654174408,105.65441609012488,102.46655327315464,171.9653590656069,89.32039905258443,61.969771497324615,46.12936842001732,73.46609156370764,55.54881096246388,43.23818219786448,36.26652841969357,50.291996027767055
2026-09-28 06:00:00,17,7,2026-10-13 06:00:00,15 days 00:00:00,360,18.41,-114.33,957.4,112.0,14.017924798096182,136.1357235471115,103.302864284877,77.81222081251207,131.70362931151973,63.3653824977258,43.17874093054986,32.23649785188705,54.40358368302815,38.82789465842193,31.00062887764992,24.977535061905535,35.72929374224152
2026-09-28 06:00:00,8,7,2026-09-30 00:00:00,1 days 18:00:00,42,15.42,152.04,1001.9,21.1,85.00752313278154,0.0,0.0,0.0,0.0,0.0,0.0,0.0,0.0,0.0,0.0,0.0,0.0
2026-09-28 06:00:00,8,7,2026-09-30 06:00:00,2 days 00:00:00,48,16.13,152.84,1007.0,15.0,117.93048325181672,0.0,0.0,0.0,0.0,0.0,0.0,0.0,0.0,0.0,0.0,0.0,0.0
2026-09-28 06:00:00,8,7,2026-09-30 12:00:00,2 days 06:00:00,54,16.26,152.17,1006.7,24.2,83.46282468637028,0.0,0.0,0.0,0.0,0.0,0.0,0.0,0.0,0.0,0.0,0.0,0.0
2026-09-28 06:00:00,8,7,2026-09-30 18:00:00,2 days 12:00:00,60,16.45,149.79,1005.4,23.6,117.73755687191584,0.0,0.0,0.0,0.0,0.0,0.0,0.0,0.0,0.0,0.0,0.0,0.0
2026-09-28 06:00:00,8,7,2026-10-01 00:00:00,2 days 18:00:00,66,16.79,148.33,1001.5,31.4,81.04048514564852,0.0,0.0,0.0,0.0,0.0,0.0,0.0,0.0,0.0,0.0,0.0,0.0
2026-09-28 06:00:00,8,7,2026-10-01 06:00:00,3 days 00:00:00,72,16.69,148.09,1001.8,29.1,66.30668529032471,0.0,0.0,0.0,0.0,0.0,0.0,0.0,0.0,0.0,0.0,0.0,0.0
2026-09-28 06:00:00,8,7,2026-10-01 12:00:00,3 days 06:00:00,78,16.17,146.41,995.9,31.7,60.54477421180252,0.0,0.0,0.0,0.0,0.0,0.0,0.0,0.0,0.0,0.0,0.0,0.0
2026-09-28 06:00:00,8,7,2026-10-01 18:00:00,3 days 12:00:00,84,16.32,146.17,996.6,33.0,80.67884193795358,0.0,0.0,0.0,0.0,0.0,0.0,0.0,0.0,0.0,0.0,0.0,0.0
2026-09-28 06:00:00,8,7,2026-10-02 00:00:00,3 days 18:00:00,90,16.68,146.07,992.4,48.9,104.3436532968833,231.16320570764924,216.1562181818316,177.85472760742005,198.1888405734653,0.0,0.0,0.0,0.0,0.0,0.0,0.0,0.0
2026-09-28 06:00:00,8,7,2026-10-02 06:00:00,4 days 00:00:00,96,17.04,146.04,989.7,53.8,50.49172047640731,149.8754610173178,156.20367215715729,122.576358196475,122.27404466938458,50.49172047640731,0.0,0.0,0.0,0.0,0.0,0.0,0.0
2026-09-28 06:00:00,8,7,2026-10-02 12:00:00,4 days 06:00:00,102,17.35,146.04,971.1,76.3,22.91787192937409,185.86312685125387,188.43304649145765,150.66381161774487,151.06943277822998,94.28642607315793,90.15105626422488,70.54368391737178,78.3556634771822,26.37479801170409,25.249046927350022,18.86307694683252,21.603598662395783
2026-09-28 06:00:00,8,7,2026-10-02 18:00:00,4 days 12:00:00,108,17.89,146.24,979.5,65.9,45.00730109661869,245.1666033535701,248.4467771884188,201.60914508740063,200.70400339109216,77.38627642234201,78.29972156513479,55.56801456910861,56.839794850014776,0.3365319266592899,45.00730109661869,0.0,0.0
2026-09-28 06:00:00,8,7,2026-10-03 00:00:00,4 days 18:00:00,114,18.68,146.44,969.0,78.6,45.52428386062965,352.6891442854231,331.4729232116416,260.23724596740465,283.8639078046822,183.32531291553988,185.40064766680536,152.77436934034372,162.51505248881813,112.81566025834302,110.83050688483382,91.72660978219648,97.28676697489622
2026-09-28 06:00:00,8,7,2026-10-03 06:00:00,5 days 00:00:00,120,19.5,146.62,931.3,127.9,13.504079820556148,262.6316352926903,304.7116365293141,244.6683311277527,205.4927626474636,6.071850391638709,13.672927071338933,5.753788444841998,4.50804854237186,1.4495806666164834,13.504079820556148,1.6572115129585776,1.1420442248848817
2026-09-28 06:00:00,8,7,2026-10-03 12:00:00,5 days 06:00:00,126,19.95,147.01,940.1,110.3,21.118264079827654,275.51392453029234,320.06613966353945,276.72296608983964,223.75050101376613,121.22097148498833,135.4058543315735,116.77262128342775,106.85430965824558,75.2776238166498,75.5103842124311,62.875118700333104,63.99057563068886
2026-09-28 06:00:00,8,7,2026-10-03 18:00:00,5 days 12:00:00,132,20.62,147.24,923.0,134.1,16.50950899431364,330.9227098438755,352.9166368586929,302.70819267027355,271.03969458596185,8.19975185647667,23.4809072728337,13.831925256884624,6.861329630332521,0.0389140584093765,16.50950899431364,1.5349582822170866,0.0
2026-09-28 06:00:00,8,7,2026-10-04 00:00:00,5 days 18:00:00,138,21.17,147.39,919.3,142.4,35.818015163935456,391.7752710823627,418.09612181192347,340.43477726520484,314.59865298089176,94.3392525058348,108.62074855249932,83.50486338411889,79.25456145952239,26.46280024237113,35.818015163935456,21.627081814575224,21.831001351583915
2026-09-28 06:00:00,8,7,2026-10-04 06:00:00,6 days 00:00:00,144,21.57,147.43,912.7,141.5,1.3834446825749789,314.57214653046566,328.42943463852805,270.3413211643382,286.1422081735352,170.29836302081537,170.43544500840972,143.35064411460377,141.74089461599124,84.71806290616041,82.6419965368012,71.29729035212952,73.8170546023239
2026-09-28 06:00:00,8,7,2026-10-04 12:00:00,6 days 06:00:00,150,22.48,146.77,932.9,117.5,15.647188167831324,260.7054540404746,221.563301460749,200.9268432166726,237.05207618460165,159.64847393852864,148.06817074455356,125.286537993363,134.69588815400655,83.91173621935263,76.66121055671232,64.76294046987522,73.0423837015617
2026-09-28 06:00:00,8,7,2026-10-04 18:00:00,6 days 12:00:00,156,22.72,146.79,919.5,130.4,23.403303950908622,329.68281175503853,324.17643806365754,276.228231138414,293.78146696182466,139.7637440889996,132.82566408599257,109.77149721232033,121.07655076634276,80.09051917926658,72.19330575639476,60.32073403774315,69.74229867843374
2026-09-28 06:00:00,8,7,2026-10-05 00:00:00,6 days 18:00:00,162,23.5,146.22,914.6,132.9,43.18870474751682,454.5089829189393,417.0956410949345,377.0139695209329,408.30701925939326,170.26080118120325,155.33776698591146,125.33244904181576,141.48631519931834,64.97014829481532,58.074789531444,47.85148957137428,56.11796929035844
2026-09-28 06:00:00,8,7,2026-10-05 06:00:00,7 days 00:00:00,168,24.2,145.5,901.6,143.3,31.45083478042679,331.52800261518496,297.3008956608816,262.1354621276414,300.79033888195,171.3184661829963,164.18350545926063,134.30097521988853,145.93234120593667,94.96228541776604,87.51392894339364,73.78734196691983,84.08614880214276
2026-09-28 06:00:00,8,7,2026-10-05 12:00:00,7 days 06:00:00,174,24.65,145.12,921.4,133.1,13.493002410647309,358.7447499080022,331.47182180331856,307.5035661064726,338.62523216646923,138.493208517227,132.2111288800562,106.29101289680705,113.91284267321817,64.20508508028718,57.20155382831933,48.94170276286383,56.00758540059974
2026-09-28 06:00:00,8,7,2026-10-05 18:00:00,7 days 12:00:00,180,25.27,144.88,917.1,122.5,48.39293958811203,403.2431741221114,368.77375354901847,302.2568363138032,340.1810010648028,133.78002607524013,124.36989208763907,95.02077696410868,112.39878990734246,71.61100821016885,65.440527605075,53.41129649665723,62.41026261227199
2026-09-28 06:00:00,8,7,2026-10-06 00:00:00,7 days 18:00:00,186,26.19,145.07,933.0,109.5,25.07336640680751,357.38314772598824,353.3754517992875,301.88426002496635,308.81440221969206,201.7290257695404,196.60523431351797,165.18230629752816,175.64729245329818,117.57962032145406,112.32577935006113,93.40935051494762,101.2974991367728
2026-09-28 06:00:00,8,7,2026-10-06 06:00:00,8 days 00:00:00,192,27.15,145.42,940.4,106.5,15.458843224599274,254.5619610891331,299.0583430764092,271.92085706534965,209.6685748633696,41.21357160272012,55.21476690316075,37.358866824708656,32.220773884449,8.859916281969513,15.458843224599274,6.786950212867046,6.275214723383646
2026-09-28 06:00:00,8,7,2026-10-06 12:00:00,8 days 06:00:00,198,28.27,145.25,934.3,121.2,13.669634701321442,392.0715177387866,409.128019770978,355.7332957424843,330.1934532508013,102.30076050258192,109.8762109119902,85.49413316406931,81.14211250795549,20.19536111982444,21.48240087374171,17.284999900608113,16.242118609174042
2026-09-28 06:00:00,8,7,2026-10-06 18:00:00,8 days 12:00:00,204,29.29,145.66,960.3,82.4,40.65491827528021,329.06799086006424,347.7355454464796,296.3160022714592,262.38029778679174,186.185684887118,192.7905126110951,157.07399307700075,155.20506409792767,80.51908353389243,80.81442461816007,65.10376675369264,68.48292535663799
2026-09-28 06:00:00,8,7,2026-10-07 00:00:00,8 days 18:00:00,210,31.01,146.33,950.5,91.3,38.55233257813586,404.4086489519205,441.98269725616825,349.8659278953042,330.5047716028937,184.67121808539045,195.43363377501373,156.02909820626934,150.27516210978976,67.34428448599682,66.41837486269297,55.1627473265292,56.533497668689066
2026-09-28 06:00:00,8,7,2026-10-07 06:00:00,9 days 00:00:00,216,32.57,147.35,952.6,86.1,32.95139163272847,398.54739976776295,464.77091639808987,391.624879032252,335.1125524472136,236.39879460710472,261.48563145979745,223.22770513815328,208.1014678767997,120.14506175715024,124.18507681005303,104.42720217769364,104.0244372444614
2026-09-28 06:00:00,8,7,2026-10-07 12:00:00,9 days 06:00:00,222,34.53,149.11,968.8,68.5,64.69569863241688,406.3646074762395,476.89239294768777,389.0853290487264,329.80050654127035,215.2067252110341,234.43957152927123,190.5732933595504,177.01576687233643,56.01038298842431,64.69569863241688,49.45491625109577,47.42965897899822
2026-09-28 06:00:00,8,7,2026-10-07 18:00:00,9 days 12:00:00,228,37.29,152.19,977.0,63.2,80.8267502446072,393.3868206365371,481.9914966669514,394.4869830300207,317.44838256320355,198.7527073607308,221.2960770589048,179.15519698131504,166.59232735285715,0.0,0.0,0.0,0.0
2026-09-28 06:00:00,8,7,2026-10-08 00:00:00,9 days 18:00:00,234,40.47,156.26,979.3,68.8,116.31258861117507,529.1759612465014,622.6326004705054,532.1695594010669,462.1621090779055,277.82582480326016,303.9889403411146,247.52312110281628,231.0727699900032,43.83838624438762,116.31258861117507,41.67111800936251,36.979274708083935
2026-09-28 06:00:00,8,7,2026-10-08 06:00:00,10 days 00:00:00,240,42.5,161.17,972.3,60.7,91.77060440805934,350.3229141253428,395.1522225145927,330.69834820216806,287.5148678877508,83.97414927837902,92.40657604620984,70.86795462595131,59.22575771475476,0.0,0.0,0.0,0.0
2026-09-28 06:00:00,8,7,2026-10-08 12:00:00,10 days 06:00:00,246,44.16,168.29,975.0,60.7,91.10088427727442,385.78174612431576,415.27759352942303,361.2000198250662,319.4353423926095,44.26759541654633,91.10088427727442,33.51805846852358,28.52344565893281,0.0,0.0,0.0,0.0
2026-09-28 06:00:00,8,7,2026-10-08 18:00:00,10 days 12:00:00,252,47.61,174.29,983.8,35.4,59.90713029646929,59.90713029646929,0.0,0.0,0.0,0.0,0.0,0.0,0.0,0.0,0.0,0.0,0.0
2026-09-28 06:00:00,8,7,2026-10-09 00:00:00,10 days 18:00:00,258,49.17,179.6,976.9,38.7,158.8044944206738,158.8044944206738,4.930630802889056,7.155247900512848,0.0,0.0,0.0,0.0,0.0,0.0,0.0,0.0,0.0
2026-09-28 06:00:00,8,7,2026-10-09 06:00:00,11 days 00:00:00,264,52.07,-176.55,976.4,39.3,105.42383974632074,105.42383974632074,0.0,0.0,0.0,0.0,0.0,0.0,0.0,0.0,0.0,0.0,0.0
2026-09-28 06:00:00,AL062026,7,2026-09-28 06:00:00,0 days 00:00:00,0,28.3,-43.8,1012.0,25.0,56.0,0.0,0.0,0.0,0.0,0.0,0.0,0.0,0.0,0.0,0.0,0.0,0.0
2026-09-28 06:00:00,AL062026,7,2026-09-28 12:00:00,0 days 06:00:00,6,28.49,-44.64,1008.6,27.8,100.41582146296822,0.0,0.0,0.0,0.0,0.0,0.0,0.0,0.0,0.0,0.0,0.0,0.0
2026-09-28 06:00:00,AL062026,7,2026-09-28 18:00:00,0 days 12:00:00,12,27.27,-44.72,1007.6,29.7,50.874330631827405,0.0,0.0,0.0,0.0,0.0,0.0,0.0,0.0,0.0,0.0,0.0,0.0
2026-09-28 06:00:00,AL062026,7,2026-09-29 00:00:00,0 days 18:00:00,18,26.55,-45.62,1010.8,29.5,84.07749266543931,0.0,0.0,0.0,0.0,0.0,0.0,0.0,0.0,0.0,0.0,0.0,0.0
2026-09-28 06:00:00,AL062026,7,2026-09-29 06:00:00,1 days 00:00:00,24,25.45,-46.26,1007.0,40.3,70.14894280732449,70.14894280732449,0.0,0.0,4.669180303470192,0.0,0.0,0.0,0.0,0.0,0.0,0.0,0.0
2026-09-28 06:00:00,AL912026(2),7,2026-09-28 06:00:00,0 days 00:00:00,0,36.3,-53.1,1013.0,29.0,148.0,0.0,0.0,0.0,0.0,0.0,0.0,0.0,0.0,0.0,0.0,0.0,0.0
2026-09-28 06:00:00,AL912026(2),7,2026-09-28 12:00:00,0 days 06:00:00,6,36.46,-51.13,1005.5,43.6,87.45598630788436,53.16437319153671,87.45598630788436,27.964157486832157,41.2097600312589,0.0,0.0,0.0,0.0,0.0,0.0,0.0,0.0
2026-09-28 06:00:00,AL912026(2),7,2026-09-28 18:00:00,0 days 12:00:00,12,36.74,-49.02,1006.1,32.1,78.85019143117927,0.0,0.0,0.0,0.0,0.0,0.0,0.0,0.0,0.0,0.0,0.0,0.0
2026-09-28 06:00:00,AL912026(2),7,2026-09-29 00:00:00,0 days 18:00:00,18,35.37,-47.11,1001.9,44.2,91.89121833056768,70.3531156048767,91.89121833056768,43.60576391595411,61.42785135933901,0.0,0.0,0.0,0.0,0.0,0.0,0.0,0.0
2026-09-28 06:00:00,AL912026(2),7,2026-09-29 06:00:00,1 days 00:00:00,24,35.02,-46.19,1005.8,30.9,76.51250373008821,0.0,0.0,0.0,0.0,0.0,0.0,0.0,0.0,0.0,0.0,0.0,0.0
2026-09-28 06:00:00,AL912026(2),7,2026-09-29 12:00:00,1 days 06:00:00,30,34.23,-44.94,1003.9,41.4,122.60452335003744,3.093150477950076,122.60452335003744,0.0,0.0,0.0,0.0,0.0,0.0,0.0,0.0,0.0,0.0
2026-09-28 06:00:00,AL912026(2),7,2026-09-29 18:00:00,1 days 12:00:00,36,33.42,-43.73,1005.6,39.8,43.01938500427528,0.0,2.1735852978397645,0.7790650148610894,43.01938500427528,0.0,0.0,0.0,0.0,0.0,0.0,0.0,0.0
2026-09-28 06:00:00,AL912026(2),7,2026-09-30 00:00:00,1 days 18:00:00,42,33.79,-44.41,1008.1,31.5,50.5849574925294,0.0,0.0,0.0,0.0,0.0,0.0,0.0,0.0,0.0,0.0,0.0,0.0
2026-09-28 06:00:00,AL912026(2),7,2026-09-30 06:00:00,2 days 00:00:00,48,32.98,-43.56,1008.9,29.3,74.34488199041868,0.0,0.0,0.0,0.0,0.0,0.0,0.0,0.0,0.0,0.0,0.0,0.0
2026-09-28 06:00:00,AL912026(2),7,2026-09-30 12:00:00,2 days 06:00:00,54,33.5,-44.05,1009.6,29.6,62.21869769901501,0.0,0.0,0.0,0.0,0.0,0.0,0.0,0.0,0.0,0.0,0.0,0.0
2026-09-28 06:00:00,AL912026(2),7,2026-09-30 18:00:00,2 days 12:00:00,60,33.4,-43.41,1008.4,27.3,123.29712206711076,0.0,0.0,0.0,0.0,0.0,0.0,0.0,0.0,0.0,0.0,0.0,0.0
2026-09-28 06:00:00,AL912026(2),7,2026-10-01 00:00:00,2 days 18:00:00,66,33.77,-43.23,1010.4,26.4,81.81426113495357,0.0,0.0,0.0,0.0,0.0,0.0,0.0,0.0,0.0,0.0,0.0,0.0
2026-09-28 06:00:00,AL912026(2),7,2026-10-01 06:00:00,3 days 00:00:00,72,34.15,-41.99,1011.7,28.5,62.18167388894835,0.0,0.0,0.0,0.0,0.0,0.0,0.0,0.0,0.0,0.0,0.0,0.0
2026-09-28 06:00:00,EP152026(2),7,2026-09-28 06:00:00,0 days 00:00:00,0,16.4,-160.8,929.0,134.0,28.0,241.0,185.0,148.0,204.0,93.0,74.0,74.0,93.0,56.0,46.0,37.0,46.0
2026-09-28 06:00:00,EP152026(2),7,2026-09-28 12:00:00,0 days 06:00:00,6,16.63,-161.4,945.1,116.9,24.50653759247208,230.98954134465515,174.78247234612564,122.7328525614059,201.21172666843296,114.66364503966402,82.58252399432308,59.897540304394845,92.70688676988728,58.45168453762415,46.45811656505114,37.41820759002508,53.34322223161604
2026-09-28 06:00:00,EP152026(2),7,2026-09-28 18:00:00,0 days 12:00:00,12,17.42,-162.65,937.9,126.5,48.956637008536966,191.16750656585697,153.37981757276344,101.83160017259996,159.5043234938063,48.956637008536966,16.12238549161793,7.753046677051131,29.590271108593043,48.956637008536966,12.26602437897427,7.753046677051131,16.488427484171275
2026-09-28 06:00:00,EP152026(2),7,2026-09-29 00:00:00,0 days 18:00:00,18,18.29,-163.24,925.9,137.1,0.0,179.5338052414608,158.94935976051931,123.6398011135408,156.48568779971473,70.44727102830808,56.34335862081126,38.17855376890908,58.61073415607965,51.51679581701188,43.26521623223093,34.84924160611042,45.5513678164047
2026-09-28 06:00:00,EP152026(2),7,2026-09-29 06:00:00,1 days 00:00:00,24,19.48,-163.63,952.8,112.9,0.0,149.93147196037617,147.28291749780735,117.50711173701,112.65899985578132,16.289477280695273,10.727498488199384,3.5475708347575683,8.425614863414822,1.7230009329406863,0.7312900946436427,0.0,1.7794090995634129
2026-09-28 06:00:00,EP152026(2),7,2026-09-29 12:00:00,1 days 06:00:00,30,20.38,-163.81,962.7,98.4,19.17897123903381,181.479047022642,184.12335365353425,124.67403708037662,135.72179582570925,85.72080610669367,72.83589046528296,50.67454997502983,69.80251746802067,62.551164132577526,55.49582741848328,44.8410827956905,52.46138685572008
2026-09-28 06:00:00,EP152026(2),7,2026-09-29 18:00:00,1 days 12:00:00,36,21.16,-163.8,964.0,92.4,12.077898477638854,193.6370949860116,227.89615698990133,142.92367722131007,148.40653606689835,90.71688752850817,77.89955686713324,47.56208041694964,68.20284610162184,32.21054199753169,27.941186911635413,19.739889135398087,24.699382201942235
2026-09-28 06:00:00,EP152026(2),7,2026-09-30 00:00:00,1 days 18:00:00,42,22.42,-163.57,976.9,80.0,15.456708512813758,199.60535478796876,201.096827756301,158.3691218551622,155.63699848518542,25.992441565445503,19.91289864196382,7.09511744235654,17.549643221891074,15.456708512813758,0.0,0.0,0.0
2026-09-28 06:00:00,EP152026(2),7,2026-09-30 06:00:00,2 days 00:00:00,48,22.76,-163.5,985.6,58.9,50.15872461515096,264.3196811733503,214.8552673342311,162.11945522183464,202.72805237374564,111.19191021703948,96.4289265163982,68.47477821555339,85.01146229615097,0.0,0.0,0.0,0.0
2026-09-28 06:00:00,EP152026(2),7,2026-09-30 12:00:00,2 days 06:00:00,54,23.33,-163.67,986.2,57.6,53.87951624044392,223.01167368107284,200.30611529234372,168.64641830756582,180.74920940195145,68.86453377974769,58.01421403371079,36.99812340794807,51.21850639315316,0.0,0.0,0.0,0.0
2026-09-28 06:00:00,EP152026(2),7,2026-09-30 18:00:00,2 days 12:00:00,60,23.43,-163.69,991.9,50.2,101.24413151369282,246.07343255762297,214.667053369084,161.0134471945269,208.3918677027048,101.24413151369282,8.187517868674439,3.016260740627485,9.06883902913334,0.0,0.0,0.0,0.0
2026-09-28 06:00:00,EP152026(2),7,2026-10-01 00:00:00,2 days 18:00:00,66,23.2,-164.33,993.0,48.2,61.63850368266324,189.14377620574663,158.60759133461653,129.77458629808038,165.22783589107837,0.0,0.0,0.0,0.0,0.0,0.0,0.0,0.0
2026-09-28 06:00:00,EP152026(2),7,2026-10-01 06:00:00,3 days 00:00:00,72,23.36,-164.94,990.9,49.9,71.47703292698145,270.40397651106537,240.72007881547572,198.36203229353416,227.07604824245004,0.0,0.0,0.0,0.0,0.0,0.0,0.0,0.0
2026-09-28 06:00:00,EP152026(2),7,2026-10-01 12:00:00,3 days 06:00:00,78,23.47,-165.7,996.3,46.1,48.6516269223774,48.6516269223774,21.836115497832186,10.854093277775036,22.227427283099807,0.0,0.0,0.0,0.0,0.0,0.0,0.0,0.0
2026-09-28 06:00:00,EP152026(2),7,2026-10-01 18:00:00,3 days 12:00:00,84,23.22,-166.1,993.1,42.7,54.14923699916709,12.154591653194778,54.14923699916709,20.92669475351277,16.065235735474904,0.0,0.0,0.0,0.0,0.0,0.0,0.0,0.0
2026-09-28 06:00:00,EP152026(2),7,2026-10-02 00:00:00,3 days 18:00:00,90,23.66,-166.03,991.0,46.9,125.8733310023375,151.1762558493889,134.77310645742082,102.3493525057002,117.06570312949768,0.0,0.0,0.0,0.0,0.0,0.0,0.0,0.0
2026-09-28 06:00:00,EP152026(2),7,2026-10-02 06:00:00,4 days 00:00:00,96,24.21,-166.04,994.0,49.4,65.17407122223717,208.67415234530347,206.25986691712228,156.90775312092802,161.70279127581756,0.0,0.0,0.0,0.0,0.0,0.0,0.0,0.0
2026-09-28 06:00:00,EP152026(2),7,2026-10-02 12:00:00,4 days 06:00:00,102,24.73,-166.35,986.2,52.5,47.49375061043466,150.12763825796833,132.94106161280763,101.39351565230982,119.50662697920626,0.0,0.0,0.0,47.49375061043466,0.0,0.0,0.0,0.0
2026-09-28 06:00:00,EP152026(2),7,2026-10-02 18:00:00,4 days 12:00:00,108,24.93,-166.32,989.9,47.7,121.10065364546244,262.97696208164984,232.35424948755596,161.73333923218365,205.13994539270777,0.0,0.0,0.0,0.0,0.0,0.0,0.0,0.0
2026-09-28 06:00:00,EP152026(2),7,2026-10-03 00:00:00,4 days 18:00:00,114,24.97,-166.5,990.7,50.6,40.85549415366684,105.2989625324506,95.03337245398517,68.85462581642096,76.27147550787186,40.85549415366684,1.634341420780368,0.0,1.7617192324023216,0.0,0.0,0.0,0.0
2026-09-28 06:00:00,EP152026(2),7,2026-10-03 06:00:00,5 days 00:00:00,120,25.92,-166.38,993.3,43.5,68.16488207596896,10.593062219632465,68.16488207596896,9.97465905177084,6.653402482352569,0.0,0.0,0.0,0.0,0.0,0.0,0.0,0.0
2026-09-28 06:00:00,EP152026(2),7,2026-10-03 12:00:00,5 days 06:00:00,126,25.56,-168.01,994.6,45.8,62.83050107447254,36.08164749633637,26.99479494227996,27.445616001229943,62.83050107447254,0.0,0.0,0.0,0.0,0.0,0.0,0.0,0.0
2026-09-28 06:00:00,EP152026(2),7,2026-10-03 18:00:00,5 days 12:00:00,132,25.39,-169.28,992.7,46.9,40.694078006417726,40.694078006417726,24.091720475680603,23.36190890055353,29.209430813047007,0.0,0.0,0.0,0.0,0.0,0.0,0.0,0.0
2026-09-28 06:00:00,EP152026(2),7,2026-10-04 00:00:00,5 days 18:00:00,138,25.4,-171.22,993.4,46.8,63.376494888763816,79.33626079134757,57.82533936986387,45.27688569253134,58.28892112337134,0.0,0.0,0.0,0.0,0.0,0.0,0.0,0.0
2026-09-28 06:00:00,EP152026(2),7,2026-10-04 06:00:00,6 days 00:00:00,144,25.66,-172.88,993.8,54.1,57.455464071258135,121.27894738528929,100.12805848505228,68.68038078280088,86.8646886993452,0.0,57.455464071258135,0.0,0.6056292869691617,0.0,0.0,0.0,0.0
2026-09-28 06:00:00,EP152026(2),7,2026-10-04 12:00:00,6 days 06:00:00,150,26.14,-174.59,990.3,62.7,33.32110642467147,194.07023067347453,163.12861821035034,118.7170278440984,137.88403636615615,33.32110642467147,9.267240891210877,0.904826743257562,8.928832392812435,0.0,0.0,0.0,0.0
2026-09-28 06:00:00,EP152026(2),7,2026-10-04 18:00:00,6 days 12:00:00,156,27.07,-175.85,984.0,64.5,58.34119997866275,238.58636383770585,203.42504453360056,135.49163021804537,182.32300309757517,77.33883359035622,62.77186702436572,40.32874788879449,52.50916207684205,58.34119997866275,0.0,0.0,0.0
2026-09-28 06:00:00,EP152026(2),7,2026-10-05 00:00:00,6 days 18:00:00,162,28.03,-176.73,983.6,61.6,53.74883815697649,245.05465801052827,208.6786939306577,146.7233583193189,196.94649897638283,59.570030479506,43.791188270403325,25.19021539066952,38.62870587947655,0.0,0.0,0.0,0.0
2026-09-28 06:00:00,EP152026(2),7,2026-10-05 06:00:00,7 days 00:00:00,168,28.86,-177.56,987.6,58.1,59.78861308284088,80.41822882221501,57.072220549314366,30.67726727788173,59.78861308284088,2.3170904403995927,1.6872443692169723,0.0,59.78861308284088,0.0,0.0,0.0,0.0
2026-09-28 06:00:00,EP152026(2),7,2026-10-05 12:00:00,7 days 06:00:00,174,29.75,-177.92,993.8,55.3,19.78066562528096,146.0398043248175,121.50132023555544,69.59331727075289,104.35631820622154,19.78066562528096,6.146696922563606,0.361834937008453,3.9078037243786663,0.0,0.0,0.0,0.0
2026-09-28 06:00:00,EP152026(2),7,2026-10-05 18:00:00,7 days 12:00:00,180,30.27,-178.11,990.4,55.0,94.0281169956757,186.27248042432225,178.5458396114917,115.68432810565956,123.94856120752692,94.0281169956757,16.029302490687968,4.985793308319503,12.83459372044839,0.0,0.0,0.0,0.0
2026-09-28 06:00:00,EP152026(2),7,2026-10-06 00:00:00,7 days 18:00:00,186,30.33,-178.03,997.3,49.5,14.166485240831436,115.78303561601854,120.18223932163188,100.50936266196857,93.1112338607984,0.0,0.0,0.0,0.0,0.0,0.0,0.0,0.0
2026-09-28 06:00:00,EP152026(2),7,2026-10-06 06:00:00,8 days 00:00:00,192,30.06,-177.69,993.3,42.0,33.02979169028316,21.77475629706131,29.00396096812149,39.11080113626686,26.16856357775962,0.0,0.0,0.0,0.0,0.0,0.0,0.0,0.0
2026-09-28 06:00:00,EP152026(2),7,2026-10-06 12:00:00,8 days 06:00:00,198,29.54,-177.92,996.0,43.3,34.39355103955068,154.41234458291828,144.61535421426387,127.49293023101846,142.8572708096646,0.0,0.0,0.0,0.0,0.0,0.0,0.0,0.0
2026-09-28 06:00:00,EP152026(2),7,2026-10-06 18:00:00,8 days 12:00:00,204,28.37,-178.01,1006.1,34.9,69.32136674471332,69.32136674471332,14.35537835459366,10.890458175686252,26.27237377252564,0.0,0.0,0.0,0.0,0.0,0.0,0.0,0.0
2026-09-28 06:00:00,EP152026(2),7,2026-10-07 00:00:00,8 days 18:00:00,210,27.05,-178.71,1009.5,31.6,63.38365656554008,0.0,0.0,0.0,0.0,0.0,0.0,0.0,0.0,0.0,0.0,0.0,0.0
2026-09-28 06:00:00,EP152026(2),7,2026-10-07 06:00:00,9 days 00:00:00,216,25.71,-179.7,1007.7,31.7,59.00366461697574,0.0,0.0,0.0,0.0,0.0,0.0,0.0,0.0,0.0,0.0,0.0,0.0
2026-09-28 06:00:00,EP172026,7,2026-09-28 06:00:00,0 days 00:00:00,0,23.2,-114.0,955.0,105.0,28.0,167.0,148.0,148.0,148.0,102.0,93.0,83.0,83.0,65.0,65.0,65.0,65.0
2026-09-28 06:00:00,EP172026,7,2026-09-28 12:00:00,0 days 06:00:00,6,24.28,-113.78,964.9,92.2,29.942176820717464,162.10846784128728,198.0166288558292,122.8546389948096,123.54218646916743,104.15290209464044,95.66277474317492,67.1745732626897,78.04719227531507,47.84629014574775,41.93273905571485,32.55619372196693,40.47242329087548
2026-09-28 06:00:00,EP172026,7,2026-09-28 18:00:00,0 days 12:00:00,12,25.13,-113.33,965.2,89.9,0.0,113.99913325194564,138.12608822093287,104.70001495785428,84.79972231543562,58.57224811622346,56.93223909214972,37.57493950013461,41.61054323023467,18.202269438603945,16.55558159671382,11.543762592022697,13.460945237579908
2026-09-28 06:00:00,EP172026,7,2026-09-29 00:00:00,0 days 18:00:00,18,26.13,-112.53,970.2,88.0,0.0,107.53350148085627,123.89280883158185,75.28442623285552,89.89008745030426,56.25394919532522,47.80590906821994,33.2296912638472,40.293360230381225,35.45232066632023,30.81139238468272,25.521508098955508,29.096972787103365
2026-09-28 06:00:00,EP172026,7,2026-09-29 06:00:00,1 days 00:00:00,24,26.86,-111.58,982.1,62.9,1.9610425515092589,92.18441541260115,116.22511113074404,85.28974370028804,80.78814058026808,54.59276628152524,47.21280635552809,31.13644977406805,38.8828665157361,0.0,0.0,0.0,0.0
2026-09-28 06:00:00,EP172026,7,2026-09-29 12:00:00,1 days 06:00:00,30,28.35,-111.14,992.5,41.2,72.46442456487665,112.28978645081328,130.79687747947617,81.24669729135908,73.45316506944874,0.0,0.0,0.0,0.0,0.0,0.0,0.0,0.0
2026-09-28 06:00:00,EP182026,7,2026-09-28 06:00:00,0 days 00:00:00,0,13.2,-100.0,1001.0,41.0,93.0,222.0,185.0,148.0,222.0,0.0,0.0,0.0,0.0,0.0,0.0,0.0,0.0
2026-09-28 06:00:00,EP182026,7,2026-09-28 12:00:00,0 days 06:00:00,6,13.28,-100.52,990.8,57.2,94.2989282782953,157.90025118455074,135.77182494977913,100.29991841218128,124.1059881722908,1.8640656478427795,0.0,0.0,94.2989282782953,0.0,0.0,0.0,0.0
2026-09-28 06:00:00,EP182026,7,2026-09-28 18:00:00,0 days 12:00:00,12,13.63,-101.32,987.9,65.1,25.432510561206804,160.89212397016684,121.97063429959483,97.91989757376192,131.07021874527902,37.91308529697371,23.181089537204823,15.845831466985407,27.72181330118063,25.432510561206804,0.0,0.0,0.8880962677543992
2026-09-28 06:00:00,EP182026,7,2026-09-29 00:00:00,0 days 18:00:00,18,14.34,-102.45,987.9,56.7,34.99467964592819,156.85712412935806,125.48104135271544,92.55628379595572,135.21961457163215,57.3369073962555,40.2735452528283,26.30330452691379,39.85970238416781,0.0,0.0,0.0,0.0
2026-09-28 06:00:00,EP182026,7,2026-09-29 06:00:00,1 days 00:00:00,24,14.72,-103.55,984.9,68.3,13.692161109703877,213.74280647459383,188.8948526751085,171.18010453085753,195.71486463174145,81.0227082439925,71.5956789213667,57.39384093514883,65.76433149367153,1.199507508449507,0.8029946332618856,0.0,13.692161109703877
2026-09-28 06:00:00,EP182026,7,2026-09-29 12:00:00,1 days 06:00:00,30,15.32,-104.53,990.6,57.4,56.90262784830871,176.75470427094453,145.01003670384137,112.02727208066428,150.95457055652471,56.90262784830871,38.43099303128688,27.23516873162753,36.98481668732167,0.0,0.0,0.0,0.0
2026-09-28 06:00:00,EP182026,7,2026-09-29 18:00:00,1 days 12:00:00,36,15.86,-105.85,991.5,64.7,37.1789084906839,280.24611318345404,264.9463166669326,236.9714539239991,260.8344215266412,86.93573086895582,72.84455479719223,57.04806876533394,63.5476178141144,0.1963145385488118,0.0,0.0,37.1789084906839
2026-09-28 06:00:00,EP182026,7,2026-09-30 00:00:00,1 days 18:00:00,42,16.45,-106.68,982.7,79.5,41.02984355041849,228.3391347988932,221.6145968011433,162.08385284549013,185.85470780909736,41.02984355041849,6.855518785802843,1.5694658439752374,5.132635351076658,41.02984355041849,0.0383856069837094,0.0,0.0
2026-09-28 06:00:00,EP182026,7,2026-09-30 06:00:00,2 days 00:00:00,48,17.3,-107.53,972.3,84.2,23.555331325472157,173.6654303790878,160.42039642954205,109.9837143428938,143.48983968542132,82.46347982817021,65.62523869521719,48.83047935512731,68.8010067783001,44.69277263515493,39.75759064761866,32.119293315216474,37.99952010493156
2026-09-28 06:00:00,EP182026,7,2026-09-30 12:00:00,2 days 06:00:00,54,17.88,-108.08,971.0,82.0,27.95008545894174,176.07636343596573,170.34003054328153,114.6200133314693,133.87762850490034,87.48476542737984,72.47866238212603,49.01378828102583,70.61658620739081,42.60286146671624,37.70695458104713,29.03417478949452,35.3946132230442
2026-09-28 06:00:00,EP182026,7,2026-09-30 18:00:00,2 days 12:00:00,60,18.17,-108.74,962.4,92.0,17.976499259864497,234.3604933933017,204.3016029478022,159.57517696924805,204.9566733040835,122.74313570386856,100.92245125143002,75.87253877938144,102.17453065598936,55.19689071443552,47.56870758979786,37.68155838805565,47.71467190682641
2026-09-28 06:00:00,EP182026,7,2026-10-01 00:00:00,2 days 18:00:00,66,18.34,-108.8,959.5,100.7,31.285875823632523,155.48050274187517,140.8533477501005,140.11350276084158,139.81752609018758,80.83935358168856,70.93713959789648,54.31935048831633,66.58797721647989,40.45676429894706,35.53085469558823,28.23677160986836,35.243324450468435
2026-09-28 06:00:00,EP182026,7,2026-10-01 06:00:00,3 days 00:00:00,72,18.44,-109.06,960.8,91.8,12.203096241122282,137.91296919888092,148.9239243823867,118.45846997756568,117.83906354287124,70.1436490285234,65.59899688370618,48.4282737082622,61.07356925524248,48.90013291008326,45.89187929691411,36.99318459134515,41.235359653494186
2026-09-28 06:00:00,EP182026,7,2026-10-01 12:00:00,3 days 06:00:00,78,18.85,-109.29,964.1,91.6,35.21491796860382,175.01849647126977,151.4239100272881,108.63132789603009,135.84056423508252,76.03668694033901,61.92251697000982,45.02916303689516,65.69184339244006,41.14446944171901,35.27165771710959,28.05760167412748,34.369966236217955
2026-09-28 06:00:00,EP182026,7,2026-10-01 18:00:00,3 days 12:00:00,84,18.79,-109.41,968.6,86.9,20.4078762773006,156.58253505164112,154.27779605347132,129.7369517567911,141.34604639019062,72.67426279257029,59.94779185757352,46.52323670157864,62.58057079117748,21.496010464681035,18.53486414780366,13.606279269996804,18.04147274363362
2026-09-28 06:00:00,EP182026,7,2026-10-02 00:00:00,3 days 18:00:00,90,18.62,-109.32,968.0,88.9,45.84688960409886,183.2932034628878,195.52829183684636,190.2412408459752,166.7923466686958,93.82624323501062,98.68843581155188,93.30441940314334,87.0348197758237,75.77733556727958,72.356210661347,62.8894717542409,66.52006658530075
2026-09-28 06:00:00,EP182026,7,2026-10-02 06:00:00,4 days 00:00:00,96,18.74,-109.3,962.4,89.3,21.11284112556888,117.75479735794502,134.07803032604312,137.69478542926336,120.29317187249612,64.51519452896827,57.83290478080298,45.852895788931775,50.76628026845762,34.84495282760778,32.53363569228779,26.703996627395608,30.03765475366643
2026-09-28 06:00:00,EP182026,7,2026-10-02 12:00:00,4 days 06:00:00,102,19.12,-109.53,965.0,84.5,29.521497000005777,148.44428154025047,128.6263596079416,137.71481594911728,140.63517302395465,81.16831888242531,71.59728914276971,58.47157133676585,73.68646894866632,45.576774204458346,40.69774659648597,33.7121034888717,39.5645290221009
2026-09-28 06:00:00,EP182026,7,2026-10-02 18:00:00,4 days 12:00:00,108,19.18,-109.76,949.0,104.8,32.78909928397589,185.25768679539144,171.42087043604232,151.2231665842501,171.18766643340757,80.855290157797,70.4561183906698,53.38806279315708,71.37087459658686,63.43538405094903,56.68732088682549,47.09814249617986,54.765635678187806
2026-09-28 06:00:00,EP182026,7,2026-10-03 00:00:00,4 days 18:00:00,114,19.46,-109.89,956.1,100.1,7.420343656830742,193.43167802659477,189.34050100231184,135.8555610345864,159.41090150737895,94.97908100814612,81.33396808594196,56.88765707348645,72.33151230949258,40.09607267720154,35.092343336857105,27.80324715243711,34.02898474764729
2026-09-28 06:00:00,EP182026,7,2026-10-03 06:00:00,5 days 00:00:00,120,19.49,-109.88,962.4,87.6,29.763251324315995,124.02690900865558,114.43874963155068,111.93890704160836,118.53367669238904,75.25373647538004,64.13995346606121,54.48113341110262,67.16023212458688,48.13074942841908,43.727573197616536,36.918057424833165,41.520041790201
2026-09-28 06:00:00,EP182026,7,2026-10-03 12:00:00,5 days 06:00:00,126,19.97,-110.25,970.6,84.6,13.583761787113332,193.3051117418992,164.49972707352356,142.30974660098957,169.83347600452998,89.03212146307544,77.12830952922701,61.09485803756314,80.01458341067314,57.08175003563824,50.91603950422538,43.02516195141234,49.59365356260332
2026-09-28 06:00:00,EP182026,7,2026-10-03 18:00:00,5 days 12:00:00,132,20.43,-110.18,973.7,79.8,16.60918983308011,188.9671249685944,192.03493350287044,130.58645599430338,150.38626828984798,82.76007356903028,74.42134324424387,49.96955953884992,68.21989653260607,41.33228853631067,39.58238244101392,29.05794293754849,33.18604480909789
2026-09-28 06:00:00,EP182026,7,2026-10-04 00:00:00,5 days 18:00:00,138,20.91,-110.49,980.0,77.6,38.928296522836966,192.54093306494784,187.6900896569101,127.886439324793,146.4754305535375,96.2571049027083,85.43202429630983,60.90818198317494,78.53107941383794,49.59888108741672,46.26504206621661,34.727785632013095,40.984956174089376
2026-09-28 06:00:00,EP182026,7,2026-10-04 06:00:00,6 days 00:00:00,144,20.79,-111.0,964.6,90.5,27.994160052496888,211.46576680561896,178.927115447358,152.43782777516873,182.63041541357435,86.2015620216064,77.33468503910532,59.339394497886005,75.53720796929028,43.18056461069743,37.252758825888606,30.01738158892667,36.63311952597708
2026-09-28 06:00:00,EP182026,7,2026-10-04 12:00:00,6 days 06:00:00,150,21.43,-111.68,982.2,66.8,4.814212539220279,171.02473355282257,159.80468180369073,133.05124179901165,142.55581577774677,55.58191898756522,46.50399135450854,29.68021893612784,42.92365151705224,4.814212539220279,1.631394187996344,0.0,2.173151491884739
2026-09-28 06:00:00,EP182026,7,2026-10-04 18:00:00,6 days 12:00:00,156,21.58,-112.25,981.1,67.3,50.86856542955172,227.8774726527689,182.1141604416489,139.52346252156568,202.70743025471623,95.24202436187312,74.24981044034257,54.54879406135922,79.57335006002901,50.86856542955172,18.41217122154815,13.449749816026207,18.733386689026297
2026-09-28 06:00:00,EP182026,7,2026-10-05 00:00:00,6 days 18:00:00,162,22.05,-113.05,980.6,65.6,57.29294771808493,151.27299857705515,134.9057137655478,98.87868221023,137.18194242646888,63.08156373420495,43.773910679504525,27.451279399154828,47.89800940653493,57.29294771808493,0.7610972097578732,0.0,2.478375989294534
2026-09-28 06:00:00,EP182026,7,2026-10-05 06:00:00,7 days 00:00:00,168,22.06,-114.0,978.0,73.6,14.950144752282682,158.8738105056243,149.72862739413642,142.58409905491214,159.54016098785536,14.950144752282682,3.1672163575880568,0.6034984154095184,6.019562863788348,14.950144752282682,0.0,0.0,0.0
2026-09-28 06:00:00,EP182026,7,2026-10-05 12:00:00,7 days 06:00:00,174,22.0,-114.9,991.9,55.1,19.46583277049772,79.882309360663,85.61919042208933,88.81574656694508,87.63880520255358,19.46583277049772,5.763696707765605,3.290541838090512,6.850281369019475,0.0,0.0,0.0,0.0
2026-09-28 06:00:00,EP182026,7,2026-10-05 18:00:00,7 days 12:00:00,180,21.95,-115.67,989.3,61.5,18.05237494305701,126.29553630731571,94.08406897251076,82.75032293766054,128.05786774759673,68.05227076837666,47.70860295852779,33.49725122638926,54.84529029626361,0.0,0.0,0.0,0.0
2026-09-28 06:00:00,EP182026,7,2026-10-06 00:00:00,7 days 18:00:00,186,21.9,-116.63,983.3,68.7,18.27067732487903,128.2389824432908,105.65865268248416,101.87115454555688,127.74754541144458,35.915638455302826,18.97651599726621,11.617624440876815,32.47494552537252,18.27067732487903,0.0,0.0,1.1328116777423034
2026-09-28 06:00:00,EP182026,7,2026-10-06 06:00:00,8 days 00:00:00,192,21.94,-117.38,986.2,62.5,12.927583682291584,121.8541205585849,88.09847514124158,73.8417864151719,111.30093118568664,46.69372832753896,30.394873083506155,18.609194813620466,38.96575996601251,0.0,0.0,0.0,0.0
2026-09-28 06:00:00,EP182026,7,2026-10-06 12:00:00,8 days 06:00:00,198,21.78,-118.3,986.9,62.6,11.767891446171486,123.24063985642432,88.9031298846295,74.85656663100143,122.17316388358996,60.754350722897925,44.41097286807465,29.425694835409985,48.93803151635502,0.0,0.0,0.0,0.0
2026-09-28 06:00:00,EP182026,7,2026-10-06 18:00:00,8 days 12:00:00,204,21.39,-119.54,985.5,75.2,4.029414182792067,119.58029169890813,100.31118310273864,114.76118509035254,134.38363771359963,53.11696508340718,46.38699989621525,36.28523351128837,46.09730428242736,1.6175151903518046,1.3877825639597177,0.8518788763597565,4.029414182792067
2026-09-28 06:00:00,EP182026,7,2026-10-07 00:00:00,8 days 18:00:00,210,21.66,-120.05,996.3,48.3,38.95169080447283,132.70411799302198,103.50340529385706,70.75599117875868,116.47159479559086,0.0,0.0,0.0,0.0,0.0,0.0,0.0,0.0
2026-09-28 06:00:00,EP182026,7,2026-10-07 06:00:00,9 days 00:00:00,216,21.06,-121.14,998.7,40.6,58.90457066756427,132.14989745747525,117.28773550648869,94.3246180352102,115.24962602464164,0.0,0.0,0.0,0.0,0.0,0.0,0.0,0.0
2026-09-28 06:00:00,EP182026,7,2026-10-07 12:00:00,9 days 06:00:00,222,20.75,-122.39,994.6,47.9,72.68867564484307,102.37869678193071,81.70331018492902,58.38314339969266,81.8337839249718,0.0,0.0,0.0,0.0,0.0,0.0,0.0,0.0
2026-09-28 06:00:00,EP182026,7,2026-10-07 18:00:00,9 days 12:00:00,228,20.3,-123.38,1001.7,38.0,93.0174137538764,102.7887757133911,82.05126492332423,75.0612718440354,102.81420804586848,0.0,0.0,0.0,0.0,0.0,0.0,0.0,0.0
2026-09-28 06:00:00,EP182026,7,2026-10-08 00:00:00,9 days 18:00:00,234,19.54,-124.54,997.0,43.5,45.35596289445667,98.10293849180503,72.18063190261893,61.71538427011848,89.32113408536685,0.0,0.0,0.0,0.0,0.0,0.0,0.0,0.0
2026-09-28 06:00:00,EP182026,7,2026-10-08 06:00:00,10 days 00:00:00,240,19.21,-125.38,997.2,40.3,46.42699461772169,46.42699461772169,14.468753701954263,5.441502278454212,9.04959724197048,0.0,0.0,0.0,0.0,0.0,0.0,0.0,0.0
2026-09-28 06:00:00,EP182026,7,2026-10-08 12:00:00,10 days 06:00:00,246,19.08,-126.12,1000.4,38.7,99.601251522142,99.601251522142,61.20690438500189,47.01255183088148,70.46242822787491,0.0,0.0,0.0,0.0,0.0,0.0,0.0,0.0
2026-09-28 06:00:00,EP182026,7,2026-10-08 18:00:00,10 days 12:00:00,252,18.8,-126.86,998.2,37.1,51.793849435597664,3.382748944661536,0.0,6.339659502006583,51.793849435597664,0.0,0.0,0.0,0.0,0.0,0.0,0.0,0.0
2026-09-28 06:00:00,EP182026,7,2026-10-09 00:00:00,10 days 18:00:00,258,18.66,-127.61,1001.6,33.9,86.10710002432398,0.0,0.0,0.0,0.0,0.0,0.0,0.0,0.0,0.0,0.0,0.0,0.0
2026-09-28 06:00:00,EP182026,7,2026-10-09 06:00:00,11 days 00:00:00,264,18.36,-128.79,1002.1,30.4,46.2897554481915,0.0,0.0,0.0,0.0,0.0,0.0,0.0,0.0,0.0,0.0,0.0,0.0
2026-09-28 06:00:00,EP182026,7,2026-10-09 12:00:00,11 days 06:00:00,270,18.2,-129.84,999.9,36.4,91.293727174615,91.293727174615,61.73169917452833,46.08029249984702,79.30239067289494,0.0,0.0,0.0,0.0,0.0,0.0,0.0,0.0
2026-09-28 06:00:00,EP182026,7,2026-10-09 18:00:00,11 days 12:00:00,276,18.2,-130.11,1003.6,30.6,132.32553366849973,0.0,0.0,0.0,0.0,0.0,0.0,0.0,0.0,0.0,0.0,0.0,0.0
2026-09-28 06:00:00,EP182026,7,2026-10-10 00:00:00,11 days 18:00:00,282,18.23,-130.63,998.1,39.2,56.21289332108557,56.21289332108557,5.535862429271873,2.3102016474097944,0.4377755901962814,0.0,0.0,0.0,0.0,0.0,0.0,0.0,0.0
2026-09-28 06:00:00,EP182026,7,2026-10-10 06:00:00,12 days 00:00:00,288,18.29,-130.8,1002.6,32.6,70.87860025634524,0.0,0.0,0.0,0.0,0.0,0.0,0.0,0.0,0.0,0.0,0.0,0.0
2026-09-28 06:00:00,EP182026,7,2026-10-10 12:00:00,12 days 06:00:00,294,18.16,-130.57,1001.6,32.8,38.45516505467458,0.0,0.0,0.0,0.0,0.0,0.0,0.0,0.0,0.0,0.0,0.0,0.0
2026-09-28 06:00:00,EP182026,7,2026-10-10 18:00:00,12 days 12:00:00,300,18.37,-129.68,999.9,38.1,69.78266637957555,89.2220041047776,79.79073533367506,48.691116535777525,69.65505126371808,0.0,0.0,0.0,0.0,0.0,0.0,0.0,0.0
2026-09-28 06:00:00,EP182026,7,2026-10-11 00:00:00,12 days 18:00:00,306,18.37,-129.22,1000.3,39.2,64.46169214174466,41.17734510376394,64.46169214174466,22.45794492045005,30.55904768073447,0.0,0.0,0.0,0.0,0.0,0.0,0.0,0.0
2026-09-28 06:00:00,EP182026,7,2026-10-11 06:00:00,13 days 00:00:00,312,18.98,-128.09,1000.8,36.9,89.80512276770418,124.67951964082432,110.50853759036082,69.87985197956814,93.61324962715808,0.0,0.0,0.0,0.0,0.0,0.0,0.0,0.0
2026-09-28 06:00:00,EP182026,7,2026-10-11 12:00:00,13 days 06:00:00,318,19.58,-126.8,1000.3,33.0,122.63237005657746,0.0,0.0,0.0,0.0,0.0,0.0,0.0,0.0,0.0,0.0,0.0,0.0
2026-09-28 06:00:00,EP182026,7,2026-10-11 18:00:00,13 days 12:00:00,324,20.14,-126.33,1004.8,28.1,74.45375032702844,0.0,0.0,0.0,0.0,0.0,0.0,0.0,0.0,0.0,0.0,0.0,0.0
2026-09-28 06:00:00,EP182026,7,2026-10-12 00:00:00,13 days 18:00:00,330,21.15,-125.64,1004.4,31.5,95.53098426782871,0.0,0.0,0.0,0.0,0.0,0.0,0.0,0.0,0.0,0.0,0.0,0.0
2026-09-28 06:00:00,EP182026,7,2026-10-12 06:00:00,14 days 00:00:00,336,22.45,-125.31,1005.0,28.6,77.63716857408177,0.0,0.0,0.0,0.0,0.0,0.0,0.0,0.0,0.0,0.0,0.0,0.0
2026-09-28 06:00:00,EP182026,7,2026-10-12 12:00:00,14 days 06:00:00,342,23.07,-125.49,1006.9,31.2,105.56541315490313,0.0,0.0,0.0,0.0,0.0,0.0,0.0,0.0,0.0,0.0,0.0,0.0
2026-09-28 06:00:00,EP182026,7,2026-10-12 18:00:00,14 days 12:00:00,348,24.31,-125.39,1001.7,31.6,97.61882530808448,0.0,0.0,0.0,0.0,0.0,0.0,0.0,0.0,0.0,0.0,0.0,0.0
2026-09-28 06:00:00,EP182026,7,2026-10-13 00:00:00,14 days 18:00:00,354,24.56,-125.04,1007.6,24.9,50.20359086988816,0.0,0.0,0.0,0.0,0.0,0.0,0.0,0.0,0.0,0.0,0.0,0.0
2026-09-28 06:00:00,EP182026,7,2026-10-13 06:00:00,15 days 00:00:00,360,25.6,-124.91,1009.4,23.1,119.10409354779392,0.0,0.0,0.0,0.0,0.0,0.0,0.0,0.0,0.0,0.0,0.0,0.0
2026-09-28 06:00:00,EP912026(3),7,2026-09-28 06:00:00,0 days 00:00:00,0,12.7,-136.6,1005.0,29.0,93.0,0.0,0.0,0.0,0.0,0.0,0.0,0.0,0.0,0.0,0.0,0.0,0.0
2026-09-28 06:00:00,EP912026(3),7,2026-09-28 12:00:00,0 days 06:00:00,6,14.06,-136.12,994.8,47.6,61.69227214653196,82.38441613549162,66.93844779889088,22.90952805843115,48.27573908097972,0.0,0.0,0.0,0.0,0.0,0.0,0.0,0.0
2026-09-28 06:00:00,EP912026(3),7,2026-09-28 18:00:00,0 days 12:00:00,12,14.63,-135.23,999.4,38.2,75.36579588504111,75.36579588504111,0.0,0.0,0.0,0.0,0.0,0.0,0.0,0.0,0.0,0.0,0.0
2026-09-28 06:00:00,EP912026(3),7,2026-09-29 00:00:00,0 days 18:00:00,18,14.84,-133.91,1001.9,38.1,86.61164770169438,4.902627214273124,86.61164770169438,0.0,0.0,0.0,0.0,0.0,0.0,0.0,0.0,0.0,0.0
2026-09-28 06:00:00,WP252026,7,2026-09-28 06:00:00,0 days 00:00:00,0,27.5,131.6,954.0,99.0,9.0,148.0,158.0,148.0,121.0,,,,,,,,
2026-09-28 06:00:00,WP252026,7,2026-09-28 12:00:00,0 days 06:00:00,6,27.61,132.22,981.4,58.3,70.39970021259808,117.87335412177048,142.7805711358717,109.4533763352947,89.66601175010294,19.21951464930001,70.39970021259808,14.70785298111219,8.939409870850977,0.0,0.0,0.0,0.0
2026-09-28 06:00:00,WP252026,7,2026-09-28 18:00:00,0 days 12:00:00,12,28.04,133.04,998.0,47.2,37.25554223112053,113.60853782441728,149.77741802293804,141.51293107340453,87.81783577109528,0.0,0.0,0.0,0.0,0.0,0.0,0.0,0.0
2026-09-28 06:00:00,WP252026,7,2026-09-29 00:00:00,0 days 18:00:00,18,28.63,133.96,996.6,38.6,140.13599189545354,246.770631783795,251.81225852401425,183.80688365650383,202.52352916356915,0.0,0.0,0.0,0.0,0.0,0.0,0.0,0.0
2026-09-28 06:00:00,WP252026,7,2026-09-29 06:00:00,1 days 00:00:00,24,29.2,134.81,1000.0,40.8,66.59156465157491,110.41619779509809,117.9014082995396,75.18767697263885,90.19929786103458,0.0,0.0,0.0,0.0,0.0,0.0,0.0,0.0
2026-09-28 06:00:00,WP252026,7,2026-09-29 12:00:00,1 days 06:00:00,30,29.65,135.95,999.5,39.0,115.25503998671564,59.57171278609616,115.25503998671564,44.29886522704364,45.08072239216818,0.0,0.0,0.0,0.0,0.0,0.0,0.0,0.0
2026-09-28 06:00:00,WP252026,7,2026-09-29 18:00:00,1 days 12:00:00,36,30.07,136.56,999.7,38.8,30.76019653149084,0.3496697154233246,30.76019653149084,4.747019990499709,0.0,0.0,0.0,0.0,0.0,0.0,0.0,0.0,0.0
2026-09-28 06:00:00,WP252026,7,2026-09-30 00:00:00,1 days 18:00:00,42,31.01,137.46,1000.5,34.5,85.94837717150617,85.94837717150617,17.81066894789017,0.308364199030116,3.2305929951916266,0.0,0.0,0.0,0.0,0.0,0.0,0.0,0.0
2026-09-28 06:00:00,WP252026,7,2026-09-30 06:00:00,2 days 00:00:00,48,31.87,138.98,998.1,39.7,52.92098036834796,14.551831071203196,52.92098036834796,12.61737909777912,8.28791517649006,0.0,0.0,0.0,0.0,0.0,0.0,0.0,0.0
2026-09-28 06:00:00,WP252026,7,2026-09-30 12:00:00,2 days 06:00:00,54,32.62,139.83,999.8,31.7,78.82593496967891,0.0,0.0,0.0,0.0,0.0,0.0,0.0,0.0,0.0,0.0,0.0,0.0
2026-09-28 06:00:00,WP252026,7,2026-09-30 18:00:00,2 days 12:00:00,60,33.28,140.86,1000.7,31.7,110.53421871267255,0.0,0.0,0.0,0.0,0.0,0.0,0.0,0.0,0.0,0.0,0.0,0.0
2026-09-28 06:00:00,WP252026,7,2026-10-01 00:00:00,2 days 18:00:00,66,34.66,142.55,1001.1,32.5,91.35435954737063,0.0,0.0,0.0,0.0,0.0,0.0,0.0,0.0,0.0,0.0,0.0,0.0
2026-09-28 06:00:00,WP252026,7,2026-10-01 06:00:00,3 days 00:00:00,72,35.93,144.14,1001.1,30.1,79.04890529205045,0.0,0.0,0.0,0.0,0.0,0.0,0.0,0.0,0.0,0.0,0.0,0.0
2026-09-28 06:00:00,WP252026,7,2026-10-01 12:00:00,3 days 06:00:00,78,37.47,146.65,999.3,29.1,63.75277948705392,0.0,0.0,0.0,0.0,0.0,0.0,0.0,0.0,0.0,0.0,0.0,0.0
2026-09-28 06:00:00,WP252026,7,2026-10-01 18:00:00,3 days 12:00:00,84,39.33,151.08,998.6,33.3,55.33876801467841,0.0,0.0,0.0,0.0,0.0,0.0,0.0,0.0,0.0,0.0,0.0,0.0
2026-09-28 06:00:00,WP252026,7,2026-10-02 00:00:00,3 days 18:00:00,90,41.92,156.24,991.6,39.8,97.21039987973518,0.0,97.21039987973518,0.0,0.0,0.0,0.0,0.0,0.0,0.0,0.0,0.0,0.0
2026-09-28 06:00:00,WP922026(4),7,2026-09-28 06:00:00,0 days 00:00:00,0,16.4,97.6,1001.0,29.0,64.0,0.0,0.0,0.0,0.0,0.0,0.0,0.0,0.0,0.0,0.0,0.0,0.0
2026-09-28 06:00:00,WP922026(4),7,2026-09-28 12:00:00,0 days 06:00:00,6,17.51,97.1,1004.2,19.2,94.56911843280812,0.0,0.0,0.0,0.0,0.0,0.0,0.0,0.0,0.0,0.0,0.0,0.0
2026-09-28 06:00:00,WP922026(4),7,2026-09-28 18:00:00,0 days 12:00:00,12,18.03,97.01,1007.2,20.1,41.88282338980409,0.0,0.0,0.0,0.0,0.0,0.0,0.0,0.0,0.0,0.0,0.0,0.0
2026-09-28 06:00:00,WP922026(4),7,2026-09-29 00:00:00,0 days 18:00:00,18,18.87,95.97,1003.3,20.9,117.9841980415465,0.0,0.0,0.0,0.0,0.0,0.0,0.0,0.0,0.0,0.0,0.0,0.0
2026-09-28 06:00:00,14,8,2026-10-03 18:00:00,5 days 12:00:00,132,11.47,162.96,1006.3,19.1,76.35297486935202,0.0,0.0,0.0,0.0,0.0,0.0,0.0,0.0,0.0,0.0,0.0,0.0
2026-09-28 06:00:00,14,8,2026-10-04 00:00:00,5 days 18:00:00,138,12.15,162.49,1005.2,25.0,48.88812282023636,0.0,0.0,0.0,0.0,0.0,0.0,0.0,0.0,0.0,0.0,0.0,0.0
2026-09-28 06:00:00,14,8,2026-10-04 06:00:00,6 days 00:00:00,144,11.58,162.13,999.7,31.0,70.08788319130024,0.0,0.0,0.0,0.0,0.0,0.0,0.0,0.0,0.0,0.0,0.0,0.0
2026-09-28 06:00:00,14,8,2026-10-04 12:00:00,6 days 06:00:00,150,10.22,162.14,1003.6,24.0,124.114904637675,0.0,0.0,0.0,0.0,0.0,0.0,0.0,0.0,0.0,0.0,0.0,0.0
2026-09-28 06:00:00,14,8,2026-10-04 18:00:00,6 days 12:00:00,156,10.53,161.91,1000.7,25.7,39.004438511819664,0.0,0.0,0.0,0.0,0.0,0.0,0.0,0.0,0.0,0.0,0.0,0.0
2026-09-28 06:00:00,14,8,2026-10-05 00:00:00,6 days 18:00:00,162,10.82,162.2,998.8,37.2,57.113616428072106,198.6663168715402,186.85187638289412,152.87369590263643,165.1260369845774,0.0,0.0,0.0,0.0,0.0,0.0,0.0,0.0
2026-09-28 06:00:00,14,8,2026-10-05 06:00:00,7 days 00:00:00,168,10.63,162.32,999.6,35.3,57.39107317382589,0.0,2.534548712188744,57.39107317382589,2.120631011731079,0.0,0.0,0.0,0.0,0.0,0.0,0.0,0.0
2026-09-28 06:00:00,14,8,2026-10-05 12:00:00,7 days 06:00:00,174,10.77,161.92,993.3,51.1,45.852165244276165,124.6671645046386,101.29296622086144,94.2939784715818,112.9295142162181,0.0,0.0,0.0,45.852165244276165,0.0,0.0,0.0,0.0
2026-09-28 06:00:00,14,8,2026-10-05 18:00:00,7 days 12:00:00,180,10.81,162.12,993.1,54.5,31.92038422505772,149.39184004760332,155.1467613252294,126.96138099838235,132.36124045702223,31.92038422505772,13.40209585136548,9.548843017879168,10.691136638837689,0.0,0.0,0.0,0.0
2026-09-28 06:00:00,14,8,2026-10-06 00:00:00,7 days 18:00:00,186,11.26,162.25,988.7,57.2,11.407775405730716,44.08908543232701,54.87651598503453,42.37230179952894,46.99675111871238,12.107475474138369,10.861990770966711,7.454965784383603,10.11335021513105,0.0,0.0,0.0,0.0
2026-09-28 06:00:00,14,8,2026-10-06 06:00:00,8 days 00:00:00,192,11.41,162.08,985.2,61.8,32.78707251102057,89.46470741720069,82.22855733969706,66.56606569658376,68.67987506879152,32.78707251102057,6.951189644266222,2.6022964856402684,6.4802969115541895,0.0,0.0,0.0,0.0
2026-09-28 06:00:00,14,8,2026-10-06 12:00:00,8 days 06:00:00,198,12.0,161.63,985.2,63.3,21.92355649783684,162.3655728728295,127.49433390474178,105.68653977196436,136.3845767542922,21.92355649783684,3.8415609721241495,0.9950345373014926,4.185645699435852,0.0,0.0,0.0,0.0
2026-09-28 06:00:00,14,8,2026-10-06 18:00:00,8 days 12:00:00,204,12.32,161.12,981.5,72.4,33.80405346297222,170.99851354021337,143.4885751978184,124.99140467704558,155.97451947202364,87.20975468172094,73.14564158955949,55.29779932521527,77.17164317773279,41.379583546715786,34.7729624989239,25.530391960555857,34.01630376952792
2026-09-28 06:00:00,14,8,2026-10-07 00:00:00,8 days 18:00:00,210,12.65,160.82,970.1,83.9,29.862270142809592,175.90144904658334,147.1970822752386,143.07962768747493,160.69584038236854,93.19303103451114,81.82237011631724,68.20632167982797,82.53073342116377,47.37743434606583,41.579129445336704,33.774101547725465,40.6347810982548
2026-09-28 06:00:00,14,8,2026-10-07 06:00:00,9 days 00:00:00,216,13.24,160.6,970.9,83.6,14.31697133993788,126.6604167411608,110.77742173840072,103.09450277188444,112.34273851079688,60.51912695670649,50.79435774744061,38.927955832904246,53.025057939715154,28.53300766761693,24.12336681834125,18.33432772423689,23.57792546772561
2026-09-28 06:00:00,14,8,2026-10-07 12:00:00,9 days 06:00:00,222,13.34,160.02,966.1,85.2,35.84012511299662,141.35719534827413,119.36276685610731,116.92486726210484,125.19022356603732,35.84012511299662,0.2503317111996026,1.186978858300971,35.84012511299662,0.4221188025527466,0.0,0.0,35.84012511299662
2026-09-28 06:00:00,14,8,2026-10-07 18:00:00,9 days 12:00:00,228,13.64,159.17,958.5,95.2,27.51677050073023,232.13320153718345,189.1190503781768,176.7976264415273,241.91621289308847,127.99600973198784,109.5050004284562,89.09502823893752,116.46428015164445,68.19326747623663,58.90715739926338,47.717116972492114,60.10579897906163
2026-09-28 06:00:00,14,8,2026-10-08 00:00:00,9 days 18:00:00,234,13.51,158.86,974.9,73.1,18.334241254364255,127.40292718857768,111.3941650704446,109.66609188412974,130.57285363220615,57.09729210353018,51.487294493785214,40.40490010324953,50.64083257771324,18.334241254364255,11.511078453464249,8.022341361904138,11.014764294195428
2026-09-28 06:00:00,14,8,2026-10-08 06:00:00,10 days 00:00:00,240,13.96,158.3,969.4,91.7,10.97294280340725,178.5534681777949,145.0546859774131,123.5279197817481,157.17511816065553,0.1196213590653414,0.0,0.0,10.97294280340725,0.1196213590653414,0.0,0.0,10.97294280340725
2026-09-28 06:00:00,14,8,2026-10-08 12:00:00,10 days 06:00:00,246,13.79,157.53,963.7,85.5,15.558129757147729,142.5334839513112,136.6959272305448,151.02402988214143,160.56378599438133,84.04465257998623,72.5957486090834,63.94299131965915,80.31696556129353,45.44351430332002,39.25121145196713,33.50907265004681,39.91228751223964
2026-09-28 06:00:00,14,8,2026-10-08 18:00:00,10 days 12:00:00,252,13.6,157.0,972.8,79.0,0.4964463142579163,146.6181054664391,131.91568832199746,139.5096935478505,154.4525856618164,1.8666442234246403,0.0,0.0,5.307741178144431,0.0602915516052728,0.0,0.0,1.067700900663297
2026-09-28 06:00:00,14,8,2026-10-09 00:00:00,10 days 18:00:00,258,13.69,156.14,972.9,85.2,10.338606049041855,141.4729223680361,122.72408232876714,125.1289960098487,143.46997126592538,1.140133896968191,0.0,0.0,10.338606049041855,0.1221354881300564,0.0,0.0,10.338606049041855
2026-09-28 06:00:00,14,8,2026-10-09 06:00:00,11 days 00:00:00,264,13.51,155.54,970.2,80.4,42.5768396718469,165.77164604676764,145.7603430260308,163.12500581497494,183.30856871364492,102.11717886949069,85.90780307189142,74.77945384760838,94.79553531106076,53.3410401158305,44.59750174619384,36.71952560520416,45.796187409717376
2026-09-28 06:00:00,14,8,2026-10-09 12:00:00,11 days 06:00:00,270,13.53,154.69,963.8,87.4,23.97940462583562,170.82343804887154,163.6203118701225,172.32835645496266,186.62386700103687,112.62423359008662,103.31042518947748,90.9619683347684,105.17257301766914,62.91299445680976,58.37921297248193,49.75657906293285,56.60842342211879
2026-09-28 06:00:00,14,8,2026-10-09 18:00:00,11 days 12:00:00,276,13.42,154.28,960.6,97.5,31.045555668160496,214.34531620197924,170.27539202969595,165.56400069240686,213.5265995457144,122.82433236500108,99.86685431993544,83.91646351507211,109.88935993881518,64.42542514914888,56.38303689751236,45.89116034341115,58.159327857367394
2026-09-28 06:00:00,14,8,2026-10-10 00:00:00,11 days 18:00:00,282,14.04,153.29,958.5,95.7,5.316941950080508,155.9028065538678,146.18213138538812,131.36351307074182,144.59578740410376,87.1480799895647,72.31541957881558,59.45691509346194,77.53065994874501,46.76464840002316,40.1604133472805,33.515869218911746,41.92943800296764
2026-09-28 06:00:00,14,8,2026-10-10 06:00:00,12 days 00:00:00,288,14.52,152.78,948.9,107.6,0.0,162.48666322768173,151.0060635230372,151.97846598713062,160.62716939799878,87.65582200192836,74.34272702411756,61.34561980571552,81.56141918330879,47.18922771975807,40.45923797327737,32.443017778943464,40.53607924343896
2026-09-28 06:00:00,14,8,2026-10-10 12:00:00,12 days 06:00:00,294,15.36,151.96,924.5,131.7,0.0,140.22015653114977,135.55386327591748,116.02497625618317,136.80094383944478,44.92932962547404,30.46160295135034,24.837127856794616,43.60947068146335,25.11398414793057,20.367271457743527,16.238705398030636,23.25951244550421
2026-09-28 06:00:00,14,8,2026-10-10 18:00:00,12 days 12:00:00,300,15.62,151.41,936.7,121.7,0.299509650469286,247.85979410269115,221.6814590704945,178.08778907052414,219.32044469885204,129.13869141604508,107.29814823513593,88.09381695128548,112.38627689402335,67.11140657318121,58.92662864021311,47.59186293361219,58.325856792377465
2026-09-28 06:00:00,14,8,2026-10-11 00:00:00,12 days 18:00:00,306,16.6,150.85,946.6,111.8,0.0,133.90230766991132,139.5973342054094,94.71212351139546,102.98175961678604,39.71186936643223,29.489954897128808,16.688821655304565,31.768144797101684,19.844236166711696,14.365351048053387,10.082369204285914,15.88424870409894
2026-09-28 06:00:00,14,8,2026-10-11 06:00:00,13 days 00:00:00,312,17.7,150.35,937.9,109.2,8.755336699396697,277.898115194274,271.98875733353987,216.85812028631267,225.92124663596957,17.524692467825105,16.34037273072117,4.366966794207031,9.740115263554316,8.755336699396697,5.500561221213779,2.3581613248572197,4.634776517499192
2026-09-28 06:00:00,14,8,2026-10-11 12:00:00,13 days 06:00:00,318,18.44,149.93,923.4,129.2,29.42915991240845,436.7534793028405,412.6399551837002,354.3548558541472,387.4632312045562,1.477648638457465,0.0713201393930704,0.0266248910659157,29.42915991240845,1.0892259108902924,0.0713201393930704,0.0266248910659157,29.42915991240845
2026-09-28 06:00:00,14,8,2026-10-11 18:00:00,13 days 12:00:00,324,19.32,149.38,948.9,103.2,20.715384400381936,238.3429034066928,239.21605628938727,154.75556964480586,185.93183552365804,79.02372323607466,63.1761890772658,38.08252816150892,58.52994067525617,36.79247799210813,30.677792249698623,22.778651302583228,30.81052103249378
2026-09-28 06:00:00,14,8,2026-10-12 00:00:00,13 days 18:00:00,330,20.25,148.74,929.0,126.3,11.967788508709612,255.39444862550275,261.07755633775315,212.51140102426024,208.0848445088482,11.967788508709612,2.738573598087129,0.0,1.816561103473664,11.967788508709612,0.0,0.0,0.8744265098943841
2026-09-28 06:00:00,14,8,2026-10-12 06:00:00,14 days 00:00:00,336,21.3,148.58,924.1,122.4,0.0,182.1858276477793,180.13513109655815,144.8523316752594,150.9114588445894,19.61104137806997,18.23835651914755,7.965570454520034,14.630716887822809,8.407736242624686,7.892772696089751,5.002190368128986,7.6083513490404755
2026-09-28 06:00:00,14,8,2026-10-12 12:00:00,14 days 06:00:00,342,22.07,147.78,938.2,117.3,0.0,220.8394860648089,218.6844513092064,161.1642622794195,177.45579418708076,96.30903639809704,89.50981164806831,67.98601358388981,81.90483688645573,51.02347720934696,46.75470388898897,36.763962456328045,42.5163557433561
2026-09-28 06:00:00,14,8,2026-10-12 18:00:00,14 days 12:00:00,348,22.94,147.68,944.5,105.5,4.031961758650652,250.4049378165364,257.336189670406,176.5222221969707,202.5803628179356,109.95670276430565,102.17670679272088,74.18157325170125,88.69890184839483,56.65090645039089,51.75944481203061,41.365482997740685,47.31859757496875
2026-09-28 06:00:00,14,8,2026-10-13 00:00:00,14 days 18:00:00,354,24.36,147.34,936.3,117.8,0.0,142.46073013468643,178.63290414380504,138.66436333884326,127.26209704475288,71.90769156688896,74.46196742496271,57.65782906014456,62.15664133928617,41.096555463946686,39.03035899991443,31.826385477473558,34.51002112056587
2026-09-28 06:00:00,14,8,2026-10-13 06:00:00,15 days 00:00:00,360,25.27,147.62,947.4,102.8,39.18478467974299,388.8526975833468,389.7325608062673,289.37059569814176,308.21804552716594,119.08759228128936,113.8515248009532,80.66267587313341,97.36597130623578,62.420004103693856,56.887410247659815,44.89409212757789,52.045297714613945
2026-09-28 06:00:00,15,8,2026-10-04 06:00:00,6 days 00:00:00,144,14.74,-130.77,1006.5,21.8,126.54694805641572,0.0,0.0,0.0,0.0,0.0,0.0,0.0,0.0,0.0,0.0,0.0,0.0
2026-09-28 06:00:00,15,8,2026-10-04 12:00:00,6 days 06:00:00,150,14.46,-130.97,1004.3,31.8,119.7053748079741,0.0,0.0,0.0,0.0,0.0,0.0,0.0,0.0,0.0,0.0,0.0,0.0
2026-09-28 06:00:00,15,8,2026-10-04 18:00:00,6 days 12:00:00,156,14.59,-131.22,1004.3,22.7,33.85151854168576,0.0,0.0,0.0,0.0,0.0,0.0,0.0,0.0,0.0,0.0,0.0,0.0
2026-09-28 06:00:00,15,8,2026-10-05 00:00:00,6 days 18:00:00,162,14.04,-131.24,1004.4,28.0,39.736091646077,0.0,0.0,0.0,0.0,0.0,0.0,0.0,0.0,0.0,0.0,0.0,0.0
2026-09-28 06:00:00,15,8,2026-10-05 06:00:00,7 days 00:00:00,168,13.94,-131.34,1005.5,24.1,93.19978867733651,0.0,0.0,0.0,0.0,0.0,0.0,0.0,0.0,0.0,0.0,0.0,0.0
2026-09-28 06:00:00,15,8,2026-10-05 12:00:00,7 days 06:00:00,174,13.9,-131.25,1006.1,23.3,63.29485745712441,0.0,0.0,0.0,0.0,0.0,0.0,0.0,0.0,0.0,0.0,0.0,0.0
2026-09-28 06:00:00,15,8,2026-10-05 18:00:00,7 days 12:00:00,180,13.7,-131.01,1007.0,20.6,112.88702961007242,0.0,0.0,0.0,0.0,0.0,0.0,0.0,0.0,0.0,0.0,0.0,0.0
2026-09-28 06:00:00,15,8,2026-10-06 00:00:00,7 days 18:00:00,186,13.61,-131.55,1003.2,26.4,29.460858388454668,0.0,0.0,0.0,0.0,0.0,0.0,0.0,0.0,0.0,0.0,0.0,0.0
2026-09-28 06:00:00,15,8,2026-10-06 06:00:00,8 days 00:00:00,192,13.26,-131.75,1006.1,24.8,94.44468956786586,0.0,0.0,0.0,0.0,0.0,0.0,0.0,0.0,0.0,0.0,0.0,0.0
2026-09-28 06:00:00,15,8,2026-10-06 12:00:00,8 days 06:00:00,198,13.16,-132.79,1005.2,21.2,24.086603938644544,0.0,0.0,0.0,0.0,0.0,0.0,0.0,0.0,0.0,0.0,0.0,0.0
2026-09-28 06:00:00,15,8,2026-10-06 18:00:00,8 days 12:00:00,204,13.06,-132.73,1006.3,23.4,67.85576746709015,0.0,0.0,0.0,0.0,0.0,0.0,0.0,0.0,0.0,0.0,0.0,0.0
2026-09-28 06:00:00,15,8,2026-10-07 00:00:00,8 days 18:00:00,210,13.66,-133.5,1007.2,21.7,143.98808366964897,0.0,0.0,0.0,0.0,0.0,0.0,0.0,0.0,0.0,0.0,0.0,0.0
2026-09-28 06:00:00,15,8,2026-10-07 06:00:00,9 days 00:00:00,216,12.95,-133.56,1007.6,24.2,138.21544140729753,0.0,0.0,0.0,0.0,0.0,0.0,0.0,0.0,0.0,0.0,0.0,0.0
2026-09-28 06:00:00,15,8,2026-10-07 12:00:00,9 days 06:00:00,222,13.08,-133.8,1005.7,28.9,97.00543975655144,0.0,0.0,0.0,0.0,0.0,0.0,0.0,0.0,0.0,0.0,0.0,0.0
2026-09-28 06:00:00,15,8,2026-10-07 18:00:00,9 days 12:00:00,228,12.89,-135.11,1004.4,28.2,71.98338970225221,0.0,0.0,0.0,0.0,0.0,0.0,0.0,0.0,0.0,0.0,0.0,0.0
2026-09-28 06:00:00,21,8,2026-10-09 12:00:00,11 days 06:00:00,270,12.84,-92.53,1000.3,44.5,80.27530315269237,118.6673720466414,100.4792056021331,71.2064962870038,85.44192341321445,0.0,0.0,0.0,0.0,0.0,0.0,0.0,0.0
2026-09-28 06:00:00,21,8,2026-10-09 18:00:00,11 days 12:00:00,276,12.9,-92.47,1001.5,38.1,62.38339774636368,62.38339774636368,42.24096244992279,26.084999504693617,32.873506338320226,0.0,0.0,0.0,0.0,0.0,0.0,0.0,0.0
2026-09-28 06:00:00,21,8,2026-10-10 00:00:00,11 days 18:00:00,282,13.46,-92.48,995.4,45.2,29.63333421940517,36.70967967777792,32.48731533116231,18.171442924400186,22.34239803040269,0.0,0.0,0.0,0.0,0.0,0.0,0.0,0.0
2026-09-28 06:00:00,21,8,2026-10-10 06:00:00,12 days 00:00:00,288,13.67,-92.45,993.5,61.3,15.413312323988109,75.50499829867076,76.59452945657986,57.4552092640483,63.70004985261357,35.41455005203297,33.135002661443124,28.59380647465341,29.42651279164036,0.0,0.0,0.0,0.0
2026-09-28 06:00:00,21,8,2026-10-10 12:00:00,12 days 06:00:00,294,14.23,-92.48,987.1,66.4,11.97974954408583,86.25841369425063,74.15287943651394,49.03733884343339,72.92364110820918,30.16745339966365,21.378905271572176,11.417186819801184,25.63433628199701,11.97974954408583,7.9309488703962465,4.107312766789928,8.664254140075574
2026-09-28 06:00:00,21,8,2026-10-10 18:00:00,12 days 12:00:00,300,14.25,-93.13,972.2,84.7,38.42938833931772,120.24547635146637,82.74672351586793,46.69186547980251,109.77099942231314,49.45572017313018,32.59218467085262,21.21679779908369,40.11471507410049,38.42938833931772,14.77358503966233,11.709364987858327,17.804617240972572
2026-09-28 06:00:00,21,8,2026-10-11 00:00:00,12 days 18:00:00,306,13.49,-93.23,990.4,54.9,26.181735928114733,14.354416658954875,26.181735928114733,26.181735928114733,10.68515077999308,0.0,0.0,26.181735928114733,0.0,0.0,0.0,0.0,0.0
2026-09-28 06:00:00,21,8,2026-10-11 06:00:00,13 days 00:00:00,312,14.28,-93.34,1000.1,38.5,49.124434143374266,49.124434143374266,0.0,2.8848531832674347,5.24895809882754,0.0,0.0,0.0,0.0,0.0,0.0,0.0,0.0
2026-09-28 06:00:00,21,8,2026-10-11 12:00:00,13 days 06:00:00,318,14.72,-93.53,1000.0,46.8,45.22167789171517,45.22167789171517,10.523770889508178,2.268771902076047,17.615179860650258,0.0,0.0,0.0,0.0,0.0,0.0,0.0,0.0
2026-09-28 06:00:00,21,8,2026-10-11 18:00:00,13 days 12:00:00,324,14.69,-93.92,995.2,57.1,34.19310689862567,34.19310689862567,11.263669415798244,34.19310689862567,10.095833430728783,0.0,0.6329473084965258,34.19310689862567,0.0,0.0,0.0,0.0,0.0
2026-09-28 06:00:00,21,8,2026-10-12 00:00:00,13 days 18:00:00,330,15.0,-95.25,999.9,40.9,73.34836293079319,107.93123435206786,107.96427530049462,99.09853849012735,99.30296444666638,0.0,0.0,0.0,0.0,0.0,0.0,0.0,0.0
2026-09-28 06:00:00,21,8,2026-10-12 06:00:00,14 days 00:00:00,336,16.47,-95.39,1004.9,28.1,82.48433547114973,0.0,0.0,0.0,0.0,0.0,0.0,0.0,0.0,0.0,0.0,0.0,0.0
2026-09-28 06:00:00,7,8,2026-09-29 00:00:00,0 days 18:00:00,18,15.05,154.49,1007.3,16.8,80.48689326332197,0.0,0.0,0.0,0.0,0.0,0.0,0.0,0.0,0.0,0.0,0.0,0.0
2026-09-28 06:00:00,7,8,2026-09-29 06:00:00,1 days 00:00:00,24,15.84,153.98,1006.3,22.7,121.17121134402724,0.0,0.0,0.0,0.0,0.0,0.0,0.0,0.0,0.0,0.0,0.0,0.0
2026-09-28 06:00:00,7,8,2026-09-29 12:00:00,1 days 06:00:00,30,15.48,153.66,1006.7,15.7,66.87628918223743,0.0,0.0,0.0,0.0,0.0,0.0,0.0,0.0,0.0,0.0,0.0,0.0
2026-09-28 06:00:00,7,8,2026-09-29 18:00:00,1 days 12:00:00,36,15.13,152.64,1005.2,18.9,132.4378792354678,0.0,0.0,0.0,0.0,0.0,0.0,0.0,0.0,0.0,0.0,0.0,0.0
2026-09-28 06:00:00,7,8,2026-09-30 00:00:00,1 days 18:00:00,42,15.63,152.88,1001.9,21.7,120.29603257177658,0.0,0.0,0.0,0.0,0.0,0.0,0.0,0.0,0.0,0.0,0.0,0.0
2026-09-28 06:00:00,7,8,2026-09-30 06:00:00,2 days 00:00:00,48,15.84,152.15,1002.3,25.0,118.61042045299423,0.0,0.0,0.0,0.0,0.0,0.0,0.0,0.0,0.0,0.0,0.0,0.0
2026-09-28 06:00:00,7,8,2026-09-30 12:00:00,2 days 06:00:00,54,16.28,150.96,1000.0,32.2,68.69096871587016,0.0,0.0,0.0,0.0,0.0,0.0,0.0,0.0,0.0,0.0,0.0,0.0
2026-09-28 06:00:00,7,8,2026-09-30 18:00:00,2 days 12:00:00,60,16.15,149.58,998.9,37.9,70.63140698127333,70.63140698127333,46.027836301001656,38.04237369473344,46.74936111767252,0.0,0.0,0.0,0.0,0.0,0.0,0.0,0.0
2026-09-28 06:00:00,7,8,2026-10-01 00:00:00,2 days 18:00:00,66,16.58,149.02,995.8,38.3,76.02370800157473,76.02370800157473,6.198090827951177,0.0,4.8300532724018055,0.0,0.0,0.0,0.0,0.0,0.0,0.0,0.0
2026-09-28 06:00:00,7,8,2026-10-01 06:00:00,3 days 00:00:00,72,16.66,148.2,985.0,53.2,31.98952137565156,71.32661409226066,57.62769307456578,44.83644677738372,55.80966013730625,31.98952137565156,0.0,0.1124489718042829,0.3924394162894895,0.0,0.0,0.0,0.0
2026-09-28 06:00:00,7,8,2026-10-01 12:00:00,3 days 06:00:00,78,16.94,147.51,987.6,56.7,41.6856909717044,129.26626077416535,112.13221393320696,84.58726127505814,120.15458779773778,41.6856909717044,23.44276889576673,19.44949065737651,24.056809534303703,0.0,0.0,0.0,0.0
2026-09-28 06:00:00,7,8,2026-10-01 18:00:00,3 days 12:00:00,84,17.0,147.05,974.7,74.9,48.76543676121934,208.91450319360453,176.47791268020669,141.55451013001826,170.6496536953365,104.83320037060864,88.03244403561787,65.36352265402043,89.2289482950647,49.59960954624528,42.26978919588901,31.959881673034403,41.06527515435771
2026-09-28 06:00:00,7,8,2026-10-02 00:00:00,3 days 18:00:00,90,17.35,146.47,962.2,86.2,25.14066305091103,210.23558541910143,173.486820810574,145.2913120484887,181.4719307636849,85.1905275336307,73.05312960001115,58.372809619440005,71.49538196648615,41.22185764052027,36.187686183680015,29.395486235056147,34.957782482542704
2026-09-28 06:00:00,7,8,2026-10-02 06:00:00,4 days 00:00:00,96,17.79,146.39,964.1,77.2,13.80702999843628,129.2261287949628,143.97999204962076,120.83222775953884,100.15463145761716,31.24622009904545,28.0728179105107,17.3894450581411,24.496923657836223,13.80702999843628,11.792652669810208,7.605469266844942,9.706239431800896
2026-09-28 06:00:00,7,8,2026-10-02 12:00:00,4 days 06:00:00,102,17.84,146.34,965.8,81.6,45.60539209519612,356.35270075321847,350.0778580824668,291.8220244552023,294.6314490366705,133.65601889863382,127.9741498972546,104.8373120426254,114.05020048913842,67.59303044140111,64.26113522878508,52.61874215119927,57.590856032265165
2026-09-28 06:00:00,7,8,2026-10-02 18:00:00,4 days 12:00:00,108,18.85,146.39,962.6,89.0,18.87957380303758,390.7631852351914,368.4236893216912,315.98532546687034,338.53604299569975,227.098448194492,215.6749449777495,176.2946489206901,198.3984820047945,118.71461612971692,112.41972511005976,92.93470029179426,102.57033400801772
2026-09-28 06:00:00,7,8,2026-10-03 00:00:00,4 days 18:00:00,114,19.24,146.21,927.1,129.4,10.061713949046547,272.92864565952345,275.8174006294949,238.0705200216828,239.5826710791172,107.95531251825123,98.86280642731036,83.24375945323385,94.62433015857071,58.84185864951355,54.29744453427639,44.95328403581804,50.10105297509739
2026-09-28 06:00:00,7,8,2026-10-03 06:00:00,5 days 00:00:00,120,19.93,146.39,926.3,127.4,16.863541643098202,274.6461174411297,293.92451554221486,255.58085881454397,234.76417105017867,155.66842949572447,157.5189456393257,132.68653763340342,135.60617002873022,87.41810048836567,85.68154680216946,73.93792107615675,76.75937441288619
2026-09-28 06:00:00,7,8,2026-10-03 12:00:00,5 days 06:00:00,126,20.0,146.26,920.8,129.0,44.130800707540494,344.6696756855972,343.4132201865537,358.9319729188123,334.8897190381627,200.885374607816,196.97016341249247,180.9815987104624,188.36681736933937,114.86082014486486,112.58227624696016,98.08304145235547,102.95468127233424
2026-09-28 06:00:00,7,8,2026-10-03 18:00:00,5 days 12:00:00,132,20.67,146.4,916.3,135.8,5.068176638303626,314.0476776515859,352.0864285111782,295.79970089987984,261.8739852874248,26.337631159813924,35.37115535143951,26.41240763271649,19.07089398622006,14.23121477621421,18.20471435798597,13.495958511711727,11.605211058482922
2026-09-28 06:00:00,7,8,2026-10-04 00:00:00,5 days 18:00:00,138,21.77,146.26,924.6,127.2,29.88965086478136,407.0917252725197,406.44831415331146,356.48814558876484,353.2046100743871,247.5093220497987,245.62773941604155,212.96002487309897,222.6605292515723,140.21529938620785,138.12758073218987,116.7264122173802,123.67136900539352
2026-09-28 06:00:00,7,8,2026-10-04 06:00:00,6 days 00:00:00,144,22.45,146.13,915.0,127.6,34.8414800833025,447.9905059660321,457.87465897521474,372.34964970955593,381.85461679973855,43.52789039217007,41.61026588193658,25.4085890862655,30.46377882062845,34.8414800833025,18.86640990458492,14.231657454665758,16.203273594043644
2026-09-28 06:00:00,7,8,2026-10-04 12:00:00,6 days 06:00:00,150,23.09,145.5,909.6,135.3,28.430100811894132,332.83236538368783,311.116415714308,277.1722097780171,304.16819719917885,183.90228462791129,175.39965992555017,149.92098839486812,167.48358394486104,103.98505065742016,98.77085830584429,83.28640211895231,91.667108214427
2026-09-28 06:00:00,7,8,2026-10-04 18:00:00,6 days 12:00:00,156,24.21,145.55,902.1,138.8,6.103391762847508,493.39820255208434,490.2703884714754,420.0751833073322,443.59329320101847,289.82939369296287,287.09613857031763,240.8899925966226,255.6844882821238,154.60769972959653,151.3509747435555,129.28192804034296,136.37673665733766
2026-09-28 06:00:00,7,8,2026-10-05 00:00:00,6 days 18:00:00,162,25.56,145.45,923.9,128.8,0.9156111828931444,343.4836185193849,350.4490182097197,276.080675926361,278.9045105271939,178.38167109437222,175.57652293650904,140.57602781195146,151.7065161962646,95.66332947476292,91.73667667306064,75.85956036041625,81.91052723604184
2026-09-28 06:00:00,7,8,2026-10-05 06:00:00,7 days 00:00:00,168,27.05,145.28,936.7,96.0,87.17481713962954,595.7793019244695,619.5145519445434,521.0466123698891,525.3577632038009,218.3421266136445,226.7656045996568,185.2830165387818,187.17348526069676,120.09198687728932,118.45431545201797,101.90753444125647,105.9396266931852
2026-09-28 06:00:00,7,8,2026-10-05 12:00:00,7 days 06:00:00,174,28.42,145.76,945.4,94.7,20.98657409775564,378.97785179758966,403.3681843369058,313.17061672981504,310.16558103196485,224.65108004482067,222.65581449737545,182.4694469486975,191.5843840513625,120.19986695222023,116.99554807761768,98.27290273843936,104.12540251574228
2026-09-28 06:00:00,7,8,2026-10-05 18:00:00,7 days 12:00:00,180,29.21,146.05,930.6,112.2,22.60899602295016,441.9845220384983,478.0070644010828,393.1470297865757,367.1797126267575,265.2717750851979,274.5644748522727,228.59788992567357,228.0116184201056,148.12654186301435,148.14068155991146,125.0967552073531,128.6232597275947
2026-09-28 06:00:00,7,8,2026-10-06 00:00:00,7 days 18:00:00,186,31.08,146.77,952.1,85.1,17.961238349702178,361.43434553871936,405.64174578882336,326.6465322313957,307.12987766909623,221.7710649372883,232.1877394980573,194.93532984070887,196.34929906932888,123.4005845813148,123.52619173175614,105.2352044719012,108.6432536621884
2026-09-28 06:00:00,7,8,2026-10-06 06:00:00,8 days 00:00:00,192,32.26,147.5,951.4,87.8,99.42467287749038,602.4632964595133,657.5510225050605,541.1545976986472,514.4012393832932,248.1496061869972,269.0183636181457,225.7035723217665,211.00499943426195,137.8834919728701,141.4442657381844,121.35974024762282,120.92752587801964
2026-09-28 06:00:00,7,8,2026-10-06 12:00:00,8 days 06:00:00,198,33.85,148.46,959.5,76.8,28.224896763591914,338.063325215564,383.3092865889557,304.699735682596,275.8168138980145,198.71001060950584,218.06928738250645,181.59166112245657,172.48958382393357,110.70338636557608,113.94871591618175,96.67741248376024,97.20530950145712
2026-09-28 06:00:00,7,8,2026-10-06 18:00:00,8 days 12:00:00,204,35.26,149.93,957.4,80.2,23.401032147651613,379.6056469672989,441.1919382571969,341.7491536510552,320.9549386994501,237.82624488322443,254.00071843867792,211.96588223269504,202.9821225422751,130.05848892221672,133.16123917852434,113.8991342265926,114.30923549964037
2026-09-28 06:00:00,7,8,2026-10-07 00:00:00,8 days 18:00:00,210,37.13,151.08,971.5,59.0,118.57861850273156,313.6991448832473,359.6815424064225,279.1233873191884,260.81106848430613,92.86420480230449,118.57861850273156,81.06853439313912,74.55148595200365,0.0,0.0,0.0,0.0
2026-09-28 06:00:00,7,8,2026-10-07 06:00:00,9 days 00:00:00,216,38.55,153.08,974.9,52.9,88.15212878936723,344.1086976315992,399.1037348558151,320.5828455151452,287.8466020700711,212.23627246352925,227.26047756446135,183.6075180838416,175.18338672969958,0.0,0.0,0.0,0.0
2026-09-28 06:00:00,7,8,2026-10-07 12:00:00,9 days 06:00:00,222,40.14,155.15,979.7,49.1,170.0913034858313,381.4021751326436,415.2734364247663,328.9842070542509,320.1913550931058,0.0,0.0,0.0,0.0,0.0,0.0,0.0,0.0
2026-09-28 06:00:00,7,8,2026-10-07 18:00:00,9 days 12:00:00,228,41.0,157.26,980.0,37.9,59.3468130690395,161.98231156029908,188.3682996146732,131.12656649781428,115.92531409997844,0.0,0.0,0.0,0.0,0.0,0.0,0.0,0.0
2026-09-28 06:00:00,7,8,2026-10-08 00:00:00,9 days 18:00:00,234,41.52,157.72,988.9,42.1,116.13901696808476,116.13901696808476,0.0,0.0,0.0,0.0,0.0,0.0,0.0,0.0,0.0,0.0,0.0
2026-09-28 06:00:00,7,8,2026-10-08 06:00:00,10 days 00:00:00,240,44.29,160.64,988.3,24.2,113.55153626796134,0.0,0.0,0.0,0.0,0.0,0.0,0.0,0.0,0.0,0.0,0.0,0.0
2026-09-28 06:00:00,AL062026,8,2026-09-28 06:00:00,0 days 00:00:00,0,28.3,-43.8,1012.0,25.0,56.0,0.0,0.0,0.0,0.0,0.0,0.0,0.0,0.0,0.0,0.0,0.0,0.0
2026-09-28 06:00:00,AL062026,8,2026-09-28 12:00:00,0 days 06:00:00,6,27.58,-45.21,1012.7,21.4,52.25413242826333,0.0,0.0,0.0,0.0,0.0,0.0,0.0,0.0,0.0,0.0,0.0,0.0
2026-09-28 06:00:00,AL912026(2),8,2026-09-28 06:00:00,0 days 00:00:00,0,36.3,-53.1,1013.0,29.0,148.0,0.0,0.0,0.0,0.0,0.0,0.0,0.0,0.0,0.0,0.0,0.0,0.0
2026-09-28 06:00:00,EP152026(2),8,2026-09-28 06:00:00,0 days 00:00:00,0,16.4,-160.8,929.0,134.0,28.0,241.0,185.0,148.0,204.0,93.0,74.0,74.0,93.0,56.0,46.0,37.0,46.0
2026-09-28 06:00:00,EP152026(2),8,2026-09-28 12:00:00,0 days 06:00:00,6,16.88,-161.7,946.3,112.4,11.489531200310314,148.06607429498317,108.85629102783872,80.2053701819227,141.8410072074878,76.49864296277663,56.13062796234818,43.3290377524704,66.6262438625388,40.79005560696661,32.92618991535986,28.43484861960669,36.826445690556056
2026-09-28 06:00:00,EP152026(2),8,2026-09-28 18:00:00,0 days 12:00:00,12,17.44,-162.59,957.1,103.3,9.568854493970768,180.9191029554005,158.7313265557679,120.37768424539644,143.6214370760913,9.568854493970768,0.9601453337506314,0.0,9.568854493970768,2.796071306895351,0.2169186484234626,0.0,9.568854493970768
2026-09-28 06:00:00,EP152026(2),8,2026-09-29 00:00:00,0 days 18:00:00,18,18.18,-162.98,944.1,122.0,0.0,165.83295746233625,156.42298950697523,88.39776607995395,121.1847211012248,11.265220549555565,5.699005360076555,0.0,6.019113709422513,3.821021046990431,0.4236552449316875,0.0,1.8993425630375496
2026-09-28 06:00:00,EP152026(2),8,2026-09-29 06:00:00,1 days 00:00:00,24,19.4,-163.44,951.5,105.1,15.409740752081824,171.76509621701996,150.15250585537547,87.42332555172682,116.70965311177602,15.409740752081824,9.532672116656752,0.6699492702354464,7.176527387509494,15.409740752081824,3.0068508782028704,0.6699492702354464,4.857324592839333
2026-09-28 06:00:00,EP152026(2),8,2026-09-29 12:00:00,1 days 06:00:00,30,20.23,-163.75,958.3,95.3,0.0,190.9858005679968,204.4006047288269,124.9734693634984,131.74041964034743,52.76855224549513,54.31254632537974,32.75941368562356,40.34350302355719,26.19952506356857,25.67539068365683,19.30253552344252,20.065498423475372
2026-09-28 06:00:00,EP152026(2),8,2026-09-29 18:00:00,1 days 12:00:00,36,21.47,-163.45,974.0,76.4,25.85609856985434,234.79034282625503,227.0889134723061,147.4302969037833,183.55096631147103,122.9532794856052,114.63189909229811,86.98619771643268,101.22692086170434,62.82976399714602,58.88859645962583,48.75055109451933,55.1342446759204
2026-09-28 06:00:00,EP152026(2),8,2026-09-30 00:00:00,1 days 18:00:00,42,22.67,-163.38,981.2,63.4,48.24996867968429,256.3418752206057,244.29233690884635,195.34694905834127,208.9492051680609,28.332530456420347,48.24996867968429,21.418062173032688,24.68816936294879,0.0,0.0,0.0,0.0
2026-09-28 06:00:00,EP152026(2),8,2026-09-30 06:00:00,2 days 00:00:00,48,23.31,-163.46,983.5,56.7,106.79767275771088,170.64710015324408,175.56820596319812,155.9452764095181,149.77850678260688,31.13066706644011,106.79767275771088,26.76402628278072,26.42971369167836,0.0,0.0,0.0,0.0
2026-09-28 06:00:00,EP152026(2),8,2026-09-30 12:00:00,2 days 06:00:00,54,22.96,-163.32,988.0,51.7,44.834660567736506,156.43357946480657,142.12167843124874,117.65290984727169,134.84225094777918,44.834660567736506,1.0358310554598051,0.0031019148157449,0.0279983558252596,0.0,0.0,0.0,0.0
2026-09-28 06:00:00,EP152026(2),8,2026-09-30 18:00:00,2 days 12:00:00,60,23.12,-163.21,994.4,43.2,113.70691072054174,2.945227563263256,113.70691072054174,3.472758859068846,0.0,0.0,0.0,0.0,0.0,0.0,0.0,0.0,0.0
2026-09-28 06:00:00,EP152026(2),8,2026-10-01 00:00:00,2 days 18:00:00,66,23.34,-163.41,994.6,39.5,154.09768261810586,3.562924046776242,0.0,0.0,154.09768261810586,0.0,0.0,0.0,0.0,0.0,0.0,0.0,0.0
2026-09-28 06:00:00,EP152026(2),8,2026-10-01 06:00:00,3 days 00:00:00,72,23.54,-164.39,995.1,48.2,105.6971512677786,105.6971512677786,2.443950141377556,1.5287733350904382,1.90232850158646,0.0,0.0,0.0,0.0,0.0,0.0,0.0,0.0
2026-09-28 06:00:00,EP152026(2),8,2026-10-01 12:00:00,3 days 06:00:00,78,23.63,-165.38,998.2,36.1,105.35740045898947,105.35740045898947,64.34695424686181,50.94418024129378,70.63450034954901,0.0,0.0,0.0,0.0,0.0,0.0,0.0,0.0
2026-09-28 06:00:00,EP152026(2),8,2026-10-01 18:00:00,3 days 12:00:00,84,23.67,-165.97,994.8,40.5,86.81965280566138,0.0,0.0,86.81965280566138,0.7511115914363913,0.0,0.0,0.0,0.0,0.0,0.0,0.0,0.0
2026-09-28 06:00:00,EP152026(2),8,2026-10-02 00:00:00,3 days 18:00:00,90,24.07,-165.91,997.6,32.7,173.67870809638873,0.0,0.0,0.0,0.0,0.0,0.0,0.0,0.0,0.0,0.0,0.0,0.0
2026-09-28 06:00:00,EP152026(2),8,2026-10-02 06:00:00,4 days 00:00:00,96,23.92,-166.23,994.0,41.1,154.57904494680767,154.57904494680767,15.146118915716317,15.307164928818892,21.930114841563917,0.0,0.0,0.0,0.0,0.0,0.0,0.0,0.0
2026-09-28 06:00:00,EP152026(2),8,2026-10-02 12:00:00,4 days 06:00:00,102,24.36,-167.05,992.7,44.9,76.47175630742511,76.47175630742511,4.168882487739218,2.6196674812872445,9.797076853814453,0.0,0.0,0.0,0.0,0.0,0.0,0.0,0.0
2026-09-28 06:00:00,EP152026(2),8,2026-10-02 18:00:00,4 days 12:00:00,108,24.71,-167.19,993.3,44.4,81.44444644016008,81.44444644016008,9.922199575253025,5.60998607201897,10.014198764726691,0.0,0.0,0.0,0.0,0.0,0.0,0.0,0.0
2026-09-28 06:00:00,EP152026(2),8,2026-10-03 00:00:00,4 days 18:00:00,114,25.3,-167.54,994.6,45.2,92.93912148213208,92.93912148213208,2.7959124136620237,2.8972840077512245,4.9859201416508085,0.0,0.0,0.0,0.0,0.0,0.0,0.0,0.0
2026-09-28 06:00:00,EP152026(2),8,2026-10-03 06:00:00,5 days 00:00:00,120,25.17,-167.9,993.2,47.2,74.14037891064694,111.5615082837133,95.48989747530716,76.40553473473632,88.37217131366384,0.0,0.0,0.0,0.0,0.0,0.0,0.0,0.0
2026-09-28 06:00:00,EP152026(2),8,2026-10-03 12:00:00,5 days 06:00:00,126,25.2,-168.86,990.3,53.1,38.77213815661767,179.8953288041456,149.34031119503965,119.92026822776846,149.20724567064298,0.7214310355466949,0.0,0.0,38.77213815661767,0.0,0.0,0.0,0.0
2026-09-28 06:00:00,EP152026(2),8,2026-10-03 18:00:00,5 days 12:00:00,132,25.37,-170.25,995.1,51.7,34.54990001712488,34.54990001712488,19.56009408311721,7.648611955400613,22.932583713855568,34.54990001712488,0.0,0.0,0.7433005308872351,0.0,0.0,0.0,0.0
2026-09-28 06:00:00,EP152026(2),8,2026-10-04 00:00:00,5 days 18:00:00,138,25.69,-171.71,987.1,56.7,38.949820951732605,160.6879871366738,129.2232443329379,103.5709453640332,138.29402424841317,38.949820951732605,0.0,0.0,0.2069221626295494,0.0,0.0,0.0,0.0
2026-09-28 06:00:00,EP152026(2),8,2026-10-04 06:00:00,6 days 00:00:00,144,25.81,-173.6,984.1,68.7,41.161084120371925,186.31260883582132,163.7922833349801,132.97880996721247,158.5263828784359,41.161084120371925,0.0,0.0,1.9160635576321996,41.161084120371925,0.0,0.0,0.2589888436281202
2026-09-28 06:00:00,EP152026(2),8,2026-10-04 12:00:00,6 days 06:00:00,150,26.06,-175.57,974.5,81.8,15.161735816827118,73.64423772844152,52.95430282967444,27.22769266787494,57.26428923187012,15.161735816827118,0.0,0.0,1.4468607856071585,15.161735816827118,0.0,0.0,0.2394227354031474
2026-09-28 06:00:00,EP152026(2),8,2026-10-04 18:00:00,6 days 12:00:00,156,26.39,-177.17,969.9,87.0,5.357317784126844,117.77631521559508,92.7015658914336,69.22992046775732,104.58249469232506,54.85251192608759,42.51608128444258,31.02117485188208,47.869936011957485,26.414759253375628,20.94576629776281,15.734561986459358,21.92060974462565
2026-09-28 06:00:00,EP152026(2),8,2026-10-05 00:00:00,6 days 18:00:00,162,26.74,-178.54,980.0,72.5,0.0,93.73286725860213,66.5464104025463,53.20586554192981,78.0183833803407,0.6644386278500418,0.0,0.0,1.0608583517111736,0.0,0.0,0.0,0.0
2026-09-28 06:00:00,EP152026(2),8,2026-10-05 06:00:00,7 days 00:00:00,168,26.94,179.92,989.7,51.8,42.40503011248837,42.40503011248837,15.639144960927627,11.22590143512646,42.40503011248837,1.094887573721815,0.0,0.0,42.40503011248837,0.0,0.0,0.0,0.0
2026-09-28 06:00:00,EP152026(2),8,2026-10-05 12:00:00,7 days 06:00:00,174,27.32,178.46,993.1,60.0,22.485620637637545,113.79533630646688,81.70595011336178,55.1287019390105,97.0698577179633,36.22918363722391,30.326862488794006,24.624768303597637,29.662904379458965,0.0,0.0,0.0,0.0
2026-09-28 06:00:00,EP152026(2),8,2026-10-05 18:00:00,7 days 12:00:00,180,27.59,177.6,999.7,48.1,76.57967771257336,165.69146189252933,144.05400241702682,116.19465261590358,146.06283655476818,0.0,0.0,0.0,0.0,0.0,0.0,0.0,0.0
2026-09-28 06:00:00,EP152026(2),8,2026-10-06 00:00:00,7 days 18:00:00,186,28.15,175.95,1003.9,32.8,40.55552332257702,0.0,0.0,0.0,0.0,0.0,0.0,0.0,0.0,0.0,0.0,0.0,0.0
2026-09-28 06:00:00,EP152026(2),8,2026-10-06 06:00:00,8 days 00:00:00,192,28.36,175.22,1003.9,30.6,117.3661909714767,0.0,0.0,0.0,0.0,0.0,0.0,0.0,0.0,0.0,0.0,0.0,0.0
2026-09-28 06:00:00,EP152026(2),8,2026-10-06 12:00:00,8 days 06:00:00,198,28.61,174.46,1007.5,27.6,50.20876920267452,0.0,0.0,0.0,0.0,0.0,0.0,0.0,0.0,0.0,0.0,0.0,0.0
2026-09-28 06:00:00,EP152026(2),8,2026-10-06 18:00:00,8 days 12:00:00,204,28.59,173.27,1006.7,23.2,74.58165641680847,0.0,0.0,0.0,0.0,0.0,0.0,0.0,0.0,0.0,0.0,0.0,0.0
2026-09-28 06:00:00,EP152026(2),8,2026-10-07 00:00:00,8 days 18:00:00,210,28.56,172.9,1005.7,23.0,136.34047497675118,0.0,0.0,0.0,0.0,0.0,0.0,0.0,0.0,0.0,0.0,0.0,0.0
2026-09-28 06:00:00,EP152026(2),8,2026-10-07 06:00:00,9 days 00:00:00,216,28.42,172.52,1007.3,25.4,111.68527120261496,0.0,0.0,0.0,0.0,0.0,0.0,0.0,0.0,0.0,0.0,0.0,0.0
2026-09-28 06:00:00,EP152026(2),8,2026-10-07 12:00:00,9 days 06:00:00,222,27.93,171.08,1009.4,21.1,127.43457489042706,0.0,0.0,0.0,0.0,0.0,0.0,0.0,0.0,0.0,0.0,0.0,0.0
2026-09-28 06:00:00,EP152026(2),8,2026-10-07 18:00:00,9 days 12:00:00,228,27.63,169.89,1007.2,25.5,64.41139735718806,0.0,0.0,0.0,0.0,0.0,0.0,0.0,0.0,0.0,0.0,0.0,0.0
2026-09-28 06:00:00,EP152026(2),8,2026-10-08 00:00:00,9 days 18:00:00,234,27.43,169.06,1006.1,27.0,88.96774916812072,0.0,0.0,0.0,0.0,0.0,0.0,0.0,0.0,0.0,0.0,0.0,0.0
2026-09-28 06:00:00,EP172026,8,2026-09-28 06:00:00,0 days 00:00:00,0,23.2,-114.0,955.0,105.0,28.0,167.0,148.0,148.0,148.0,102.0,93.0,83.0,83.0,65.0,65.0,65.0,65.0
2026-09-28 06:00:00,EP172026,8,2026-09-28 12:00:00,0 days 06:00:00,6,23.86,-114.04,974.7,77.7,25.85716608483174,128.39950608045368,149.58885761630157,107.16480649667888,91.23804266106352,56.83165800787095,61.09071084946358,44.18642918738632,45.42864265442155,28.594688027320693,27.210476950668117,21.64855137820952,23.55544812771476
2026-09-28 06:00:00,EP172026,8,2026-09-28 18:00:00,0 days 12:00:00,12,24.88,-113.3,974.6,74.1,47.57163306112983,134.48063307491134,153.23841659309198,110.40464881184408,95.92010752613884,70.95273746754896,77.79451422489154,65.1799875416225,61.64919255247588,40.40914744896264,47.57163306112983,35.873589904100925,36.065621702803526
2026-09-28 06:00:00,EP172026,8,2026-09-29 00:00:00,0 days 18:00:00,18,25.36,-112.58,971.8,81.9,24.99981061073626,187.65929058056952,212.34284706969265,136.33184259316675,127.86048688156654,94.47818129147652,95.67956759741838,71.49201973375943,71.59786432964302,46.30657315182765,46.04839163284683,38.62850172406388,40.50675798402318
2026-09-28 06:00:00,EP172026,8,2026-09-29 06:00:00,1 days 00:00:00,24,25.98,-112.2,986.0,53.7,27.730972424607685,159.73693109877388,172.13712277594254,134.5117618294114,131.15323505802786,28.686942725159824,35.06912090824257,27.52813112376161,25.40666778774205,0.0,0.0,0.0,0.0
2026-09-28 06:00:00,EP172026,8,2026-09-29 12:00:00,1 days 06:00:00,30,26.76,-111.33,987.4,52.1,24.86454097300249,171.75139828147482,168.74723529712338,124.69206601460796,137.96967013694643,24.86454097300249,2.693932980485681,0.0,2.0304588391757044,0.0,0.0,0.0,0.0
2026-09-28 06:00:00,EP172026,8,2026-09-29 18:00:00,1 days 12:00:00,36,28.55,-110.0,997.4,39.6,113.49634036413936,0.0,113.49634036413936,3.8295581843938855,0.0,0.0,0.0,0.0,0.0,0.0,0.0,0.0,0.0
2026-09-28 06:00:00,EP182026,8,2026-09-28 06:00:00,0 days 00:00:00,0,13.2,-100.0,1001.0,41.0,93.0,222.0,185.0,148.0,222.0,0.0,0.0,0.0,0.0,0.0,0.0,0.0,0.0
2026-09-28 06:00:00,EP182026,8,2026-09-28 12:00:00,0 days 06:00:00,6,13.37,-100.61,996.3,46.4,55.73782242845384,148.38931720278555,130.672525047673,112.3177141037516,121.4470758134643,0.0,0.0,0.0,0.0,0.0,0.0,0.0,0.0
2026-09-28 06:00:00,EP182026,8,2026-09-28 18:00:00,0 days 12:00:00,12,13.67,-101.24,990.0,58.5,53.51566609852415,183.1316009094823,155.4849799836453,122.92106403264616,160.4727686063855,53.51566609852415,23.77842969105432,19.178118409452384,22.88631196412794,0.0,0.0,0.0,0.0
2026-09-28 06:00:00,EP182026,8,2026-09-29 00:00:00,0 days 18:00:00,18,14.01,-101.94,994.7,50.4,64.05284261838236,195.9288111812062,173.25077644129848,144.74318929840402,172.35849191368715,64.05284261838236,44.44884569388383,37.47499078688862,41.12888402883255,0.0,0.0,0.0,0.0
2026-09-28 06:00:00,EP182026,8,2026-09-29 06:00:00,1 days 00:00:00,24,14.79,-103.35,987.7,61.1,36.96012725958798,104.159982744147,84.51400401857185,63.17978969765562,87.2129319368565,36.96012725958798,9.483207574079694,7.0062441610742585,9.918114235818642,0.0,0.0,0.0,0.0
2026-09-28 06:00:00,EP182026,8,2026-09-29 12:00:00,1 days 06:00:00,30,15.04,-103.95,981.5,75.3,22.870618170360984,203.3104432550944,167.66104460170948,120.59664986558676,159.9920290278087,22.870618170360984,8.182080154727752,1.204591770582546,11.929260122525696,22.870618170360984,0.9616600326707188,0.0,2.047151564874027
2026-09-28 06:00:00,EP182026,8,2026-09-29 18:00:00,1 days 12:00:00,36,15.88,-105.01,985.8,72.1,48.12270548564263,245.41217899136024,209.1817922774992,152.74058786633253,185.9459659108712,69.65280325174933,56.48909236221829,37.94097977103343,54.743042637117526,48.12270548564263,24.30761723678312,16.95655725428454,24.19900336954772
2026-09-28 06:00:00,EP182026,8,2026-09-30 00:00:00,1 days 18:00:00,42,16.42,-105.89,962.1,99.8,8.931104891484402,147.75591018204577,138.28530808481503,95.26993566734647,102.35644565127112,60.61525003908496,50.49636052426004,33.66836510860618,49.728117980652215,28.976754524669342,23.66449309983984,16.04531559011704,22.766906509332063
2026-09-28 06:00:00,EP182026,8,2026-09-30 06:00:00,2 days 00:00:00,48,16.94,-106.71,969.5,88.2,12.304443142015357,242.7528389075088,200.54957609507423,159.68387385300548,192.85986893865837,89.6177025822748,78.70680809480615,60.32169257571415,74.85240274133973,43.121759681555176,38.51170190748904,29.69630447094407,36.55264562509871
2026-09-28 06:00:00,EP182026,8,2026-09-30 12:00:00,2 days 06:00:00,54,17.58,-107.32,952.6,113.0,13.845859250768711,278.6799395096846,247.2785327529852,192.0023692996209,244.47301152952215,149.19121945490156,124.6637330526602,99.3220688064194,127.33864995710417,75.66980299438146,66.5804514025055,53.33243630283805,64.55659321199187
2026-09-28 06:00:00,EP182026,8,2026-09-30 18:00:00,2 days 12:00:00,60,17.86,-107.86,950.6,111.1,54.9742744222154,202.9274463197598,176.78796738859614,146.12290813427276,176.39053488624995,105.75221214194852,87.52131517376115,68.56272470580602,94.39287676154808,55.25520134325767,47.759144666501406,38.80926369170432,48.54755714769245
2026-09-28 06:00:00,EP182026,8,2026-10-01 00:00:00,2 days 18:00:00,66,18.1,-108.0,950.1,109.7,13.708903802405278,174.80976481081728,177.17358431902406,135.89018492607306,144.6339958378545,85.86007508639173,80.72229398829944,63.715239863461406,72.87047708862829,45.71648834859253,43.043829504825744,35.70554056657808,38.78367263891093
2026-09-28 06:00:00,EP182026,8,2026-10-01 06:00:00,3 days 00:00:00,72,18.38,-108.48,960.4,95.2,36.942067221891655,229.25722675174748,213.55705736254544,212.61941976131624,218.49497496285528,83.46913992428628,82.46227556674543,72.75101094338197,78.87292170493767,47.58091967116954,44.71400501236109,37.675551764649896,42.00542146651237
2026-09-28 06:00:00,EP182026,8,2026-10-01 12:00:00,3 days 06:00:00,78,18.64,-109.03,957.3,101.3,22.959525368297115,182.7892697311051,163.6893224699518,140.2636784045149,164.35245365671284,87.1967413573081,74.36581651420536,59.369108572213406,79.81813923413122,45.512359884539535,40.24913349363018,32.56983961991506,39.02801921937285
2026-09-28 06:00:00,EP182026,8,2026-10-01 18:00:00,3 days 12:00:00,84,18.57,-108.92,965.3,92.2,39.62551812332974,165.171529283865,155.60564260799586,161.1795954043883,160.87248434290095,88.31901767477805,79.86639019310716,69.62099806602247,80.4721996717495,45.03338478070317,42.02464756138236,36.786558123401946,39.99893679860151
2026-09-28 06:00:00,EP182026,8,2026-10-02 00:00:00,3 days 18:00:00,90,18.88,-109.31,978.4,72.8,34.057744445697665,203.62352003575464,171.504852840053,163.40951578546225,187.43153449174537,96.56126784352304,88.04226776350474,73.39477863375,85.77299949958429,49.42326751577647,44.87921084864837,35.92127653651175,42.09569141195101
2026-09-28 06:00:00,EP182026,8,2026-10-02 06:00:00,4 days 00:00:00,96,18.62,-109.12,965.8,89.6,47.7721059422088,105.42386745132148,135.94837159544156,119.0054157591483,89.91019910418751,29.335628516178385,47.7721059422088,32.96187376490693,26.65731603062309,15.24265428972485,47.7721059422088,16.042967673763716,13.567362654180538
2026-09-28 06:00:00,EP182026,8,2026-10-02 12:00:00,4 days 06:00:00,102,18.9,-109.6,979.8,73.7,28.93681690930231,164.8261799592732,178.60845919080975,158.2594141799102,150.93493873828152,95.24671402190722,89.96305788529634,75.42894535498084,82.17452956737316,49.59839363818418,46.92654516927331,38.26216669983208,42.08345170890362
2026-09-28 06:00:00,EP182026,8,2026-10-02 18:00:00,4 days 12:00:00,108,19.35,-109.78,990.8,58.8,45.26237626718356,190.58166574264703,181.10070861799431,143.0531148801997,162.8340448450673,45.26237626718356,38.21170295624148,27.5316429624004,35.03174576434347,0.0,0.0,0.0,0.0
2026-09-28 06:00:00,EP182026,8,2026-10-03 00:00:00,4 days 18:00:00,114,19.31,-110.45,983.7,59.5,76.61492629633993,238.24035124332764,226.9946058130564,203.8235947961302,215.08620518596,113.80729516507787,108.59737688070028,93.62120543638736,97.38788728452089,0.0,0.0,0.0,0.0
2026-09-28 06:00:00,EP182026,8,2026-10-03 06:00:00,5 days 00:00:00,120,19.57,-110.56,990.3,62.6,113.6813224715255,414.91249704232894,410.2480455151048,367.9298371299645,380.11598560633263,113.6813224715255,97.1406311299984,79.8724527656399,84.9254298033633,0.0,0.0,0.0,0.0
2026-09-28 06:00:00,EP182026,8,2026-10-03 12:00:00,5 days 06:00:00,126,19.6,-110.97,989.0,57.3,35.1373241590594,213.19001846502533,194.1096430834059,142.1690973059426,167.04989688988553,35.1373241590594,21.988047530745604,12.639450991685637,19.259679121810592,0.0,0.0,0.0,0.0
2026-09-28 06:00:00,EP182026,8,2026-10-03 18:00:00,5 days 12:00:00,132,19.36,-111.25,991.8,52.7,56.16062073829088,232.41505464713103,208.57812259011317,177.56063854340096,205.23225349777655,0.0,0.0,0.0,56.16062073829088,0.0,0.0,0.0,0.0
2026-09-28 06:00:00,EP182026,8,2026-10-04 00:00:00,5 days 18:00:00,138,19.75,-111.39,991.9,54.7,40.12949619389177,159.89989628888603,140.12471343315406,105.61983226725307,130.14394595789898,40.12949619389177,6.784213409439594,2.3686952549177813,5.695706912486818,0.0,0.0,0.0,0.0
2026-09-28 06:00:00,EP182026,8,2026-10-04 06:00:00,6 days 00:00:00,144,19.64,-111.81,991.1,51.1,78.73079261236805,127.43206821491832,106.150974298075,86.20785486826591,103.1314967996094,78.73079261236805,0.0,0.0,1.4319493310923996,0.0,0.0,0.0,0.0
2026-09-28 06:00:00,EP182026,8,2026-10-04 12:00:00,6 days 06:00:00,150,19.85,-112.11,989.9,51.9,63.22108599464829,189.3235566157645,180.21687382211852,141.6632877960234,159.40657093749996,63.22108599464829,34.726763863124084,29.88752014426672,31.35582000823833,0.0,0.0,0.0,0.0
2026-09-28 06:00:00,EP182026,8,2026-10-04 18:00:00,6 days 12:00:00,156,20.57,-112.82,987.7,59.6,21.888769305042445,207.3117810223286,174.89110543183676,135.72970482038622,170.19197908743894,76.65293261575255,62.88992587322174,43.69262941853566,62.36703406417044,0.0,0.0,0.0,0.0
2026-09-28 06:00:00,EP182026,8,2026-10-05 00:00:00,6 days 18:00:00,162,20.22,-113.28,989.3,58.6,4.893387265226888,106.1854057052632,73.56125592189645,57.75022294219421,90.25960608619104,15.482719277611771,9.530314926251872,3.988037851616404,12.41111079936848,0.0,0.0,0.0,0.0
2026-09-28 06:00:00,EP182026,8,2026-10-05 06:00:00,7 days 00:00:00,168,20.34,-114.27,989.4,56.2,38.732555577771535,184.4083575510207,163.67108222735257,145.63497432986787,164.5090655743411,44.00734206904436,39.92966153840777,33.47942872001551,38.21575080767533,0.0,0.0,0.0,0.0
2026-09-28 06:00:00,EP182026,8,2026-10-05 12:00:00,7 days 06:00:00,174,20.79,-114.6,983.1,71.0,17.94722602818898,171.89335600050913,134.00719639492615,122.42931614307308,168.25644994867525,92.30716496944784,77.57050027482416,59.723726217485066,80.58478662109766,43.474958754541575,37.62143012475582,29.154280368115884,36.74114028787516
2026-09-28 06:00:00,EP182026,8,2026-10-05 18:00:00,7 days 12:00:00,180,20.7,-115.28,989.4,63.4,30.403063030687623,137.45989975467288,109.76972495897289,87.7762661471834,124.70195824997376,69.11670162863913,55.48407363081378,40.64810737641135,59.43049978395531,0.0,0.0,0.0,0.0
2026-09-28 06:00:00,EP182026,8,2026-10-06 00:00:00,7 days 18:00:00,186,20.86,-116.08,986.3,64.7,19.764039731218773,143.6307205110246,119.49184284642132,91.13290319797645,128.4077122989685,64.03670489890965,53.410949960778765,38.14540928019092,53.705856030364174,28.06237999028815,23.333161126808207,17.062662107419385,23.22174096519484
2026-09-28 06:00:00,EP182026,8,2026-10-06 06:00:00,8 days 00:00:00,192,20.95,-116.81,988.8,56.9,52.01277969666507,213.52481484374667,178.92927400732196,143.65750037746216,182.72597585040555,52.01277969666507,32.06258281261147,26.59194086875246,31.82137048726105,0.0,0.0,0.0,0.0
2026-09-28 06:00:00,EP182026,8,2026-10-06 12:00:00,8 days 06:00:00,198,21.09,-117.66,989.5,56.9,12.931819511202786,112.54799515848642,91.03872019137764,66.0741710527469,98.56040084928162,22.26600706475245,18.744172925585048,14.428019576123662,17.761223207447088,0.0,0.0,0.0,0.0
2026-09-28 06:00:00,EP182026,8,2026-10-06 18:00:00,8 days 12:00:00,204,21.55,-118.53,985.8,61.7,15.9852850180755,139.87242594656692,115.09507782524138,83.8084889431138,110.09809707946904,81.96361313309004,75.27707449531086,63.74242512230361,67.123056018292,0.0,0.0,0.0,0.0
2026-09-28 06:00:00,EP182026,8,2026-10-07 00:00:00,8 days 18:00:00,210,22.1,-119.21,976.2,79.6,12.28066464436851,149.81796907383472,128.98768638136525,92.21520405447824,125.41148712256276,67.90519218031146,54.89082978621002,38.85220344299391,55.3008483209828,31.707987273261526,25.798809846201785,18.672075815930768,26.111565699463338
2026-09-28 06:00:00,EP182026,8,2026-10-07 06:00:00,9 days 00:00:00,216,22.62,-120.14,977.5,73.7,21.564209899406634,131.92899512147386,100.16679186933249,66.84946662215941,104.63013883497824,51.61566320153298,37.90086455507798,23.864627866009144,42.24961368553845,22.515711533159266,16.533605905484798,11.288126498141922,18.32817074953634
2026-09-28 06:00:00,EP182026,8,2026-10-07 12:00:00,9 days 06:00:00,222,23.13,-120.91,977.1,72.2,19.18526321938026,154.11385137007323,141.6838317391696,103.897478319666,119.20156444258544,32.43592182848488,25.94849515950349,18.607188766027065,24.786631885578885,19.18526321938026,0.0,0.0,0.4621878375091377
2026-09-28 06:00:00,EP182026,8,2026-10-07 18:00:00,9 days 12:00:00,228,23.81,-121.63,983.8,65.2,13.276957116808802,142.77260872516064,121.49054031932098,80.51954038640906,121.39877253334532,34.8048714842048,25.11069958639668,15.928796124883917,24.629716700569105,13.276957116808802,1.269031392842928,0.0,2.1662564296006206
2026-09-28 06:00:00,EP182026,8,2026-10-08 00:00:00,9 days 18:00:00,234,24.5,-122.38,980.5,61.6,19.14719189040476,77.44386189609367,41.51294396635414,14.364496277912744,45.8802012989849,19.14719189040476,0.0,0.0,0.5352792043726495,0.0,0.0,0.0,0.0
2026-09-28 06:00:00,EP182026,8,2026-10-08 06:00:00,10 days 00:00:00,240,25.21,-122.82,994.9,50.2,42.5736848119389,154.9624353110181,120.58345177416118,69.6285073695596,116.38851210045408,42.5736848119389,13.222338810177838,3.386431386525384,10.255385012940827,0.0,0.0,0.0,0.0
2026-09-28 06:00:00,EP182026,8,2026-10-08 12:00:00,10 days 06:00:00,246,25.9,-123.34,998.4,41.5,25.666691716954304,160.15104221993803,133.47703686840072,96.87855486231658,125.25376161385672,0.0,0.0,0.0,0.0,0.0,0.0,0.0,0.0
2026-09-28 06:00:00,EP182026,8,2026-10-08 18:00:00,10 days 12:00:00,252,26.59,-124.27,1002.4,37.1,54.40112331742513,93.42937580002555,64.81800268844133,46.21188430261178,71.5991538363717,0.0,0.0,0.0,0.0,0.0,0.0,0.0,0.0
2026-09-28 06:00:00,EP182026,8,2026-10-09 00:00:00,10 days 18:00:00,258,27.16,-124.92,1005.4,30.9,42.926552853822926,0.0,0.0,0.0,0.0,0.0,0.0,0.0,0.0,0.0,0.0,0.0,0.0
2026-09-28 06:00:00,EP182026,8,2026-10-09 06:00:00,11 days 00:00:00,264,27.54,-125.8,1003.7,30.4,86.97553041228872,0.0,0.0,0.0,0.0,0.0,0.0,0.0,0.0,0.0,0.0,0.0,0.0
2026-09-28 06:00:00,EP182026,8,2026-10-09 12:00:00,11 days 06:00:00,270,27.82,-126.58,1006.5,22.7,109.23074620188072,0.0,0.0,0.0,0.0,0.0,0.0,0.0,0.0,0.0,0.0,0.0,0.0
2026-09-28 06:00:00,EP182026,8,2026-10-09 18:00:00,11 days 12:00:00,276,28.23,-127.77,1005.3,26.3,74.37412006464396,0.0,0.0,0.0,0.0,0.0,0.0,0.0,0.0,0.0,0.0,0.0,0.0
2026-09-28 06:00:00,EP182026,8,2026-10-10 00:00:00,11 days 18:00:00,282,28.35,-128.12,1004.4,21.3,40.570773238020834,0.0,0.0,0.0,0.0,0.0,0.0,0.0,0.0,0.0,0.0,0.0,0.0
2026-09-28 06:00:00,EP182026,8,2026-10-10 06:00:00,12 days 00:00:00,288,28.32,-128.54,1008.6,17.0,64.00767044613399,0.0,0.0,0.0,0.0,0.0,0.0,0.0,0.0,0.0,0.0,0.0,0.0
2026-09-28 06:00:00,EP182026,8,2026-10-10 12:00:00,12 days 06:00:00,294,29.1,-129.4,1006.3,23.3,59.21360991577141,0.0,0.0,0.0,0.0,0.0,0.0,0.0,0.0,0.0,0.0,0.0,0.0
2026-09-28 06:00:00,EP182026,8,2026-10-10 18:00:00,12 days 12:00:00,300,29.23,-130.14,1007.6,22.0,67.94443144865753,0.0,0.0,0.0,0.0,0.0,0.0,0.0,0.0,0.0,0.0,0.0,0.0
2026-09-28 06:00:00,EP182026,8,2026-10-11 00:00:00,12 days 18:00:00,306,29.44,-130.47,1008.5,20.4,72.1439297221944,0.0,0.0,0.0,0.0,0.0,0.0,0.0,0.0,0.0,0.0,0.0,0.0
2026-09-28 06:00:00,EP182026,8,2026-10-11 06:00:00,13 days 00:00:00,312,29.51,-130.72,1008.3,23.6,91.5025319134783,0.0,0.0,0.0,0.0,0.0,0.0,0.0,0.0,0.0,0.0,0.0,0.0
2026-09-28 06:00:00,EP912026(3),8,2026-09-28 06:00:00,0 days 00:00:00,0,12.7,-136.6,1005.0,29.0,93.0,0.0,0.0,0.0,0.0,0.0,0.0,0.0,0.0,0.0,0.0,0.0,0.0
2026-09-28 06:00:00,WP252026,8,2026-09-28 06:00:00,0 days 00:00:00,0,27.5,131.6,954.0,99.0,9.0,148.0,158.0,148.0,121.0,,,,,,,,
2026-09-28 06:00:00,WP252026,8,2026-09-28 12:00:00,0 days 06:00:00,6,27.7,132.65,990.8,57.0,33.663728343281605,126.5872015307199,147.14328934226512,121.94030190596304,98.3740718932208,0.0,33.663728343281605,0.6935465173599065,0.0,0.0,0.0,0.0,0.0
2026-09-28 06:00:00,WP252026,8,2026-09-28 18:00:00,0 days 12:00:00,12,28.12,132.82,993.1,49.3,71.55754438566628,156.6506285203355,163.6510922187633,124.87203815099492,126.3823019676652,0.0,0.0,0.0,0.0,0.0,0.0,0.0,0.0
2026-09-28 06:00:00,WP252026,8,2026-09-29 00:00:00,0 days 18:00:00,18,28.42,133.68,990.9,44.9,38.642267334281314,119.20931740937704,113.32226045280731,81.15980370982788,86.75891249441565,0.0,0.0,0.0,0.0,0.0,0.0,0.0,0.0
2026-09-28 06:00:00,WP252026,8,2026-09-29 06:00:00,1 days 00:00:00,24,29.19,134.7,998.8,37.7,90.18042694395302,0.0,90.18042694395302,0.0,0.0,0.0,0.0,0.0,0.0,0.0,0.0,0.0,0.0
2026-09-28 06:00:00,WP252026,8,2026-09-29 12:00:00,1 days 06:00:00,30,29.75,135.96,996.5,38.2,22.97058344059181,11.274143630851016,22.97058344059181,5.598254270708157,9.088362772118083,0.0,0.0,0.0,0.0,0.0,0.0,0.0,0.0
2026-09-28 06:00:00,WP252026,8,2026-09-29 18:00:00,1 days 12:00:00,36,30.08,136.79,997.4,35.9,116.56180323015406,0.0,116.56180323015406,2.1049182138675637,0.0,0.0,0.0,0.0,0.0,0.0,0.0,0.0,0.0
2026-09-28 06:00:00,WP252026,8,2026-09-30 00:00:00,1 days 18:00:00,42,30.53,137.72,997.8,35.2,78.08648974584197,0.0,78.08648974584197,1.5614511071695532,0.0,0.0,0.0,0.0,0.0,0.0,0.0,0.0,0.0
2026-09-28 06:00:00,WP252026,8,2026-09-30 06:00:00,2 days 00:00:00,48,31.31,139.0,998.6,39.4,91.58690661359316,0.0,91.58690661359316,2.4047714560803275,0.0,0.0,0.0,0.0,0.0,0.0,0.0,0.0,0.0
2026-09-28 06:00:00,WP252026,8,2026-09-30 12:00:00,2 days 06:00:00,54,31.92,139.85,999.4,30.6,37.15139808817104,0.0,0.0,0.0,0.0,0.0,0.0,0.0,0.0,0.0,0.0,0.0,0.0
2026-09-28 06:00:00,WP252026,8,2026-09-30 18:00:00,2 days 12:00:00,60,32.71,140.99,992.9,42.2,85.21451321259258,144.3614833909046,129.57602781633022,101.13652157212084,100.0360507147376,0.0,0.0,0.0,0.0,0.0,0.0,0.0,0.0
2026-09-28 06:00:00,WP252026,8,2026-10-01 00:00:00,2 days 18:00:00,66,33.73,142.0,997.0,35.1,89.06957450282292,1.6033279729670156,89.06957450282292,0.0,0.0,0.0,0.0,0.0,0.0,0.0,0.0,0.0,0.0
2026-09-28 06:00:00,WP252026,8,2026-10-01 06:00:00,3 days 00:00:00,72,34.8,142.78,996.9,38.3,93.89429485829449,93.89429485829449,0.0,0.0,0.0,0.0,0.0,0.0,0.0,0.0,0.0,0.0,0.0
2026-09-28 06:00:00,WP252026,8,2026-10-01 12:00:00,3 days 06:00:00,78,35.92,145.11,994.2,35.2,62.41348015380491,0.0,3.404924942187222,62.41348015380491,0.0,0.0,0.0,0.0,0.0,0.0,0.0,0.0,0.0
2026-09-28 06:00:00,WP922026(4),8,2026-09-28 06:00:00,0 days 00:00:00,0,16.4,97.6,1001.0,29.0,64.0,0.0,0.0,0.0,0.0,0.0,0.0,0.0,0.0,0.0,0.0,0.0,0.0
2026-09-28 06:00:00,WP922026(4),8,2026-09-28 12:00:00,0 days 06:00:00,6,17.31,97.48,1006.3,28.0,55.03595408171184,0.0,0.0,0.0,0.0,0.0,0.0,0.0,0.0,0.0,0.0,0.0,0.0
2026-09-28 06:00:00,WP922026(4),8,2026-09-28 18:00:00,0 days 12:00:00,12,19.04,96.68,1003.6,26.1,91.06550911678076,0.0,0.0,0.0,0.0,0.0,0.0,0.0,0.0,0.0,0.0,0.0,0.0
2026-09-28 06:00:00,WP922026(4),8,2026-09-29 00:00:00,0 days 18:00:00,18,19.12,95.86,1003.0,18.5,63.22312665052182,0.0,0.0,0.0,0.0,0.0,0.0,0.0,0.0,0.0,0.0,0.0,0.0
2026-09-28 06:00:00,1,9,2026-09-28 12:00:00,0 days 06:00:00,6,23.29,-123.18,1002.2,27.6,116.90300769767607,0.0,0.0,0.0,0.0,0.0,0.0,0.0,0.0,0.0,0.0,0.0,0.0
2026-09-28 06:00:00,1,9,2026-09-28 18:00:00,0 days 12:00:00,12,23.02,-123.02,1004.3,25.3,103.42609454661412,0.0,0.0,0.0,0.0,0.0,0.0,0.0,0.0,0.0,0.0,0.0,0.0
2026-09-28 06:00:00,1,9,2026-09-29 00:00:00,0 days 18:00:00,18,22.33,-122.84,1004.5,27.7,72.7344090081186,0.0,0.0,0.0,0.0,0.0,0.0,0.0,0.0,0.0,0.0,0.0,0.0
2026-09-28 06:00:00,1,9,2026-09-29 06:00:00,1 days 00:00:00,24,21.32,-123.23,1007.4,23.9,67.61887821724251,0.0,0.0,0.0,0.0,0.0,0.0,0.0,0.0,0.0,0.0,0.0,0.0
2026-09-28 06:00:00,1,9,2026-09-29 12:00:00,1 days 06:00:00,30,20.77,-122.89,1006.4,24.7,74.47468652601447,0.0,0.0,0.0,0.0,0.0,0.0,0.0,0.0,0.0,0.0,0.0,0.0
2026-09-28 06:00:00,1,9,2026-09-29 18:00:00,1 days 12:00:00,36,19.92,-122.91,1006.5,21.1,133.75089441144206,0.0,0.0,0.0,0.0,0.0,0.0,0.0,0.0,0.0,0.0,0.0,0.0
2026-09-28 06:00:00,1,9,2026-09-30 00:00:00,1 days 18:00:00,42,19.44,-123.15,1005.5,22.1,153.25798916388422,0.0,0.0,0.0,0.0,0.0,0.0,0.0,0.0,0.0,0.0,0.0,0.0
2026-09-28 06:00:00,1,9,2026-09-30 06:00:00,2 days 00:00:00,48,19.25,-123.63,1007.5,22.7,56.7194224840828,0.0,0.0,0.0,0.0,0.0,0.0,0.0,0.0,0.0,0.0,0.0,0.0
2026-09-28 06:00:00,1,9,2026-09-30 12:00:00,2 days 06:00:00,54,18.83,-123.97,1006.4,23.3,77.72739273850776,0.0,0.0,0.0,0.0,0.0,0.0,0.0,0.0,0.0,0.0,0.0,0.0
2026-09-28 06:00:00,1,9,2026-09-30 18:00:00,2 days 12:00:00,60,18.74,-124.31,1006.6,21.8,62.01415253031746,0.0,0.0,0.0,0.0,0.0,0.0,0.0,0.0,0.0,0.0,0.0,0.0
2026-09-28 06:00:00,1,9,2026-10-01 00:00:00,2 days 18:00:00,66,19.04,-124.74,1007.5,21.0,72.30658449142285,0.0,0.0,0.0,0.0,0.0,0.0,0.0,0.0,0.0,0.0,0.0,0.0
2026-09-28 06:00:00,1,9,2026-10-01 06:00:00,3 days 00:00:00,72,18.72,-125.13,1006.4,20.7,65.63910861077493,0.0,0.0,0.0,0.0,0.0,0.0,0.0,0.0,0.0,0.0,0.0,0.0
2026-09-28 06:00:00,1,9,2026-10-01 12:00:00,3 days 06:00:00,78,18.73,-126.26,1005.0,26.4,128.7777011418048,0.0,0.0,0.0,0.0,0.0,0.0,0.0,0.0,0.0,0.0,0.0,0.0
2026-09-28 06:00:00,1,9,2026-10-01 18:00:00,3 days 12:00:00,84,16.91,-125.9,1006.4,22.5,71.90915319362264,0.0,0.0,0.0,0.0,0.0,0.0,0.0,0.0,0.0,0.0,0.0,0.0
2026-09-28 06:00:00,1,9,2026-10-02 00:00:00,3 days 18:00:00,90,18.0,-127.07,1005.1,24.0,71.58026391400426,0.0,0.0,0.0,0.0,0.0,0.0,0.0,0.0,0.0,0.0,0.0,0.0
2026-09-28 06:00:00,16,9,2026-10-03 06:00:00,5 days 00:00:00,120,18.66,156.75,1004.3,26.0,158.17291734585476,0.0,0.0,0.0,0.0,0.0,0.0,0.0,0.0,0.0,0.0,0.0,0.0
2026-09-28 06:00:00,16,9,2026-10-03 12:00:00,5 days 06:00:00,126,18.81,157.47,1004.7,23.3,129.1073058556763,0.0,0.0,0.0,0.0,0.0,0.0,0.0,0.0,0.0,0.0,0.0,0.0
2026-09-28 06:00:00,16,9,2026-10-03 18:00:00,5 days 12:00:00,132,19.34,157.92,998.7,26.6,71.51817013439467,0.0,0.0,0.0,0.0,0.0,0.0,0.0,0.0,0.0,0.0,0.0,0.0
2026-09-28 06:00:00,16,9,2026-10-04 00:00:00,5 days 18:00:00,138,18.35,158.42,1001.3,29.3,87.83716149161157,0.0,0.0,0.0,0.0,0.0,0.0,0.0,0.0,0.0,0.0,0.0,0.0
2026-09-28 06:00:00,16,9,2026-10-04 06:00:00,6 days 00:00:00,144,18.43,158.03,1000.2,33.0,111.13719935991352,0.0,0.0,0.0,0.0,0.0,0.0,0.0,0.0,0.0,0.0,0.0,0.0
2026-09-28 06:00:00,16,9,2026-10-04 12:00:00,6 days 06:00:00,150,18.2,157.98,1001.0,41.2,67.82050208644853,67.82050208644853,7.059356731849903,7.150989973085927,14.57693150626207,0.0,0.0,0.0,0.0,0.0,0.0,0.0,0.0
2026-09-28 06:00:00,16,9,2026-10-04 18:00:00,6 days 12:00:00,156,17.79,157.85,1000.4,29.1,136.97331247991136,0.0,0.0,0.0,0.0,0.0,0.0,0.0,0.0,0.0,0.0,0.0,0.0
2026-09-28 06:00:00,16,9,2026-10-05 00:00:00,6 days 18:00:00,162,17.56,157.73,1001.5,36.8,83.9925796649145,83.9925796649145,71.12076019045821,69.94524245618277,75.19714145563876,0.0,0.0,0.0,0.0,0.0,0.0,0.0,0.0
2026-09-28 06:00:00,16,9,2026-10-05 06:00:00,7 days 00:00:00,168,16.68,157.28,1001.5,37.3,53.5621931656453,20.201672564656445,16.455675155226075,16.011506005636022,53.5621931656453,0.0,0.0,0.0,0.0,0.0,0.0,0.0,0.0
2026-09-28 06:00:00,16,9,2026-10-05 12:00:00,7 days 06:00:00,174,16.21,157.76,992.2,41.5,156.311896206548,22.819692513698705,12.730115653790412,31.527961731442893,156.311896206548,0.0,0.0,0.0,0.0,0.0,0.0,0.0,0.0
2026-09-28 06:00:00,16,9,2026-10-05 18:00:00,7 days 12:00:00,180,15.28,157.78,993.1,43.0,31.853575942667923,61.71256449086644,54.32708978377611,51.52427126377084,65.21458713632941,0.0,0.0,0.0,0.0,0.0,0.0,0.0,0.0
2026-09-28 06:00:00,16,9,2026-10-06 00:00:00,7 days 18:00:00,186,14.55,158.41,989.0,53.6,39.91292141552135,109.9567673562786,104.2819587739568,95.46822921863036,97.60012605282952,1.3794617188885594,2.057763203145467,2.337584071213356,39.91292141552135,0.0,0.0,0.0,0.0
2026-09-28 06:00:00,16,9,2026-10-06 06:00:00,8 days 00:00:00,192,13.74,158.67,993.2,50.2,101.83544622176304,14.006201295977998,101.83544622176304,9.911592379320318,15.560141355446245,0.0,101.83544622176304,0.0,0.0,0.0,0.0,0.0,0.0
2026-09-28 06:00:00,16,9,2026-10-06 12:00:00,8 days 06:00:00,198,13.04,159.6,998.1,42.4,29.700019949289626,15.676415385015105,24.54840121187459,29.700019949289626,18.313106035860383,0.0,0.0,0.0,0.0,0.0,0.0,0.0,0.0
2026-09-28 06:00:00,16,9,2026-10-06 18:00:00,8 days 12:00:00,204,13.27,159.98,994.2,47.2,129.97763456124028,52.01528570011448,129.97763456124028,45.16152307263542,45.86347879016347,0.0,0.0,0.0,0.0,0.0,0.0,0.0,0.0
2026-09-28 06:00:00,16,9,2026-10-07 00:00:00,8 days 18:00:00,210,13.41,160.09,996.4,43.7,72.64923509651783,72.64923509651783,28.14993788404293,22.49954944741836,25.48384799162817,0.0,0.0,0.0,0.0,0.0,0.0,0.0,0.0
2026-09-28 06:00:00,16,9,2026-10-07 06:00:00,9 days 00:00:00,216,13.75,159.99,998.0,40.4,112.882488993763,112.882488993763,27.59379953260225,12.90123443507675,21.69350366974337,0.0,0.0,0.0,0.0,0.0,0.0,0.0,0.0
2026-09-28 06:00:00,16,9,2026-10-07 12:00:00,9 days 06:00:00,222,14.17,159.93,998.4,39.4,75.78604159869911,75.78604159869911,31.439218088200093,20.179334208540627,34.77980255602961,0.0,0.0,0.0,0.0,0.0,0.0,0.0,0.0
2026-09-28 06:00:00,16,9,2026-10-07 18:00:00,9 days 12:00:00,228,14.24,159.57,994.5,34.2,106.37336642791334,0.0,0.0,0.6371575803360514,106.37336642791334,0.0,0.0,0.0,0.0,0.0,0.0,0.0,0.0
2026-09-28 06:00:00,16,9,2026-10-08 00:00:00,9 days 18:00:00,234,14.66,159.43,999.5,36.3,149.91035288668647,149.91035288668647,0.0,0.0,0.0,0.0,0.0,0.0,0.0,0.0,0.0,0.0,0.0
2026-09-28 06:00:00,16,9,2026-10-08 06:00:00,10 days 00:00:00,240,14.81,158.87,996.4,43.5,102.48391638533802,102.48391638533802,73.19666247186314,48.29053095108459,64.03215240854418,0.0,0.0,0.0,0.0,0.0,0.0,0.0,0.0
2026-09-28 06:00:00,16,9,2026-10-08 12:00:00,10 days 06:00:00,246,15.12,159.15,1000.5,33.1,89.80364553611683,0.0,0.0,0.0,0.0,0.0,0.0,0.0,0.0,0.0,0.0,0.0,0.0
2026-09-28 06:00:00,16,9,2026-10-08 18:00:00,10 days 12:00:00,252,15.94,159.22,999.3,31.1,122.09226413831274,0.0,0.0,0.0,0.0,0.0,0.0,0.0,0.0,0.0,0.0,0.0,0.0
2026-09-28 06:00:00,16,9,2026-10-09 00:00:00,10 days 18:00:00,258,16.95,158.81,995.3,25.4,88.9172791634398,0.0,0.0,0.0,0.0,0.0,0.0,0.0,0.0,0.0,0.0,0.0,0.0
2026-09-28 06:00:00,16,9,2026-10-09 06:00:00,11 days 00:00:00,264,17.58,157.48,999.8,28.3,100.11879332874182,0.0,0.0,0.0,0.0,0.0,0.0,0.0,0.0,0.0,0.0,0.0,0.0
2026-09-28 06:00:00,16,9,2026-10-09 12:00:00,11 days 06:00:00,270,17.32,155.04,997.4,37.4,107.3216929614125,107.3216929614125,0.1610810833130305,0.0,3.316800380955801,0.0,0.0,0.0,0.0,0.0,0.0,0.0,0.0
2026-09-28 06:00:00,16,9,2026-10-09 18:00:00,11 days 12:00:00,276,17.48,153.69,994.2,45.2,76.02384078447243,266.4844072460493,238.2154968530338,199.74412591132847,243.2911921701546,0.0,0.0,0.0,0.0,0.0,0.0,0.0,0.0
2026-09-28 06:00:00,16,9,2026-10-10 00:00:00,11 days 18:00:00,282,18.07,152.73,990.2,48.3,101.15783215132396,128.95644426748066,116.90923517394822,90.72578568336976,102.32874307619495,0.0,0.0,0.0,0.0,0.0,0.0,0.0,0.0
2026-09-28 06:00:00,16,9,2026-10-10 06:00:00,12 days 00:00:00,288,18.2,151.46,993.5,46.0,115.2363171596294,28.95897095606161,115.2363171596294,12.662383482108964,17.080107099089744,0.0,0.0,0.0,0.0,0.0,0.0,0.0,0.0
2026-09-28 06:00:00,16,9,2026-10-10 12:00:00,12 days 06:00:00,294,18.58,150.85,994.4,38.2,100.88587929751552,237.67032780899103,211.37996190425844,168.22250501917267,198.16977242554543,0.0,0.0,0.0,0.0,0.0,0.0,0.0,0.0
2026-09-28 06:00:00,16,9,2026-10-10 18:00:00,12 days 12:00:00,300,18.77,150.44,991.0,48.3,79.31054302022699,218.35494316311724,186.93108594230307,144.33817914574684,169.8502042490063,0.0,0.0,0.0,0.0,0.0,0.0,0.0,0.0
2026-09-28 06:00:00,16,9,2026-10-11 00:00:00,12 days 18:00:00,306,19.52,149.4,978.6,65.1,46.90627342276414,233.51777947355535,205.3185685723064,161.08606063265813,184.8613290021596,84.3759094261045,69.14931984909363,48.41164011892223,65.13446508259557,46.90627342276414,15.99839852889471,11.85093466392096,15.960927265041896
2026-09-28 06:00:00,16,9,2026-10-11 06:00:00,13 days 00:00:00,312,19.97,148.84,974.1,67.5,52.135968995658224,264.44662007317964,233.6937233096775,179.50230968501967,205.3275678933008,86.20758344159037,70.7893131735212,52.39102313165704,67.7653747667825,52.135968995658224,16.621996584694664,12.299740256315747,16.24499618782633
2026-09-28 06:00:00,16,9,2026-10-11 12:00:00,13 days 06:00:00,318,20.54,148.16,978.7,66.0,39.76015983657136,355.6902771660715,308.329437421345,237.12078149361028,292.47993092625154,100.2218684012166,78.22075514668234,49.82136231015256,75.82413226086129,39.76015983657136,2.740392754774694,0.2416135778832673,4.666803935590374
2026-09-28 06:00:00,16,9,2026-10-11 18:00:00,13 days 12:00:00,324,20.97,147.22,981.5,64.7,31.78625360567339,290.36296190033704,241.69331552928705,186.51133363350968,241.9262571682703,107.08890358122343,85.36698820716468,59.89476312136601,82.73047777596683,31.78625360567339,21.04698001938989,14.753914723084442,21.330526669874388
2026-09-28 06:00:00,16,9,2026-10-12 00:00:00,13 days 18:00:00,330,21.78,146.74,980.3,66.2,63.03072420778804,285.74051531978955,244.84801167242767,198.00750102804784,235.7898403000037,151.8849741441924,131.5317410233474,103.16895541430428,127.27994242443437,63.03072420778804,50.5598109361013,40.82457211187398,49.14052725045743
2026-09-28 06:00:00,16,9,2026-10-12 06:00:00,14 days 00:00:00,336,22.6,146.77,975.5,70.3,36.54102741245845,298.68992372024275,275.86035984586897,209.8533154027517,237.7453442070309,74.73850091834865,61.98578240306353,40.91699473179936,53.393844714517954,36.54102741245845,5.4190972264742925,2.309138254357845,4.555106419114472
2026-09-28 06:00:00,16,9,2026-10-12 12:00:00,14 days 06:00:00,342,23.32,146.79,978.0,66.1,18.381983779002383,243.2365745094861,237.71522175526275,184.9811783720022,200.07402310412132,151.76867850592373,143.51704368723733,115.29170100333704,129.5767514705393,76.53174399307562,69.49638340136744,56.32736157964402,63.55049140575983
2026-09-28 06:00:00,16,9,2026-10-12 18:00:00,14 days 12:00:00,348,24.19,146.85,982.1,63.1,29.701834436476943,339.6599683320147,336.76697894907136,256.5233800626325,271.7468565321658,106.52975621055838,94.38855960948166,64.74101553308039,78.37276406972691,0.0,0.0,0.0,0.0
2026-09-28 06:00:00,16,9,2026-10-13 00:00:00,14 days 18:00:00,354,24.74,146.86,977.3,64.0,42.069271232374,262.8871396815149,247.5652341321599,192.92844275089783,201.4806891031969,76.91509233245449,65.46375491535895,44.500999928910936,56.899774231327015,0.0,0.0,0.0,0.0
2026-09-28 06:00:00,16,9,2026-10-13 06:00:00,15 days 00:00:00,360,25.49,147.07,971.7,65.2,36.142115325620935,222.520583022972,247.36216263897705,206.4082223045226,182.79764918365083,98.6497404771244,94.48712705020928,75.97349535922697,80.63450976704038,44.09707525586802,40.33059611061158,32.99030041887092,36.34925748763913
2026-09-28 06:00:00,18,9,2026-10-07 06:00:00,9 days 00:00:00,216,20.22,-91.91,1002.4,36.9,148.4167951373635,6.754786243004531,148.4167951373635,4.081878286528109,3.1930460071826303,0.0,0.0,0.0,0.0,0.0,0.0,0.0,0.0
2026-09-28 06:00:00,18,9,2026-10-07 12:00:00,9 days 06:00:00,222,20.99,-92.98,999.3,41.1,124.4048210276718,124.4048210276718,31.543229368132103,6.431681739590179,24.38816118807209,0.0,0.0,0.0,0.0,0.0,0.0,0.0,0.0
2026-09-28 06:00:00,18,9,2026-10-07 18:00:00,9 days 12:00:00,228,21.44,-92.43,993.5,45.7,105.66800833058284,105.66800833058284,16.196693780207994,8.401927426665551,12.33943411996458,0.0,0.0,0.0,0.0,0.0,0.0,0.0,0.0
2026-09-28 06:00:00,18,9,2026-10-08 00:00:00,9 days 18:00:00,234,21.3,-92.63,995.8,41.4,144.56945382273443,99.3380993744313,144.56945382273443,87.04705503502373,88.43447329907121,0.0,0.0,0.0,0.0,0.0,0.0,0.0,0.0
2026-09-28 06:00:00,18,9,2026-10-08 06:00:00,10 days 00:00:00,240,21.15,-92.3,994.1,48.9,126.01989467026355,199.21290485164556,185.78112913854997,148.26214404445923,161.46263795511152,0.0,0.0,0.0,0.0,0.0,0.0,0.0,0.0
2026-09-28 06:00:00,18,9,2026-10-08 12:00:00,10 days 06:00:00,246,21.33,-92.2,997.0,46.1,95.42907317451348,165.20920878758028,147.21997626097516,105.8797621079454,123.71127089123164,0.0,0.0,0.0,0.0,0.0,0.0,0.0,0.0
2026-09-28 06:00:00,18,9,2026-10-08 18:00:00,10 days 12:00:00,252,21.93,-92.0,992.8,52.5,78.33929237909547,78.33929237909547,34.00896631228102,5.829725127480685,21.81045949018693,78.33929237909547,0.0,0.0,0.0,0.0,0.0,0.0,0.0
2026-09-28 06:00:00,18,9,2026-10-09 00:00:00,10 days 18:00:00,258,22.52,-91.84,981.2,66.1,54.95902187545893,36.3090884164554,54.95902187545893,18.834950001218623,21.861116311238888,0.0892697296556668,54.95902187545893,0.0,0.1603647536358927,0.0892697296556668,54.95902187545893,0.0,0.1603647536358927
2026-09-28 06:00:00,18,9,2026-10-09 06:00:00,11 days 00:00:00,264,22.73,-91.4,975.9,77.5,12.47057593337314,106.49112678787606,109.3005592666525,80.53196063976338,89.14393928417667,59.33776608305652,52.39184193612107,41.86405551311424,50.43853373236311,28.949680038394604,25.99170583027643,20.86239021197869,25.292597162603897
2026-09-28 06:00:00,18,9,2026-10-09 12:00:00,11 days 06:00:00,270,22.98,-91.82,984.2,69.0,37.672388854685465,133.14256910140762,122.4509829291099,83.58051597161744,97.63261090871654,37.672388854685465,7.145033618470974,0.0,0.6255548739634929,37.672388854685465,0.0218834549473037,0.0,0.0
2026-09-28 06:00:00,18,9,2026-10-09 18:00:00,11 days 12:00:00,276,24.18,-91.71,965.2,82.3,29.031053986295426,119.25762047191088,103.19527392860718,65.81476093679166,93.45996734285552,48.80492573173882,42.80803839278873,27.761525718461662,34.84028362823474,29.031053986295426,25.00809112772145,19.02584754965727,23.54367214197013
2026-09-28 06:00:00,18,9,2026-10-10 00:00:00,11 days 18:00:00,282,24.47,-91.46,982.2,73.1,15.58776845219153,30.486920906850067,45.336086451381135,34.77006345489947,22.308394182010208,15.58776845219153,4.84626202402139,0.0,4.445060784374533,15.58776845219153,0.0,0.0,0.0
2026-09-28 06:00:00,18,9,2026-10-10 06:00:00,12 days 00:00:00,288,25.74,-91.33,986.5,61.1,32.0179548554259,291.3997514083318,255.48931090365124,190.27004922202707,237.46707794049712,66.38187405082726,49.321981094287,29.13122120358743,45.70713627036759,0.0,0.0,0.0,0.0
2026-09-28 06:00:00,18,9,2026-10-10 12:00:00,12 days 06:00:00,294,26.66,-91.3,988.3,65.5,29.388233566729184,166.4706771893902,148.47754250287915,77.68962424015919,101.39619639098233,29.388233566729184,13.613546376951746,0.0,3.517087395240964,29.388233566729184,0.423621450303961,0.0,0.0
2026-09-28 06:00:00,18,9,2026-10-10 18:00:00,12 days 12:00:00,300,27.84,-90.66,985.7,63.5,38.01238434162116,117.63338604310049,118.57891433317468,64.93375181739077,83.97658692190657,14.233938330767828,38.01238434162116,4.922806899506135,7.043905362019828,0.0,0.0,0.0,0.0
2026-09-28 06:00:00,18,9,2026-10-11 00:00:00,12 days 18:00:00,306,28.66,-89.83,992.7,68.5,92.1378777912106,292.62072932977145,266.6133720915815,182.8321384401455,228.6114897831013,150.25118504426925,140.10006747625152,108.7974976008398,121.8956967538374,92.1378777912106,54.64349824443631,44.41420339428004,49.6691421064684
2026-09-28 06:00:00,18,9,2026-10-11 06:00:00,13 days 00:00:00,312,29.07,-89.21,987.7,65.8,128.73550077127902,265.7474201821116,245.5887675687457,179.94051226600675,192.85562677358791,28.279464830928735,128.73550077127902,18.88112091068656,17.527877350749943,0.0,128.73550077127902,0.2926886485431001,0.0
2026-09-28 06:00:00,18,9,2026-10-11 12:00:00,13 days 06:00:00,318,30.45,-87.68,994.2,44.4,81.31865843006949,81.31865843006949,35.87546832362145,10.539835109573149,41.8866634330701,0.0,0.0,0.0,0.0,0.0,0.0,0.0,0.0
2026-09-28 06:00:00,18,9,2026-10-11 18:00:00,13 days 12:00:00,324,31.05,-86.89,999.4,29.7,95.71162553292923,0.0,0.0,0.0,0.0,0.0,0.0,0.0,0.0,0.0,0.0,0.0,0.0
2026-09-28 06:00:00,18,9,2026-10-12 00:00:00,13 days 18:00:00,330,31.06,-86.4,1008.5,20.4,179.57517903358132,0.0,0.0,0.0,0.0,0.0,0.0,0.0,0.0,0.0,0.0,0.0,0.0
2026-09-28 06:00:00,7,9,2026-09-29 00:00:00,0 days 18:00:00,18,16.25,154.67,1006.1,23.9,60.298686567318015,0.0,0.0,0.0,0.0,0.0,0.0,0.0,0.0,0.0,0.0,0.0,0.0
2026-09-28 06:00:00,7,9,2026-09-29 06:00:00,1 days 00:00:00,24,15.87,153.38,1006.5,20.8,73.19518284179874,0.0,0.0,0.0,0.0,0.0,0.0,0.0,0.0,0.0,0.0,0.0,0.0
2026-09-28 06:00:00,7,9,2026-09-29 12:00:00,1 days 06:00:00,30,16.06,151.94,1002.7,31.0,53.4592256657794,0.0,0.0,0.0,0.0,0.0,0.0,0.0,0.0,0.0,0.0,0.0,0.0
2026-09-28 06:00:00,7,9,2026-09-29 18:00:00,1 days 12:00:00,36,16.01,151.85,1005.0,26.7,124.61010940050068,0.0,0.0,0.0,0.0,0.0,0.0,0.0,0.0,0.0,0.0,0.0,0.0
2026-09-28 06:00:00,7,9,2026-09-30 00:00:00,1 days 18:00:00,42,16.44,151.54,1000.7,30.9,153.3617931201834,0.0,0.0,0.0,0.0,0.0,0.0,0.0,0.0,0.0,0.0,0.0,0.0
2026-09-28 06:00:00,7,9,2026-09-30 06:00:00,2 days 00:00:00,48,16.44,150.5,996.2,38.1,51.71487546728292,51.71487546728292,15.280604667686362,8.805955194822616,17.276780247641,0.0,0.0,0.0,0.0,0.0,0.0,0.0,0.0
2026-09-28 06:00:00,7,9,2026-09-30 12:00:00,2 days 06:00:00,54,17.0,149.45,1000.5,34.2,75.99591070784362,4.7421594296402425,1.0864040602135,0.0,75.99591070784362,0.0,0.0,0.0,0.0,0.0,0.0,0.0,0.0
2026-09-28 06:00:00,7,9,2026-09-30 18:00:00,2 days 12:00:00,60,17.31,148.3,994.2,46.4,37.11186170674502,96.18560243999228,85.97177917437499,65.05257834993716,81.89376971784876,0.0,0.0,0.0,0.0,0.0,0.0,0.0,0.0
2026-09-28 06:00:00,7,9,2026-10-01 00:00:00,2 days 18:00:00,66,17.38,147.15,992.0,52.8,15.036059656307582,136.70150295341654,113.38528386932389,93.36661609399296,112.79121277844416,16.216322233968192,12.350911512643147,5.885983769084147,11.028429482111385,0.0,0.0,0.0,0.0
2026-09-28 06:00:00,7,9,2026-10-01 06:00:00,3 days 00:00:00,72,17.29,146.25,990.5,54.9,48.44131699629149,48.44131699629149,29.79081026618587,27.37092922963622,23.15583498828593,48.44131699629149,0.0,0.0,0.0,0.0,0.0,0.0,0.0
2026-09-28 06:00:00,7,9,2026-10-01 12:00:00,3 days 06:00:00,78,17.95,145.3,975.4,72.5,33.6617935470952,176.67553774535003,146.46961347088586,124.54065705602116,148.83416160882632,85.18500172703261,69.59543214572778,52.7119555231442,70.02820102531402,33.6617935470952,27.243479896605507,21.24050516804297,27.622160846291138
2026-09-28 06:00:00,7,9,2026-10-01 18:00:00,3 days 12:00:00,84,17.94,144.43,964.2,84.3,24.54503132084119,177.9812791764234,158.77339214276435,113.04204401382776,140.62256351752512,24.54503132084119,12.412246597579724,5.258736404749243,14.562603229519029,24.54503132084119,0.0,0.0,0.0
2026-09-28 06:00:00,7,9,2026-10-02 00:00:00,3 days 18:00:00,90,18.1,143.69,966.5,84.9,30.0118539377769,246.17432360659456,206.61139214680856,173.01120767712342,213.62525528701548,92.93155915713012,74.71358653928286,58.76426027284298,77.2818130899041,30.0118539377769,24.96467518436453,19.611456251322487,26.05687464745957
2026-09-28 06:00:00,7,9,2026-10-02 06:00:00,4 days 00:00:00,96,18.17,143.25,967.7,75.9,55.50346814577054,292.3946827826318,254.3253173786984,229.50313711996503,260.73523391971946,159.3279714033753,143.01958669358515,119.10664167682606,137.97253286268764,65.40047927640629,58.76455966686272,48.28574314656575,56.090349426688014
2026-09-28 06:00:00,7,9,2026-10-02 12:00:00,4 days 06:00:00,102,18.32,142.78,969.5,76.0,35.18866415635644,245.70922232647015,208.51680347796145,175.6362443444309,211.28608095457423,108.65079120040215,93.38370095729788,74.51512039707805,93.15209840725234,46.24742049478724,40.56152618096153,32.13124959773325,39.19148071807702
2026-09-28 06:00:00,7,9,2026-10-02 18:00:00,4 days 12:00:00,108,18.61,142.7,941.3,113.0,39.47013994870149,285.91108237866604,292.8701875442447,250.6171194248392,241.78312663173847,109.8072434537641,106.46216154942007,90.24279376691874,92.27208908683944,45.68819030940168,45.55100044116331,37.486236244909904,39.534093633964346
2026-09-28 06:00:00,7,9,2026-10-03 00:00:00,4 days 18:00:00,114,18.61,142.63,945.1,107.6,24.32649152817774,251.8519728254612,241.43991067519664,205.25101337357492,210.7195962594203,90.7093573705289,83.94873365235611,70.1788569130223,78.08953578488715,42.76122897268824,39.08610689845392,32.09015398420977,36.87887282176066
2026-09-28 06:00:00,7,9,2026-10-03 06:00:00,5 days 00:00:00,120,18.99,142.91,937.8,112.2,40.652780049324,332.5518078504879,344.0385486002077,276.60178750067865,267.1516712419758,56.58209506528813,59.31735829720867,44.1038914709,41.73856945606252,40.652780049324,22.39886169057327,18.25637371790915,18.36567209134073
2026-09-28 06:00:00,7,9,2026-10-03 12:00:00,5 days 06:00:00,126,19.72,142.99,932.2,115.3,8.747667113535641,299.629964214264,277.3978057965917,232.24349464753809,248.4662238261069,123.08073899955852,121.20829654386444,102.18220205356312,106.55315742695916,77.717327163574,74.3417490597169,62.09735312576763,66.60273540683227
2026-09-28 06:00:00,7,9,2026-10-03 18:00:00,5 days 12:00:00,132,19.77,142.36,929.4,118.9,31.572401971201,414.164472290028,374.974317852398,333.1795887167657,368.2073809758456,160.53781322927142,147.7213814369057,125.57158174156596,139.53964089054375,75.16792283051645,71.27975150632096,62.35085756035008,65.54604757960463
2026-09-28 06:00:00,7,9,2026-10-04 00:00:00,5 days 18:00:00,138,20.18,142.68,948.3,98.9,14.430119477230662,331.9673495592338,341.7613999489629,296.2227525384108,285.9234499350895,190.12387081499764,195.79209235666005,174.38295811144835,171.59964373311414,112.66123848228712,111.37068786442993,95.75774657345276,98.7091671750854
2026-09-28 06:00:00,7,9,2026-10-04 06:00:00,6 days 00:00:00,144,20.47,142.76,937.6,105.6,37.815314100315845,353.2522416786905,362.9575828932266,308.9196199403814,289.98822053542426,80.61118246087653,79.40940673397745,62.45130275322913,65.65353957100706,37.815314100315845,27.62366674327893,22.704599651374224,24.197327705118823
2026-09-28 06:00:00,7,9,2026-10-04 12:00:00,6 days 06:00:00,150,20.77,143.15,938.0,115.0,48.07365530536302,332.13348213839265,345.1391914091738,293.447826157173,284.160921921086,162.44152746408548,167.50732637492848,147.1370826983615,144.40165395371346,93.469668715791,94.08298172449445,81.5596505109196,80.38695205375942
2026-09-28 06:00:00,7,9,2026-10-04 18:00:00,6 days 12:00:00,156,21.34,143.01,937.1,108.0,38.97892576472344,372.7101343378349,346.51251768832867,290.1122854816983,304.72924737479843,196.1297216195767,193.93472790215048,165.43537763815215,171.06164638941544,112.89526989561332,110.77914222916198,95.49239557986316,97.64024586014423
2026-09-28 06:00:00,7,9,2026-10-05 00:00:00,6 days 18:00:00,162,21.69,142.69,946.1,99.6,30.70056356117296,309.3114096632724,311.5607360821373,261.87960945929666,259.57342440194174,149.1449155240149,146.16394630382797,123.91963480941708,130.0714331835284,76.06658909331236,72.47071902799891,60.78263873967526,64.8088362436198
2026-09-28 06:00:00,7,9,2026-10-05 06:00:00,7 days 00:00:00,168,22.35,142.8,932.4,114.9,8.237130653878012,301.9554871559376,316.53885434861513,255.06991332620964,251.92051073620317,131.50534024603985,134.1815922601554,112.08136656901117,110.48516799603384,82.36412969932371,83.87324980043104,70.76154649237924,71.8593991173866
2026-09-28 06:00:00,7,9,2026-10-05 12:00:00,7 days 06:00:00,174,23.11,142.71,937.8,103.7,56.50397074890905,361.4015001919331,318.2284010359855,256.7522536685216,294.34740768115125,149.02191068475935,134.05751195133882,102.88584313752833,122.00663047387502,66.82209953738388,61.04213631103919,49.943135895840605,56.737683347051416
2026-09-28 06:00:00,7,9,2026-10-05 18:00:00,7 days 12:00:00,180,23.78,142.46,941.7,101.9,49.369969107814526,404.3952065129087,346.1613079146931,291.0495726145025,329.1776509931024,144.28344060646148,125.00318638267636,92.12115926587234,114.80201456968425,49.369969107814526,36.21278539003578,26.64202523464991,34.66044295791083
2026-09-28 06:00:00,7,9,2026-10-06 00:00:00,7 days 18:00:00,186,24.67,142.22,958.0,84.7,22.16581766102439,341.7459838454168,356.16799642220985,265.18649217042844,280.08352980774407,181.2789133951659,178.05698277170904,144.78450383903157,151.15104866078434,100.74405386518538,98.0229292927911,81.2356132115413,85.15611638652183
2026-09-28 06:00:00,7,9,2026-10-06 06:00:00,8 days 00:00:00,192,25.62,142.32,931.7,114.0,36.22105271243473,418.9908885885585,438.7769099963622,365.3048514142985,347.58066218998255,185.6773972014765,186.92750356979337,155.745028357225,154.82315716632976,98.07303642571088,98.259599937513,83.4426120532161,84.10208372654971
2026-09-28 06:00:00,7,9,2026-10-06 12:00:00,8 days 06:00:00,198,26.82,142.51,938.4,106.5,3.361128215695331,381.16557270066914,407.1788474794267,307.0537054779149,310.79820587394295,192.84279209102647,203.43395527728592,170.47719982253244,163.27024498599968,117.3911719024603,121.98201718749598,103.88653896982792,102.50763786025664
2026-09-28 06:00:00,7,9,2026-10-06 18:00:00,8 days 12:00:00,204,28.87,142.57,939.0,112.9,13.506075594152394,400.5626700061298,427.812695629496,333.23645338810604,326.51955237924824,189.2078334956032,199.42589038186745,160.08766902499266,159.93767129729514,105.7206557277332,108.0473427502925,89.21445019409613,91.00925739660592
2026-09-28 06:00:00,7,9,2026-10-07 00:00:00,8 days 18:00:00,210,30.05,142.75,955.0,93.5,98.28680521384608,527.8374189170764,555.8126084110809,482.053978982271,438.2176152337809,194.86495568645955,208.18231196014548,177.4233626354032,162.7998982411357,77.68578786365927,98.28680521384608,73.29379135646204,68.78379053049075
2026-09-28 06:00:00,7,9,2026-10-07 06:00:00,9 days 00:00:00,216,32.21,144.44,967.8,64.3,96.38655857439682,450.86744185066505,470.406824957754,379.2583207153159,366.2560893465197,96.38655857439682,92.8593160181781,64.6629869941826,70.10458265064466,96.38655857439682,0.0,0.0,0.0
2026-09-28 06:00:00,7,9,2026-10-07 12:00:00,9 days 06:00:00,222,34.74,146.66,976.4,61.2,88.6690247519734,557.873420798261,608.5396540093279,517.2774064141951,487.26278219170734,224.51425134759975,245.67826182594405,207.6736344008661,191.4019138697651,0.0,0.0,0.0,0.0
2026-09-28 06:00:00,7,9,2026-10-07 18:00:00,9 days 12:00:00,228,38.87,150.56,983.4,59.8,85.02781775593698,337.046079448908,407.4769987854062,340.56666247303315,280.4362808450145,86.52939025499961,104.75520714724658,77.70703204293972,65.92559234322215,0.0,0.0,0.0,0.0
2026-09-28 06:00:00,7,9,2026-10-08 00:00:00,9 days 18:00:00,234,44.19,154.91,987.7,52.8,167.2586137964076,546.9843745224089,551.4738004420169,493.9775591173915,457.6208874107851,117.44762934996676,167.2586137964076,101.75525912254082,97.37809329757258,0.0,0.0,0.0,0.0
2026-09-28 06:00:00,7,9,2026-10-08 06:00:00,10 days 00:00:00,240,49.59,160.59,982.0,48.2,191.55871833455467,10.703818810263371,191.55871833455467,32.59934931571341,7.824929628241023,0.0,0.0,0.0,0.0,0.0,0.0,0.0,0.0
2026-09-28 06:00:00,AL062026,9,2026-09-28 06:00:00,0 days 00:00:00,0,28.3,-43.8,1012.0,25.0,56.0,0.0,0.0,0.0,0.0,0.0,0.0,0.0,0.0,0.0,0.0,0.0,0.0
2026-09-28 06:00:00,AL912026(2),9,2026-09-28 06:00:00,0 days 00:00:00,0,36.3,-53.1,1013.0,29.0,148.0,0.0,0.0,0.0,0.0,0.0,0.0,0.0,0.0,0.0,0.0,0.0,0.0
2026-09-28 06:00:00,EP152026(2),9,2026-09-28 06:00:00,0 days 00:00:00,0,16.4,-160.8,929.0,134.0,28.0,241.0,185.0,148.0,204.0,93.0,74.0,74.0,93.0,56.0,46.0,37.0,46.0
2026-09-28 06:00:00,EP152026(2),9,2026-09-28 12:00:00,0 days 06:00:00,6,17.04,-161.91,941.6,113.1,23.54996111236359,191.93680446432816,151.31069479789846,99.26030172860074,167.11863205640154,55.640842152013605,31.33013824175309,14.744919838000426,43.47420758973771,29.498050817110297,21.516512658321588,14.744919838000426,25.189116555299464
2026-09-28 06:00:00,EP152026(2),9,2026-09-28 18:00:00,0 days 12:00:00,12,17.6,-162.55,951.7,106.4,30.29279696955928,188.8131228832353,145.7186217970302,76.94995203096914,155.28973006119486,75.48322970054869,50.14906166551373,30.39887966566312,59.44256309926277,42.18224841022311,32.165921709998656,24.37534457023321,36.65710237016174
2026-09-28 06:00:00,EP152026(2),9,2026-09-29 00:00:00,0 days 18:00:00,18,18.53,-163.28,955.1,111.2,44.81459040635433,218.0633487161677,149.03034563887283,83.44795352067268,172.05644820492265,95.47459487548508,70.28254050223345,46.99527275387623,73.6444286506968,61.03925475174995,51.68375029928893,41.07442013000595,51.52672053583875
2026-09-28 06:00:00,EP152026(2),9,2026-09-29 06:00:00,1 days 00:00:00,24,19.78,-163.49,953.8,113.9,31.595961349590368,230.0225729487653,199.8115815390749,122.53325638931466,174.0639621982851,99.78165472398744,85.30573355968453,58.79296602467818,76.78776985467172,58.83607497997117,51.75303959655841,41.04413535418465,48.55490152852122
2026-09-28 06:00:00,EP152026(2),9,2026-09-29 12:00:00,1 days 06:00:00,30,20.76,-163.71,962.0,97.1,31.73823217639309,175.0049333866399,146.2151088996996,68.56627862451185,123.08713233439684,100.69290617191209,84.65898357144187,57.757750896750295,79.61131273452793,64.86750895305016,56.90578443564443,45.6373299833855,54.354316412993605
2026-09-28 06:00:00,EP152026(2),9,2026-09-29 18:00:00,1 days 12:00:00,36,21.54,-163.88,976.9,78.1,26.97397339916158,208.9390165469941,179.53122896368558,127.9215000697892,145.84982385673078,102.37053474041286,90.6657916426642,58.183808569310514,76.8224880062235,33.79301845227097,28.13512730810952,21.773184681480096,27.830396786811207
2026-09-28 06:00:00,EP152026(2),9,2026-09-30 00:00:00,1 days 18:00:00,42,22.57,-163.69,990.7,59.0,68.6409121476991,272.1478946794974,250.1253751116172,178.57415214351877,219.37160044784912,68.6409121476991,50.88569955935489,29.25284583847438,41.24714209331268,0.0,0.0,0.0,0.0
2026-09-28 06:00:00,EP152026(2),9,2026-09-30 06:00:00,2 days 00:00:00,48,22.57,-163.63,991.2,60.2,82.39843043860674,191.36137668725087,186.28350164226737,135.02421811498093,146.32908531720128,21.89427183490393,82.39843043860674,14.257557463462112,15.78201184546696,0.0,0.0,0.0,0.0
2026-09-28 06:00:00,EP152026(2),9,2026-09-30 12:00:00,2 days 06:00:00,54,22.7,-163.36,987.9,56.3,71.08586421790775,113.74023589877648,112.79940031690316,86.45134674463856,95.63648668076992,1.034709409232704,71.08586421790775,0.0,0.3345047148038027,0.0,0.0,0.0,0.0
2026-09-28 06:00:00,EP152026(2),9,2026-09-30 18:00:00,2 days 12:00:00,60,22.32,-163.21,988.9,55.7,32.261873784269326,162.799047871865,160.71062516572562,144.79077319077288,151.64736037266556,12.127439665891178,32.261873784269326,10.933310932220078,11.041160203922743,0.0,0.0,0.0,0.0
2026-09-28 06:00:00,EP152026(2),9,2026-10-01 00:00:00,2 days 18:00:00,66,22.33,-163.28,990.7,50.1,88.01948854932236,88.01948854932236,45.24166011446359,37.77936256683614,48.2837847271412,88.01948854932236,0.0,0.0,0.0,0.0,0.0,0.0,0.0
2026-09-28 06:00:00,EP152026(2),9,2026-10-01 06:00:00,3 days 00:00:00,72,22.43,-163.37,988.2,51.1,71.50704659656725,71.50704659656725,40.43432986803886,24.621723211823497,38.0214712415102,71.50704659656725,0.0,0.0,0.0,0.0,0.0,0.0,0.0
2026-09-28 06:00:00,EP152026(2),9,2026-10-01 12:00:00,3 days 06:00:00,78,22.58,-163.73,994.5,46.6,113.0660050377627,228.95559923454036,185.96831076971063,139.43996472340612,177.34940556672478,0.0,0.0,0.0,0.0,0.0,0.0,0.0,0.0
2026-09-28 06:00:00,EP152026(2),9,2026-10-01 18:00:00,3 days 12:00:00,84,23.07,-164.19,993.0,47.7,59.024779456645405,59.024779456645405,24.832028269555884,17.617865478891474,16.531611973927664,0.0,0.0,0.0,0.0,0.0,0.0,0.0,0.0
2026-09-28 06:00:00,EP152026(2),9,2026-10-02 00:00:00,3 days 18:00:00,90,23.63,-165.09,993.2,52.2,48.51501541026904,268.32638178973906,225.2282435445937,169.37375272033233,222.01421555839408,53.86906227288392,40.632208409948326,25.12262510143876,39.736136134966586,0.0,0.0,0.0,0.0
2026-09-28 06:00:00,EP152026(2),9,2026-10-02 06:00:00,4 days 00:00:00,96,23.69,-165.81,987.9,51.0,109.71048555611202,109.71048555611202,95.13590899419712,84.23827114029581,109.71048555611202,0.0,0.0,0.0,109.71048555611202,0.0,0.0,0.0,0.0
2026-09-28 06:00:00,EP152026(2),9,2026-10-02 12:00:00,4 days 06:00:00,102,23.95,-166.05,989.4,43.5,70.08720258750883,71.60073222639885,64.60306604417525,40.5564691748902,60.20281293363324,0.0,0.0,0.0,0.0,0.0,0.0,0.0,0.0
2026-09-28 06:00:00,EP152026(2),9,2026-10-02 18:00:00,4 days 12:00:00,108,23.86,-165.91,986.5,51.8,72.66906499539695,79.22622544552868,72.6289887510423,56.95984584843895,63.97360684231516,72.66906499539695,0.0,0.0,0.0,0.0,0.0,0.0,0.0
2026-09-28 06:00:00,EP152026(2),9,2026-10-03 00:00:00,4 days 18:00:00,114,24.21,-166.37,991.7,47.5,126.60403082711268,145.52579878151678,115.9856578531821,88.23672462247123,106.79667066598545,0.0,0.0,0.0,0.0,0.0,0.0,0.0,0.0
2026-09-28 06:00:00,EP152026(2),9,2026-10-03 06:00:00,5 days 00:00:00,120,23.66,-167.2,999.4,41.4,149.184448945349,149.184448945349,81.91305472887811,62.82313342492705,76.33288986628665,0.0,0.0,0.0,0.0,0.0,0.0,0.0,0.0
2026-09-28 06:00:00,EP152026(2),9,2026-10-03 12:00:00,5 days 06:00:00,126,23.56,-167.71,996.2,44.7,127.38697666821396,127.38697666821396,21.384531774957296,15.680105808590367,33.63810230802561,0.0,0.0,0.0,0.0,0.0,0.0,0.0,0.0
2026-09-28 06:00:00,EP152026(2),9,2026-10-03 18:00:00,5 days 12:00:00,132,23.1,-168.67,993.5,44.6,85.40361871283744,180.80114186648055,158.72088098477076,120.22850844202198,149.30590879067466,0.0,0.0,0.0,0.0,0.0,0.0,0.0,0.0
2026-09-28 06:00:00,EP152026(2),9,2026-10-04 00:00:00,5 days 18:00:00,138,22.91,-169.82,997.3,43.1,66.95750410190634,97.75046492762084,76.34745458731226,64.36912897201265,80.68384847960382,0.0,0.0,0.0,0.0,0.0,0.0,0.0,0.0
2026-09-28 06:00:00,EP152026(2),9,2026-10-04 06:00:00,6 days 00:00:00,144,23.04,-171.05,997.3,49.8,143.06579339327237,151.87755943838,130.5238891335369,102.26813970563089,123.71805696520728,0.0,0.0,0.0,0.0,0.0,0.0,0.0,0.0
2026-09-28 06:00:00,EP152026(2),9,2026-10-04 12:00:00,6 days 06:00:00,150,23.31,-172.24,996.2,51.6,60.00606533146038,68.55709446601577,34.106150724830286,16.58512913832294,38.832878539741046,60.00606533146038,0.0,0.0,0.0,0.0,0.0,0.0,0.0
2026-09-28 06:00:00,EP152026(2),9,2026-10-04 18:00:00,6 days 12:00:00,156,23.95,-173.71,997.5,46.1,109.04213969003013,202.89402862672068,166.33209605322008,128.03455947771727,162.03068228174925,0.0,0.0,0.0,0.0,0.0,0.0,0.0,0.0
2026-09-28 06:00:00,EP152026(2),9,2026-10-05 00:00:00,6 days 18:00:00,162,24.44,-175.19,996.3,48.5,87.67114463937536,87.67114463937536,42.35812126480112,13.897691272787632,58.86072648506525,0.0,0.0,0.0,0.0,0.0,0.0,0.0,0.0
2026-09-28 06:00:00,EP152026(2),9,2026-10-05 06:00:00,7 days 00:00:00,168,25.08,-176.76,992.6,50.2,66.79967790147421,66.79967790147421,43.34684209566405,10.37022017321882,34.648949144950535,66.79967790147421,0.0,0.0,0.0,0.0,0.0,0.0,0.0
2026-09-28 06:00:00,EP152026(2),9,2026-10-05 12:00:00,7 days 06:00:00,174,26.05,-177.85,991.5,54.9,68.74096130313887,196.0961241080365,171.18839794434632,120.22676835710377,154.12719143049338,68.74096130313887,14.98551846331339,7.347123013502214,15.761427695836442,0.0,0.0,0.0,0.0
2026-09-28 06:00:00,EP152026(2),9,2026-10-05 18:00:00,7 days 12:00:00,180,26.38,-178.65,986.2,60.3,18.55099050123817,189.49406084439124,151.48405388307947,113.53195744515824,154.2726243750585,32.07844300037334,19.99771053028246,7.74869870928751,23.58484716978046,0.0,0.0,0.0,0.0
2026-09-28 06:00:00,EP152026(2),9,2026-10-06 00:00:00,7 days 18:00:00,186,27.0,-179.9,991.1,53.9,46.94167906521294,285.16254183271985,230.73131763908663,162.49581698861402,219.9883307948556,52.08025346501158,35.993700908088,18.000139446684948,35.46171819588821,0.0,0.0,0.0,0.0
2026-09-28 06:00:00,EP152026(2),9,2026-10-06 06:00:00,8 days 00:00:00,192,27.3,179.22,980.2,62.8,29.228543170956637,250.42849983205417,200.42723461723057,151.26300239577068,199.50108086190144,35.926629001223134,24.78707952523795,12.565270883065148,25.67524231995256,0.0,0.0,0.0,0.0
2026-09-28 06:00:00,EP152026(2),9,2026-10-06 12:00:00,8 days 06:00:00,198,27.5,178.5,977.6,79.9,24.17966866191105,124.05716600462137,79.77940173007357,71.08386719399914,122.83738646782422,90.05004515581732,67.77156112045304,55.84820379560509,80.58728746751143,54.068088702194814,46.53332468830507,37.35940614463212,46.66225131740339
2026-09-28 06:00:00,EP152026(2),9,2026-10-06 18:00:00,8 days 12:00:00,204,27.24,177.87,990.7,60.4,79.1061207520287,234.05392211725533,202.89420488327343,159.73716911545188,197.8061826647761,79.1061207520287,31.785960915516554,22.125215855627975,33.28431420700126,0.0,0.0,0.0,0.0
2026-09-28 06:00:00,EP152026(2),9,2026-10-07 00:00:00,8 days 18:00:00,210,27.0,177.37,976.3,78.5,46.19469438921692,212.54147439784344,139.91710008126415,134.2724145850327,205.1611872703743,118.95297923855586,92.98093736165222,74.82496404399724,103.85859746076342,56.04759842479669,46.77001019737746,38.4527334487039,49.17646347319111
2026-09-28 06:00:00,EP152026(2),9,2026-10-07 06:00:00,9 days 00:00:00,216,26.05,175.45,1000.3,40.7,177.27359044989805,177.27359044989805,7.534632514888459,10.369996489368862,25.56597818510054,0.0,0.0,0.0,0.0,0.0,0.0,0.0,0.0
2026-09-28 06:00:00,EP152026(2),9,2026-10-07 12:00:00,9 days 06:00:00,222,25.77,175.02,994.8,45.6,99.8677982568894,238.5813294693145,195.81356361626024,161.05853737265824,213.36120017440624,0.0,0.0,0.0,0.0,0.0,0.0,0.0,0.0
2026-09-28 06:00:00,EP152026(2),9,2026-10-07 18:00:00,9 days 12:00:00,228,24.7,173.67,1002.2,34.5,95.10464054534656,8.943365750188633,1.758588435642082,2.7135631130004185,95.10464054534656,0.0,0.0,0.0,0.0,0.0,0.0,0.0,0.0
2026-09-28 06:00:00,EP152026(2),9,2026-10-08 00:00:00,9 days 18:00:00,234,24.03,171.82,1003.8,30.1,134.26265969546398,0.0,0.0,0.0,0.0,0.0,0.0,0.0,0.0,0.0,0.0,0.0,0.0
2026-09-28 06:00:00,EP152026(2),9,2026-10-08 06:00:00,10 days 00:00:00,240,23.66,170.39,1001.8,31.1,136.26474762598122,0.0,0.0,0.0,0.0,0.0,0.0,0.0,0.0,0.0,0.0,0.0,0.0
2026-09-28 06:00:00,EP152026(2),9,2026-10-08 12:00:00,10 days 06:00:00,246,24.5,168.72,1006.7,31.1,145.2330965102019,0.0,0.0,0.0,0.0,0.0,0.0,0.0,0.0,0.0,0.0,0.0,0.0
2026-09-28 06:00:00,EP152026(2),9,2026-10-08 18:00:00,10 days 12:00:00,252,23.83,166.48,1004.6,28.3,150.87348631660916,0.0,0.0,0.0,0.0,0.0,0.0,0.0,0.0,0.0,0.0,0.0,0.0
2026-09-28 06:00:00,EP172026,9,2026-09-28 06:00:00,0 days 00:00:00,0,23.2,-114.0,955.0,105.0,28.0,167.0,148.0,148.0,148.0,102.0,93.0,83.0,83.0,65.0,65.0,65.0,65.0
2026-09-28 06:00:00,EP172026,9,2026-09-28 12:00:00,0 days 06:00:00,6,23.97,-113.65,955.3,98.9,21.53701231527701,134.93219747056492,157.71842026829313,84.87145465271294,87.98363274796313,69.66735614603428,66.9381984280208,41.78241176606821,47.57056536356774,43.86265210074539,39.55055973681348,29.448580561005315,34.37054558440473
2026-09-28 06:00:00,EP172026,9,2026-09-28 18:00:00,0 days 12:00:00,12,24.89,-113.21,974.4,78.4,34.794710772058394,95.67950415575228,127.2210595990699,91.192188695383,71.61645675351704,66.28717444937013,68.4423554318308,53.87891286176688,52.77850457044717,41.26972248101441,38.83956821972787,31.01532771314164,33.984748145504106
2026-09-28 06:00:00,EP172026,9,2026-09-29 00:00:00,0 days 18:00:00,18,25.6,-112.72,978.1,79.3,52.0307592228874,154.70603547232082,171.80977306028194,111.4717483943284,106.6136595340903,63.41178621726306,65.42392370459885,47.92037207113621,46.876523132155455,52.0307592228874,29.567864949429698,23.08297582280118,25.23062130652728
2026-09-28 06:00:00,EP172026,9,2026-09-29 06:00:00,1 days 00:00:00,24,26.1,-112.01,985.6,57.7,26.778408900384875,196.59605308605023,211.602039819908,156.48789840258723,152.1713806965181,45.55867234352786,41.87552716791879,25.79018869720187,26.21524082873668,0.0,0.0,0.0,0.0
2026-09-28 06:00:00,EP172026,9,2026-09-29 12:00:00,1 days 06:00:00,30,27.37,-111.32,994.4,47.0,50.8844989355066,43.85326895658808,57.6101966548165,18.18871997890828,17.671913428739526,0.0,0.0,0.0,0.0,0.0,0.0,0.0,0.0
2026-09-28 06:00:00,EP172026,9,2026-09-29 18:00:00,1 days 12:00:00,36,29.51,-109.3,1002.2,21.4,84.47362967281369,0.0,0.0,0.0,0.0,0.0,0.0,0.0,0.0,0.0,0.0,0.0,0.0
2026-09-28 06:00:00,EP182026,9,2026-09-28 06:00:00,0 days 00:00:00,0,13.2,-100.0,1001.0,41.0,93.0,222.0,185.0,148.0,222.0,0.0,0.0,0.0,0.0,0.0,0.0,0.0,0.0
2026-09-28 06:00:00,EP182026,9,2026-09-28 12:00:00,0 days 06:00:00,6,13.26,-100.61,994.4,52.3,54.44574335430073,214.4670628517863,188.1769405555169,149.23378778616927,182.30242310811923,54.44574335430073,38.37489274074811,24.408914690906293,36.21682596438083,0.0,0.0,0.0,0.0
2026-09-28 06:00:00,EP182026,9,2026-09-28 18:00:00,0 days 12:00:00,12,13.56,-101.65,995.6,55.4,68.82583078146754,171.16024763359587,145.99146839052213,111.53973708163974,142.5093666353675,68.82583078146754,19.935446057420137,11.776961619033454,18.81180981940758,0.0,0.0,0.0,0.0
2026-09-28 06:00:00,EP182026,9,2026-09-29 00:00:00,0 days 18:00:00,18,13.93,-102.92,994.2,52.8,29.11728283594503,225.69065214485815,179.3114516728313,130.41729157158704,181.01883319931943,49.22751362211454,35.27086131822739,21.521573974841964,35.04444753954125,0.0,0.0,0.0,0.0
2026-09-28 06:00:00,EP182026,9,2026-09-29 06:00:00,1 days 00:00:00,24,14.12,-104.04,986.4,68.6,29.0967735501356,265.4494533544665,227.284836211788,170.74461739839785,218.22843246935315,74.76551191991088,57.56130630987103,37.99650576406263,57.15112477929788,29.0967735501356,6.793835729398076,3.985329530216832,7.711986026436435
2026-09-28 06:00:00,EP182026,9,2026-09-29 12:00:00,1 days 06:00:00,30,14.92,-105.03,980.5,72.1,17.995448820328825,212.1224466029068,170.62802748852954,132.54718855591722,180.98715910446197,123.0271059980531,103.77459488385956,79.61637010353857,102.10704634681976,55.4492432118617,48.31656545919724,37.74633965438718,47.01557237012599
2026-09-28 06:00:00,EP182026,9,2026-09-29 18:00:00,1 days 12:00:00,36,15.63,-105.98,964.2,95.9,7.566826919562501,211.53745368846097,172.00242928573726,112.4312447158145,154.81276371515662,82.99956816024974,64.36777333397129,42.60176190731451,65.10135439807914,33.76535414180283,28.459423919398645,20.357501737380357,29.14598910986608
2026-09-28 06:00:00,EP182026,9,2026-09-30 00:00:00,1 days 18:00:00,42,16.23,-106.64,958.0,98.4,38.15481908322366,189.27291207100097,160.75761768827806,117.6587661985048,156.70876397643065,99.04419767592152,76.82471544307816,56.24161065026132,77.94483789640327,50.70666813038747,43.7039336724518,32.42897493787399,42.74381400004336
2026-09-28 06:00:00,EP182026,9,2026-09-30 06:00:00,2 days 00:00:00,48,16.79,-107.46,962.0,95.8,31.578975267440512,229.8348308621244,196.88740021523927,138.7143996991996,192.85430900500185,101.12955215319016,82.84008503269195,57.26817344224304,78.83460728577018,47.77832580195053,40.86173209418155,30.63473415090124,39.99452503094403
2026-09-28 06:00:00,EP182026,9,2026-09-30 12:00:00,2 days 06:00:00,54,17.55,-108.12,961.0,98.4,17.710629171428877,199.7316324897156,169.9366073862762,113.51329446021622,166.0797432565828,133.44945813939464,108.54612470071616,83.74073832099765,112.0071598628488,72.93574737539436,63.05770796409528,48.80423163707278,62.09197987866985
2026-09-28 06:00:00,EP182026,9,2026-09-30 18:00:00,2 days 12:00:00,60,18.24,-108.54,953.3,102.0,27.035791389705093,193.61885141840563,174.10049795793813,120.62445549682177,158.6837884405038,91.47370086695744,75.1504385092274,55.90742041652906,75.88610701202698,48.08272998534287,40.35286821893616,30.520953893326865,41.18025341044952
2026-09-28 06:00:00,EP182026,9,2026-10-01 00:00:00,2 days 18:00:00,66,18.8,-108.96,953.7,103.0,16.70389393453154,190.2494747341151,153.0838211578919,101.19359977160092,155.34645573290803,104.94409046182066,80.33584033621159,62.618680752185554,87.01108252583006,61.465276003766746,51.97065264476633,41.15971514626158,52.472919314557245
2026-09-28 06:00:00,EP182026,9,2026-10-01 06:00:00,3 days 00:00:00,72,18.99,-109.71,965.8,85.0,8.236699142345254,230.0794888036616,226.88989011450823,182.4061022377334,208.8465616167747,71.7930632584872,55.42219339778437,36.05291336640347,58.36283199337068,21.43661321685548,16.09595304415371,11.032746992572678,17.53140243412345
2026-09-28 06:00:00,EP182026,9,2026-10-01 12:00:00,3 days 06:00:00,78,19.39,-110.3,958.5,98.9,18.426627158424555,212.16868753812315,195.50060237727973,152.38512658932228,192.7581610900353,74.99866285309375,55.73401280395541,38.31067311113559,62.10986842292915,34.49026068594032,27.16799242945573,20.41179974464028,29.309974380794564
2026-09-28 06:00:00,EP182026,9,2026-10-01 18:00:00,3 days 12:00:00,84,19.18,-110.44,961.2,92.1,30.74544760958905,206.0078047901926,186.13953407252316,173.63793840339267,198.58778994006596,65.89409505015782,51.46892561144868,40.328247881059866,61.48555621365982,30.74544760958905,21.552332871227065,18.19289438373461,24.03123263313166
2026-09-28 06:00:00,EP182026,9,2026-10-02 00:00:00,3 days 18:00:00,90,19.65,-110.73,971.4,81.2,29.5589903135131,141.89955622391966,140.0485838724363,113.26397098685396,120.25889653822574,75.2179464578079,62.71287454136535,49.00237888514553,60.13844234359079,39.62677567552265,35.62668754788216,27.59356303312927,33.50372218753532
2026-09-28 06:00:00,EP182026,9,2026-10-02 06:00:00,4 days 00:00:00,96,19.65,-111.06,969.6,85.4,33.28108632021589,199.9133364603243,196.0417745682114,173.99338102189495,192.1623140856928,94.94604374732666,83.95807549281815,68.20238677753193,84.23825842576676,40.54605808728186,35.81447502905176,28.577707696702355,34.798348832371296
2026-09-28 06:00:00,EP182026,9,2026-10-02 12:00:00,4 days 06:00:00,102,19.9,-111.31,965.0,87.2,22.835934476750094,168.60699555958757,155.76311882607644,122.58818498211642,148.43532969936314,114.78125259531096,94.73579579412392,76.55802628421716,98.25111542298671,60.84809166447856,52.89995998544178,42.03716782413646,51.96963918244123
2026-09-28 06:00:00,EP182026,9,2026-10-02 18:00:00,4 days 12:00:00,108,20.04,-111.77,968.2,84.6,3.5024515560680385,173.37218411794433,156.5258095445315,118.1943428540612,148.2286280882439,75.13007569019828,62.614306375902565,44.88792135567725,61.17897177107317,31.941916657071808,26.7187865687227,20.26113751144403,27.404695274909283
2026-09-28 06:00:00,EP182026,9,2026-10-03 00:00:00,4 days 18:00:00,114,20.08,-112.14,975.3,77.2,40.99784195470831,162.51711909129955,165.9561446092141,133.40747425004074,142.6895935973576,40.99784195470831,12.23214602730632,5.341862322985437,8.742716830829904,40.99784195470831,0.0,0.0,0.0
2026-09-28 06:00:00,EP182026,9,2026-10-03 06:00:00,5 days 00:00:00,120,20.24,-112.56,980.1,76.9,39.98320132524498,179.3661010815854,145.78576465384202,139.63947309665687,181.60089379720893,100.0024540944753,79.79609203219343,67.66491251982178,92.18900038004044,49.06925145060976,41.41725299749902,33.97680597254916,42.25172505694701
2026-09-28 06:00:00,EP182026,9,2026-10-03 12:00:00,5 days 06:00:00,126,20.02,-112.99,982.8,66.1,30.474422750454572,144.28514303493074,128.09289419954996,109.32802513568498,139.7244078965863,57.09651283115307,46.389634504324405,35.861381841211866,50.37469438675885,30.474422750454572,17.509283225807316,13.18623908175865,17.974402331723475
2026-09-28 06:00:00,EP182026,9,2026-10-03 18:00:00,5 days 12:00:00,132,20.02,-113.54,975.3,71.4,0.0,143.55313889324736,113.56296766595835,110.67509467853866,145.0199761473443,52.44535190359488,37.8989879412572,32.394017197531085,48.67995381965642,15.150391227366477,12.546676404302568,9.523472647898537,13.451702186907047
2026-09-28 06:00:00,EP182026,9,2026-10-04 00:00:00,5 days 18:00:00,138,19.89,-114.07,991.6,54.1,40.43342494844928,159.00550563786987,147.46146290464998,125.41371770414035,142.32240700937535,40.43342494844928,30.2162336337214,19.36415878656653,27.57817486591697,0.0,0.0,0.0,0.0
2026-09-28 06:00:00,EP182026,9,2026-10-04 06:00:00,6 days 00:00:00,144,19.75,-114.4,992.7,51.3,48.469511619577816,128.47508521503914,111.39099379949994,96.1892886683322,113.55106457820466,48.469511619577816,12.83917597697308,6.658395659846633,13.544929713513907,0.0,0.0,0.0,0.0
2026-09-28 06:00:00,EP182026,9,2026-10-04 12:00:00,6 days 06:00:00,150,19.49,-114.92,987.6,56.3,0.0,163.15784833789684,134.30408477940694,108.07990461234664,144.71948569613514,53.04290345363689,44.24335265957007,29.76681652086771,41.85769275774216,0.0,0.0,0.0,0.0
2026-09-28 06:00:00,EP182026,9,2026-10-04 18:00:00,6 days 12:00:00,156,19.46,-115.78,980.0,71.5,26.67846881774004,184.4206086058802,165.64341504670054,118.40214368755832,154.59249228436096,35.417827076702935,26.90936734996108,14.325723248186874,25.799443800721544,26.67846881774004,2.4004755287946598,0.8426669802169455,2.8657691850173324
2026-09-28 06:00:00,EP182026,9,2026-10-05 00:00:00,6 days 18:00:00,162,19.55,-116.5,985.8,63.4,22.754445543876383,163.3314123696846,136.57820006743532,104.42630311664584,131.66611454985252,25.82419684215074,17.31567836005661,7.953383908482415,16.167202582116857,0.0,0.0,0.0,0.0
2026-09-28 06:00:00,EP182026,9,2026-10-05 06:00:00,7 days 00:00:00,168,19.42,-117.19,984.0,69.6,24.93284056694844,160.87889724058792,122.10027428173689,104.3778546180458,147.70933303288342,52.27052609386551,38.74896879085892,28.11201250303911,44.23742114769456,24.93284056694844,14.48718987903326,10.833573765994633,15.307342825737678
2026-09-28 06:00:00,EP182026,9,2026-10-05 12:00:00,7 days 06:00:00,174,19.36,-117.77,981.1,68.8,22.03240592378905,137.5241766049043,107.24681074735108,86.46614701356285,126.02837554392764,32.16135224841624,17.69319048805297,12.969122883865968,26.30078755327217,22.03240592378905,6.313372285347306,4.575295004128915,7.50666567193154
2026-09-28 06:00:00,EP182026,9,2026-10-05 18:00:00,7 days 12:00:00,180,19.07,-118.74,977.5,73.0,7.504736744310151,154.73336717716302,127.57074485933116,97.08482606731911,141.52019017367925,48.63510433398693,36.15061471566128,22.34414354797221,40.56699993949866,15.339296738488043,11.71935831539728,7.882414209082995,13.741671327911746
2026-09-28 06:00:00,EP182026,9,2026-10-06 00:00:00,7 days 18:00:00,186,18.94,-119.77,978.0,81.8,36.04159192078332,153.18503244672718,110.40788709035054,101.90144366594458,155.8729435481055,89.93206815848794,66.11195500340148,52.930793438471376,79.48114724137913,44.02044945585467,35.2835159965949,27.549257091215893,38.45230470697122
2026-09-28 06:00:00,EP182026,9,2026-10-06 06:00:00,8 days 00:00:00,192,18.84,-120.65,979.6,74.8,20.18923777529892,104.98945437125364,69.68842638576353,72.17953491702768,105.40233045578849,80.65098063739913,60.1971900331224,48.48803091694658,69.92201552365864,40.82878775599282,34.16484515209229,27.14868687782709,35.691525915179014
2026-09-28 06:00:00,EP182026,9,2026-10-06 12:00:00,8 days 06:00:00,198,18.8,-121.99,978.6,77.6,15.81844702746558,175.48063312855345,144.4909285197392,121.8480167958482,169.85062832022237,88.33229249769622,69.04797965956041,53.91460719669562,75.32485883458982,36.59440623403781,30.07778140444465,22.813999049951235,32.157196021781445
2026-09-28 06:00:00,EP182026,9,2026-10-06 18:00:00,8 days 12:00:00,204,18.49,-123.26,976.0,79.5,32.19935912115388,114.861161273553,94.02924310854884,71.55553945645822,108.35875364199852,35.73378854695901,20.87235391035198,13.17032095576963,30.804328193702997,32.19935912115388,11.292859692396654,7.996368512936492,13.29454295571131
2026-09-28 06:00:00,EP182026,9,2026-10-07 00:00:00,8 days 18:00:00,210,18.45,-124.1,955.6,108.2,34.928796126665674,185.10197780165143,160.31847435136274,144.1595054069727,185.71999123525063,80.04755658261473,62.93287385706938,52.73701744540314,71.4145056054075,40.70006995397097,33.40758732064359,27.13050920876761,37.51160913573618
2026-09-28 06:00:00,EP182026,9,2026-10-07 06:00:00,9 days 00:00:00,216,18.4,-125.07,983.6,70.5,37.39184791076893,198.2295936204456,163.96049397097636,139.4670612596675,176.16428950684937,61.74361203062384,47.81005173004634,33.25784387584443,48.671482447005445,37.39184791076893,9.15662513733933,6.723721922782833,9.438990481604584
2026-09-28 06:00:00,EP182026,9,2026-10-07 12:00:00,9 days 06:00:00,222,18.33,-126.48,980.4,72.7,40.41934704513223,199.95845886594964,184.3050509357668,136.81107877243912,166.6830951007243,40.41934704513223,30.87569277517996,18.78068251908373,27.571975478943827,40.41934704513223,0.9287999351288404,0.0,1.5905770498706842
2026-09-28 06:00:00,EP182026,9,2026-10-07 18:00:00,9 days 12:00:00,228,18.3,-127.44,973.5,82.0,31.85338097347289,167.8404426791949,131.21641057239958,111.55414357606467,155.99543291740292,85.11825494831737,63.56549250402941,51.88519870993059,75.94944911607467,39.07037954515761,32.61193971393061,25.81563173381392,33.88632887829323
2026-09-28 06:00:00,EP182026,9,2026-10-08 00:00:00,9 days 18:00:00,234,18.3,-128.26,963.3,88.5,33.86030521655357,180.69398536250085,147.9728575324516,109.21165101697623,158.71272294784285,98.0203111909359,76.43591680818827,58.74550326374083,84.3420301512815,49.62257845654585,41.693966174379966,32.89910531697615,42.54379084144784
2026-09-28 06:00:00,EP182026,9,2026-10-08 06:00:00,10 days 00:00:00,240,18.28,-129.52,962.2,97.9,38.8588904746089,178.78532354657025,132.5394896988845,103.22761253226452,158.47251799890512,80.53744747768405,59.59416918064324,45.18730941428487,70.65984868829213,40.020428660556064,32.24474957419227,26.27514403773152,35.54865218724484
2026-09-28 06:00:00,EP182026,9,2026-10-08 12:00:00,10 days 06:00:00,246,18.24,-130.68,970.1,89.7,34.439767837290894,165.98630988378233,132.58697652292307,101.4461470235635,167.87434828406896,78.64079158834525,55.40338505527981,42.404803873219215,69.11611498408915,37.79969446839774,30.34456496018308,22.54637947071642,33.5018881220614
2026-09-28 06:00:00,EP182026,9,2026-10-08 18:00:00,10 days 12:00:00,252,17.94,-132.06,957.4,104.5,28.758039324253645,179.90074955954947,144.4171172647865,110.0322634621184,179.49051771669315,69.35791339594746,48.3771100531564,31.61376615507501,60.41606352976831,36.01657094149499,26.78435032289218,19.410272366139893,31.3463447354538
2026-09-28 06:00:00,EP182026,9,2026-10-09 00:00:00,10 days 18:00:00,258,17.78,-133.34,956.7,109.7,14.834538178947966,180.5596163538048,142.542723540015,133.36110568742035,169.60399353471902,64.72834546654863,46.70915847015,32.73519063064716,54.803173593909335,32.80952943971481,24.552023318492765,18.91957983076699,28.201644427074037
2026-09-28 06:00:00,EP182026,9,2026-10-09 06:00:00,11 days 00:00:00,264,17.08,-134.72,954.1,105.7,36.37667859046847,200.58222599561083,158.41580887743885,132.66104267207956,181.553287520154,87.02205682888192,68.47291432488159,52.804461966959295,77.56419652887824,51.13595454252082,41.730753890503806,33.64404749710144,44.78596918905152
2026-09-28 06:00:00,EP182026,9,2026-10-09 12:00:00,11 days 06:00:00,270,16.76,-135.85,951.7,108.7,34.454666909808154,208.4603490487861,164.04630404303276,130.22690377944002,196.2944905278677,81.08596140349718,57.74212761460588,42.27643875445001,71.66639420272668,43.99675279198735,34.64984010468534,26.400904201506787,38.329015604969335
2026-09-28 06:00:00,EP182026,9,2026-10-09 18:00:00,11 days 12:00:00,276,16.02,-137.57,952.9,118.0,11.227663934522171,225.6930096819292,181.98836185326184,127.1493125117494,204.5297358383092,77.56055477321023,56.824146772349806,39.67163198819745,67.95808538965414,42.16341400671226,33.50483265628715,26.35496551398186,38.936841350469685
2026-09-28 06:00:00,EP182026,9,2026-10-10 00:00:00,11 days 18:00:00,282,15.59,-138.58,959.8,100.4,18.850786226155098,214.46021556069803,162.64641855983527,135.1667845522886,193.8108145665572,69.95235102524313,47.62339378241099,33.94064677824994,59.80041097377989,26.99954319760984,19.5627793065478,15.570177238499644,24.22598182618893
2026-09-28 06:00:00,EP182026,9,2026-10-10 06:00:00,12 days 00:00:00,288,15.32,-140.24,975.7,95.5,8.210309302472957,222.5277023108835,156.40272102820592,126.65237399027598,188.4583147892496,73.19034134983485,54.8505653139368,40.11764696348085,61.27810863798004,24.550181579714653,19.34154254565595,15.563858407124322,22.65714318912815
2026-09-28 06:00:00,EP182026,9,2026-10-10 12:00:00,12 days 06:00:00,294,15.05,-141.69,976.9,82.3,25.85841726719524,203.90085341233728,164.67937732248438,125.85310148478712,181.63170668603183,86.09475299334576,65.80030500607103,49.13490418564239,72.43999013827607,35.15225566731276,28.33263807014076,21.57086626106172,31.498739070997228
2026-09-28 06:00:00,EP182026,9,2026-10-10 18:00:00,12 days 12:00:00,300,14.81,-142.72,971.5,87.6,9.90081982707316,171.24994978541054,149.1211562270646,115.13435329364458,156.52029289030148,14.493274226101075,5.782796995855584,0.0,10.526845132003665,9.90081982707316,0.0,0.0,0.0
2026-09-28 06:00:00,EP182026,9,2026-10-11 00:00:00,12 days 18:00:00,306,14.77,-143.56,978.4,81.9,29.246796223255465,214.54054241041808,177.92437450452107,141.5835044164937,196.39211326837824,87.77989850473114,64.85168606567905,45.0669336896319,69.56283191941839,29.246796223255465,21.686961784829883,16.03497621084008,24.18520357179339
2026-09-28 06:00:00,EP182026,9,2026-10-11 06:00:00,13 days 00:00:00,312,15.02,-144.16,959.7,110.6,52.25352353500318,182.03469328115617,167.91378758801235,127.86481715938,159.88548139904125,107.43472801494391,95.44697867579085,77.25451127117223,90.7085250948283,55.979487197013896,49.95699910224289,40.62420028214048,49.08775266981358
2026-09-28 06:00:00,EP182026,9,2026-10-11 12:00:00,13 days 06:00:00,318,15.13,-144.85,964.0,92.4,0.654853561100678,135.28811557169684,111.5633112413496,78.15199484589374,112.99252202792692,62.10893086959253,50.350087658950784,34.279610143646195,51.28417507999379,28.9836312024398,23.4193893511676,17.0857753816694,25.020254161312145
2026-09-28 06:00:00,EP182026,9,2026-10-11 18:00:00,13 days 12:00:00,324,15.36,-145.29,983.2,68.4,26.546245976208773,166.23261509533864,121.63520122201926,101.06917260692146,145.3167488480558,86.52165871297044,69.40274925026932,53.433938289679546,73.33695763924538,36.50765406241018,31.24049768936364,24.423551931921374,31.71026787229095
2026-09-28 06:00:00,EP182026,9,2026-10-12 00:00:00,13 days 18:00:00,330,15.72,-145.48,982.4,68.0,27.68135888176677,227.88070033993276,183.66686628404656,136.49973727921451,178.3758512816068,72.94513326290365,58.40328312993989,39.76917094182283,56.25623225661565,27.68135888176677,14.26626967578903,10.05301529441144,14.506103367112145
2026-09-28 06:00:00,EP182026,9,2026-10-12 06:00:00,14 days 00:00:00,336,15.91,-145.25,975.9,89.5,20.08152080462635,130.0732296543287,144.06716866211354,113.98887686804665,103.855139661664,59.66619820889685,61.21757300701147,49.14782074961948,50.07342603497412,32.291954316391895,30.123928094650186,24.43221654746947,27.554448925689773
2026-09-28 06:00:00,EP182026,9,2026-10-12 12:00:00,14 days 06:00:00,342,16.21,-145.42,979.3,71.9,3.706717936045056,190.6829958135186,191.7650426802673,131.39541187891786,145.2721639598454,64.83395028909261,59.89851825960252,38.526445168854295,44.901399645027,20.079436074929237,18.66234977454096,12.813655202969732,15.754763114269563
2026-09-28 06:00:00,EP182026,9,2026-10-12 18:00:00,14 days 12:00:00,348,16.79,-144.9,971.0,91.3,15.262313072591136,148.6556690048875,136.76297244004195,75.19552056567302,100.11526408733086,76.70705919163234,73.07290447205585,57.536484185756976,67.04784702780827,56.556237496019534,50.86647128629379,40.76701913530615,46.93480949271168
2026-09-28 06:00:00,EP182026,9,2026-10-13 00:00:00,14 days 18:00:00,354,17.48,-144.28,963.6,93.8,17.555352680147223,119.49048123080964,123.76028071368565,78.06815853158272,88.13031770453787,61.55940070381739,59.35121792372851,43.61343402277167,49.241927300077975,40.76862850432809,36.84927801399347,28.4563633511388,34.652350826215255
2026-09-28 06:00:00,EP182026,9,2026-10-13 06:00:00,15 days 00:00:00,360,18.17,-143.99,965.8,94.1,31.383678497355906,156.0224277862517,179.38208730845238,129.9897265185947,123.23508249089852,85.81776131774167,87.39510095234482,72.05423551800716,72.67445242896164,53.7146964525421,49.60132188876032,40.537050203748834,45.13584060350536
2026-09-28 06:00:00,EP912026(3),9,2026-09-28 06:00:00,0 days 00:00:00,0,12.7,-136.6,1005.0,29.0,93.0,0.0,0.0,0.0,0.0,0.0,0.0,0.0,0.0,0.0,0.0,0.0,0.0
2026-09-28 06:00:00,WP252026,9,2026-09-28 06:00:00,0 days 00:00:00,0,27.5,131.6,954.0,99.0,9.0,148.0,158.0,148.0,121.0,,,,,,,,
2026-09-28 06:00:00,WP252026,9,2026-09-28 12:00:00,0 days 06:00:00,6,27.55,132.49,972.0,77.7,17.01554079082394,170.95361147174552,194.48117480987355,162.7317216194975,130.63805209413812,17.01554079082394,24.102378283514074,12.70006838890794,4.998641815278258,17.01554079082394,0.0,0.0,0.0
2026-09-28 06:00:00,WP252026,9,2026-09-28 18:00:00,0 days 12:00:00,12,28.09,132.93,989.2,55.0,66.0113188992616,240.95513003614693,245.80073858451345,195.1231999860159,191.9674120475881,66.0113188992616,50.22992243803161,33.37334946224777,38.06770717068075,0.0,0.0,0.0,0.0
2026-09-28 06:00:00,WP252026,9,2026-09-29 00:00:00,0 days 18:00:00,18,28.51,133.74,993.6,45.0,30.84163604592655,12.062801201395288,30.84163604592655,11.690134055403462,0.0,0.0,0.0,0.0,0.0,0.0,0.0,0.0,0.0
2026-09-28 06:00:00,WP252026,9,2026-09-29 06:00:00,1 days 00:00:00,24,29.24,134.53,1002.7,36.0,41.6910671471084,150.04388347177064,153.96228483894197,126.0677062884099,119.62876647994474,0.0,0.0,0.0,0.0,0.0,0.0,0.0,0.0
2026-09-28 06:00:00,WP252026,9,2026-09-29 12:00:00,1 days 06:00:00,30,29.46,135.81,995.4,43.6,29.84075286127421,122.12522122584346,125.43436456387188,93.9751672548381,90.43161237327467,0.0,0.0,0.0,0.0,0.0,0.0,0.0,0.0
2026-09-28 06:00:00,WP252026,9,2026-09-29 18:00:00,1 days 12:00:00,36,29.77,136.85,994.6,40.2,76.76595111026728,130.9335345515036,122.76412821528196,91.57022830582316,97.69105436138494,0.0,0.0,0.0,0.0,0.0,0.0,0.0,0.0
2026-09-28 06:00:00,WP252026,9,2026-09-30 00:00:00,1 days 18:00:00,42,30.29,137.59,1001.9,32.6,139.06458186351767,0.0,0.0,0.0,0.0,0.0,0.0,0.0,0.0,0.0,0.0,0.0,0.0
2026-09-28 06:00:00,WP252026,9,2026-09-30 06:00:00,2 days 00:00:00,48,30.84,138.57,999.9,29.5,46.40540843074852,0.0,0.0,0.0,0.0,0.0,0.0,0.0,0.0,0.0,0.0,0.0,0.0
2026-09-28 06:00:00,WP252026,9,2026-09-30 12:00:00,2 days 06:00:00,54,31.74,139.36,995.5,40.9,64.68429484805212,64.68429484805212,27.326518492145446,14.483529586433733,11.924829696736635,0.0,0.0,0.0,0.0,0.0,0.0,0.0,0.0
2026-09-28 06:00:00,WP252026,9,2026-09-30 18:00:00,2 days 12:00:00,60,32.73,140.0,996.1,29.8,69.32208816621099,0.0,0.0,0.0,0.0,0.0,0.0,0.0,0.0,0.0,0.0,0.0,0.0
2026-09-28 06:00:00,WP252026,9,2026-10-01 00:00:00,2 days 18:00:00,66,33.56,141.25,997.6,39.1,86.91372002107289,86.91372002107289,19.61601132129925,7.347111712860936,6.385199283865688,0.0,0.0,0.0,0.0,0.0,0.0,0.0,0.0
2026-09-28 06:00:00,WP922026(4),9,2026-09-28 06:00:00,0 days 00:00:00,0,16.4,97.6,1001.0,29.0,64.0,0.0,0.0,0.0,0.0,0.0,0.0,0.0,0.0,0.0,0.0,0.0,0.0
2026-09-28 06:00:00,WP922026(4),9,2026-09-28 12:00:00,0 days 06:00:00,6,17.43,96.95,1007.1,22.2,83.83325927267018,0.0,0.0,0.0,0.0,0.0,0.0,0.0,0.0,0.0,0.0,0.0,0.0
2026-09-28 06:00:00,WP922026(4),9,2026-09-28 18:00:00,0 days 12:00:00,12,18.27,96.26,1003.8,24.7,70.10877781746046,0.0,0.0,0.0,0.0,0.0,0.0,0.0,0.0,0.0,0.0,0.0,0.0
2026-09-28 06:00:00,WP922026(4),9,2026-09-29 00:00:00,0 days 18:00:00,18,19.35,95.43,1005.1,15.4,85.33572908541478,0.0,0.0,0.0,0.0,0.0,0.0,0.0,0.0,0.0,0.0,0.0,0.0
2026-09-28 06:00:00,WP922026(4),9,2026-09-29 06:00:00,1 days 00:00:00,24,20.35,95.2,1008.0,14.7,63.52342623092852,0.0,0.0,0.0,0.0,0.0,0.0,0.0,0.0,0.0,0.0,0.0,0.0
